>../../../../class1//ile/data/domains/Editing_domain_1a//structures/IleRS_AF_Arch_Candidatus_Nitrosopumilus_sediminis_gene13697091.pdb
 0.750075  0.427090 -0.504958   -15.516519
-0.462985 -0.206124 -0.862066    -9.216657
-0.472263  0.880402  0.043128     2.285687
>../../../../class1//leu1/data/domains/Editing_domain_1a//structures/LeuRS-B_AF_Bact_Brachyspira_pilosicoli_95_1000_gene56439070.pdb
 0.805606  0.410922 -0.426782   -23.898604
-0.568987  0.737360 -0.364078   -11.038566
 0.165084  0.536137  0.827831   -25.078195
>../../../../class1//leu2/data/domains/Editing_domain_1a//structures/LeuRS-A_AF_Arch_Aciduliprofundum_boonei_T469_gene8828435.pdb
 0.823277  0.416987 -0.385146   -31.001259
-0.486633  0.867785 -0.100685    11.656607
 0.292240  0.270316  0.917347   -25.705202
>../../../../class1//val/data/domains/Editing_domain_1a//structures/ValRS_AF_Mito_Falco_naumanni_gene121082178.pdb
 1.000000  0.000000  0.000000     0.000000
 0.000000  1.000000  0.000000     0.000000
 0.000000  0.000000  1.000000     0.000000
