>structures/GlnRS_AF_Bact_Anaerostipes_hadrus_gene15230984.pdb
 0.980083 -0.191932 -0.050986    -0.339156
 0.197677  0.918310  0.342973     0.645439
-0.019007 -0.346221  0.937960     1.029600
>structures/GlnRS_AF_Bact_Cutibacterium_avidum_44067_gene29843447.pdb
 0.854958 -0.426754 -0.294836    -0.807556
 0.484664  0.454750  0.747197    -0.249751
-0.184793 -0.781718  0.595625     0.835552
>structures/GlnRS_AF_Bact_Pasteurella_multocida_subsp_multocida_str_Pm70_gene1243875.pdb
 0.705436 -0.441983 -0.554086    -0.114397
 0.700391  0.554577  0.449330    -1.747338
 0.108687 -0.705050  0.700779     1.460090
>structures/GlnRS_AF_Bact_Porphyromonas_gingivalis_ATCC_33277_gene29257033.pdb
 1.000000 -0.000000  0.000000     0.000000
 0.000000  1.000000  0.000000     0.000000
-0.000000  0.000000  1.000000     0.000000
>structures/GlnRS_AF_Bact_Thermus_thermophilus_HB8_gene3168786.pdb
-0.894632  0.377669  0.238748    -0.056006
 0.346724  0.249795  0.904093     0.866179
 0.281809  0.891610 -0.354422    -1.230877
>structures/GlnRS_AF_Euk_Candida_dubliniensis_CD36_gene8049124.pdb
 0.958757 -0.064306 -0.276858     0.737007
 0.193295  0.861656  0.469241    -1.376894
 0.208382 -0.503403  0.838548    -2.981923
>structures/GlnRS_AF_Euk_Dictyostelium_discoideum_AX4_gene8627167.pdb
-0.997979  0.006838 -0.063180     3.494572
-0.003649  0.986387  0.164400    -1.473289
 0.063445  0.164298 -0.984368    -4.237523
>structures/GlnRS_AF_Euk_Encephalitozoon_romaleae_SJ-2008_gene20564565.pdb
-0.973586 -0.010151  0.228094     1.227679
 0.120713  0.825083  0.551966    -0.859724
-0.193800  0.564921 -0.802064    -1.743041
>structures/GlnRS_AF_Euk_Myodes_glareolus_gene125393344.pdb
 0.197908  0.004260 -0.980211     5.028569
-0.094847 -0.995215 -0.023475    -2.589961
-0.975621  0.097616 -0.196557     5.366151
>structures/GlnRS_AF_Mito_Cyanidioschyzon_merolae_strain_10D_gene16997184.pdb
-0.898857  0.399003  0.181253    -1.065588
 0.380454  0.505187  0.774623    -0.935003
 0.217510  0.765234 -0.605893    -4.129282
>structures/GlnRS_Bact_D_radio_2HZ7.pdb
-0.652573  0.688618  0.316153   -36.202405
-0.482278 -0.055656 -0.874248    77.314660
-0.584428 -0.722985  0.368425    21.618309
>structures/GlnRS_Bact_E_coli_1QTQ.pdb
 0.222522  0.824663 -0.520015   -15.261367
 0.974921 -0.186318  0.121712   -37.890682
 0.003483 -0.534057 -0.845441    20.856788
>structures/GlnRS_PDB_Euk_T_gondii_4P2B.pdb
-0.882395  0.470505  0.002018    53.961473
 0.289942  0.547131 -0.785227   -12.657551
-0.370557 -0.692295 -0.619205   104.674587
