>../../../../class2/lys//data/domains/Catalytic_domain/structures/LysRS-II_AF_Arch_Aciduliprofundum_boonei_T469_gene8827564.pdb
 0.838924 -0.538399 -0.079576     1.403992
 0.519351  0.748226  0.412833     0.035555
-0.162729 -0.387664  0.907324     0.805663
>../../../../class2/lys//data/domains/Catalytic_domain/structures/LysRS-II_AF_Arch_Archaeoglobus_sulfaticallidus_PM70-1_gene15393615.pdb
 0.132349 -0.657594 -0.741657     1.819395
 0.669994 -0.492069  0.555856     6.708355
-0.730473 -0.570473  0.375459     0.087975
>../../../../class2/lys//data/domains/Catalytic_domain/structures/LysRS-II_AF_Arch_Candidatus_Woesearchaeota_archaeon_proteinMBS3172198.1.pdb
-0.256265 -0.081009 -0.963206     2.600804
 0.027695 -0.996688  0.076457     4.300508
-0.966210 -0.007082  0.257660     0.309085
>../../../../class2/lys//data/domains/Catalytic_domain/structures/LysRS-II_AF_Arch_Thermogladius_calderae_1633_gene13013549.pdb
 0.998907  0.007632  0.046116     1.360877
-0.009313  0.999296  0.036344     0.392043
-0.045806 -0.036734  0.998275    -1.284637
>../../../../class2/lys//data/domains/Catalytic_domain/structures/LysRS-II_AF_Bact_Chlamydia_muridarum_str_Nigg_gene1245697.pdb
 1.000000  0.000000  0.000000     0.000000
 0.000000  1.000000  0.000000     0.000000
 0.000000  0.000000  1.000000     0.000000
>../../../../class2/lys//data/domains/Catalytic_domain/structures/LysRS-II_AF_Bact_Cupriavidus_taiwanensis_LMG_19424_gene29762375.pdb
 0.110426 -0.611313 -0.783647     2.007372
 0.621200 -0.573032  0.534551     8.568180
-0.775833 -0.545830  0.316470    -2.634043
>../../../../class2/lys//data/domains/Catalytic_domain/structures/LysRS-II_AF_Bact_Leuconostoc_gelidum_JB7_gene61037106.pdb
 0.241446 -0.499030 -0.832270     1.894060
 0.677021 -0.527816  0.512886     2.262086
-0.695231 -0.687299  0.210414    -2.184591
>../../../../class2/lys//data/domains/Catalytic_domain/structures/LysRS-II_AF_Bact_Mycobacterium_intracellulare_ATCC_13950_gene11907187.pdb
 0.242490 -0.687227 -0.684776     2.805161
 0.681600 -0.381607  0.624338     8.207593
-0.690377 -0.618139  0.375878    -1.665288
>../../../../class2/lys//data/domains/Catalytic_domain/structures/LysRS-II_AF_Bact_Mycoplasma_hyopneumoniae_168-L_gene57101062.pdb
 0.170111 -0.497270 -0.850755     2.602491
 0.709280 -0.537553  0.456024     0.480760
-0.684094 -0.680999  0.261260    -1.270968
>../../../../class2/lys//data/domains/Catalytic_domain/structures/LysRS-II_AF_Bact_Porphyromonas_gingivalis_ATCC_33277_gene29256363.pdb
 0.893498 -0.448861  0.013629     1.964652
 0.355623  0.725779  0.588878    -0.911580
-0.274216 -0.521314  0.808107     1.864808
>../../../../class2/lys//data/domains/Catalytic_domain/structures/LysRS-II_AF_Bact_Prochlorococcus_marinus_subsp_marinus_str_CCMP1375_gene54201108.pdb
 0.403564 -0.619510 -0.673308     1.298252
 0.692837 -0.273724  0.667122     1.238219
-0.597589 -0.735719  0.318754    -1.841682
>../../../../class2/lys//data/domains/Catalytic_domain/structures/LysRS-II_AF_Bact_Streptobacillus_moniliformis_DSM_12112_gene29673899.pdb
 0.475033 -0.734424 -0.484731     4.435524
 0.693294 -0.026883  0.720154     7.507876
-0.541929 -0.678158  0.496402    -1.040937
>../../../../class2/lys//data/domains/Catalytic_domain/structures/LysRS-II_AF_Euk_Ostreococcus_tauri_gene9837657.pdb
 0.090535 -0.607313 -0.789287     1.541376
 0.606306 -0.595127  0.527463     8.230394
-0.790061 -0.526304  0.314338    -0.742389
>../../../../class2/lys//data/domains/Catalytic_domain/structures/LysRS-II_AF_Euk_Solanum_lycopersicum_gene778357.pdb
 0.063627  0.570101  0.819107     0.403783
 0.501054 -0.728073  0.467820     3.924482
 0.863074  0.380651 -0.331977    -2.459629
>../../../../class2/lys//data/domains/Catalytic_domain/structures/LysRS-II_AF_Euk_Theileria_annulata_gene3864794.pdb
 0.166144  0.019821  0.985902     2.860505
 0.029944 -0.999438  0.015047     6.698561
 0.985647  0.027022 -0.166644    -3.983744
>../../../../class2/lys//data/domains/Catalytic_domain/structures/LysRS-II_AF_Euk_Zootoca_vivipara_gene118086243.pdb
-0.159382  0.494499 -0.854440    -1.081668
-0.313851 -0.845982 -0.431059     1.679228
-0.935999  0.199464  0.290034    -4.087439
>../../../../class2/lys//data/domains/Catalytic_domain/structures/LysRS-II_AF_Mito_Malus_domestica_gene103446975.pdb
 0.025561 -0.526687 -0.849675     1.051209
 0.497806 -0.730369  0.467709     8.333464
-0.866912 -0.434928  0.243519    -2.625714
>../../../../class2/lys//data/domains/Catalytic_domain/structures/LysRS-II_AF_Mito_Scheffersomyces_stipitis_CBS_6054_gene4837999.pdb
 0.106060 -0.460411 -0.881347     0.461115
 0.596076 -0.679999  0.426959     8.289193
-0.795892 -0.570633  0.202320    -3.057129
>../../../../class2/lys//data/domains/Catalytic_domain/structures/LysRS-II_PDB_Bact_G_stearothermophilus_3E9H.pdb
-0.874672  0.437189 -0.209321   100.115388
-0.129094 -0.626356 -0.768774   -20.302174
-0.467209 -0.645402  0.604294   -44.180720
>../../../../class2/ser1//data/domains/Catalytic_domain/structures/SerRS_AF_Arch_Candidatus_Methanomassiliicoccus_intestinalis_Issoire-Mx1_gene16154337.pdb
 0.762246 -0.573407  0.300308    10.742085
 0.105627  0.567919  0.816278    -2.638706
-0.638611 -0.590484  0.493462   -13.413905
>../../../../class2/ser1//data/domains/Catalytic_domain/structures/SerRS_AF_Arch_Methanospirillum_hungatei_JF-1_gene3924775.pdb
-0.608853  0.163107 -0.776334     8.992237
-0.567428 -0.773441  0.282516     0.453083
-0.554368  0.612524  0.563463   -17.206354
>../../../../class2/ser1//data/domains/Catalytic_domain/structures/SerRS_AF_Arch_Nitrosopumilus_maritimus_SCM1_gene5773574.pdb
 0.591979 -0.299029  0.748426    14.292942
 0.395676 -0.701179 -0.593118     0.815040
 0.702140  0.647248 -0.296765   -14.880371
>../../../../class2/ser1//data/domains/Catalytic_domain/structures/SerRS_AF_Arch_Thermoproteus_uzoniensis_768-20_gene10361450.pdb
 0.405379 -0.747300  0.526508    14.600727
 0.030943 -0.564407 -0.824917     0.319701
 0.913625  0.350696 -0.205675   -12.197826
>../../../../class2/ser1//data/domains/Catalytic_domain/structures/SerRS_AF_Bact_Bifidobacterium_longum_subsp_longum_JCM_1217_gene69578844.pdb
 0.562980  0.808917  0.169431     7.186524
-0.822806  0.567863  0.022841    -1.541281
-0.077737 -0.152268  0.985277   -14.870573
>../../../../class2/ser1//data/domains/Catalytic_domain/structures/SerRS_AF_Bact_Brucella_suis_1330_gene45051948.pdb
 0.066139 -0.899873  0.431109    11.703901
-0.207995 -0.434997 -0.876080    -0.272589
 0.975891 -0.031725 -0.215939   -16.803884
>../../../../class2/ser1//data/domains/Catalytic_domain/structures/SerRS_AF_Bact_Chlamydia_psittaci_6BC_gene12242544.pdb
-0.337533 -0.748308 -0.571058    11.646132
-0.019664 -0.600922  0.799065    -0.209641
-0.941108  0.280941  0.188116   -14.840738
>../../../../class2/ser1//data/domains/Catalytic_domain/structures/SerRS_AF_Bact_Clostridium_acetobutylicum_DSM_1731_gene44996495.pdb
 0.567020 -0.349838  0.745722     9.603941
 0.209758 -0.814156 -0.541435     0.993513
 0.796548  0.463426 -0.388261   -18.313874
>../../../../class2/ser1//data/domains/Catalytic_domain/structures/SerRS_AF_Bact_Mycoplasma_hyopneumoniae_168-L_gene57101125.pdb
-0.469341 -0.277667 -0.838224    10.272215
-0.188510 -0.895882  0.402318    -2.228384
-0.862660  0.346838  0.368131   -15.668730
>../../../../class2/ser1//data/domains/Catalytic_domain/structures/SerRS_AF_Bact_Prochlorococcus_marinus_subsp_marinus_str_CCMP1375_gene54200639.pdb
-0.032475 -0.999459 -0.005295    11.187644
-0.153665  0.010227 -0.988070    -4.467700
 0.987589 -0.031274 -0.153914   -11.708523
>../../../../class2/ser1//data/domains/Catalytic_domain/structures/SerRS_AF_Bact_Streptobacillus_moniliformis_DSM_12112_gene29673293.pdb
 0.178035 -0.862069  0.474490    11.359306
-0.133816 -0.498925 -0.856252     0.470237
 0.974883  0.088948 -0.204185   -17.087776
>../../../../class2/ser1//data/domains/Catalytic_domain/structures/SerRS_AF_Bact_Treponema_pallidum_subsp_pertenue_str_SamoaD_gene57879171.pdb
-0.666683 -0.093995 -0.739391    10.668840
-0.383518 -0.807351  0.448439     0.874881
-0.639099  0.582537  0.502198   -16.186006
>../../../../class2/ser1//data/domains/Catalytic_domain/structures/SerRS_AF_Euk_Cyanidioschyzon_merolae_strain_10D_gene16995416.pdb
-0.344159  0.781488 -0.520415     8.098248
-0.916515 -0.399964  0.005495     0.608675
-0.203852  0.478859  0.853896   -16.670557
>../../../../class2/ser1//data/domains/Catalytic_domain/structures/SerRS_AF_Euk_Thunnus_albacares_gene122982782.pdb
 0.465124  0.878640  0.107941     7.579412
-0.885086  0.463885  0.037862    -2.861957
-0.016805 -0.113148  0.993436   -16.694357
>../../../../class2/ser1//data/domains/Catalytic_domain/structures/SerRS_AF_Euk_Trichomonas_vaginalis_G3_gene4762654.pdb
-0.220934 -0.328176 -0.918417     9.199576
-0.428910 -0.813041  0.393700    -0.929116
-0.875914  0.480900  0.038870   -15.297924
>../../../../class2/ser1//data/domains/Catalytic_domain/structures/SerRS_AF_Euk_Vitis_vinifera_gene100261399.pdb
 0.195059  0.973637 -0.118247     7.453686
-0.979223  0.186511 -0.079600    -0.731325
-0.055447  0.131317  0.989789   -16.170921
>../../../../class2/ser1//data/domains/Catalytic_domain/structures/SerRS_AF_Mito_Cervus_elaphus_gene122688911.pdb
-0.122682 -0.992396  0.009982    11.202148
-0.215472  0.016816 -0.976365    -5.798111
 0.968773 -0.121933 -0.215896   -10.755768
>../../../../class2/ser1//data/domains/Catalytic_domain/structures/SerRS_AF_Mito_Drechmeria_coniospora_gene63718051.pdb
-0.235557 -0.550789 -0.800715    10.098503
-0.069501 -0.812243  0.579165    -3.404851
-0.969372  0.192077  0.153049   -15.210383
>../../../../class2/ser1//data/domains/Catalytic_domain/structures/SerRS_PDB_Bact_K_pneumoniae_6h9x.pdb
 0.043198 -0.979148  0.198501   -19.150283
 0.980539  0.079638  0.179447    13.562919
-0.191514  0.186886  0.963533    -3.074670
>../../../../class2/ser1//data/domains/Catalytic_domain/structures/SerRS_PDB_Bact_T_thermophilus_1ser.pdb
-0.436626  0.836251  0.331727    -0.268329
 0.205062  0.451536 -0.868369   -13.204152
-0.875961 -0.311127 -0.368636   130.607849
>../../../../class2/ser1//data/domains/Catalytic_domain/structures/SerRS_PDB_Mito_B_taurus_1wle.pdb
 0.126960  0.679869 -0.722260    27.678453
 0.731955 -0.555631 -0.394355    -6.048802
-0.669420 -0.478595 -0.568176    91.557393
