>structures/CysRS_AF_Arch_Aciduliprofundum_boonei_T469_gene8827372.pdb
 0.077205  0.682046 -0.727223    -2.910129
-0.216157 -0.700601 -0.680026    -0.986777
-0.973301  0.209695  0.093339    -2.938970
>structures/CysRS_AF_Arch_Candidatus_Nitrosopumilus_sediminis_gene13696907.pdb
-0.061919  0.353067 -0.933547    -3.104118
-0.103464 -0.932573 -0.345837     3.008179
-0.992704  0.075174  0.094274     4.097961
>structures/CysRS_AF_Arch_Methanospirillum_hungatei_JF-1_gene3922979.pdb
 0.589253 -0.550069 -0.591781     2.608481
 0.807849  0.412638  0.420845    -0.693513
 0.012697 -0.726054  0.687520    -1.599784
>structures/CysRS_AF_Arch_Pyrobaculum_ferrireducens_gene11593896.pdb
 0.853632 -0.456975 -0.249973    -1.354435
 0.520819  0.755972  0.396552    -0.291888
 0.007759 -0.468700  0.883323     3.235566
>structures/CysRS_AF_Bact_Bordetella_avium_197N_gene41394405.pdb
 0.619161 -0.454858 -0.640112    -0.804302
 0.715902 -0.008001  0.698155     0.655943
-0.322683 -0.890528  0.320680     2.330714
>structures/CysRS_AF_Bact_Lactobacillus_amylovorus_GRL1118_gene66523130.pdb
 0.667839 -0.520628 -0.531919    -0.679713
 0.741526  0.403681  0.535893    -0.512242
-0.064275 -0.752322  0.655653     1.693552
>structures/CysRS_AF_Bact_Mycobacterium_canettii_CIPT_140010059_gene45427568.pdb
-0.023505 -0.207842  0.977880    -1.055560
-0.194779 -0.958453 -0.208395     0.228596
 0.980565 -0.195369 -0.017955     1.057733
>structures/CysRS_AF_Bact_Mycoplasma_hyopneumoniae_168-L_gene57101512.pdb
 0.803604 -0.459048 -0.378808     0.810360
 0.595079  0.630526  0.498315     0.767910
 0.010098 -0.625869  0.779863     1.099219
>structures/CysRS_AF_Bact_Porphyromonas_gingivalis_ATCC_33277_gene29256960.pdb
-0.007249  0.412833 -0.910778    -3.114050
 0.111469 -0.904792 -0.411007     2.295682
-0.993742 -0.104502 -0.039460    -2.234671
>structures/CysRS_AF_Bact_Prochlorococcus_marinus_subsp_marinus_str_CCMP1375_gene54200571.pdb
 1.000000  0.000000  0.000000     0.000000
 0.000000  1.000000  0.000000     0.000000
 0.000000  0.000000  1.000000     0.000000
>structures/CysRS_AF_Bact_Streptobacillus_moniliformis_DSM_12112_gene29673427.pdb
 0.331988  0.780497 -0.529726    -1.607795
-0.414554 -0.383714 -0.825172    -3.593356
-0.847307  0.493546  0.196169    -3.059496
>structures/CysRS_AF_Bact_Treponema_pallidum_subsp_pertenue_str_SamoaD_gene57878631.pdb
-0.049887  0.469899 -0.881309    -1.392396
 0.020774 -0.881729 -0.471299     1.086376
-0.998539 -0.041820  0.034225    -3.547343
>structures/CysRS_AF_Euk_Arabidopsis_thaliana_gene833874.pdb
 0.833043 -0.397492 -0.384758    -3.559341
 0.552972  0.577981  0.600134    -0.188876
-0.016166 -0.712698  0.701285     4.029840
>structures/CysRS_AF_Euk_Cyanidioschyzon_merolae_strain_10D_gene16993418.pdb
 0.971246  0.193661  0.138479    -6.379379
-0.182219  0.979026 -0.091129    -1.338492
-0.153223  0.063275  0.986164     9.166878
>structures/CysRS_AF_Euk_Drosophila_melanogaster_gene36784.pdb
 0.882078  0.470002  0.032206    -5.887752
-0.361762  0.719556 -0.592762     3.373655
-0.301773  0.511211  0.804733     3.486690
>structures/CysRS_AF_Euk_Micromonas_commoda_gene8246535.pdb
-0.386689  0.386302  0.837402    -3.691700
 0.093150 -0.887033  0.452211     0.383839
 0.917494  0.252869  0.307022     4.656204
>structures/CysRS_AF_Mito_Morone_saxatilis_gene118339815.pdb
 0.009191  0.355674 -0.934565     0.740992
 0.318707 -0.886905 -0.334402    -1.318988
-0.947809 -0.294779 -0.121507     3.221097
>structures/CysRS_AF_Mito_Saccharomyces_cerevisiae_S288C_gene855474.pdb
 0.331335  0.732486 -0.594711    -4.947000
 0.123443 -0.658552 -0.742342     3.040809
-0.935403  0.172551 -0.308622     2.837664
>structures/CysRS_AF_Vir_Megavirus_chiliensis_gene11257271.pdb
-0.561352  0.585754  0.584616    -2.545267
 0.512442 -0.308674  0.801326     5.429511
 0.649836  0.749408 -0.126890     3.288902
>structures/CysRS_PDB_Bact_E_coli_1LI5.pdb
-0.212805 -0.908188  0.360429    79.404431
 0.910865 -0.317887 -0.263198   -31.190421
 0.353608  0.272293  0.894884  -102.302297
>structures/CysRS_PDB_Bact_M_smegmatis_3C8Z.pdb
-0.908412 -0.336020 -0.248754    26.592989
-0.120771  0.780541 -0.613327   -22.105553
 0.400253 -0.527111 -0.749634   -36.377989
