>../../../../class2/asp2//data/domains/Catalytic_domain/structures/AspRS-E_AF_Euk_Caenorhabditis_elegans_gene176334.pdb
 0.999314 -0.010773 -0.035437    -2.256670
 0.008681  0.998241 -0.058645    -0.495400
 0.036007  0.058298  0.997650     1.986980
>../../../../class2/asp2//data/domains/Catalytic_domain/structures/AspRS-E_AF_Euk_Cryptococcus_neoformans_var_neoformans_JEC21_gene3258977.pdb
 0.322479 -0.791859 -0.518621    -1.837323
 0.373641 -0.396915  0.838362   -12.616939
-0.869713 -0.464132  0.167874    -0.522595
>../../../../class2/asp2//data/domains/Catalytic_domain/structures/AspRS-E_AF_Euk_Thalassiosira_pseudonana_CCMP1335_gene7443135.pdb
 0.994434 -0.101788 -0.027202    -0.448839
 0.103617  0.991597  0.077455     0.488605
 0.019089 -0.079843  0.996625     0.902201
>../../../../class2/asp2//data/domains/Catalytic_domain/structures/AspRS-E_AF_Euk_Theileria_orientalis_strain_Shintoku_gene20715543.pdb
 0.993889  0.076854 -0.079234    -3.146629
-0.090697  0.977717 -0.189324    -0.428281
 0.062918  0.195353  0.978713     2.349353
>../../../../class2/asp2//data/domains/Catalytic_domain/structures/AspRS-E_PDB_Euk_S_cerevisiae_1EOV.pdb
-0.284719  0.043491  0.957624   -53.558643
 0.587621 -0.781357  0.210197     1.245099
 0.757388  0.622567  0.196911   -15.859274
>../../../../class2/asp2//data/domains/Catalytic_domain/structures/AsxRS_AF_Arch_Candidatus_Korarchaeum_cryptofilum_OPF8_gene6094477.pdb
 0.942364 -0.323067 -0.087056     1.684270
 0.312770  0.758146  0.572179     1.668103
-0.118851 -0.566429  0.815495    -0.604290
>../../../../class2/asp2//data/domains/Catalytic_domain/structures/AsxRS_AF_Arch_Candidatus_Methanomassiliicoccus_intestinalis_Issoire-Mx1_gene16154831.pdb
 0.874131 -0.457980 -0.161710     0.449533
 0.445683  0.624036  0.641830     1.358705
-0.193032 -0.633114  0.749603     0.149879
>../../../../class2/asp2//data/domains/Catalytic_domain/structures/AsxRS_AF_Arch_Candidatus_Nitrosopumilus_koreensis_AR1_gene13725312.pdb
 0.502015 -0.709599 -0.494419     3.533852
 0.715918  0.020224  0.697892     6.292143
-0.485224 -0.704316  0.518167     0.697192
>../../../../class2/asp2//data/domains/Catalytic_domain/structures/AsxRS_AF_Arch_Methanobacterium_lacus_gene10277817.pdb
 0.046477 -0.527856 -0.848062     0.382821
 0.566337 -0.685424  0.457663     7.197042
-0.822862 -0.501560  0.267088    -0.761593
>../../../../class2/asp2//data/domains/Catalytic_domain/structures/AsxRS_AF_Bact_Clostridium_acetobutylicum_DSM_1731_gene45000055.pdb
 1.000000  0.000000  0.000000     0.000000
 0.000000  1.000000  0.000000     0.000000
 0.000000  0.000000  1.000000     0.000000
>../../../../class2/asp2//data/domains/Catalytic_domain/structures/AsxRS_AF_Bact_Spirochaetes_bacterium_GWE1_32_154_proteinOHD39701.1.pdb
 0.336791 -0.535645 -0.774374     1.435585
 0.642090 -0.470881  0.604973     1.551704
-0.688689 -0.700967  0.185344     0.431805
>../../../../class2/asp2//data/domains/Catalytic_domain/structures/AsxRS_AF_Bact_Tropheryma_whipplei_TW08_27_gene67388547.pdb
-0.000132  0.432312  0.901724     1.004786
 0.642092 -0.691250  0.331498     1.447699
 0.766627  0.579034 -0.277493     0.351453
>../../../../class2/asp2//data/domains/Catalytic_domain/structures/AsxRS_PDB_Arch_T_kodarensis_1b8a.pdb
 0.295470 -0.519416  0.801814   -29.795049
-0.763494 -0.632875 -0.128629    38.496132
 0.574260 -0.574174 -0.583566     6.630399
>../../../../class2/asp2//data/domains/Catalytic_domain/structures/AsxRS_PDB_Bact_T_thermophilus_1n9w.pdb
 0.615217 -0.749031  0.245888   -38.926255
-0.681057 -0.662064 -0.312780    43.416361
 0.397076  0.024964 -0.917446    44.661959
>../../../../class2/sep//data/domains/Catalytic_domain/structures/SepRS_AF_Arch_Methanothrix_thermoacetophila_PT_gene4462697.pdb
 0.805274 -0.578421  0.130246    -3.663342
 0.370975  0.662908  0.650331    -1.348978
-0.462506 -0.475376  0.748402     8.975363
>../../../../class2/sep//data/domains/Catalytic_domain/structures/SepRS_AF_Arch_unclassified_Candidatus_Bathyarchaeota_proteinUCD26266.1.pdb
-0.923480 -0.216040 -0.317036    -5.871973
-0.348971  0.816345  0.460216    -9.775345
 0.159386  0.535637 -0.829270     6.210077
>../../../../class2/sep//data/domains/Catalytic_domain/structures/SepRS_AF_Arch_unclassified_Lokiarchaeota_proteinTFF69421.1.pdb
 0.194041 -0.899025  0.392558    -2.465501
-0.592920 -0.426281 -0.683177   -11.503958
 0.781533 -0.100191 -0.615766     9.033795
>../../../../class2/sep//data/domains/Catalytic_domain/structures/SepRS_AF_Arch_unclassified_Thermoprotei_proteinRLF12424.1.pdb
-0.508320  0.759344  0.406210    -8.505494
 0.738184  0.141283  0.659638    -5.449420
 0.443502  0.635165 -0.632353     5.533888
>../../../../class2/sep//data/domains/Catalytic_domain/structures/SepRS_PDB_Arch_2DU4_A_fulgidus.pdb
 0.425227  0.442044 -0.789797   -58.943429
 0.887150 -0.030701  0.460458   -19.129138
 0.179295 -0.896468 -0.405214    53.218841
>../../../../class2/sep//data/domains/Catalytic_domain/structures/SepRS_PDB_Arch_2ODR_M_maripadulis.pdb
 0.699906 -0.385481  0.601279   -65.929449
-0.694875 -0.562186  0.448436    36.775880
 0.165167 -0.731677 -0.661338    24.517264
