>../../../../class2/pro1//data/domains/Catalytic_domain/structures/ProRS-A_AF_Arch_Candidatus_Nitrosopumilus_sediminis_gene13697692.pdb
 0.035480 -0.242608  0.969475    25.134788
-0.960247 -0.277050 -0.034188   -15.212598
 0.276887 -0.929723 -0.242794    16.243995
>../../../../class2/pro1//data/domains/Catalytic_domain/structures/ProRS-A_AF_Arch_Halogeometricum_borinquense_DSM_11551_gene9994169.pdb
 0.862638 -0.446353 -0.237960    24.619816
 0.254560  0.789616 -0.558306   -15.178992
 0.437099  0.421041  0.794776    16.895621
>../../../../class2/pro1//data/domains/Catalytic_domain/structures/ProRS-A_AF_Arch_Picrophilus_torridus_DSM_9790_gene2845069.pdb
 0.992713 -0.120301 -0.006899    25.094888
 0.071674  0.635536 -0.768737   -13.217450
 0.096865  0.762641  0.639527    17.565347
>../../../../class2/pro1//data/domains/Catalytic_domain/structures/ProRS-A_AF_Arch_Sulfurisphaera_tokodaii_str_7_gene1459472.pdb
-0.186071  0.373723  0.908685    25.238731
-0.633623 -0.752475  0.179731   -14.635713
 0.750933 -0.542321  0.376813    16.716184
>../../../../class2/pro1//data/domains/Catalytic_domain/structures/ProRS-A_AF_Bact_Bacillus_anthracis_str_Ames_Ancestor_gene45020455.pdb
-0.053038  0.526232 -0.848685    24.916287
 0.945202 -0.247721 -0.212670   -14.488381
-0.322151 -0.813458 -0.484257    17.067728
>../../../../class2/pro1//data/domains/Catalytic_domain/structures/ProRS-A_AF_Bact_Mycoplasma_hyopneumoniae_168-L_gene57101275.pdb
 0.497577 -0.546302 -0.673774    26.427028
 0.612555  0.771267 -0.172983   -15.322890
 0.614160 -0.326651  0.718405    15.398911
>../../../../class2/pro1//data/domains/Catalytic_domain/structures/ProRS-A_AF_Bact_Porphyromonas_gingivalis_ATCC_33277_gene29256199.pdb
 0.909840 -0.351144 -0.221107    25.323102
 0.180521  0.814720 -0.551038   -13.898845
 0.373634  0.461442  0.804654    15.885721
>../../../../class2/pro1//data/domains/Catalytic_domain/structures/ProRS-A_AF_Bact_Thermus_thermophilus_HB8_gene3169620.pdb
 0.706619 -0.516306 -0.483857    26.262383
 0.410807  0.856100 -0.313576   -14.752138
 0.576132  0.022806  0.817039    16.209526
>../../../../class2/pro1//data/domains/Catalytic_domain/structures/ProRS-A_AF_Euk_Cryptococcus_gattii_WM276_gene10188341.pdb
 0.631519 -0.619763 -0.465915    26.974537
 0.355834  0.765547 -0.536023   -17.565056
 0.688887  0.172720  0.703990    16.985223
>../../../../class2/pro1//data/domains/Catalytic_domain/structures/ProRS-A_AF_Euk_Ostreococcus_tauri_gene9837972.pdb
 0.436165 -0.655220 -0.616804    28.011018
 0.676231  0.690881 -0.255723   -15.514969
 0.593693 -0.305565  0.744418    22.569246
>../../../../class2/pro1//data/domains/Catalytic_domain/structures/ProRS-A_AF_Euk_Plasmodium_yoelii_gene3807174.pdb
 0.047973  0.287788 -0.956492    21.817194
 0.834116 -0.538346 -0.120141   -14.532447
-0.549499 -0.792062 -0.265875    16.135518
>../../../../class2/pro1//data/domains/Catalytic_domain/structures/ProRS-A_AF_Euk_Scheffersomyces_stipitis_CBS_6054_gene4840393.pdb
 0.911531 -0.390439 -0.129106    29.469197
 0.143489  0.596195 -0.789913   -17.394558
 0.385385  0.701505  0.599474    15.406022
>../../../../class2/pro1//data/domains/Catalytic_domain/structures/ProRS-A_AF_Mito_Oryza_sativa_Japonica_Group_gene4342480.pdb
 0.604592 -0.650039 -0.460344    28.952233
 0.493670  0.759346 -0.423891   -16.506389
 0.625107  0.029023  0.780000    21.559890
>../../../../class2/pro1//data/domains/Catalytic_domain/structures/ProRS-A_PDB_Arch_M_janacshii_1nj8.pdb
 0.031639  0.660992  0.749726   -39.838884
 0.999469 -0.026807 -0.018544  -108.994497
 0.007840  0.749914 -0.661489     8.465152
>../../../../class2/pro2//data/domains/Catalytic_domain/structures/ProRS-B_AF_Bact_Acinetobacter_baylyi_ADP1_gene45233245.pdb
 0.786653 -0.461621 -0.409978    29.070821
 0.537968  0.838327  0.088309   -10.535532
 0.302931 -0.290023  0.907810    11.173014
>../../../../class2/pro2//data/domains/Catalytic_domain/structures/ProRS-B_AF_Bact_Brachyspira_pilosicoli_95_1000_gene56438966.pdb
 0.129328 -0.150522 -0.980111    28.352139
 0.934788 -0.311254  0.171149   -11.076560
-0.330825 -0.938330  0.100452    12.753049
>../../../../class2/pro2//data/domains/Catalytic_domain/structures/ProRS-B_AF_Bact_Chlamydia_psittaci_6BC_gene12242703.pdb
-0.765998 -0.567039  0.302843    31.658493
-0.532708  0.823601  0.194689   -13.429924
-0.359818 -0.012196 -0.932943    13.308518
>../../../../class2/pro2//data/domains/Catalytic_domain/structures/ProRS-B_AF_Bact_Clostridium_acetobutylicum_DSM_1731_gene44999665.pdb
 0.659310 -0.485531 -0.574082    29.223725
 0.675447  0.717882  0.168574   -11.056712
 0.330276 -0.498905  0.801257    12.316117
>../../../../class2/pro2//data/domains/Catalytic_domain/structures/ProRS-B_AF_Bact_Corynebacterium_ulcerans_809_gene75260584.pdb
-0.898263 -0.439137 -0.016808    30.347302
-0.212534  0.400629  0.891249   -11.536033
-0.384646  0.804149 -0.453202    12.374235
>../../../../class2/pro2//data/domains/Catalytic_domain/structures/ProRS-B_AF_Bact_Prochlorococcus_marinus_subsp_marinus_str_CCMP1375_gene54199876.pdb
 0.726341 -0.531179 -0.436207    29.471759
 0.612694  0.787989  0.060663   -11.286209
 0.311504 -0.311323  0.897799    10.947530
>../../../../class2/pro2//data/domains/Catalytic_domain/structures/ProRS-B_AF_Bact_Streptobacillus_moniliformis_DSM_12112_gene29673723.pdb
 0.979971 -0.174445 -0.096052    28.025929
 0.120970  0.904611 -0.408712   -10.766670
 0.158188  0.388906  0.907595    12.734287
>../../../../class2/pro2//data/domains/Catalytic_domain/structures/ProRS-B_PDB_Bact_S_aureus_5znj.pdb
 0.950479  0.007022 -0.310711    33.445383
 0.217603  0.698767  0.681449   -25.448321
 0.221899 -0.715315  0.662635    -2.430141
>../../../../class2/pro2//data/domains/Catalytic_domain/structures/ProRS_PDB_Bact_E_faecalis_2J3M.pdb
 1.000000  0.000000  0.000000     0.000000
 0.000000  1.000000  0.000000     0.000000
 0.000000  0.000000  1.000000     0.000000
