>structures/AspRS_AF_Arch_Candidatus_Methanomassiliicoccus_intestinalis_Issoire-Mx1_gene16154434.pdb
-0.999669  0.008682 -0.024201    -9.317651
 0.013617  0.977191 -0.211927    -0.632713
 0.021809 -0.212186 -0.976986    -4.500213
>structures/AspRS_AF_Arch_unclassified_Euryarchaeota_proteinHHT76046.1.pdb
-0.986307 -0.164693 -0.008609    -5.658719
-0.164846  0.982997  0.080892     3.709689
-0.004859  0.081204 -0.996686    -1.640744
>structures/AspRS_AF_Bact_Bacillus_anthracis_str_Ames_Ancestor_gene45024275.pdb
-0.222798  0.120966 -0.967330    -9.074061
 0.133192 -0.979190 -0.153126     4.885169
-0.965723 -0.162957  0.202050    -6.799410
>structures/AspRS_AF_Bact_Brachyspira_pilosicoli_95_1000_gene56440011.pdb
-0.992810 -0.109794 -0.047690    -3.477173
-0.119702  0.913168  0.389610     3.820584
 0.000772  0.392518 -0.919744    -3.592539
>structures/AspRS_AF_Bact_Chlamydia_muridarum_str_Nigg_gene1246197.pdb
-0.890246  0.383785  0.245298    -2.907343
 0.442760  0.602783  0.663789     3.959959
 0.106890  0.699544 -0.706550    -3.690070
>structures/AspRS_AF_Bact_Mycoplasma_hyopneumoniae_168-L_gene57101115.pdb
-0.920889 -0.384205  0.065950    -7.584399
-0.347768  0.733261 -0.584282    -3.302336
 0.176126 -0.560994 -0.808867    -2.438919
>structures/AspRS_AF_Bact_Nocardia_cyriacigeorgica_GUH-2_gene45501717.pdb
 0.021034 -0.460843  0.887232    -2.488103
-0.445698 -0.798690 -0.404287     0.858552
 0.894936 -0.386934 -0.222196     1.336499
>structures/AspRS_AF_Bact_Porphyromonas_gingivalis_ATCC_33277_gene29255515.pdb
 0.096659  0.891011 -0.443573    -3.180408
-0.946952 -0.054911 -0.316649     2.795306
-0.306495  0.450649  0.838437    -5.212405
>structures/AspRS_AF_Bact_Prochlorococcus_marinus_subsp_marinus_str_CCMP1375_gene54201182.pdb
-0.809602  0.558320  0.181173    -9.737075
 0.575293  0.693457  0.433768     4.443536
 0.116545  0.455407 -0.882622    -5.031669
>structures/AspRS_AF_Bact_Xylella_fastidiosa_Temecula1_gene58016479.pdb
 0.004149 -0.372639  0.927967    -3.214932
-0.369620 -0.862829 -0.344830     4.811027
 0.929174 -0.341564 -0.141315    -2.957909
>structures/AspRS_AF_Mito_Homo_sapiens_gene55157.pdb
 0.034221  0.841173 -0.539682    -4.069046
-0.810439 -0.292633 -0.507499     3.717472
-0.584823  0.454746  0.671705    -5.887968
>structures/AspRS_AF_Mito_Oryza_sativa_Japonica_Group_gene4324505.pdb
 1.000000  0.000000  0.000000     0.000000
 0.000000  1.000000  0.000000     0.000000
 0.000000  0.000000  1.000000     0.000000
>structures/AspRS_AF_Mito_Oryzias_melastigma_gene112147132.pdb
-0.562852 -0.826183  0.024892    -4.707990
-0.683317  0.448156 -0.576397     5.481234
 0.465054 -0.341436 -0.816790    -2.769687
>structures/AspRS_PDB_Bact_E_coli_1c0a.pdb
-0.405560 -0.269576  0.873413    33.637819
-0.761217  0.628589 -0.159451    22.315923
-0.506033 -0.729523 -0.460137    52.598163
