>../../../../class2/asn//data/domains/Catalytic_domain/structures/AsnRS_AF_Arch_Candidatus_Korarchaeum_cryptofilum_OPF8_gene6094562.pdb
 0.145103  0.241106  0.959590    -4.635519
 0.102041 -0.968330  0.227872     3.967835
 0.984141  0.064853 -0.165110    -2.214183
>../../../../class2/asn//data/domains/Catalytic_domain/structures/AsnRS_AF_Arch_Candidatus_Nitrososphaera_gargensis_Ga92_gene13796664.pdb
 0.423244  0.719556 -0.550549    -6.015250
-0.665185 -0.165779 -0.728042     2.158134
-0.615136  0.674357  0.408473    -3.571051
>../../../../class2/asn//data/domains/Catalytic_domain/structures/AsnRS_AF_Arch_Ferroplasma_acidarmanus_Fer1_gene16025664.pdb
 0.973471 -0.222418  0.053708     1.326193
 0.221986  0.974950  0.013957    -0.375785
-0.055467 -0.001664  0.998459     1.048503
>../../../../class2/asn//data/domains/Catalytic_domain/structures/AsnRS_AF_Arch_Pyrococcus_sp_ST04_gene13021535.pdb
 0.989735 -0.137392  0.039334     0.838197
 0.137859  0.990407 -0.009391    -1.076067
-0.037666  0.014717  0.999182     0.265694
>../../../../class2/asn//data/domains/Catalytic_domain/structures/AsnRS_AF_Bact_Clostridium_acetobutylicum_DSM_1731_gene44999755.pdb
 0.333408  0.776697 -0.534398    -6.767324
-0.686918 -0.188112 -0.701967     3.525757
-0.645742  0.601129  0.470809    -2.450958
>../../../../class2/asn//data/domains/Catalytic_domain/structures/AsnRS_AF_Bact_Mycoplasma_hyopneumoniae_168-L_gene57101291.pdb
 0.978224  0.195892  0.068590     0.786590
-0.175043  0.956224 -0.234512    -2.082780
-0.111526  0.217399  0.969691    -0.741222
>../../../../class2/asn//data/domains/Catalytic_domain/structures/AsnRS_AF_Bact_Porphyromonas_gingivalis_ATCC_33277_gene29256423.pdb
 0.994890 -0.016575  0.099596    -0.248517
 0.016405  0.999862  0.002530    -0.228335
-0.099624 -0.000883  0.995025    -0.912294
>../../../../class2/asn//data/domains/Catalytic_domain/structures/AsnRS_AF_Bact_Streptobacillus_moniliformis_DSM_12112_gene29673200.pdb
 0.264405  0.792081 -0.550179    -6.511805
-0.655791 -0.270623 -0.704770     3.331704
-0.707126  0.547148  0.447886    -2.759643
>../../../../class2/asn//data/domains/Catalytic_domain/structures/AsnRS_AF_Bact_Thermus_thermophilus_HB8_gene3168522.pdb
 0.960365  0.265434  0.085112     0.562041
-0.218478  0.906400 -0.361534    -2.882330
-0.173109  0.328609  0.928466    -0.695569
>../../../../class2/asn//data/domains/Catalytic_domain/structures/AsnRS_AF_Bact_Treponema_pallidum_subsp_pertenue_str_SamoaD_gene57879132.pdb
 0.418985  0.758724 -0.498788    -6.892518
-0.676894 -0.105144 -0.728533     3.003443
-0.605200  0.642871  0.469521    -3.358888
>../../../../class2/asn//data/domains/Catalytic_domain/structures/AsnRS_AF_Bact_unclassified_Blastocatellia_proteinRPI49177.1.pdb
 0.874265  0.485371  0.008676    -1.075422
-0.407538  0.743547 -0.530141    -3.167828
-0.263766  0.459948  0.847865    -1.802053
>../../../../class2/asn//data/domains/Catalytic_domain/structures/AsnRS_AF_Euk_Candida_albicans_SC5314_gene3646227.pdb
 0.998687 -0.036159 -0.036290    -2.785771
 0.029714  0.985907 -0.164633    -3.271723
 0.041732  0.163338  0.985687     2.291076
>../../../../class2/asn//data/domains/Catalytic_domain/structures/AsnRS_AF_Euk_Cryptococcus_gattii_WM276_gene10190222.pdb
 0.988802  0.002154 -0.149220    -6.211807
-0.036387  0.973198 -0.227071    -3.684123
 0.144731  0.229958  0.962378     2.539753
>../../../../class2/asn//data/domains/Catalytic_domain/structures/AsnRS_AF_Euk_Encephalitozoon_intestinalis_ATCC_50506_gene9698489.pdb
 0.990385 -0.127484  0.053717     1.151100
 0.119685  0.984339  0.129433     0.519416
-0.069376 -0.121759  0.990132     0.257057
>../../../../class2/asn//data/domains/Catalytic_domain/structures/AsnRS_AF_Euk_Vitis_vinifera_gene100257593.pdb
 0.268126  0.896452 -0.352820    -7.981390
-0.549761 -0.158367 -0.820173     5.401707
-0.791120  0.413876  0.450372    -5.179342
>../../../../class2/asn//data/domains/Catalytic_domain/structures/AsnRS_AF_Mito_Homo_sapiens_gene79731.pdb
 0.146079 -0.408260  0.901102    -4.886096
-0.300431 -0.886161 -0.352788     0.959164
 0.942551 -0.219184 -0.252103    -1.305531
>../../../../class2/asn//data/domains/Catalytic_domain/structures/AsnRS_AF_Mito_Zeugodacus_cucurbitae_gene105213230.pdb
-0.991940 -0.055823 -0.113753    -8.593821
-0.075721  0.980948  0.178908     0.290961
 0.101598  0.186080 -0.977268    -4.071702
>../../../../class2/asn//data/domains/Catalytic_domain/structures/AsnRS_PDB_Arch_P_horikoshii_1X54.pdb
 0.362465 -0.481342  0.798078   -24.863664
-0.931976 -0.192984  0.306883   -13.200379
 0.006300 -0.855024 -0.518549    15.973386
>../../../../class2/asn//data/domains/Catalytic_domain/structures/AsnRS_PDB_Bact_E_anophelis_6pqh.pdb
-0.000038 -0.020335 -0.999793   -61.699682
-0.296224 -0.954921  0.019433    -1.133492
-0.955118  0.296164 -0.005987   -14.862568
>../../../../class2/asp2//data/domains/Catalytic_domain/structures/AspRS-E_AF_Euk_Caenorhabditis_elegans_gene176334.pdb
 0.485829  0.685456 -0.542328    -8.291402
-0.734852 -0.015627 -0.678047     3.106686
-0.473246  0.727947  0.496117    -1.172152
>../../../../class2/asp2//data/domains/Catalytic_domain/structures/AspRS-E_AF_Euk_Cryptococcus_neoformans_var_neoformans_JEC21_gene3258977.pdb
 0.849948 -0.458474  0.259597   -15.605458
 0.392568  0.879707  0.268338     4.269128
-0.351395 -0.126164  0.927687   -11.184098
>../../../../class2/asp2//data/domains/Catalytic_domain/structures/AspRS-E_AF_Euk_Thalassiosira_pseudonana_CCMP1335_gene7443135.pdb
 0.556816  0.703932 -0.440948    -6.164107
-0.718600  0.141975 -0.680777     2.597183
-0.416617  0.695933  0.584900    -1.970870
>../../../../class2/asp2//data/domains/Catalytic_domain/structures/AspRS-E_AF_Euk_Theileria_orientalis_strain_Shintoku_gene20715543.pdb
 0.401087  0.645617 -0.649852    -8.905679
-0.751558 -0.173668 -0.636396     3.439173
-0.523726  0.743652  0.415563    -0.511699
>../../../../class2/asp2//data/domains/Catalytic_domain/structures/AspRS-E_PDB_Euk_S_cerevisiae_1EOV.pdb
-0.086397 -0.840923  0.534214   -24.080423
-0.323622 -0.483451 -0.813354    51.984794
 0.942234 -0.243154 -0.230372    16.344254
>../../../../class2/asp2//data/domains/Catalytic_domain/structures/AsxRS_AF_Arch_Candidatus_Korarchaeum_cryptofilum_OPF8_gene6094477.pdb
 0.754387  0.655793 -0.028922    -3.592974
-0.578941  0.643921 -0.500193     2.134152
-0.309400  0.394083  0.865431    -2.972120
>../../../../class2/asp2//data/domains/Catalytic_domain/structures/AsxRS_AF_Arch_Candidatus_Methanomassiliicoccus_intestinalis_Issoire-Mx1_gene16154831.pdb
 0.853938  0.520256  0.011134    -4.804053
-0.472244  0.783764 -0.403361     2.448086
-0.218577  0.339187  0.914973    -2.231445
>../../../../class2/asp2//data/domains/Catalytic_domain/structures/AsxRS_AF_Arch_Candidatus_Nitrosopumilus_koreensis_AR1_gene13725312.pdb
 1.000000  0.000000  0.000000     0.000000
 0.000000  1.000000  0.000000     0.000000
 0.000000  0.000000  1.000000     0.000000
>../../../../class2/asp2//data/domains/Catalytic_domain/structures/AsxRS_AF_Arch_Methanobacterium_lacus_gene10277817.pdb
 0.827454 -0.512032 -0.230527    -0.229634
 0.559214  0.714120  0.421085     3.247882
-0.050985 -0.477342  0.877237     1.412799
>../../../../class2/asp2//data/domains/Catalytic_domain/structures/AsxRS_AF_Bact_Clostridium_acetobutylicum_DSM_1731_gene45000055.pdb
 0.502015  0.715918 -0.485224    -5.940411
-0.709599  0.020224 -0.704316     2.871409
-0.494419  0.697892  0.518167    -3.005293
>../../../../class2/asp2//data/domains/Catalytic_domain/structures/AsxRS_AF_Bact_Spirochaetes_bacterium_GWE1_32_154_proteinOHD39701.1.pdb
 0.962043 -0.269402 -0.043550    -4.208917
 0.261354  0.863609  0.431130     1.588810
-0.078537 -0.426147  0.901238    -2.384249
>../../../../class2/asp2//data/domains/Catalytic_domain/structures/AsxRS_AF_Bact_Tropheryma_whipplei_TW08_27_gene67388547.pdb
 0.085793 -0.563883  0.821386    -4.597510
-0.523870 -0.726790 -0.444225     2.036989
 0.847467 -0.392188 -0.357755    -2.231444
>../../../../class2/asp2//data/domains/Catalytic_domain/structures/AsxRS_PDB_Arch_T_kodarensis_1b8a.pdb
-0.675684 -0.432765  0.596796     3.259844
-0.629158  0.760443 -0.160890    20.101572
-0.384202 -0.484190 -0.786097    42.047701
>../../../../class2/asp2//data/domains/Catalytic_domain/structures/AsxRS_PDB_Bact_T_thermophilus_1n9w.pdb
-0.372180 -0.862003  0.344142   -15.989312
-0.726546  0.501304  0.469921    -0.544344
-0.577593 -0.075140 -0.812859    69.614515
