>../../../../class2/asn//data/domains/Catalytic_domain/structures/AsnRS_AF_Arch_Candidatus_Korarchaeum_cryptofilum_OPF8_gene6094562.pdb
 0.121343  0.108346  0.986680    -4.572755
 0.091696 -0.990998  0.097543     5.601739
 0.988366  0.078639 -0.130185    -2.775530
>../../../../class2/asn//data/domains/Catalytic_domain/structures/AsnRS_AF_Arch_Candidatus_Nitrososphaera_gargensis_Ga92_gene13796664.pdb
 0.352474  0.664718 -0.658720    -6.171817
-0.721671 -0.255055 -0.643536     3.987069
-0.595780  0.702209  0.389807    -4.175960
>../../../../class2/asn//data/domains/Catalytic_domain/structures/AsnRS_AF_Arch_Ferroplasma_acidarmanus_Fer1_gene16025664.pdb
 0.995823 -0.089070  0.020063     0.645432
 0.088797  0.995949  0.014146     0.523538
-0.021241 -0.012305  0.999699     0.710127
>../../../../class2/asn//data/domains/Catalytic_domain/structures/AsnRS_AF_Arch_Pyrococcus_sp_ST04_gene13021535.pdb
 1.000000  0.000000  0.000000     0.000000
 0.000000  1.000000  0.000000     0.000000
 0.000000  0.000000  1.000000     0.000000
>../../../../class2/asn//data/domains/Catalytic_domain/structures/AsnRS_AF_Bact_Clostridium_acetobutylicum_DSM_1731_gene44999755.pdb
 0.267791  0.721515 -0.638518    -6.747619
-0.730991 -0.279573 -0.622487     5.398304
-0.627646  0.633447  0.452554    -3.100884
>../../../../class2/asn//data/domains/Catalytic_domain/structures/AsnRS_AF_Bact_Mycoplasma_hyopneumoniae_168-L_gene57101291.pdb
 0.949927  0.312467 -0.001683    -0.098411
-0.304339  0.923972 -0.231630    -1.049039
-0.070822  0.220544  0.972802    -1.079025
>../../../../class2/asn//data/domains/Catalytic_domain/structures/AsnRS_AF_Bact_Porphyromonas_gingivalis_ATCC_33277_gene29256423.pdb
 0.991706  0.113032  0.061178    -0.807810
-0.113175  0.993574 -0.001130     0.826706
-0.060913 -0.005803  0.998126    -1.268839
>../../../../class2/asn//data/domains/Catalytic_domain/structures/AsnRS_AF_Bact_Streptobacillus_moniliformis_DSM_12112_gene29673200.pdb
 0.199191  0.728031 -0.655967    -6.495542
-0.693329 -0.368357 -0.619361     5.238489
-0.692544  0.578173  0.431392    -3.325499
>../../../../class2/asn//data/domains/Catalytic_domain/structures/AsnRS_AF_Bact_Thermus_thermophilus_HB8_gene3168522.pdb
 0.928628  0.371011  0.001089    -0.404411
-0.345518  0.865882 -0.361753    -1.885868
-0.135157  0.335558  0.932273    -1.034842
>../../../../class2/asn//data/domains/Catalytic_domain/structures/AsnRS_AF_Bact_Treponema_pallidum_subsp_pertenue_str_SamoaD_gene57879132.pdb
 0.353187  0.714024 -0.604507    -6.925015
-0.730803 -0.192860 -0.654776     4.881041
-0.584111  0.673034  0.453696    -4.007122
>../../../../class2/asn//data/domains/Catalytic_domain/structures/AsnRS_AF_Bact_unclassified_Blastocatellia_proteinRPI49177.1.pdb
 0.820493  0.564109 -0.092585    -2.004863
-0.523232  0.675838 -0.519107    -1.921926
-0.230261  0.474367  0.849680    -2.217869
>../../../../class2/asn//data/domains/Catalytic_domain/structures/AsnRS_AF_Euk_Candida_albicans_SC5314_gene3646227.pdb
 0.991160  0.093072 -0.094551    -3.926678
-0.106294  0.983543 -0.146098    -1.705564
 0.079397  0.154856  0.984741     1.895370
>../../../../class2/asn//data/domains/Catalytic_domain/structures/AsnRS_AF_Euk_Cryptococcus_gattii_WM276_gene10190222.pdb
 0.968873  0.126925 -0.212547    -7.340831
-0.168916  0.966595 -0.192774    -1.637749
 0.180979  0.222676  0.957947     2.018286
>../../../../class2/asn//data/domains/Catalytic_domain/structures/AsnRS_AF_Euk_Encephalitozoon_intestinalis_ATCC_50506_gene9698489.pdb
 0.999292  0.010619  0.036086     0.608771
-0.015270  0.991243  0.131165     1.467134
-0.034377 -0.131623  0.990704    -0.039654
>../../../../class2/asn//data/domains/Catalytic_domain/structures/AsnRS_AF_Euk_Vitis_vinifera_gene100257593.pdb
 0.226478  0.852555 -0.471018    -7.627484
-0.587569 -0.266101 -0.764168     7.360957
-0.776834  0.449823  0.440669    -5.874006
>../../../../class2/asn//data/domains/Catalytic_domain/structures/AsnRS_AF_Mito_Homo_sapiens_gene79731.pdb
 0.063809 -0.512253  0.856461    -5.276113
-0.300926 -0.828140 -0.472893     2.711752
 0.951510 -0.227556 -0.206993    -1.902684
>../../../../class2/asn//data/domains/Catalytic_domain/structures/AsnRS_AF_Mito_Zeugodacus_cucurbitae_gene105213230.pdb
-0.997005  0.062182 -0.045976    -8.922873
 0.052847  0.981881  0.181980     2.386276
 0.056459  0.179006 -0.982227    -4.892540
>../../../../class2/asn//data/domains/Catalytic_domain/structures/AsnRS_PDB_Arch_P_horikoshii_1X54.pdb
 0.231343 -0.470768  0.851386   -27.664931
-0.972440 -0.137973  0.187945    -8.300915
 0.028990 -0.871402 -0.489713    14.804901
>../../../../class2/asn//data/domains/Catalytic_domain/structures/AsnRS_PDB_Bact_E_anophelis_6pqh.pdb
-0.001843 -0.154904 -0.987928   -61.281596
-0.296781 -0.943334  0.148465     7.771066
-0.954944  0.293472 -0.044234   -17.635575
>../../../../class2/ser2//data/domains/Catalytic_domain/structures/SerRS-A_AF_Arch_Conexivisphaera_calida_protein1635512986.pdb
-0.106045 -0.894561  0.434184     4.282802
-0.918578 -0.079064 -0.387251     7.131598
 0.380748 -0.439898 -0.813340   -17.766819
>../../../../class2/ser2//data/domains/Catalytic_domain/structures/SerRS-A_AF_Arch_Ignisphaera_aggregans_protein304378874.pdb
-0.791146 -0.608610 -0.060678     5.245766
-0.600903  0.791936 -0.108414     5.337672
 0.114035 -0.049310 -0.992252   -18.114319
>../../../../class2/ser2//data/domains/Catalytic_domain/structures/SerRS-A_AF_Arch_Methanosarcina_barkeri_protein805401349.pdb
 0.180206 -0.043181  0.982681     3.769386
-0.025486 -0.998905 -0.039220     7.016303
 0.983299 -0.017977 -0.181109   -19.747911
>../../../../class2/ser2//data/domains/Catalytic_domain/structures/SerRS-A_AF_Arch_Unclassified_Thermoplasmata_protein1635512986.pdb
 0.093020 -0.801926  0.590137     5.074779
-0.872173 -0.351528 -0.340210     8.648454
 0.480273 -0.483055 -0.732117   -19.829838
>../../../../class2/ser2//data/domains/Catalytic_domain/structures/SerRS-A_PDB_Arch_M_barkeri_2cjb.pdb
-0.010946 -0.719405 -0.694505    61.842072
 0.472929 -0.615679  0.630299   -69.178470
-0.881032 -0.321552  0.346967    -6.190222
