>../../../../class2/gly3//data/domains/Catalytic_domain/structures/GlyRS-E_AF_Arch_Methanosalsum_zhilinae_DSM_4017_gene10821854.pdb
 0.217547  0.577602 -0.786797     1.304707
 0.168563 -0.816224 -0.552598     5.662446
-0.961384 -0.012409 -0.274929   -14.016969
>../../../../class2/gly3//data/domains/Catalytic_domain/structures/GlyRS-E_AF_Euk_Cryptococcus_neoformans_var_neoformans_JEC21_gene3258293.pdb
-0.970307 -0.140075  0.197188     0.889862
 0.069308  0.620040  0.781503     6.416175
-0.231733  0.771964 -0.591921   -13.358713
>../../../../class2/gly3//data/domains/Catalytic_domain/structures/GlyRS-E_AF_Euk_Girardinichthys_multiradiatus_gene124858359.pdb
 0.219111  0.704246 -0.675299     1.212929
 0.112835 -0.705763 -0.699405     7.430222
-0.969154  0.077050 -0.234104   -12.599564
>../../../../class2/gly3//data/domains/Catalytic_domain/structures/GlyRS-E_AF_Euk_Plasmodium_yoelii_gene3801472.pdb
 0.133414  0.346687 -0.928444    -0.127868
 0.521028 -0.821444 -0.231862     5.417870
-0.843048 -0.452812 -0.290226   -15.977466
>../../../../class2/gly3//data/domains/Catalytic_domain/structures/GlyRS-E_AF_Euk_Schizosaccharomyces_pombe_gene2543181.pdb
 0.349533  0.726536 -0.591585     2.174510
-0.098246 -0.599509 -0.794315     7.483857
-0.931759  0.335761 -0.138169   -14.511008
>../../../../class2/gly3//data/domains/Catalytic_domain/structures/GlyRS-E_PDB_Euk_H_sapiens_2q5h.pdb
 0.922827  0.231733 -0.307716  -115.441241
-0.330340  0.886978 -0.322715   -13.683713
 0.198154  0.399461  0.895079    83.643058
>../../../../class2/phe3//data/domains/Catalytic_domain/structures/PheRS-Aα_AF_Arch_Candidatus_Nitrosopumilus_koreensis_AR1_gene13724458.pdb
 0.900496  0.052472 -0.431686     4.217279
 0.041409  0.977836  0.205237     5.010394
 0.432888 -0.202691  0.878365   -17.724030
>../../../../class2/phe3//data/domains/Catalytic_domain/structures/PheRS-Aα_AF_Arch_Haloterrigena_turkmenica_DSM_5511_gene8744248.pdb
 0.440024  0.794672 -0.418181     1.165125
-0.655900 -0.033646 -0.754098     0.979828
-0.613330  0.606106  0.506420    -6.869341
>../../../../class2/phe3//data/domains/Catalytic_domain/structures/PheRS-Aα_AF_Arch_Thermoplasma_volcanium_GSS1_gene1441177.pdb
-0.467632 -0.794706  0.386992     1.327283
-0.854597  0.294644 -0.427609    -0.756140
 0.225798 -0.530686 -0.816938    -6.058887
>../../../../class2/phe3//data/domains/Catalytic_domain/structures/PheRS-Aα_AF_Arch_Thermosphaera_aggregans_DSM_11486_gene9165306.pdb
 1.000000  0.000000  0.000000     0.000000
 0.000000  1.000000  0.000000     0.000000
 0.000000  0.000000  1.000000     0.000000
>../../../../class2/phe3//data/domains/Catalytic_domain/structures/PheRS-Aα_AF_Euk_Cyanidioschyzon_merolae_strain_10D_gene16993638.pdb
-0.986159  0.114323  0.120088    -7.566252
 0.149891  0.924316  0.350960     2.856670
-0.070876  0.364103 -0.928658    -8.370269
>../../../../class2/phe3//data/domains/Catalytic_domain/structures/PheRS-Aα_AF_Euk_Megalobrama_amblycephala_gene125266654.pdb
 0.068244 -0.395024  0.916133    -0.156745
-0.263643 -0.892771 -0.365311     3.435035
 0.962203 -0.216602 -0.165072    -0.041524
>../../../../class2/phe3//data/domains/Catalytic_domain/structures/PheRS-Aα_AF_Euk_Plasmodium_falciparum_3D7_gene813233.pdb
 0.463889 -0.585003 -0.665266    -3.747075
 0.720185 -0.188278  0.667746     9.289459
-0.515889 -0.788874  0.333970    -1.920914
>../../../../class2/phe3//data/domains/Catalytic_domain/structures/PheRS-Aα_AF_Euk_Schizosaccharomyces_pombe_gene2543647.pdb
-0.061315  0.383475 -0.921513    -6.018030
-0.239540 -0.901922 -0.359384     4.146518
-0.968948  0.198704  0.147159    -8.106819
>../../../../class2/phe3//data/domains/Catalytic_domain/structures/PheRS-Aα_PDB_Euk.B_H_sapiens_3L4G.C.pdb
 0.705444  0.015866 -0.708588   -51.600840
-0.633279 -0.434849 -0.640206    54.604794
-0.318286  0.900364 -0.296714  -110.223899
