>../../../../class1/gln//data/domains/Catalytic_domain/structures/GlnRS_AF_Bact_Anaerostipes_hadrus_gene15230984.pdb
 0.244578  0.195703 -0.949675     2.127418
-0.196174 -0.949178 -0.246124    -3.369850
-0.949577  0.246498 -0.193756     5.707358
>../../../../class1/gln//data/domains/Catalytic_domain/structures/GlnRS_AF_Bact_Cutibacterium_avidum_44067_gene29843447.pdb
 0.333263  0.610027 -0.718890     2.449963
-0.489535 -0.539690 -0.684902    -2.886093
-0.805786  0.580174  0.118771     6.403641
>../../../../class1/gln//data/domains/Catalytic_domain/structures/GlnRS_AF_Bact_Pasteurella_multocida_subsp_multocida_str_Pm70_gene1243875.pdb
 0.023561  0.533881 -0.845231     1.898917
-0.667416 -0.621066 -0.410893    -1.442071
-0.744312  0.573802  0.341688     5.663276
>../../../../class1/gln//data/domains/Catalytic_domain/structures/GlnRS_AF_Bact_Porphyromonas_gingivalis_ATCC_33277_gene29257033.pdb
 0.221960 -0.089491 -0.970940     3.442214
 0.018638 -0.995208  0.095989    -3.196814
-0.974878 -0.039403 -0.219229     5.792675
>../../../../class1/gln//data/domains/Catalytic_domain/structures/GlnRS_AF_Bact_Thermus_thermophilus_HB8_gene3168786.pdb
-0.523384 -0.780450  0.342005     4.193503
-0.362331 -0.159433 -0.918312    -4.504315
 0.771223 -0.604549 -0.199337     5.883704
>../../../../class1/gln//data/domains/Catalytic_domain/structures/GlnRS_AF_Euk_Candida_dubliniensis_CD36_gene8049124.pdb
 0.008979  0.407164 -0.913311     6.577048
-0.153916 -0.901900 -0.403591    -2.191531
-0.988043  0.144196  0.054571     5.849126
>../../../../class1/gln//data/domains/Catalytic_domain/structures/GlnRS_AF_Euk_Dictyostelium_discoideum_AX4_gene8627167.pdb
-0.299062 -0.231572  0.925709     8.406511
-0.013041 -0.969024 -0.246621    -1.928096
 0.954145 -0.085827  0.286778     3.242135
>../../../../class1/gln//data/domains/Catalytic_domain/structures/GlnRS_AF_Euk_Encephalitozoon_romaleae_SJ-2008_gene20564565.pdb
-0.066425 -0.620021  0.781768     5.441706
-0.128825 -0.771612 -0.622912    -2.114321
 0.989440 -0.142088 -0.028620     4.942762
>../../../../class1/gln//data/domains/Catalytic_domain/structures/GlnRS_AF_Euk_Myodes_glareolus_gene125393344.pdb
 1.000000  0.000000  0.000000     0.000000
 0.000000  1.000000  0.000000     0.000000
 0.000000  0.000000  1.000000     0.000000
>../../../../class1/gln//data/domains/Catalytic_domain/structures/GlnRS_AF_Mito_Cyanidioschyzon_merolae_strain_10D_gene16997184.pdb
-0.449285 -0.702975  0.551334     7.250165
-0.361754 -0.421119 -0.831741    -2.452331
 0.816870 -0.573136 -0.065102     7.812505
>../../../../class1/gln//data/domains/Catalytic_domain/structures/GlnRS_Bact_D_radio_2HZ7.pdb
 0.402405  0.900016 -0.167456   -36.394744
 0.399883 -0.008263  0.916529   -78.409762
 0.823507 -0.435779 -0.363226    29.203940
>../../../../class1/gln//data/domains/Catalytic_domain/structures/GlnRS_Bact_E_coli_1QTQ.pdb
 0.024866  0.742235  0.669678   -19.841501
-0.963813  0.195653 -0.181064    34.810744
-0.265416 -0.640942  0.720241    16.752837
>../../../../class1/gln//data/domains/Catalytic_domain/structures/GlnRS_PDB_Euk_T_gondii_4P2B.pdb
 0.185138  0.705860  0.683729   -88.264388
-0.359793 -0.598761  0.715565    22.179933
 0.914479 -0.378479  0.143110   -64.121106
>../../../../class1/leu1//data/domains/Catalytic_domain/structures/LeuRS-B_AF_Bact_Bifidobacterium_longum_subsp_longum_JCM_1217_gene69578373.pdb
 0.932002  0.276824 -0.233968    19.628254
-0.059837  0.754169  0.653949    -1.769970
 0.357480 -0.595482  0.719451    -6.235153
>../../../../class1/leu1//data/domains/Catalytic_domain/structures/LeuRS-B_AF_Bact_Brachyspira_pilosicoli_95_1000_gene56439070.pdb
 0.375270  0.670104 -0.640417    16.595926
-0.801770  0.581364  0.138494    -0.112875
 0.465121  0.461494  0.755438    -4.928938
>../../../../class1/leu1//data/domains/Catalytic_domain/structures/LeuRS-B_AF_Bact_Chlamydia_psittaci_6BC_gene12243068.pdb
-0.319528  0.351600  0.879931    16.693628
 0.906500  0.383870  0.175790    -1.155235
-0.275972  0.853827 -0.441383    -4.078199
>../../../../class1/leu1//data/domains/Catalytic_domain/structures/LeuRS-B_AF_Bact_Clostridium_botulinum_A_str_ATCC_3502_gene5187707.pdb
-0.781734 -0.569063  0.255069    20.775736
-0.181493 -0.183702 -0.966082     1.336005
 0.596618 -0.801512  0.040325    -3.969296
>../../../../class1/leu1//data/domains/Catalytic_domain/structures/LeuRS-B_AF_Bact_Mycoplasma_hyopneumoniae_168-L_gene57101518.pdb
 0.137337 -0.238756 -0.961319    18.943812
-0.533744 -0.835402  0.131231    -0.780859
-0.834420  0.495075 -0.242166    -5.693136
>../../../../class1/leu1//data/domains/Catalytic_domain/structures/LeuRS-B_AF_Bact_Orientia_tsutsugamushi_str_Ikeda_gene66652454.pdb
-0.266695  0.236802  0.934237    17.933811
 0.954044  0.202309  0.221070    -1.333415
-0.136655  0.950261 -0.279874    -4.022049
>../../../../class1/leu1//data/domains/Catalytic_domain/structures/LeuRS-B_AF_Bact_Porphyromonas_gingivalis_ATCC_33277_gene29256038.pdb
 0.662691  0.614545 -0.427990    17.084779
-0.596385  0.778722  0.194725    -1.515562
 0.452953  0.126204  0.882557    -4.917753
>../../../../class1/leu1//data/domains/Catalytic_domain/structures/LeuRS-B_AF_Bact_Thermus_thermophilus_HB8_gene3168656.pdb
-0.733134 -0.638733  0.233527    17.286624
-0.099626 -0.238808 -0.965943    -2.294620
 0.672748 -0.731431  0.111444     0.882128
>../../../../class1/leu1//data/domains/Catalytic_domain/structures/LeuRS-B_AF_Euk_Bathycoccus_prasinos_gene19015540.pdb
-0.212090  0.549341  0.808234    18.263073
 0.940386  0.339739  0.015854    -1.799190
-0.265879  0.763415 -0.588648    -5.484567
>../../../../class1/leu1//data/domains/Catalytic_domain/structures/LeuRS-B_AF_Euk_Klebsormidium_nitens_protein971510658.pdb
 0.242456 -0.285752 -0.927125    18.117181
-0.338186 -0.920592  0.195298    -1.769900
-0.909310  0.266190 -0.319840    -4.124398
>../../../../class1/leu1//data/domains/Catalytic_domain/structures/LeuRS-B_AF_Euk_Plasmodium_falciparum_3D7_gene2655460.pdb
 0.935503  0.317850 -0.154291    18.684562
-0.076316  0.608164  0.790134    -0.914427
 0.344979 -0.727398  0.593197     0.913917
>../../../../class1/leu1//data/domains/Catalytic_domain/structures/LeuRS-B_AF_Euk_Thalassiosira_pseudonana_CCMP1335_gene7441753.pdb
 0.475995  0.747980 -0.462552    18.442287
-0.751120  0.619336  0.228563    -4.201804
 0.457435  0.238637  0.856624    -1.224586
>../../../../class1/leu1//data/domains/Catalytic_domain/structures/LeuRS-B_AF_Mito_Drosophila_melanogaster_gene38581.pdb
-0.127407  0.068802 -0.989461    17.021262
-0.684927 -0.727641  0.037597     2.939546
-0.717386  0.682499  0.139831    -5.346629
>../../../../class1/leu1//data/domains/Catalytic_domain/structures/LeuRS-B_AF_Mito_Homo_sapiens_gene23395.pdb
-0.398397  0.483536  0.779405    17.528462
 0.887893  0.416447  0.195492     1.071832
-0.230054  0.769912 -0.595240    -6.038424
>../../../../class1/leu1//data/domains/Catalytic_domain/structures/LeuRS-B_PDB_Bact_T_therm_2V0C.pdb
 0.973300  0.034457  0.226938    -5.435528
-0.005796 -0.984664  0.174363   -38.392564
 0.229465 -0.171022 -0.958174     4.934522
