>structures/GlxRS-A_AF_Arch_Candidatus_Korarchaeum_cryptofilum_OPF8_gene6094352.pdb
 1.000000  0.000000  0.000000     0.000000
 0.000000  1.000000  0.000000     0.000000
 0.000000  0.000000  1.000000     0.000000
>structures/GlxRS-A_AF_Arch_Methanothrix_soehngenii_GP6_gene10459943.pdb
-0.157649  0.086116 -0.983733    -2.179050
 0.187743 -0.975407 -0.115474     2.151011
-0.969484 -0.202893  0.137604     1.005892
>structures/GlxRS-A_AF_Arch_Nitrosopumilus_maritimus_SCM1_gene5773999.pdb
-0.308943 -0.875107  0.372481    -2.911020
-0.837278  0.064482 -0.542963     0.274796
 0.451132 -0.479615 -0.752629    -0.335169
>structures/GlxRS-A_AF_Arch_Sulfolobus_islandicus_LAL14_1_gene15298417.pdb
-0.249781  0.493722  0.832975     0.386222
 0.244745 -0.800120  0.547639     4.305806
 0.936862  0.340656  0.079018     3.929349
>structures/GlxRS-A_PDB_Arch_M_thermau_3AII.pdb
 0.117570 -0.565256  0.816494   -29.930050
 0.930602 -0.224283 -0.289271    29.482838
 0.346638  0.793841  0.499659   -61.013451
