>../../../class1//glu3/data/domains/GST/structures/EPRS-E_AF_Euk_Homo_sapiens_gene2058.pdb
 0.276139 -0.372058 -0.886183    12.491082
 0.037873  0.925530 -0.376776    -7.273207
 0.960371  0.070480  0.269666    26.486170
>../../../class1//glu3/data/domains/GST/structures/GluRS-E_AF_Euk_Cyathus_striatus_proteinKAF9013924.1.pdb
-0.294435  0.458177 -0.838679   -47.621970
 0.932329  0.330489 -0.146765   -14.592746
 0.209930 -0.825137 -0.524479    34.943542
>../../../class1//glu3/data/domains/GST/structures/GluRS-E_AF_Euk_Lichtheimia_hyalospora_proteinKAI7879902.1.pdb
-0.280151 -0.762890  0.582678    13.081191
-0.797894 -0.152433 -0.583205   -66.937360
 0.533741 -0.628301 -0.566002    10.569046
>../../../class1//glu3/data/domains/GST/structures/GluRS-E_AF_Euk_Medicago_truncatula_gene11407510.pdb
 0.269722 -0.253609 -0.928942   -33.386774
 0.199138 -0.929150  0.311486     2.016036
-0.942122 -0.269002 -0.200109     6.019785
>../../../class1//glu3/data/domains/GST/structures/GluRS-E_AF_Euk_Saccharomyces_cerevisiae_S288C_gene852606.pdb
 0.503194  0.367054  0.782347    -2.225376
-0.664176 -0.414925  0.621858   -30.156941
 0.552871 -0.832532  0.035001    30.070447
>../../../class1//glu3/data/domains/GST/structures/GluRS-E_AF_Euk_Xylariaceae_sp_FL0804_proteinKAI0483267.1.pdb
 0.471847  0.603248 -0.643002     3.749035
 0.619155 -0.745921 -0.245457   -30.930226
-0.627700 -0.282299 -0.725465    33.373277
>../../../class1//met/data/domains/GST/structures/MetRS_AF_Euk_Drosophila_melanogaster_gene37177.pdb
 1.000000  0.000000  0.000000     0.000000
 0.000000  1.000000  0.000000     0.000000
 0.000000  0.000000  1.000000     0.000000
>../../../class1//met/data/domains/GST/structures/MetRS_AF_Euk_Homo_sapiens_gene4141.pdb
-0.907231 -0.264732  0.326877   -14.715499
-0.211490  0.958823  0.189554    -4.831339
-0.363598  0.102838 -0.925862   -21.231659
>../../../class1//val/data/domains/GST/structures/ValRS_AF_Euk_Homo_sapiens_gene7407.pdb
 0.018004 -0.652690  0.757411   -14.033306
 0.351107 -0.705163 -0.616011    -5.917181
 0.936162  0.277023  0.216468    -6.549443
