>../../../../class1//glu3/data/domains/GST//structures/GluRS-E_AF_Euk_Cyathus_striatus_proteinKAF9013924.1.pdb
-0.085099  0.956843  0.277865   -34.089996
-0.895882 -0.195532  0.398952    10.149480
 0.436066 -0.214984  0.873858     1.637746
>../../../../class1//glu3/data/domains/GST//structures/GluRS-E_AF_Euk_Lichtheimia_hyalospora_proteinKAI7879902.1.pdb
-0.723811  0.399939  0.562269    -7.367368
 0.688728  0.468186  0.553584    52.570016
-0.041846  0.787941 -0.614328   -64.444402
>../../../../class1//glu3/data/domains/GST//structures/GluRS-E_AF_Euk_Medicago_truncatula_gene11407510.pdb
 1.000000  0.000000  0.000000     0.000000
 0.000000  1.000000  0.000000     0.000000
 0.000000  0.000000  1.000000     0.000000
>../../../../class1//glu3/data/domains/GST//structures/GluRS-E_AF_Euk_Xylariaceae_sp_FL0804_proteinKAI0483267.1.pdb
 0.838520  0.284013  0.464995   -22.694555
-0.528541  0.631341  0.567498    14.887853
-0.132394 -0.721627  0.679504   -50.107077
>../../../../class1//met/data/domains/GST//structures/MetRS_AF_Euk_Drosophila_melanogaster_gene37177.pdb
 0.317437  0.210477 -0.924626    15.785465
-0.295794 -0.904429 -0.307430    -4.670207
-0.900966  0.371089 -0.224841   -27.072830
>../../../../class1//met/data/domains/GST//structures/MetRS_AF_Euk_Scheffersomyces_stipitis_CBS_6054_gene4836672.pdb
-0.619851  0.055246 -0.782773    -7.955390
 0.232168  0.965772 -0.115684     4.557409
 0.749589 -0.253441 -0.611461   -76.370234
>../../../../class1//met/data/domains/GST//structures/MetRS_AF_Euk_Trypanosoma_brucei_brucei_TREU927_gene3662741.pdb
 0.319633 -0.909358 -0.266277    -1.799430
-0.827628 -0.404765  0.388840    30.348948
-0.461374  0.096092 -0.881986   -58.019745
