>structures/MetRS_AF_Arch_Aciduliprofundum_boonei_T469_gene8827030.pdb
-0.393252  0.720967 -0.570577    12.428364
-0.162044 -0.665211 -0.728860     8.441373
-0.905038 -0.194167  0.378424    31.936195
>structures/MetRS_AF_Arch_Candidatus_Korarchaeum_cryptofilum_OPF8_gene6093355.pdb
 0.573694 -0.810559  0.117766    10.015554
 0.749976  0.577640  0.322286     5.628128
-0.329258 -0.096572  0.939289    31.380864
>structures/MetRS_AF_Arch_Candidatus_Nitrosopumilus_sediminis_gene13696902.pdb
-0.805498  0.543657 -0.235816     8.322057
 0.209150  0.633140  0.745245     7.729568
 0.554462  0.550973 -0.623699    31.782538
>structures/MetRS_AF_Arch_Halalkalicoccus_jeotgali_B3_gene9420443.pdb
-0.290801  0.788646 -0.541731     9.667782
-0.148744 -0.596581 -0.788649     8.711390
-0.945151 -0.148760  0.290793    30.249102
>structures/MetRS_AF_Bact_Bacillus_anthracis_str_Ames_Ancestor_gene45024892.pdb
 0.167647 -0.367181  0.914917     9.070065
-0.370674 -0.883430 -0.286623     8.130790
 0.913507 -0.291084 -0.284209    30.925390
>structures/MetRS_AF_Bact_Brucella_suis_1330_gene45052047.pdb
 0.638110 -0.749994  0.174139     7.122785
 0.696288  0.658647  0.285249     6.255589
-0.328631 -0.060770  0.942501    32.480636
>structures/MetRS_AF_Bact_Chlamydia_psittaci_6BC_gene12243105.pdb
 0.234552  0.937067 -0.258632     3.622309
-0.618273 -0.061505 -0.783553     8.927158
-0.750149  0.343690  0.564937    31.272870
>structures/MetRS_AF_Bact_Mycoplasma_hyopneumoniae_168-L_gene57101263.pdb
-0.017482  0.999329 -0.032189     6.282322
-0.512549 -0.036599 -0.857878     8.883492
-0.858480  0.001501  0.512845    31.885101
>structures/MetRS_AF_Bact_Nocardia_farcinica_IFM_10152_gene61135500.pdb
 0.920041 -0.069911  0.385534     5.750543
 0.139884  0.977718 -0.156526     5.885298
-0.366001  0.197940  0.909320    33.121171
>structures/MetRS_AF_Bact_Prochlorococcus_marinus_subsp_marinus_str_CCMP1375_gene54200313.pdb
-0.360985  0.893418  0.267382     6.341341
 0.505899 -0.053256  0.860947     6.838231
 0.783426  0.446058 -0.432755    32.508254
>structures/MetRS_AF_Bact_Streptobacillus_moniliformis_DSM_12112_gene29673607.pdb
-0.118155 -0.990517 -0.070117     9.286146
-0.642834  0.130117 -0.754874     8.461267
 0.756838 -0.044118 -0.652111    33.897470
>structures/MetRS_AF_Bact_Treponema_denticola_ATCC_35405_gene2740824.pdb
-0.503546  0.849424 -0.157859     7.438123
 0.525997  0.446355  0.723944     4.711390
 0.685397  0.281505 -0.671555    32.081390
>structures/MetRS_AF_Euk_Drosophila_melanogaster_gene37177.pdb
-0.451664  0.404380 -0.795283     0.875136
-0.183410 -0.914431 -0.360800    13.013561
-0.873132 -0.017097  0.487183    32.630202
>structures/MetRS_AF_Euk_Oryza_sativa_Japonica_Group_gene4341140.pdb
-0.489238 -0.050456 -0.870690     5.879160
 0.351075 -0.925263 -0.143649    13.938550
-0.798369 -0.375956  0.470388    31.180882
>structures/MetRS_AF_Euk_Scheffersomyces_stipitis_CBS_6054_gene4836672.pdb
-0.863151  0.319066 -0.391366     4.762313
-0.021790  0.750807  0.660162     4.659036
 0.504476  0.578347 -0.641107    39.706987
>structures/MetRS_AF_Euk_Trypanosoma_brucei_brucei_TREU927_gene3662741.pdb
-0.155526 -0.985376  0.069605     5.828429
-0.805364  0.085681 -0.586556     6.247047
 0.572015 -0.147282 -0.806912    35.659671
>structures/MetRS_AF_Mito_Arvicanthis_niloticus_gene117706247.pdb
-0.663882 -0.541365 -0.515931     6.483693
-0.621080  0.783414 -0.022849     8.493129
 0.416557  0.305266 -0.856325    35.124098
>structures/MetRS_AF_Mito_Brachypodium_distachyon_gene100843706.pdb
-0.335176  0.867978 -0.366430     7.250894
-0.335227 -0.473344 -0.814597     8.795416
-0.880500 -0.150196  0.449624    32.944248
>structures/MetRS_AF_Vir_Megavirus_chiliensis_gene11256705.pdb
-0.815013  0.467341 -0.342558     9.040264
 0.118866  0.713457  0.690543     7.703179
 0.567119  0.522083 -0.637028    30.516970
>structures/MetRS_PDB_Arch_P_abyssi_1RQG.pdb
-0.118271 -0.968113  0.220837    14.533126
-0.615259 -0.103117 -0.781552    95.965068
 0.779403 -0.228307 -0.583444    77.926350
>structures/MetRS_PDB_Bact_E_coli_1PFV.pdb
 1.000000  0.000000  0.000000     0.000000
 0.000000  1.000000  0.000000     0.000000
 0.000000  0.000000  1.000000     0.000000
>structures/MetRS_PDB_Bact_T_therm_1WOY.pdb
 0.513856 -0.304226  0.802121  -100.536794
 0.855600  0.249819 -0.453364    69.532560
-0.062460  0.919259  0.388667     2.806850
