>../../../../class2/asn//data/domains/Catalytic_domain/structures/AsnRS_AF_Arch_Candidatus_Korarchaeum_cryptofilum_OPF8_gene6094562.pdb
 0.901156  0.433028 -0.020113    47.593047
 0.429107 -0.884487  0.183170    10.451422
 0.061528 -0.173695 -0.982876   -27.680994
>../../../../class2/asn//data/domains/Catalytic_domain/structures/AsnRS_AF_Arch_Candidatus_Nitrososphaera_gargensis_Ga92_gene13796664.pdb
-0.252046  0.827332  0.501991    46.629756
-0.825992  0.086345 -0.557030     8.264861
-0.504193 -0.555037  0.661607   -26.365180
>../../../../class2/asn//data/domains/Catalytic_domain/structures/AsnRS_AF_Arch_Ferroplasma_acidarmanus_Fer1_gene16025664.pdb
 0.084975 -0.375011  0.923118    53.426601
 0.206381  0.913001  0.351903     7.623270
-0.974775  0.160611  0.154978   -32.519916
>../../../../class2/asn//data/domains/Catalytic_domain/structures/AsnRS_AF_Arch_Pyrococcus_sp_ST04_gene13021535.pdb
 0.131373 -0.356818  0.924890    52.748141
 0.137262  0.930537  0.339500     6.744534
-0.981784  0.082351  0.171225   -32.130372
>../../../../class2/asn//data/domains/Catalytic_domain/structures/AsnRS_AF_Bact_Clostridium_acetobutylicum_DSM_1731_gene44999755.pdb
-0.296997  0.775454  0.557193    47.333539
-0.852907  0.046942 -0.519949     9.780656
-0.429352 -0.629657  0.647448   -25.891852
>../../../../class2/asn//data/domains/Catalytic_domain/structures/AsnRS_AF_Bact_Mycoplasma_hyopneumoniae_168-L_gene57101291.pdb
 0.153724 -0.074904  0.985271    52.311565
-0.177413  0.978827  0.102094     5.335097
-0.972056 -0.190494  0.137181   -32.664011
>../../../../class2/asn//data/domains/Catalytic_domain/structures/AsnRS_AF_Bact_Porphyromonas_gingivalis_ATCC_33277_gene29256423.pdb
 0.104079 -0.329344  0.938456    51.404935
 0.006400  0.943783  0.330504     6.952685
-0.994548 -0.028393  0.100336   -31.791627
>../../../../class2/asn//data/domains/Catalytic_domain/structures/AsnRS_AF_Bact_Streptobacillus_moniliformis_DSM_12112_gene29673200.pdb
-0.385742  0.752471  0.533845    47.219372
-0.844672 -0.055277 -0.532423     9.574087
-0.371124 -0.656301  0.656914   -26.180746
>../../../../class2/asn//data/domains/Catalytic_domain/structures/AsnRS_AF_Bact_Thermus_thermophilus_HB8_gene3168522.pdb
 0.108682  0.060441  0.992237    52.552236
-0.244847  0.969027 -0.032208     4.621874
-0.963451 -0.239446  0.120115   -32.088925
>../../../../class2/asn//data/domains/Catalytic_domain/structures/AsnRS_AF_Bact_Treponema_pallidum_subsp_pertenue_str_SamoaD_gene57879132.pdb
-0.242268  0.778861  0.578517    46.715096
-0.829523  0.142969 -0.539863     9.031436
-0.503188 -0.610684  0.611446   -25.847887
>../../../../class2/asn//data/domains/Catalytic_domain/structures/AsnRS_AF_Bact_unclassified_Blastocatellia_proteinRPI49177.1.pdb
 0.073943  0.279020  0.957434    51.209750
-0.450860  0.865698 -0.217466     3.960382
-0.889526 -0.415589  0.189811   -30.731922
>../../../../class2/asn//data/domains/Catalytic_domain/structures/AsnRS_AF_Euk_Candida_albicans_SC5314_gene3646227.pdb
 0.234481 -0.178560  0.955581    54.559296
 0.067085  0.983615  0.167337     5.121834
-0.969803  0.024867  0.242618   -28.304745
>../../../../class2/asn//data/domains/Catalytic_domain/structures/AsnRS_AF_Euk_Cryptococcus_gattii_WM276_gene10190222.pdb
 0.339846 -0.099815  0.935169    54.274371
 0.027293  0.994980  0.096280     4.727742
-0.940085 -0.007197  0.340865   -25.061985
>../../../../class2/asn//data/domains/Catalytic_domain/structures/AsnRS_AF_Euk_Encephalitozoon_intestinalis_ATCC_50506_gene9698489.pdb
 0.090220 -0.475234  0.875222    52.408944
 0.105158  0.878439  0.466140     8.320039
-0.990354  0.049982  0.129228   -32.753700
>../../../../class2/asn//data/domains/Catalytic_domain/structures/AsnRS_AF_Euk_Vitis_vinifera_gene100257593.pdb
-0.483364  0.615239  0.622768    44.019656
-0.778515  0.023230 -0.627196    10.652386
-0.400343 -0.787998  0.467744   -25.250969
>../../../../class2/asn//data/domains/Catalytic_domain/structures/AsnRS_AF_Mito_Homo_sapiens_gene79731.pdb
 0.996884  0.002361  0.078844    49.370516
 0.033320 -0.918603 -0.393774     7.883717
 0.071497  0.395174 -0.915820   -27.303508
>../../../../class2/asn//data/domains/Catalytic_domain/structures/AsnRS_AF_Mito_Zeugodacus_cucurbitae_gene105213230.pdb
-0.088872 -0.165109 -0.982263    46.250039
-0.051434  0.985610 -0.161018     6.522837
 0.994714  0.036211 -0.096085   -24.179464
>../../../../class2/asn//data/domains/Catalytic_domain/structures/AsnRS_PDB_Arch_P_horikoshii_1X54.pdb
 0.406938 -0.818680 -0.405172    65.658366
-0.863988 -0.488952  0.120211     0.467067
-0.296525  0.301145 -0.906303    -2.946394
>../../../../class2/asn//data/domains/Catalytic_domain/structures/AsnRS_PDB_Bact_E_anophelis_6pqh.pdb
-0.783088  0.580984 -0.221879    25.921977
-0.592427 -0.805421 -0.018088    -0.578462
-0.189215  0.117283  0.974906    25.331552
>../../../../class2/pyl//data/domains/Catalytic_domain/structures/PylRS_AF_Arch_Candidatus_Methanomassiliicoccus_intestinalis_Issoire-Mx1_gene16153983.pdb
-0.332360 -0.942634 -0.031282    44.653224
 0.931524 -0.333274  0.145570     8.327612
-0.147644  0.019242  0.988853   -31.512849
>../../../../class2/pyl//data/domains/Catalytic_domain/structures/PylRS_AF_Arch_Methanosalsum_zhilinae_DSM_4017_gene10822650.pdb
 0.208916  0.168764  0.963262    45.938996
 0.227945  0.949462 -0.215784     7.502508
-0.950997  0.264651  0.159889   -37.361367
>../../../../class2/pyl//data/domains/Catalytic_domain/structures/PylRS_AF_Arch_Unclassified_Candidatus_Bathyarchaeota_proteinUCH69683.1.pdb
 0.932554  0.248208  0.262175    44.259566
 0.092398 -0.866084  0.491286     6.346396
 0.349007 -0.433926 -0.830604   -31.358411
>../../../../class2/pyl//data/domains/Catalytic_domain/structures/PylRS_AF_Bact_Unclassified_Actinobacteria_proteinMBU2601214.1.pdb
 0.922643  0.273795  0.271601    44.803713
 0.094595 -0.843409  0.528879     5.995258
 0.373875 -0.462274 -0.804065   -31.195503
>../../../../class2/pyl//data/domains/Catalytic_domain/structures/PylRS_AF_Bact_Unclassified_Aerophobetes_proteinMCD6471581.1.pdb
 0.979827  0.082755  0.181907    44.606491
-0.008761 -0.891572  0.452794     6.744432
 0.199654 -0.445253 -0.872862   -30.817115
>../../../../class2/pyl//data/domains/Catalytic_domain/structures/PylRS_AF_Bact_unclassified_Desulfosarcina_proteinMBC2741817.pdb
 0.911492 -0.231110  0.340251    41.465913
-0.308168 -0.931596  0.192775     8.471435
 0.272424 -0.280567 -0.920362   -37.677352
>../../../../class2/pyl//data/domains/Catalytic_domain/structures/PylRS_AF_Bact_unclassified_Lachnospiraceae_proteinHCE77498.1.pdb
-0.144358  0.765751  0.626726    43.662253
-0.200898  0.597489 -0.776303     2.814928
-0.968917 -0.237974  0.067586   -35.009669
>../../../../class2/pyl//data/domains/Catalytic_domain/structures/PylRS_PDB_Arch_M_mazei_2Q7E.pdb
 0.005354 -0.552403 -0.833560    91.073554
 0.406821  0.762676 -0.502815   -14.046459
 0.913492 -0.336417  0.228813   -40.464227
>../../../../class2/pyl//data/domains/Catalytic_domain/structures/PylRS_PDB_Bact_D_hafniense_2ZNJ.pdb
 1.000000 -0.000000  0.000000     0.000000
 0.000000  1.000000  0.000000     0.000000
-0.000000  0.000000  1.000000     0.000000
