>structures/TrpRS_AF_Arch_Natrialba_magadii_ATCC_43099_gene8824932.pdb
 0.885609 -0.427340 -0.181873    -5.949022
 0.455930  0.725374  0.515713     1.620477
-0.088459 -0.539642  0.837235    -2.355153
>structures/TrpRS_AF_Arch_Nitrosopumilus_maritimus_SCM1_gene5773245.pdb
 0.959340 -0.266235 -0.093733    -4.692185
 0.279708  0.852239  0.442099     1.424336
-0.037819 -0.450341  0.892055    -4.296480
>structures/TrpRS_AF_Arch_Sulfolobus_islandicus_M1627_gene7814138.pdb
-0.960322 -0.262778  0.093436    -7.637833
-0.248031  0.957883  0.144706    -0.704111
-0.127526  0.115789 -0.985053    -4.381666
>structures/TrpRS_AF_Arch_Thermoplasma_acidophilum_DSM_1728_gene1456706.pdb
 0.194491  0.476932 -0.857152    -8.517440
-0.939588 -0.160358 -0.302422     5.042372
-0.281686  0.864188  0.416932    -1.556945
>structures/TrpRS_AF_Bact_Anoxybacillus_flavithermus_WK1_gene7038388.pdb
-0.962952  0.032908  0.267657    -9.327907
 0.133862  0.919942  0.368493    -3.730513
-0.234103  0.390670 -0.890265    -4.205928
>structures/TrpRS_AF_Bact_Brachyspira_pilosicoli_95_1000_gene56440833.pdb
 0.244223  0.340120 -0.908116    -5.897135
 0.072910 -0.940262 -0.332552    -2.219936
-0.966974  0.015006 -0.254432    -0.078413
>structures/TrpRS_AF_Bact_Escherichia_coli_O157:H7_str._Sakai_gene915919.pdb
 0.922177 -0.255372 -0.290472    -1.116083
 0.345038  0.882525  0.319528    -1.648464
 0.174750 -0.394885  0.901958     3.126234
>structures/TrpRS_AF_Bact_Helicobacter_cinaedi_PAGU611_gene66538868.pdb
-0.971288 -0.117631  0.206792    -9.112843
-0.101207  0.990938  0.088317    -5.247035
-0.215307  0.064853 -0.974391    -3.848923
>structures/TrpRS_AF_Bact_Mycoplasma_hyopneumoniae_168-L_gene57101461.pdb
-0.913938 -0.299143  0.274283    -6.816104
-0.308994  0.951033  0.007632    -5.875141
-0.263135 -0.077776 -0.961619    -3.278176
>structures/TrpRS_AF_Bact_Porphyromonas_gingivalis_ATCC_33277_gene29255389.pdb
-0.052194 -0.591168  0.804858    -5.067259
-0.305889 -0.757752 -0.576406    -2.468530
 0.950635 -0.276282 -0.141282    -0.886345
>structures/TrpRS_AF_Bact_Prochlorococcus_marinus_subsp_marinus_str_CCMP1375_gene54200405.pdb
 0.961745 -0.087005 -0.259763    -1.551217
 0.152537  0.957710  0.243975    -3.389812
 0.227551 -0.274265  0.934344     3.690351
>structures/TrpRS_AF_Bact_Streptomyces_albidoflavus_gene15147734.pdb
-0.253321 -0.751686  0.608931    -6.371547
-0.670340 -0.317441 -0.670728    -2.292760
 0.697476 -0.578100 -0.423471    -0.524942
>structures/TrpRS_AF_Bact_Thermus_thermophilus_HB8_gene3168998.pdb
 0.923904  0.368235 -0.103941    -5.735905
-0.381608  0.906579 -0.180248    -2.029071
 0.027857  0.206196  0.978114    -0.900072
>structures/TrpRS_AF_Euk_Cryptococcus_neoformans_var_neoformans_JEC21_gene3254069.pdb
-0.039318  0.870151 -0.491214    -4.717430
-0.635040 -0.401308 -0.660058     1.732974
-0.771478  0.285988  0.568359    -2.014819
>structures/TrpRS_AF_Euk_Cyanidioschyzon_merolae_strain_10D_gene16993299.pdb
 0.937498  0.344284  0.050655    -4.068951
-0.336698  0.934196 -0.117951     1.501037
-0.087930  0.093523  0.991727    -3.447803
>structures/TrpRS_AF_Euk_Drosophila_melanogaster_gene45399.pdb
 0.999786  0.018761 -0.008679     0.032350
-0.018946  0.999583 -0.021792    -0.077071
 0.008267  0.021952  0.999725     0.062255
>structures/TrpRS_AF_Euk_Homo_sapiens_gene7453.pdb
-0.996266 -0.005850  0.086136    -9.323146
 0.018021  0.961634  0.273744     0.435792
-0.084432  0.274275 -0.957938    -5.468689
>structures/TrpRS_AF_Mito_Bufo_gargarizans_gene122922343.pdb
 0.593031  0.735680 -0.327245    -4.538621
-0.681518  0.242196 -0.690561    -1.779500
-0.428775  0.632547  0.645009    -0.988168
>structures/TrpRS_AF_Mito_Cyanidioschyzon_merolae_strain_10D_gene16992222.pdb
 0.225366  0.284450 -0.931825    -7.645802
-0.120331 -0.940981 -0.316348    -1.393385
-0.966815  0.183422 -0.177837    -6.086858
>structures/TrpRS_AF_Mito_Homo_sapiens_gene10352.pdb
-0.915038 -0.384487 -0.121962    -1.009865
 0.387568 -0.754253 -0.529994    19.858982
 0.111785 -0.532233  0.839185     5.802834
>structures/TrpRS_AF_Vir_Megavirus_chiliensis_gene11257301.pdb
 0.985647 -0.106927  0.130642    -5.793840
 0.057951  0.941122  0.333064     1.720749
-0.158563 -0.320713  0.933810    -2.864239
>structures/TrpRS_PDB_Arch_P_hori_3JXE.pdb
-0.965687  0.253060 -0.058384   -50.827616
 0.068474  0.031243 -0.997164    10.778072
-0.250518 -0.966946 -0.047499    14.816226
>structures/TrpRS_PDB_Bact_G_stearo_1I6M.pdb
 0.319901 -0.065896 -0.945157    16.601116
 0.638178  0.752317  0.163549   -59.079853
 0.700280 -0.655498  0.282720   -38.145262
>structures/TrpRS_PDB_Bact_Y_pestis_3N9I.pdb
 0.590792  0.561798 -0.579093   -57.167338
-0.163399 -0.619559 -0.767755    59.910787
-0.790105  0.548206 -0.274233    -8.997162
>structures/TrpRS_PDB_Euk_S_Cerevisiae_3KT3.pdb
 0.390054  0.887443  0.245566    35.589541
-0.852847  0.247643  0.459701  -127.604758
 0.347146 -0.388738  0.853447    81.865175
