>structures/TrpRS_AF_Arch_Natrialba_magadii_ATCC_43099_gene8824932.pdb
 0.554214  0.037684 -0.831521    34.250724
 0.052844 -0.998552 -0.010033    68.500907
-0.830695 -0.038380 -0.555403    14.297943
>structures/TrpRS_AF_Arch_Nitrosopumilus_maritimus_SCM1_gene5773245.pdb
 0.587848  0.051297 -0.807343    36.552654
 0.238872 -0.964495  0.112646    68.215753
-0.772900 -0.259070 -0.579230    14.376549
>structures/TrpRS_AF_Arch_Sulfolobus_islandicus_M1627_gene7814138.pdb
-0.466826 -0.395882  0.790792    35.087910
-0.348280 -0.739642 -0.575874    68.272280
 0.812880 -0.544250  0.207406    17.705526
>structures/TrpRS_AF_Arch_Thermoplasma_acidophilum_DSM_1728_gene1456706.pdb
 0.487501 -0.344030 -0.802488    31.453642
 0.607390  0.793888  0.028639    65.295310
 0.627232 -0.501384  0.595981    13.304255
>structures/TrpRS_AF_Bact_Anoxybacillus_flavithermus_WK1_gene7038388.pdb
-0.442809 -0.417742  0.793355    34.347783
-0.677364 -0.423872 -0.601258    69.671147
 0.587451 -0.803632 -0.095269    20.755402
>structures/TrpRS_AF_Bact_Brachyspira_pilosicoli_95_1000_gene56440833.pdb
 0.882223  0.343197 -0.322334    33.103031
-0.445309  0.830550 -0.334494    72.428526
 0.152917  0.438636  0.885559    16.071983
>structures/TrpRS_AF_Bact_Helicobacter_cinaedi_PAGU611_gene66538868.pdb
-0.426857 -0.273069  0.862106    34.438318
-0.506345 -0.717702 -0.478037    71.027286
 0.749272 -0.640576  0.168089    21.546788
>structures/TrpRS_AF_Bact_Mycoplasma_hyopneumoniae_168-L_gene57101461.pdb
-0.322918 -0.271167  0.906749    35.531762
-0.358390 -0.851691 -0.382334    72.866206
 0.875946 -0.448432  0.177842    20.355934
>structures/TrpRS_AF_Bact_Porphyromonas_gingivalis_ATCC_33277_gene29255389.pdb
-0.714321 -0.043262  0.698479    34.277698
 0.692120  0.103956  0.714257    72.572691
-0.103511  0.993641 -0.044315    16.028659
>structures/TrpRS_AF_Bact_Prochlorococcus_marinus_subsp_marinus_str_CCMP1375_gene54200405.pdb
 0.403953  0.010993 -0.914714    33.106567
 0.472151 -0.858950  0.198187    77.315484
-0.783515 -0.511941 -0.352166    12.819066
>structures/TrpRS_AF_Bact_Streptomyces_albidoflavus_gene15147734.pdb
-0.590638  0.020346  0.806680    33.157383
 0.718075 -0.442801  0.536931    72.001146
 0.368123  0.896389  0.246925    16.581511
>structures/TrpRS_AF_Bact_Thermus_thermophilus_HB8_gene3168998.pdb
 0.618393 -0.072184 -0.782547    33.790360
 0.721774 -0.341719  0.601889    71.942265
-0.310858 -0.937026 -0.159217    16.130743
>structures/TrpRS_AF_Euk_Cryptococcus_neoformans_var_neoformans_JEC21_gene3254069.pdb
 0.660231  0.386466 -0.644003    34.740117
 0.021802  0.847232  0.530775    69.171278
 0.750746 -0.364475  0.550943    13.331471
>structures/TrpRS_AF_Euk_Cyanidioschyzon_merolae_strain_10D_gene16993299.pdb
 0.705225  0.004852 -0.708967    36.275899
 0.636596 -0.444525  0.630193    68.884036
-0.312096 -0.895753 -0.316579    13.624735
>structures/TrpRS_AF_Euk_Drosophila_melanogaster_gene45399.pdb
 0.622826 -0.154174 -0.767019    36.398153
 0.493471 -0.683357  0.538060    73.800987
-0.607103 -0.713620 -0.349532    10.886270
>structures/TrpRS_AF_Euk_Saccharomyces_cerevisiae_S288C_gene854056.pdb
 0.601203  0.234801 -0.763822    34.332347
-0.777820  0.391054 -0.492009    69.346492
 0.183171  0.889913  0.417736    13.006730
>structures/TrpRS_AF_Mito_Bufo_gargarizans_gene122922343.pdb
 0.803172 -0.064223 -0.592276    34.565635
 0.536513  0.510151  0.672235    72.295397
 0.258977 -0.857683  0.444196    15.257196
>structures/TrpRS_AF_Mito_Cyanidioschyzon_merolae_strain_10D_gene16992222.pdb
 0.898546  0.185245 -0.397869    36.472010
-0.325186  0.889825 -0.320102    67.728759
 0.294737  0.417008  0.859788    18.739647
>structures/TrpRS_AF_Vir_Megavirus_chiliensis_gene11257301.pdb
 0.730283  0.038027 -0.682086    34.718179
 0.344910 -0.882372  0.320088    68.216647
-0.589681 -0.469013 -0.657497    14.318718
>structures/TrpRS_PDB_Arch_P_hori_3JXE.pdb
-0.423042  0.893893  0.148290    -8.354736
-0.638923 -0.410322  0.650702    49.746338
 0.642505  0.180528  0.744713    29.330115
>structures/TrpRS_PDB_Bact_G_stearo_1I6M.pdb
-0.435611  0.340950 -0.833064    85.217770
 0.089507 -0.904494 -0.416988   102.123940
-0.895674 -0.256210  0.363490    55.921307
>structures/TrpRS_PDB_Bact_Y_pestis_3N9I.pdb
 0.998803  0.029157 -0.039280    -1.800685
-0.024704  0.993689  0.109415    -0.282498
 0.042223 -0.108314  0.993220     7.028070
>structures/TrpRS_PDB_Euk_S_Cerevisiae_3KT3.pdb
 0.105760  0.816314 -0.567843    15.078306
 0.969072  0.043434  0.242927   223.616454
 0.222969 -0.575973 -0.786473    47.223839
