>structures/GlnRS_AF_Bact_Anaerostipes_hadrus_gene15230984.pdb
 0.295698  0.180351 -0.938103     0.718941
-0.247229 -0.934112 -0.257513    -1.903569
-0.922736  0.308072 -0.231627     3.911062
>structures/GlnRS_AF_Bact_Cutibacterium_avidum_44067_gene29843447.pdb
 0.386550  0.584230 -0.713621     0.929787
-0.504982 -0.513394 -0.693844    -2.466244
-0.771733  0.628571  0.096573     4.848165
>structures/GlnRS_AF_Bact_Pasteurella_multocida_subsp_multocida_str_Pm70_gene1243875.pdb
 0.077619  0.506379 -0.858810     0.102892
-0.692329 -0.592464 -0.411906    -0.508279
-0.717395  0.626551  0.304595     3.609353
>structures/GlnRS_AF_Bact_Porphyromonas_gingivalis_ATCC_33277_gene29257033.pdb
 0.284596 -0.045671 -0.957559     1.193483
 0.053362 -0.996561  0.063391    -4.552534
-0.957161 -0.069138 -0.281180     4.434444
>structures/GlnRS_AF_Bact_Thermus_thermophilus_HB8_gene3168786.pdb
-0.532444 -0.742780  0.405933     2.418866
-0.396021 -0.205248 -0.895009    -5.869111
 0.748111 -0.637300 -0.184873     4.853461
>structures/GlnRS_AF_Euk_Candida_dubliniensis_CD36_gene8049124.pdb
 0.107965  0.428334 -0.897147     3.469903
-0.165992 -0.881987 -0.441072    -2.556289
-0.980199  0.196540 -0.024124     3.541526
>structures/GlnRS_AF_Euk_Dictyostelium_discoideum_AX4_gene8627167.pdb
-0.344183 -0.219536  0.912876     7.232177
-0.001753 -0.972127 -0.234446    -1.480009
 0.938901 -0.082292  0.334205     2.130280
>structures/GlnRS_AF_Euk_Encephalitozoon_romaleae_SJ-2008_gene20564565.pdb
-0.036899 -0.605740  0.794806     5.849288
-0.110302 -0.788019 -0.605689    -2.182255
 0.993213 -0.110018 -0.037737     5.800043
>structures/GlnRS_AF_Euk_Homo_sapiens_gene5859.pdb
 0.443039 -0.694630 -0.566750     3.670644
 0.690494 -0.138804  0.709895     7.134021
-0.571782 -0.705848  0.418143     0.113802
>structures/GlnRS_AF_Euk_Myodes_glareolus_gene125393344.pdb
 0.999998  0.001887 -0.000879     0.010544
-0.001883  0.999989  0.004352     0.140327
 0.000887 -0.004351  0.999990    -0.126754
>structures/GlnRS_AF_Mito_Cyanidioschyzon_merolae_strain_10D_gene16997184.pdb
-0.495159 -0.672958  0.549495     5.696870
-0.336406 -0.434627 -0.835422    -1.302962
 0.801029 -0.598521 -0.011178     6.430076
>structures/GlnRS_Bact_D_radio_2HZ7.pdb
 0.228248  0.966766 -0.115183   -43.298522
 0.421500  0.008523  0.906788   -79.142375
 0.877633 -0.255522 -0.405547    17.354855
>structures/GlnRS_Bact_E_coli_1QTQ.pdb
 0.058615  0.773430  0.631166   -22.947726
-0.971272  0.190259 -0.142943    35.393470
-0.230641 -0.604655  0.762363    12.310952
>structures/GlnRS_PDB_Euk_T_gondii_4P2B.pdb
 0.222991  0.708817  0.669219   -90.702478
-0.312992 -0.598096  0.737778    17.446867
 0.923207 -0.373978  0.088484   -62.243459
