>structures/GlnRS_AF_Bact_Anaerostipes_hadrus_gene15230984.pdb
 1.000000 -0.000000  0.000000     0.000000
 0.000000  1.000000  0.000000     0.000000
-0.000000  0.000000  1.000000     0.000000
>structures/GlnRS_AF_Bact_Cutibacterium_avidum_44067_gene29843447.pdb
 0.951290 -0.279864 -0.129318    -0.687409
 0.303748  0.779023  0.548508     0.831909
-0.052766 -0.561070  0.826085    -0.305850
>structures/GlnRS_AF_Bact_Pasteurella_multocida_subsp_multocida_str_Pm70_gene1243875.pdb
 0.856026 -0.282080 -0.433187    -0.245277
 0.439780  0.837826  0.323484    -1.516395
 0.271687 -0.467417  0.841253     0.286558
>structures/GlnRS_AF_Bact_Porphyromonas_gingivalis_ATCC_33277_gene29257033.pdb
 0.955728  0.291443 -0.040569     0.323148
-0.288860  0.902974 -0.318117     2.558519
-0.056080  0.315752  0.947183     0.014958
>structures/GlnRS_AF_Bact_Thermus_thermophilus_HB8_gene3168786.pdb
-0.754593  0.415428  0.507945     0.604278
 0.499817 -0.137677  0.855119     4.087645
 0.425173  0.899146 -0.103748    -0.980822
>structures/GlnRS_AF_Euk_Candida_dubliniensis_CD36_gene8049124.pdb
 0.977288  0.161220 -0.137539     1.313065
-0.124632  0.962174  0.242257     0.890365
 0.171393 -0.219613  0.960414    -2.436639
>structures/GlnRS_AF_Euk_Dictyostelium_discoideum_AX4_gene8627167.pdb
-0.969129  0.245445  0.023372     3.461061
 0.225168  0.842461  0.489448     0.083148
 0.100442  0.479601 -0.871719    -6.058244
>structures/GlnRS_AF_Euk_Encephalitozoon_romaleae_SJ-2008_gene20564565.pdb
-0.899948  0.121522  0.418720    -0.158262
 0.404913  0.589076  0.699310     1.821600
-0.161677  0.798888 -0.579344    -5.071963
>structures/GlnRS_AF_Euk_Homo_sapiens_gene5859.pdb
 0.482697  0.488811 -0.726682     2.065701
-0.739114 -0.217737 -0.637418    -9.074122
-0.469803  0.844781  0.256186    -4.060783
>structures/GlnRS_AF_Euk_Myodes_glareolus_gene125393344.pdb
 0.280046 -0.239469 -0.929639     3.307226
 0.183382 -0.937210  0.296662    -3.484090
-0.942308 -0.253558 -0.218547     1.574892
>structures/GlnRS_AF_Euk_Saccharomyces_cerevisiae_S288C_gene854339.pdb
 0.882957 -0.234763 -0.406537     0.164411
 0.466932  0.528808  0.708757    -0.479670
 0.048590 -0.815627  0.576533    -2.972460
>structures/GlnRS_AF_Mito_Cyanidioschyzon_merolae_strain_10D_gene16997184.pdb
-0.806318  0.454944  0.377990    -1.002435
 0.467673  0.099120  0.878327     0.942051
 0.362123  0.884987 -0.292687    -5.673135
>structures/GlnRS_Bact_D_radio_2HZ7.pdb
-0.846586  0.519478  0.115909    -6.315836
-0.082156  0.087623 -0.992760    68.357105
-0.525874 -0.849979 -0.031502    58.070476
>structures/GlnRS_Bact_E_coli_1QTQ.pdb
 0.470134  0.739701 -0.481473   -23.966153
 0.846754 -0.224138  0.482462   -36.541237
 0.248962 -0.634511 -0.731719    10.623669
>structures/GlnRS_PDB_Euk_T_gondii_4P2B.pdb
-0.711094  0.700294 -0.062719    29.415905
 0.613663  0.574630 -0.541497   -54.984869
-0.343167 -0.423544 -0.838360    96.075906
