>structures/GlnRS_AF_Bact_Anaerostipes_hadrus_gene15230984.pdb
 0.469206  0.849338  0.241807    39.400876
 0.727584 -0.216629 -0.650917    16.146947
-0.500466  0.481349 -0.719609    14.610813
>structures/GlnRS_AF_Bact_Cutibacterium_avidum_44067_gene29843447.pdb
 0.698822  0.395665  0.595901    39.337915
 0.653577 -0.014672 -0.756717    15.838257
-0.290663  0.918278 -0.268851    15.422119
>structures/GlnRS_AF_Bact_Pasteurella_multocida_subsp_multocida_str_Pm70_gene1243875.pdb
 0.838838  0.468980  0.276421    38.254788
 0.351311 -0.078475 -0.932964    16.104192
-0.415849  0.879716 -0.230585    14.084351
>structures/GlnRS_AF_Bact_Porphyromonas_gingivalis_ATCC_33277_gene29257033.pdb
 0.207401  0.975246 -0.076676    40.862664
 0.779934 -0.212158 -0.588806    16.205935
-0.590498  0.062317 -0.804629    16.304221
>structures/GlnRS_AF_Bact_Thermus_thermophilus_HB8_gene3168786.pdb
 0.159201  0.288969  0.944009    42.349866
-0.942597 -0.239820  0.232373    16.691112
 0.293541 -0.926814  0.234201    16.447488
>structures/GlnRS_AF_Euk_Candida_dubliniensis_CD36_gene8049124.pdb
 0.395976  0.852471  0.341315    39.346766
 0.600648  0.040694 -0.798477    19.030358
-0.694568  0.521188 -0.495921    17.612658
>structures/GlnRS_AF_Euk_Dictyostelium_discoideum_AX4_gene8627167.pdb
-0.238495  0.949056  0.205947    39.821073
-0.819068 -0.310511  0.482402    22.474141
 0.521775 -0.053634  0.851396    17.313927
>structures/GlnRS_AF_Euk_Encephalitozoon_romaleae_SJ-2008_gene20564565.pdb
-0.129987  0.749374  0.649263    39.382943
-0.677487 -0.545245  0.493680    19.107779
 0.723958 -0.375695  0.578565    17.311806
>structures/GlnRS_AF_Euk_Myodes_glareolus_gene125393344.pdb
 0.061127 -0.966040 -0.251060    38.075451
 0.766371  0.206575 -0.608278    18.661196
 0.639483 -0.155223  0.752972     9.439302
>structures/GlnRS_AF_Mito_Cyanidioschyzon_merolae_strain_10D_gene16997184.pdb
 0.109480  0.521006  0.846503    38.612156
-0.924754 -0.258888  0.278941    18.757221
 0.364479 -0.813345  0.453459    19.413197
>structures/GlnRS_Bact_D_radio_2HZ7.pdb
-0.588177  0.160731 -0.792599   104.490241
-0.209534  0.916299  0.341308   -43.292996
 0.781117  0.366826 -0.505267    10.493586
>structures/GlnRS_Bact_E_coli_1QTQ.pdb
 0.999977  0.000642  0.006820    -0.088406
-0.000720  0.999934  0.011437    -0.158039
-0.006813 -0.011442  0.999911     0.935822
>structures/GlnRS_PDB_Euk_T_gondii_4P2B.pdb
 0.112691  0.713349 -0.691689    29.124285
-0.452259  0.656659  0.603540    -9.913565
 0.884739  0.244809  0.396618   -97.134101
