>structures/AlaRS_AF_Bact_Brucella_melitensis_bv_1_str_16M_gene29593597.pdb
-0.276568 -0.945128 -0.173907    -5.717725
-0.882050  0.177828  0.436307   -16.423262
-0.381441  0.274063 -0.882832     7.231689
>structures/AlaRS_AF_Bact_Chlamydia_psittaci_6BC_gene12242512.pdb
-0.022342  0.864732 -0.501737    -3.567832
-0.315810 -0.482270 -0.817117   -10.745638
-0.948559  0.140198  0.283866     9.721131
>structures/AlaRS_AF_Bact_Lactobacillus_acidophilus_La-14_gene56942022.pdb
-0.073973 -0.455950 -0.886926    -9.894611
 0.611061 -0.723573  0.321009    -2.566752
-0.788119 -0.518220  0.332138     7.710602
>structures/AlaRS_AF_Bact_Nocardia_farcinica_IFM_10152_gene61134339.pdb
-0.217531  0.297654 -0.929560    -5.165958
 0.205906 -0.916939 -0.341798    -8.984525
-0.954087 -0.265754  0.138174    10.407167
>structures/AlaRS_AF_Bact_Porphyromonas_gingivalis_ATCC_33277_gene29256567.pdb
-0.076224  0.758719 -0.646943    -3.592359
-0.231907 -0.644528 -0.728563    -8.179920
-0.969747  0.094496  0.225081     9.023401
>structures/AlaRS_AF_Bact_Prochlorococcus_marinus_subsp_marinus_str_CCMP1375_gene54199407.pdb
-0.677771  0.677545  0.285586    -4.263264
 0.733598  0.596927  0.324827    -8.591307
 0.049610  0.429664 -0.901625    13.483786
>structures/AlaRS_AF_Bact_Streptobacillus_moniliformis_DSM_12112_gene29672963.pdb
 0.092354  0.873865 -0.477315    -5.880495
-0.454422 -0.389543 -0.801097    -6.656971
-0.885986  0.290887  0.361128    13.397683
>structures/AlaRS_AF_Bact_Treponema_pallidum_subsp_pertenue_str_SamoaD_gene57879528.pdb
 1.000000 -0.000000  0.000000     0.000000
 0.000000  1.000000  0.000000     0.000000
-0.000000  0.000000  1.000000     0.000000
>structures/AlaRS_AF_Euk_Cyanidioschyzon_merolae_strain_10D_gene16993235.pdb
 0.903743 -0.354093  0.240554     0.376714
 0.267633  0.905948  0.328072    -5.939892
-0.334098 -0.232113  0.913511    16.848896
>structures/AlaRS_AF_Euk_Marasmius_oreades_gene66078979.pdb
-0.489106 -0.606491 -0.626853    -2.512609
-0.864528  0.241830  0.440579    -6.036413
-0.115615  0.757421 -0.642609    13.626896
>structures/AlaRS_AF_Euk_Plasmodium_berghei_ANKA_gene55150801.pdb
-0.340806  0.322636 -0.883039    -5.899019
-0.193131 -0.943263 -0.270102    -8.370388
-0.920083  0.078490  0.383780     9.869273
>structures/AlaRS_AF_Euk_Saccharomyces_cerevisiae_S288C_gene854513.pdb
-0.736880 -0.275822 -0.617195     0.954709
-0.593697  0.700678  0.395696    -8.439959
 0.323313  0.658007 -0.680070    10.842329
>structures/AlaRS_PDB_Bact_E_coli_3HXV.pdb
 0.726746  0.630975 -0.271497   -30.862830
 0.521081 -0.248882  0.816414   -17.227293
 0.447567 -0.734798 -0.509663    27.767782
