>structures/AlaRS_AF_Bact_Brucella_melitensis_bv_1_str_16M_gene29593597.pdb
-0.492426  0.778664  0.388843    -5.435945
-0.869964 -0.426961 -0.246714    -8.283990
-0.026087 -0.459768  0.887656     2.578086
>structures/AlaRS_AF_Bact_Chlamydia_psittaci_6BC_gene12242512.pdb
-0.256596 -0.935123 -0.244342    -2.280592
-0.615127  0.352999 -0.704989    -2.303063
 0.745505 -0.030596 -0.665798     2.815231
>structures/AlaRS_AF_Bact_Lactobacillus_acidophilus_La-14_gene56942022.pdb
 0.437487 -0.254042  0.862593     8.890618
-0.032233 -0.963077 -0.267288    -2.600929
 0.898647  0.089132 -0.429523     5.803817
>structures/AlaRS_AF_Bact_Nocardia_farcinica_IFM_10152_gene61134339.pdb
 0.230641 -0.906729  0.353055    -0.663842
-0.438269 -0.420753 -0.794284    -2.882275
 0.868749  0.028461 -0.494433     2.571941
>structures/AlaRS_AF_Bact_Porphyromonas_gingivalis_ATCC_33277_gene29256567.pdb
-0.144330 -0.983107 -0.112558    -1.655056
-0.630328  0.179026 -0.755405    -0.156320
 0.762795 -0.038079 -0.645519     3.502765
>structures/AlaRS_AF_Bact_Prochlorococcus_marinus_subsp_marinus_str_CCMP1375_gene54199407.pdb
 1.000000  0.000000  0.000000     0.000000
 0.000000  1.000000  0.000000     0.000000
 0.000000  0.000000  1.000000     0.000000
>structures/AlaRS_AF_Bact_Streptobacillus_moniliformis_DSM_12112_gene29672963.pdb
-0.439000 -0.864303 -0.245479     2.525117
-0.591225  0.483611 -0.645425     0.108604
 0.676559 -0.138208 -0.723302     0.209825
>structures/AlaRS_AF_Bact_Treponema_pallidum_subsp_pertenue_str_SamoaD_gene57879528.pdb
-0.677771  0.733598  0.049610     2.744110
 0.677545  0.596927  0.429664     2.223447
 0.285586  0.324827 -0.901625    16.165537
>structures/AlaRS_AF_Euk_Cyanidioschyzon_merolae_strain_10D_gene16993235.pdb
-0.435211  0.891643  0.124757    -0.870056
 0.629109  0.202045  0.750600     6.111095
 0.644060  0.405155 -0.648873    -0.800296
>structures/AlaRS_AF_Euk_Homo_sapiens_gene16.pdb
 0.989715 -0.140340  0.027731     3.458446
 0.138731  0.988896  0.053279    -0.691472
-0.034900 -0.048884  0.998195     3.538814
>structures/AlaRS_AF_Euk_Marasmius_oreades_gene66078979.pdb
-0.301802  0.628295  0.717050     0.877837
-0.895032  0.072336 -0.440096     3.191089
-0.328379 -0.774605  0.540513     1.036519
>structures/AlaRS_AF_Euk_Plasmodium_berghei_ANKA_gene55150801.pdb
 0.065523 -0.893376  0.444508     2.115418
-0.734960 -0.344516 -0.584074    -2.510201
 0.674937 -0.288425 -0.679169     3.000307
>structures/AlaRS_AF_Euk_Saccharomyces_cerevisiae_S288C_gene854513.pdb
 0.087706  0.733249  0.674281    -3.263825
-0.703345  0.524919 -0.479339     2.989895
-0.705418 -0.432211  0.561765     3.679295
>structures/AlaRS_AF_Mito_Drosophila_melanogaster_gene38595.pdb
-0.256398 -0.030694  0.966084    -4.046729
-0.660766  0.735037 -0.152014    -1.336639
-0.705441 -0.677332 -0.208744     1.357321
>structures/AlaRS_AF_Mito_Homo_sapiens_gene57505.pdb
-0.811553 -0.071580 -0.579877   -22.464909
-0.330253  0.874915  0.354198     3.271077
 0.481990  0.478957 -0.733680    -6.215812
>structures/AlaRS_PDB_Bact_E_coli_3HXV.pdb
-0.077139 -0.630749  0.772143    10.706533
 0.996641 -0.027416  0.077171   -17.512854
-0.027506  0.775502  0.630745   -23.512982
