>structures/IleRS_AF_Arch_Candidatus_Korarchaeum_cryptofilum_OPF8_gene6094904.pdb
 0.010294 -0.423675  0.905756     2.001780
-0.006527 -0.905813 -0.423627     0.026090
 0.999926 -0.001551 -0.012090    -1.065768
>structures/IleRS_AF_Arch_Candidatus_Nitrosopumilus_sediminis_gene13697091.pdb
 0.850711  0.479215 -0.215970    -2.020983
-0.504091  0.627380 -0.593537    -3.362828
-0.148936  0.613797  0.775288    -1.045097
>structures/IleRS_AF_Arch_Pyrobaculum_aerophilum_str_IM2_gene1465853.pdb
 0.014802  0.399021 -0.916823    -0.076810
-0.521535 -0.779233 -0.347559     4.321867
-0.853101  0.483300  0.196569    -1.665042
>structures/IleRS_AF_Arch_Thermoplasma_acidophilum_DSM_1728_gene1456418.pdb
-0.580211  0.597466  0.553524     1.656339
 0.346370 -0.434090  0.831621    -1.362818
 0.737145  0.674240  0.044919    -1.615310
>structures/IleRS_AF_Bact_Chlamydia_muridarum_str_Nigg_gene1246458.pdb
-0.896452 -0.424936  0.125710     2.034395
-0.435493  0.792312 -0.427303    -1.330639
 0.081975 -0.437802 -0.895326     2.580012
>structures/IleRS_AF_Bact_Escherichia_coli_O157:H7_str._Sakai_gene913425.pdb
 0.159132 -0.493485 -0.855073     0.729154
 0.584926 -0.650600  0.484335     1.976594
-0.795323 -0.577227  0.185121     1.328399
>structures/IleRS_AF_Bact_Lactobacillus_acidophilus_La-14_gene56942445.pdb
-0.165779  0.083075 -0.982658     1.526608
-0.079062 -0.994358 -0.070726     2.104297
-0.982988  0.065966  0.171412     1.029623
>structures/IleRS_AF_Bact_Mycoplasma_hyopneumoniae_168-L_gene57100872.pdb
-0.188513  0.003412 -0.982065     3.371392
-0.054761 -0.998475  0.007042     2.494779
-0.980543  0.055106  0.188412    -0.900440
>structures/IleRS_AF_Bact_Orientia_tsutsugamushi_str_Ikeda_gene66653313.pdb
 0.826855 -0.394718 -0.400635     2.276315
 0.559832  0.509455  0.653485    -0.910929
-0.053837 -0.764626  0.642222    -1.587888
>structures/IleRS_AF_Bact_Porphyromonas_gingivalis_ATCC_33277_gene29255747.pdb
 0.793927 -0.468695 -0.387306     4.124016
 0.594776  0.466483  0.654703    -0.756696
-0.126185 -0.750146  0.649122    -4.001397
>structures/IleRS_AF_Bact_Streptobacillus_moniliformis_DSM_12112_gene29674186.pdb
-0.114002  0.073968 -0.990723    -0.485377
-0.002959 -0.997245 -0.074115     4.021212
-0.993476 -0.005518  0.113907    -4.463193
>structures/IleRS_AF_Bact_Thermus_thermophilus_HB8_gene3168241.pdb
-0.813029 -0.538662  0.220968     3.952271
-0.564834  0.637671 -0.523773    -2.009333
 0.141232 -0.550653 -0.822699     0.185672
>structures/IleRS_AF_Bact_Treponema_pallidum_subsp_pertenue_str_SamoaD_gene57878975.pdb
-0.124253 -0.588278  0.799056     2.735354
-0.661093 -0.551447 -0.508785    -0.718869
 0.739944 -0.591469 -0.320387     0.280624
>structures/IleRS_AF_Euk_Cyanidioschyzon_merolae_strain_10D_gene16992835.pdb
-0.991368  0.129099  0.022869     2.290604
 0.126615  0.897436  0.422584     0.619985
 0.034031  0.421832 -0.906035    -0.192089
>structures/IleRS_AF_Euk_Homo_sapiens_gene3376.pdb
 1.000000  0.000000  0.000000     0.000000
 0.000000  1.000000  0.000000     0.000000
 0.000000  0.000000  1.000000     0.000000
>structures/IleRS_AF_Euk_Ostreococcus_lucimarinus_CCE9901_gene5000489.pdb
 0.068466 -0.391084  0.917805     1.397802
-0.437619 -0.838506 -0.324649     0.948188
 0.896550 -0.379422 -0.228555     3.550040
>structures/IleRS_AF_Euk_Trypanosoma_brucei_brucei_TREU927_gene3663037.pdb
 0.119146 -0.134331  0.983748     1.119783
-0.171999 -0.978618 -0.112798     1.233071
 0.977865 -0.155765 -0.139704     1.093974
>structures/IleRS_AF_Euk_Ustilago_maydis_521_gene23568123.pdb
-0.119381 -0.473225 -0.872815     4.593058
 0.363790 -0.838813  0.405032     2.089934
-0.923799 -0.269168  0.272293    -0.201618
>structures/IleRS_AF_Mito_Drosophila_melanogaster_gene39762.pdb
 0.994890 -0.100105  0.013142     4.896246
 0.087195  0.917524  0.388005     0.748615
-0.050899 -0.384876  0.921564    -3.993840
>structures/IleRS_AF_Mito_Homo_sapiens_gene55699.pdb
-0.217158  0.064125 -0.974028     2.845571
-0.085524 -0.995253 -0.046454     2.224029
-0.972383  0.073214  0.221611    -0.323097
>structures/IleRS_AF_Vir_Megavirus_chiliensis_gene11256744.pdb
 0.701179 -0.491933 -0.516091     2.765330
 0.656592  0.163377  0.736339    -1.243273
-0.277912 -0.855166  0.437556    -1.519157
>structures/IleRS_PDB_Bact_S_aureus_1QU2.pdb
-0.545888 -0.105972 -0.831130    91.979772
-0.592152 -0.652991  0.472185    31.833750
-0.592759  0.749915  0.293709   -75.362764
>structures/IleRS_PDB_Bact_T_therm_1ILE.pdb
-0.674557 -0.420036  0.607077     3.868053
-0.733499  0.288470 -0.615438   -37.577970
 0.083383 -0.860439 -0.502685   -14.040568
>structures/IleRS_PDB_Euk_S_cere_7D5C.pdb
-0.042376 -0.757344  0.651640   -16.538541
 0.300712  0.612314  0.731193   -33.210049
-0.952773  0.226941  0.201795    -6.315880
