>structures/IleRS_AF_Arch_Candidatus_Korarchaeum_cryptofilum_OPF8_gene6094904.pdb
-0.277624 -0.890238  0.361110     0.133848
-0.861526  0.064387 -0.503614     0.250110
 0.425086 -0.450921 -0.784839     1.489342
>structures/IleRS_AF_Arch_Candidatus_Nitrosopumilus_sediminis_gene13697091.pdb
 0.310966  0.574974 -0.756773    -4.891845
-0.371519 -0.659357 -0.653622     1.600382
-0.874799  0.484410  0.008577     1.003625
>structures/IleRS_AF_Arch_Pyrobaculum_aerophilum_str_IM2_gene1465853.pdb
-0.093322 -0.365158 -0.926256     1.691785
 0.641372 -0.733620  0.224596     2.391282
-0.761533 -0.573115  0.302665     5.443966
>structures/IleRS_AF_Arch_Thermoplasma_acidophilum_DSM_1728_gene1456418.pdb
-0.378258 -0.045133  0.924599    -0.909876
-0.295570 -0.940641 -0.166834     0.346109
 0.877245 -0.336390  0.342465     0.538508
>structures/IleRS_AF_Bact_Chlamydia_muridarum_str_Nigg_gene1246458.pdb
-0.937979  0.342227  0.055463    -1.665551
 0.298592  0.716145  0.630856    -3.144913
 0.176176  0.608290 -0.773915     2.163204
>structures/IleRS_AF_Bact_Lactobacillus_acidophilus_La-14_gene56942445.pdb
 0.106924 -0.604052 -0.789739     0.430503
 0.907885 -0.264511  0.325238    -1.001690
-0.405355 -0.751768  0.520127     4.246881
>structures/IleRS_AF_Bact_Mycoplasma_hyopneumoniae_168-L_gene57100872.pdb
 0.105081 -0.662054 -0.742053     2.614566
 0.921394 -0.215925  0.323124    -0.197487
-0.374153 -0.717677  0.587323     2.722066
>structures/IleRS_AF_Bact_Orientia_tsutsugamushi_str_Ikeda_gene66653313.pdb
 0.962203  0.270107 -0.034757    -0.135419
-0.270217  0.931035 -0.245269     0.419126
-0.033889  0.245391  0.968832     0.448575
>structures/IleRS_AF_Bact_Porphyromonas_gingivalis_ATCC_33277_gene29255747.pdb
 0.982659  0.183870 -0.023944     2.039175
-0.183725  0.948085 -0.259576     1.538880
-0.025027  0.259474  0.965426    -1.459478
>structures/IleRS_AF_Bact_Streptobacillus_moniliformis_DSM_12112_gene29674186.pdb
 0.198964 -0.595568 -0.778275     1.907225
 0.904324 -0.194444  0.379985     4.981546
-0.377638 -0.779416  0.499899     4.266983
>structures/IleRS_AF_Bact_Thermus_thermophilus_HB8_gene3168241.pdb
-0.981258  0.188959  0.037784    -0.043846
 0.181584  0.841071  0.509537    -2.283343
 0.064502  0.506848 -0.859619    -0.440014
>structures/IleRS_AF_Bact_Treponema_pallidum_subsp_pertenue_str_SamoaD_gene57878975.pdb
-0.726279 -0.609695  0.317475    -0.214686
-0.679590  0.706283 -0.198298    -1.438677
-0.103326 -0.359772 -0.927301     1.079042
>structures/IleRS_AF_Euk_Cyanidioschyzon_merolae_strain_10D_gene16992835.pdb
-0.626714  0.557338  0.544613     0.488903
 0.476850 -0.278467  0.833709    -0.656443
 0.616314  0.782196 -0.091247     2.140895
>structures/IleRS_AF_Euk_Ostreococcus_lucimarinus_CCE9901_gene5000489.pdb
-0.478993 -0.725506  0.494173    -0.806573
-0.877107  0.372905 -0.302696    -3.561111
 0.035329 -0.578432 -0.814965     4.714981
>structures/IleRS_AF_Euk_Trypanosoma_brucei_brucei_TREU927_gene3663037.pdb
-0.303194 -0.689676  0.657587    -0.300348
-0.922981  0.040898 -0.382666    -0.968496
 0.237021 -0.722962 -0.648958     3.669550
>structures/IleRS_AF_Euk_Ustilago_maydis_521_gene23568123.pdb
 0.412145 -0.804327 -0.428012     3.056026
 0.908535  0.327456  0.259494    -1.503069
-0.068563 -0.495813  0.865719     2.044241
>structures/IleRS_AF_Mito_Drosophila_melanogaster_gene39762.pdb
 0.774669  0.632299  0.009293     3.502721
-0.426780  0.533606 -0.730153     1.316103
-0.466634  0.561661  0.683220    -0.567669
>structures/IleRS_AF_Mito_Homo_sapiens_gene55699.pdb
 0.064633 -0.618683 -0.782978     1.836182
 0.924743 -0.257766  0.280013    -0.585007
-0.375064 -0.742151  0.555463     3.024250
>structures/IleRS_AF_Vir_Megavirus_chiliensis_gene11256744.pdb
 1.000000  0.000000  0.000000     0.000000
 0.000000  1.000000  0.000000     0.000000
 0.000000  0.000000  1.000000     0.000000
>structures/IleRS_PDB_Bact_S_aureus_1QU2.pdb
-0.614061 -0.709396 -0.345958   104.282461
 0.675837 -0.699005  0.233746    24.907039
-0.407645 -0.090277  0.908667   -54.767558
>structures/IleRS_PDB_Bact_T_therm_1ILE.pdb
-0.978214  0.128310  0.163198   -19.480739
 0.134964  0.990387  0.030314     3.982379
-0.157739  0.051679 -0.986128   -32.831027
>structures/IleRS_PDB_Euk_S_cere_7D5C.pdb
 0.424719 -0.195138  0.884045   -33.255082
 0.888760  0.275813 -0.366104     7.867962
-0.172390  0.941195  0.290574   -15.611926
