>structures/IleRS_AF_Arch_Candidatus_Korarchaeum_cryptofilum_OPF8_gene6094904.pdb
-0.995024  0.051829 -0.085088    -3.678445
 0.003874  0.873518  0.486777     4.241131
 0.099555  0.484025 -0.869372    -1.788648
>structures/IleRS_AF_Arch_Candidatus_Nitrosopumilus_sediminis_gene13697091.pdb
 0.060134 -0.660212 -0.748668    -3.279478
 0.563432 -0.596670  0.571428     7.297386
-0.823971 -0.456185  0.336105     2.289320
>structures/IleRS_AF_Arch_Pyrobaculum_aerophilum_str_IM2_gene1465853.pdb
 0.850735 -0.517135 -0.093926    -2.825639
 0.521236  0.807132  0.277220    -0.208459
-0.067550 -0.284799  0.956204    -0.165514
>structures/IleRS_AF_Arch_Thermoplasma_acidophilum_DSM_1728_gene1456418.pdb
-0.669497 -0.734342 -0.111869    -3.100963
-0.390396  0.475975 -0.788060     5.647768
 0.631953 -0.483931 -0.605348    -1.366177
>structures/IleRS_AF_Bact_Chlamydia_muridarum_str_Nigg_gene1246458.pdb
 0.013245  0.483956  0.874992    -7.253079
 0.368724 -0.815764  0.445615     5.475446
 0.929445  0.316728 -0.189251    -1.416310
>structures/IleRS_AF_Bact_Lactobacillus_acidophilus_La-14_gene56942445.pdb
 0.995455 -0.072568 -0.061674    -5.684563
 0.072694  0.997354 -0.000202     2.025964
 0.061526 -0.004282  0.998096    -1.318970
>structures/IleRS_AF_Bact_Mycoplasma_hyopneumoniae_168-L_gene57100872.pdb
 0.995688 -0.052748 -0.076311    -3.942610
 0.046338  0.995433 -0.083457     1.747091
 0.080365  0.079561  0.993585    -3.428826
>structures/IleRS_AF_Bact_Orientia_tsutsugamushi_str_Ikeda_gene66653313.pdb
-0.041721  0.802914 -0.594633    -3.142114
-0.500443 -0.531907 -0.683104     5.101025
-0.864764  0.269081  0.424004    -2.060185
>structures/IleRS_AF_Bact_Porphyromonas_gingivalis_ATCC_33277_gene29255747.pdb
 0.035209  0.794827 -0.605814    -0.998742
-0.537795 -0.495867 -0.681831     5.091546
-0.842340  0.349810  0.409995    -4.181150
>structures/IleRS_AF_Bact_Streptobacillus_moniliformis_DSM_12112_gene29674186.pdb
 1.000000  0.000000  0.000000     0.000000
 0.000000  1.000000  0.000000     0.000000
 0.000000  0.000000  1.000000     0.000000
>structures/IleRS_AF_Bact_Thermus_thermophilus_HB8_gene3168241.pdb
-0.052407  0.607361  0.792695    -5.120352
 0.500893 -0.670725  0.547023     6.290625
 0.863921  0.425724 -0.269072    -3.543796
>structures/IleRS_AF_Bact_Treponema_pallidum_subsp_pertenue_str_SamoaD_gene57878975.pdb
-0.719622  0.654759  0.231160    -5.095633
 0.646696  0.510766  0.566482     4.987007
 0.252840  0.557143 -0.790989    -2.335390
>structures/IleRS_AF_Euk_Cyanidioschyzon_merolae_strain_10D_gene16992835.pdb
 0.072272 -0.434714  0.897664    -4.567855
-0.201146 -0.887878 -0.413780     3.526539
 0.976892 -0.150657 -0.151610    -2.227473
>structures/IleRS_AF_Euk_Homo_sapiens_gene3376.pdb
-0.588626  0.714772  0.377650    -7.629122
 0.525701 -0.016444  0.850510     6.148018
 0.614132  0.699164 -0.366077    -0.069290
>structures/IleRS_AF_Euk_Ostreococcus_lucimarinus_CCE9901_gene5000489.pdb
-0.896737  0.419004  0.142472    -8.404184
 0.439412  0.804600  0.399421     3.064809
 0.052726  0.420779 -0.905629    -0.765894
>structures/IleRS_AF_Euk_Trypanosoma_brucei_brucei_TREU927_gene3663037.pdb
-0.984224  0.174362  0.030026    -5.710578
 0.176903  0.966950  0.183609     2.953765
 0.002981  0.186024 -0.982541    -0.784638
>structures/IleRS_AF_Euk_Ustilago_maydis_521_gene23568123.pdb
 0.930264  0.321375 -0.176994    -4.884585
-0.366802  0.804094 -0.467855     2.282426
-0.008038  0.500151  0.865901    -4.503837
>structures/IleRS_AF_Mito_Drosophila_melanogaster_gene39762.pdb
-0.062477  0.392039 -0.917825    -1.047467
-0.008348 -0.919794 -0.392312     3.592324
-0.998011 -0.016849  0.060739    -5.081900
>structures/IleRS_AF_Mito_Homo_sapiens_gene55699.pdb
 0.991080 -0.074953 -0.110193    -4.483692
 0.072634  0.997047 -0.024916     2.050169
 0.111735  0.016690  0.993598    -2.791439
>structures/IleRS_AF_Vir_Megavirus_chiliensis_gene11256744.pdb
 0.198964  0.904324 -0.377638    -3.273028
-0.595568 -0.194444 -0.779416     5.430273
-0.778275  0.379985  0.499899    -2.541630
>structures/IleRS_PDB_Bact_S_aureus_1QU2.pdb
 0.657070 -0.723375 -0.212101    60.071645
 0.539622  0.647822 -0.537713   -20.809833
 0.526372  0.238861  0.816014  -101.507850
>structures/IleRS_PDB_Bact_T_therm_1ILE.pdb
-0.008685  0.901740  0.432192     9.014188
 0.680887 -0.311202  0.662983    41.871014
 0.732337  0.300032 -0.611280    -2.347473
>structures/IleRS_PDB_Euk_S_cere_7D5C.pdb
 0.952256 -0.147589 -0.267255     3.210136
-0.294736 -0.672693 -0.678686    35.769362
-0.079614  0.725052 -0.684076    18.748667
