>../../../../class1/gln//data/domains/Catalytic_domain/structures/GlnRS_AF_Bact_Anaerostipes_hadrus_gene15230984.pdb
-0.239789  0.968301 -0.069958     6.719976
-0.297980 -0.141991 -0.943953    -6.483243
-0.923964 -0.205503  0.322582     9.994131
>../../../../class1/gln//data/domains/Catalytic_domain/structures/GlnRS_AF_Bact_Cutibacterium_avidum_44067_gene29843447.pdb
 0.104990  0.859327  0.500533     6.528610
-0.295818  0.507518 -0.809269    -5.564092
-0.949457 -0.063102  0.307489    10.500664
>../../../../class1/gln//data/domains/Catalytic_domain/structures/GlnRS_AF_Bact_Pasteurella_multocida_subsp_multocida_str_Pm70_gene1243875.pdb
 0.233809  0.908186  0.347177     4.789789
-0.590733  0.416302 -0.691177    -5.522532
-0.772248 -0.043486  0.633831    10.652281
>../../../../class1/gln//data/domains/Catalytic_domain/structures/GlnRS_AF_Bact_Porphyromonas_gingivalis_ATCC_33277_gene29257033.pdb
-0.437007  0.812236 -0.386391     6.758846
-0.231578 -0.516703 -0.824251    -5.319030
-0.869136 -0.270724  0.413898     9.206993
>../../../../class1/gln//data/domains/Catalytic_domain/structures/GlnRS_AF_Bact_Thermus_thermophilus_HB8_gene3168786.pdb
 0.570698 -0.311801  0.759660     7.999406
-0.227536 -0.948928 -0.218549    -4.959702
 0.789006 -0.048124 -0.612497     8.642160
>../../../../class1/gln//data/domains/Catalytic_domain/structures/GlnRS_AF_Euk_Candida_dubliniensis_CD36_gene8049124.pdb
-0.328277  0.924254  0.194907     6.551619
-0.488924  0.010288 -0.872266    -2.197718
-0.808200 -0.381639  0.448512     7.816018
>../../../../class1/gln//data/domains/Catalytic_domain/structures/GlnRS_AF_Euk_Dictyostelium_discoideum_AX4_gene8627167.pdb
 0.413299  0.736133  0.535996     5.580820
 0.169310 -0.640480  0.749079    -1.794972
 0.894716 -0.218844 -0.389345     4.824966
>../../../../class1/gln//data/domains/Catalytic_domain/structures/GlnRS_AF_Euk_Encephalitozoon_romaleae_SJ-2008_gene20564565.pdb
 0.576339  0.454645  0.679067     5.837152
 0.315219 -0.890330  0.328556    -3.522766
 0.753970  0.024695 -0.656445     7.954908
>../../../../class1/gln//data/domains/Catalytic_domain/structures/GlnRS_AF_Euk_Myodes_glareolus_gene125393344.pdb
 0.210760 -0.852074  0.479114     0.506986
 0.802236  0.430822  0.413291    -9.449350
-0.558567  0.297258  0.774364     7.637493
>../../../../class1/gln//data/domains/Catalytic_domain/structures/GlnRS_AF_Mito_Cyanidioschyzon_merolae_strain_10D_gene16997184.pdb
 0.611977 -0.052880  0.789106     7.889762
-0.153990 -0.986633  0.053307    -0.912167
 0.775739 -0.154137 -0.611940     8.775212
>../../../../class1/gln//data/domains/Catalytic_domain/structures/GlnRS_Bact_D_radio_2HZ7.pdb
 0.133165 -0.013936 -0.990996    74.048884
 0.846796  0.521155  0.106459   -59.225441
 0.514979 -0.853348  0.081201    28.598083
>../../../../class1/gln//data/domains/Catalytic_domain/structures/GlnRS_Bact_E_coli_1QTQ.pdb
 0.698546 -0.321656  0.639195   -25.274075
-0.514370  0.395273  0.761040    -2.329464
-0.497450 -0.860405  0.110666    42.088760
>../../../../class1/gln//data/domains/Catalytic_domain/structures/GlnRS_PDB_Euk_T_gondii_4P2B.pdb
 0.775922  0.471423 -0.419172   -65.509650
 0.403393  0.140069  0.904243   -97.963276
 0.484994 -0.870713 -0.081486    16.528763
>../../../../class1/ile//data/domains/Catalytic_domain/structures/IleRS_AF_Arch_Candidatus_Korarchaeum_cryptofilum_OPF8_gene6094904.pdb
-0.975141  0.166644 -0.146050     1.165375
 0.078568  0.876310  0.475297     2.104697
 0.207191  0.452007 -0.867619     0.745461
>../../../../class1/ile//data/domains/Catalytic_domain/structures/IleRS_AF_Arch_Candidatus_Nitrosopumilus_sediminis_gene13697091.pdb
 0.009071 -0.748665 -0.662886     2.178032
 0.543359 -0.552816  0.631787     5.242323
-0.839451 -0.365917  0.401780     4.685604
>../../../../class1/ile//data/domains/Catalytic_domain/structures/IleRS_AF_Arch_Pyrobaculum_aerophilum_str_IM2_gene1465853.pdb
 0.872353 -0.487405  0.037897     1.848876
 0.455281  0.838201  0.300230    -2.311895
-0.178099 -0.244653  0.953114     2.440270
>../../../../class1/ile//data/domains/Catalytic_domain/structures/IleRS_AF_Arch_Thermoplasma_acidophilum_DSM_1728_gene1456418.pdb
-0.618306 -0.748304 -0.240289     1.947347
-0.328746  0.523949 -0.785750     3.444836
 0.713879 -0.406840 -0.569963     1.151496
>../../../../class1/ile//data/domains/Catalytic_domain/structures/IleRS_AF_Bact_Chlamydia_muridarum_str_Nigg_gene1246458.pdb
 0.151461  0.448617  0.880796    -2.162896
 0.382550 -0.848242  0.366254     3.804645
 0.911436  0.281476 -0.300094     1.471123
>../../../../class1/ile//data/domains/Catalytic_domain/structures/IleRS_AF_Bact_Lactobacillus_acidophilus_La-14_gene56942445.pdb
 0.998451  0.002814  0.055559    -0.915125
-0.003784  0.999842  0.017352     0.059986
-0.055502 -0.017535  0.998305     1.688968
>../../../../class1/ile//data/domains/Catalytic_domain/structures/IleRS_AF_Bact_Mycoplasma_hyopneumoniae_168-L_gene57100872.pdb
 0.998794  0.032106  0.037157     0.504495
-0.029775  0.997652 -0.061675    -0.348286
-0.039050  0.060495  0.997404    -0.568903
>../../../../class1/ile//data/domains/Catalytic_domain/structures/IleRS_AF_Bact_Orientia_tsutsugamushi_str_Ikeda_gene66653313.pdb
-0.170217  0.789965 -0.589051     1.675463
-0.511360 -0.581799 -0.632473     2.856359
-0.842340  0.193560  0.502988     0.428382
>../../../../class1/ile//data/domains/Catalytic_domain/structures/IleRS_AF_Bact_Porphyromonas_gingivalis_ATCC_33277_gene29255747.pdb
-0.102734  0.791339 -0.602685     3.565979
-0.551639 -0.549508 -0.627483     2.722010
-0.827732  0.268001  0.492987    -1.948987
>../../../../class1/ile//data/domains/Catalytic_domain/structures/IleRS_AF_Bact_Streptobacillus_moniliformis_DSM_12112_gene29674186.pdb
 0.990826  0.072106  0.114301     4.672023
-0.074500  0.997079  0.016808    -2.346489
-0.112755 -0.025169  0.993304     2.357048
>../../../../class1/ile//data/domains/Catalytic_domain/structures/IleRS_AF_Bact_Thermus_thermophilus_HB8_gene3168241.pdb
 0.087221  0.596754  0.797670    -0.294329
 0.514867 -0.712488  0.476731     4.308424
 0.852821  0.369113 -0.369393    -0.814905
>../../../../class1/ile//data/domains/Catalytic_domain/structures/IleRS_AF_Bact_Treponema_pallidum_subsp_pertenue_str_SamoaD_gene57878975.pdb
-0.636964  0.749095  0.182027    -0.224392
 0.701671  0.465581  0.539344     2.939848
 0.319272  0.471266 -0.822177     0.401161
>../../../../class1/ile//data/domains/Catalytic_domain/structures/IleRS_AF_Euk_Cyanidioschyzon_merolae_strain_10D_gene16992835.pdb
 0.168537 -0.515754  0.839996     0.118666
-0.191159 -0.853109 -0.485452     1.535786
 0.966982 -0.078756 -0.242372     0.557346
>../../../../class1/ile//data/domains/Catalytic_domain/structures/IleRS_AF_Euk_Ostreococcus_lucimarinus_CCE9901_gene5000489.pdb
-0.850653  0.522856  0.054879    -3.293782
 0.504710  0.782964  0.363642     1.641493
 0.147164  0.337031 -0.929921     2.478402
>../../../../class1/ile//data/domains/Catalytic_domain/structures/IleRS_AF_Euk_Trypanosoma_brucei_brucei_TREU927_gene3663037.pdb
-0.962837  0.262267 -0.064501    -0.850585
 0.248903  0.954363  0.165039     0.987183
 0.104841  0.142851 -0.984176     1.939420
>../../../../class1/ile//data/domains/Catalytic_domain/structures/IleRS_AF_Euk_Ustilago_maydis_521_gene23568123.pdb
 0.894073  0.434122 -0.110330    -0.577355
-0.435424  0.784568 -0.441428     0.144653
-0.105072  0.442709  0.890488    -1.590247
>../../../../class1/ile//data/domains/Catalytic_domain/structures/IleRS_AF_Mito_Drosophila_melanogaster_gene39762.pdb
-0.179324  0.316860 -0.931366     3.345795
-0.019967 -0.947689 -0.318569     1.239730
-0.983587 -0.038531  0.176270    -2.656110
>../../../../class1/ile//data/domains/Catalytic_domain/structures/IleRS_AF_Mito_Homo_sapiens_gene55699.pdb
 1.000000  0.000000  0.000000     0.000000
 0.000000  1.000000  0.000000     0.000000
 0.000000  0.000000  1.000000     0.000000
>../../../../class1/ile//data/domains/Catalytic_domain/structures/IleRS_AF_Vir_Megavirus_chiliensis_gene11256744.pdb
 0.062792  0.925192 -0.374269     1.596871
-0.616818 -0.258837 -0.743330     3.215005
-0.784597  0.277531  0.554422    -0.044377
>../../../../class1/ile//data/domains/Catalytic_domain/structures/IleRS_PDB_Bact_S_aureus_1QU2.pdb
 0.748508 -0.644666 -0.155371    51.307860
 0.505360  0.706255 -0.495798   -30.068644
 0.429356  0.292591  0.854426  -104.324840
>../../../../class1/ile//data/domains/Catalytic_domain/structures/IleRS_PDB_Bact_T_therm_1ILE.pdb
 0.127616  0.903631  0.408858    16.579704
 0.691855 -0.376478  0.616118    38.690562
 0.710669  0.204244 -0.673226    -2.180357
>../../../../class1/ile//data/domains/Catalytic_domain/structures/IleRS_PDB_Euk_S_cere_7D5C.pdb
 0.907964 -0.117802 -0.402148    13.268440
-0.378141 -0.643887 -0.665146    33.386498
-0.180583  0.755997 -0.629172    19.582582
