>../../../../class2/gly3//data/domains/Catalytic_domain/structures/GlyRS-E_AF_Arch_Methanosalsum_zhilinae_DSM_4017_gene10821854.pdb
 0.867872 -0.452018  0.206099     3.098882
 0.437335  0.891959  0.114659     4.247660
-0.235660 -0.009375  0.971790    -5.677422
>../../../../class2/gly3//data/domains/Catalytic_domain/structures/GlyRS-E_AF_Euk_Cryptococcus_neoformans_var_neoformans_JEC21_gene3258293.pdb
 0.464748 -0.404163  0.787821     2.816358
-0.451465 -0.873567 -0.181826     3.186384
 0.761701 -0.271170 -0.588454    -5.757596
>../../../../class2/gly3//data/domains/Catalytic_domain/structures/GlyRS-E_AF_Euk_Girardinichthys_multiradiatus_gene124858359.pdb
 0.830160 -0.541771  0.131599     3.085909
 0.504160  0.830261  0.237677     2.480274
-0.238028 -0.130963  0.962388    -7.197880
>../../../../class2/gly3//data/domains/Catalytic_domain/structures/GlyRS-E_AF_Euk_Plasmodium_yoelii_gene3801472.pdb
 0.936783 -0.029855  0.348635     4.372864
 0.108150  0.972272 -0.207340     4.208021
-0.332778  0.231938  0.914037    -4.259236
>../../../../class2/gly3//data/domains/Catalytic_domain/structures/GlyRS-E_AF_Euk_Schizosaccharomyces_pombe_gene2543181.pdb
 0.709906 -0.695768 -0.109269     3.493377
 0.690480  0.656973  0.302696     3.308916
-0.138820 -0.290333  0.946803    -7.461599
>../../../../class2/gly3//data/domains/Catalytic_domain/structures/GlyRS-E_PDB_Euk_H_sapiens_2q5h.pdb
-0.556159 -0.042720 -0.829977   -58.201318
 0.609503 -0.699876 -0.372397   -90.086489
-0.564972 -0.712985  0.415281    97.955897
>../../../../class2/lys//data/domains/Catalytic_domain/structures/LysRS-II_AF_Arch_Aciduliprofundum_boonei_T469_gene8827564.pdb
 0.513816  0.717648 -0.470079    -6.186341
-0.731300  0.079901 -0.677359     4.200999
-0.448546  0.691807  0.565871    -3.648433
>../../../../class2/lys//data/domains/Catalytic_domain/structures/LysRS-II_AF_Arch_Archaeoglobus_sulfaticallidus_PM70-1_gene15393615.pdb
 0.995469  0.093093 -0.019360    -1.538817
-0.094394  0.992034 -0.083411     0.298718
 0.011441  0.084861  0.996327    -0.749126
>../../../../class2/lys//data/domains/Catalytic_domain/structures/LysRS-II_AF_Arch_Candidatus_Woesearchaeota_archaeon_proteinMBS3172198.1.pdb
 0.755976 -0.606306 -0.246768    -3.089245
 0.649249  0.646377  0.400839     1.085962
-0.083526 -0.463239  0.882289    -2.658393
>../../../../class2/lys//data/domains/Catalytic_domain/structures/LysRS-II_AF_Arch_Thermogladius_calderae_1633_gene13013549.pdb
 0.112478  0.638219 -0.761594    -4.364646
-0.574076 -0.583859 -0.574061     5.138845
-0.811040  0.501782  0.300715    -4.069314
>../../../../class2/lys//data/domains/Catalytic_domain/structures/LysRS-II_AF_Bact_Chlamydia_muridarum_str_Nigg_gene1245697.pdb
 0.090535  0.606306 -0.790061    -5.716218
-0.607313 -0.595127 -0.526304     5.443502
-0.789287  0.527463  0.314338    -2.891279
>../../../../class2/lys//data/domains/Catalytic_domain/structures/LysRS-II_AF_Bact_Cupriavidus_taiwanensis_LMG_19424_gene29762375.pdb
 0.999712  0.023304 -0.005786     1.695676
-0.023326  0.999721 -0.003832     0.527381
 0.005695  0.003966  0.999976    -0.772317
>../../../../class2/lys//data/domains/Catalytic_domain/structures/LysRS-II_AF_Bact_Leuconostoc_gelidum_JB7_gene61037106.pdb
 0.982286  0.173478  0.070849    -2.417145
-0.179174  0.980221  0.084038     4.072029
-0.054869 -0.095244  0.993941    -3.863257
>../../../../class2/lys//data/domains/Catalytic_domain/structures/LysRS-II_AF_Bact_Mycobacterium_intracellulare_ATCC_13950_gene11907187.pdb
 0.979892  0.197471  0.028581     0.824055
-0.190369  0.968170 -0.162503    -0.260404
-0.059761  0.153794  0.986294    -1.312041
>../../../../class2/lys//data/domains/Catalytic_domain/structures/LysRS-II_AF_Bact_Mycoplasma_hyopneumoniae_168-L_gene57101062.pdb
 0.986530  0.163562 -0.002623    -4.188600
-0.162501  0.981722  0.099068     4.244974
 0.018779 -0.097308  0.995077    -5.076839
>../../../../class2/lys//data/domains/Catalytic_domain/structures/LysRS-II_AF_Bact_Porphyromonas_gingivalis_ATCC_33277_gene29256363.pdb
 0.509369  0.815134 -0.275864    -7.568065
-0.606657  0.112777 -0.786924     3.786965
-0.610337  0.568189  0.551951    -4.273654
>../../../../class2/lys//data/domains/Catalytic_domain/structures/LysRS-II_AF_Bact_Prochlorococcus_marinus_subsp_marinus_str_CCMP1375_gene54201108.pdb
 0.929244  0.357550  0.093080    -3.378614
-0.340190  0.926298 -0.161998     4.861683
-0.144142  0.118871  0.982391    -3.865991
>../../../../class2/lys//data/domains/Catalytic_domain/structures/LysRS-II_AF_Bact_Streptobacillus_moniliformis_DSM_12112_gene29673899.pdb
 0.892398  0.451242  0.002596     0.119515
-0.412046  0.817199 -0.402994    -1.226451
-0.183969  0.358561  0.915199    -2.858749
>../../../../class2/lys//data/domains/Catalytic_domain/structures/LysRS-II_AF_Euk_Ostreococcus_tauri_gene9837657.pdb
 1.000000  0.000000  0.000000     0.000000
 0.000000  1.000000  0.000000     0.000000
 0.000000  0.000000  1.000000     0.000000
>../../../../class2/lys//data/domains/Catalytic_domain/structures/LysRS-II_AF_Euk_Solanum_lycopersicum_gene778357.pdb
-0.371285 -0.688279  0.623233    -1.361557
-0.790382 -0.117973 -0.601148     4.159412
 0.487282 -0.715790 -0.500202    -1.897013
>../../../../class2/lys//data/domains/Catalytic_domain/structures/LysRS-II_AF_Euk_Theileria_annulata_gene3864794.pdb
-0.745744 -0.626705  0.226071     1.707590
-0.635345  0.566853 -0.524418     1.859135
 0.200506 -0.534714 -0.820901    -2.764156
>../../../../class2/lys//data/domains/Catalytic_domain/structures/LysRS-II_AF_Euk_Zootoca_vivipara_gene118086243.pdb
 0.532439 -0.625669 -0.570129    -1.533106
 0.778712  0.098007  0.619679     7.212272
-0.331837 -0.773907  0.539399    -2.478478
>../../../../class2/lys//data/domains/Catalytic_domain/structures/LysRS-II_AF_Mito_Malus_domestica_gene103446975.pdb
 0.988173 -0.151920  0.020820     1.561222
 0.148838  0.982936  0.108092     1.195901
-0.036886 -0.103715  0.993923    -0.126733
>../../../../class2/lys//data/domains/Catalytic_domain/structures/LysRS-II_AF_Mito_Scheffersomyces_stipitis_CBS_6054_gene4837999.pdb
 0.999714 -0.004358  0.023514     1.800985
 0.000230  0.984960  0.172780     1.843056
-0.023914 -0.172725  0.984680     0.143734
>../../../../class2/lys//data/domains/Catalytic_domain/structures/LysRS-II_PDB_Bact_G_stearothermophilus_3E9H.pdb
 0.212899  0.163034 -0.963376    25.304739
 0.852373  0.450997  0.264691   -19.539516
 0.477634 -0.877509 -0.042949  -106.772016
