>../../../../class2/gly2//data/domains/Catalytic_domain/structures/GlyRS-Bα_AF_Bact_Brachyspira_pilosicoli_95_1000_gene56440230.pdb
 1.000000  0.000000  0.000000     0.000000
 0.000000  1.000000  0.000000     0.000000
 0.000000  0.000000  1.000000     0.000000
>../../../../class2/gly2//data/domains/Catalytic_domain/structures/GlyRS-Bα_AF_Bact_Chlamydia_pneumoniae_TW-183_gene45051002.pdb
-0.686345 -0.686724 -0.239458   -17.039435
 0.016512  0.314455 -0.949129     2.382881
 0.727088 -0.655384 -0.204486   -13.482667
>../../../../class2/gly2//data/domains/Catalytic_domain/structures/GlyRS-Bα_AF_Bact_Lacticaseibacillus_paracasei_gene61269714.pdb
-0.057616  0.018696  0.998164    -0.383208
-0.230417 -0.973079  0.004926    -1.491333
 0.971385 -0.229710  0.060373     1.044142
>../../../../class2/gly2//data/domains/Catalytic_domain/structures/GlyRS-Bα_AF_Bact_Prochlorococcus_marinus_subsp_marinus_str_CCMP1375_gene54200602.pdb
-0.115595  0.145921  0.982520    -0.091487
 0.560261 -0.807208  0.185800    -1.812331
 0.820210  0.571945  0.011556     1.033634
>../../../../class2/gly2//data/domains/Catalytic_domain/structures/GlyRS-Bα_AF_Bact_Salmonella_enterica_subsp_enterica_serovar_Typhimurium_str_LT2_gene1255180.pdb
-0.634565  0.707357  0.311404    -1.333007
 0.584288  0.175326  0.792381    -2.601123
 0.505900  0.684767 -0.524556     0.002936
>../../../../class2/gly2//data/domains/Catalytic_domain/structures/GlyRS-Bα_AF_Bact_Streptobacillus_moniliformis_DSM_12112_gene29673275.pdb
-0.052743 -0.071162  0.996069    -0.329997
 0.381787 -0.923118 -0.045734    -1.616670
 0.922744  0.377874  0.075857     0.634338
>../../../../class2/gly2//data/domains/Catalytic_domain/structures/GlyRS-Bα_AF_Euk_Ostreococcus_tauri_gene9837276.pdb
-0.941591  0.334966 -0.034704   -15.770496
 0.304677  0.803456 -0.511497     2.995026
-0.143451 -0.492195 -0.858584   -12.164052
>../../../../class2/gly2//data/domains/Catalytic_domain/structures/GlyRS-Bα_AF_Mito_Nymphaea_colorata_gene116265348.pdb
-0.578738 -0.789836 -0.203030   -16.014774
 0.298667  0.026384 -0.953993     2.874982
 0.758855 -0.612750  0.220628   -14.828963
>../../../../class2/gly2//data/domains/Catalytic_domain/structures/GlyRS-Bα_PDB_Bact_A_aeolicus_5f5w.pdb
-0.154250 -0.486141  0.860159    -0.584827
-0.987415  0.045093 -0.151585   -50.325306
 0.034905 -0.872716 -0.486979    11.434371
>../../../../class2/gly2//data/domains/Catalytic_domain/structures/GlyRS-Bα_PDB_Bact_C_jejuni_3ufg.pdb
-0.814705 -0.187339 -0.548780    25.188254
-0.247822  0.968082  0.037432   -22.909526
 0.524252  0.166495 -0.835128   -17.489188
>../../../../class2/gly2//data/domains/Catalytic_domain/structures/GlyRS-Bα_PDB_Bact_T_maritima_1j5w.pdb
-0.730276  0.409071  0.547135     0.962494
 0.130892 -0.702276  0.699768    28.123029
 0.670495  0.582640  0.459311   -64.222864
>../../../../class2/phe2//data/domains/Catalytic_domain/structures/PheRS-Bβ_AF_Bact_Brachyspira_pilosicoli_95_1000_gene56440382.pdb
-0.419380  0.777064  0.469353    17.664154
-0.892693 -0.446962 -0.057654     6.324098
 0.164983 -0.443167  0.881126    22.173583
>../../../../class2/phe2//data/domains/Catalytic_domain/structures/PheRS-Bβ_AF_Bact_Chlamydia_psittaci_6BC_gene12242429.pdb
-0.744605 -0.639211  0.192286    21.487806
 0.388328 -0.180518  0.903667     3.791544
-0.542923  0.747545  0.382638    20.939397
>../../../../class2/phe2//data/domains/Catalytic_domain/structures/PheRS-Bβ_AF_Bact_Ferrimonas_balearica_DSM_9799_gene67181907.pdb
 0.039904 -0.344444  0.937958    20.511841
-0.407772  0.851367  0.329994     3.871374
-0.912211 -0.395641 -0.106482    24.457502
>../../../../class2/phe2//data/domains/Catalytic_domain/structures/PheRS-Bβ_AF_Bact_Lacticaseibacillus_paracasei_gene61269867.pdb
-0.550104  0.713058  0.434665    20.645200
-0.754002 -0.647845  0.108524    10.614058
 0.358979 -0.268039  0.894030    20.060671
>../../../../class2/phe2//data/domains/Catalytic_domain/structures/PheRS-Bβ_AF_Bact_Mycobacterium_intracellulare_ATCC_13950_gene11909688.pdb
-0.285199 -0.690016  0.665237    21.068086
 0.184925  0.641408  0.744580     4.873179
-0.940460  0.335372 -0.055328    23.068212
>../../../../class2/phe2//data/domains/Catalytic_domain/structures/PheRS-Bβ_AF_Bact_Mycoplasma_hyopneumoniae_168-L_gene57101148.pdb
-0.941074  0.295275  0.164902    18.759117
-0.246056 -0.932284  0.265146     9.583977
 0.232027  0.208947  0.950002    31.545555
>../../../../class2/phe2//data/domains/Catalytic_domain/structures/PheRS-Bβ_AF_Bact_Porphyromonas_gingivalis_ATCC_33277_gene29257179.pdb
-0.086940  0.769301 -0.632944    15.450090
 0.931680  0.287743  0.221759     4.629126
 0.352724 -0.570421 -0.741758    23.987289
>../../../../class2/phe2//data/domains/Catalytic_domain/structures/PheRS-Bβ_AF_Bact_Prochlorococcus_marinus_subsp_marinus_str_CCMP1375_gene54200309.pdb
-0.840197 -0.507197  0.191884    22.419773
 0.300368 -0.140668  0.943394     2.971895
-0.451494  0.850273  0.270535    22.298197
>../../../../class2/phe2//data/domains/Catalytic_domain/structures/PheRS-Bβ_AF_Euk_Didymosphenia_geminata_gene19740299.pdb
-0.987895  0.128026 -0.087593    17.315088
-0.152557 -0.904135  0.399083     2.637487
-0.028103  0.407615  0.912721    22.049729
>../../../../class2/phe2//data/domains/Catalytic_domain/structures/PheRS-Bβ_AF_Euk_Gracilariopsis_tenuifrons_gene68635617.pdb
 0.827491  0.084283  0.555117     8.981632
 0.408089 -0.769335 -0.491515     2.100894
 0.385645  0.633261 -0.671013    30.074565
>../../../../class2/phe2//data/domains/Catalytic_domain/structures/PheRS-Bβ_PDB_Bact.B_E_coli_3PCO.pdb
-0.557057 -0.050203 -0.828955    45.261629
 0.830459 -0.027623 -0.556395    45.980850
 0.005035 -0.998357  0.057079    11.009348
>../../../../class2/phe2//data/domains/Catalytic_domain/structures/PheRS-Bβ_PDB_Bact.B_T_thermophilus_1PYS.pdb
-0.787957  0.540619 -0.294710    -1.288503
-0.242990  0.166763  0.955587   -25.410147
 0.565755  0.824573 -0.000037   -37.214007
