>structures/ArgRS_AF_Arch_Candidatus_Korarchaeum_cryptofilum_OPF8_gene6093502.pdb
 0.970087 -0.240941  0.029625     2.022927
 0.241213  0.970454 -0.005922     0.168553
-0.027323  0.012891  0.999544    -2.225813
>structures/ArgRS_AF_Arch_Candidatus_Nitrosopumilus_sediminis_gene13697696.pdb
 0.757557 -0.504303 -0.414472     1.744525
 0.642736  0.687159  0.338678     1.157149
 0.114012 -0.522963  0.844696     0.703577
>structures/ArgRS_AF_Arch_Desulfurococcus_mucosus_DSM_2162_gene10153309.pdb
 0.898575 -0.415777  0.140330     1.803749
 0.373742  0.892707  0.251775     5.338575
-0.229956 -0.173792  0.957558    -4.913674
>structures/ArgRS_AF_Arch_Methanothermococcus_okinawensis_IH1_gene10773248.pdb
 0.945194  0.031286  0.325007     1.854667
 0.115582  0.898884 -0.422668     1.032294
-0.305367  0.437069  0.846004     0.692435
>structures/ArgRS_AF_Bact_Anoxybacillus_flavithermus_WK1_gene7039015.pdb
 0.221661 -0.726143 -0.650833     2.803672
 0.956218  0.031072  0.291002    -1.122139
-0.191086 -0.686842  0.701238     1.356453
>structures/ArgRS_AF_Bact_Brachyspira_pilosicoli_95_1000_gene56439668.pdb
 0.895861  0.429338  0.114464    -2.153430
-0.356212  0.847938 -0.392574    -0.160965
-0.265605  0.310918  0.912570     1.162134
>structures/ArgRS_AF_Bact_Chlamydia_psittaci_6BC_gene12242456.pdb
 1.000000  0.000000  0.000000     0.000000
 0.000000  1.000000  0.000000     0.000000
 0.000000  0.000000  1.000000     0.000000
>structures/ArgRS_AF_Bact_Corynebacterium_ulcerans_809_gene75260071.pdb
 0.950818  0.295476  0.092945    -0.996297
-0.249808  0.908898 -0.333916     0.535720
-0.183142  0.294275  0.938009     0.693354
>structures/ArgRS_AF_Bact_Cupriavidus_taiwanensis_LMG_19424_gene29762022.pdb
 0.994855 -0.025217  0.098116     0.564698
 0.040523  0.986722 -0.157282     2.021207
-0.092847  0.160449  0.982668     1.051424
>structures/ArgRS_AF_Bact_Mycoplasma_hyopneumoniae_168-L_gene57100855.pdb
 0.987489 -0.156286 -0.020979     2.152316
 0.154369  0.985264 -0.073651     2.513811
 0.032180  0.069491  0.997063    -1.656472
>structures/ArgRS_AF_Bact_Prochlorococcus_marinus_subsp_marinus_str_CCMP1375_gene54199571.pdb
 0.101387 -0.425598 -0.899215    -0.126250
 0.848660 -0.434659  0.301411     5.603968
-0.519131 -0.793687  0.317119     0.943657
>structures/ArgRS_AF_Bact_Streptobacillus_moniliformis_DSM_12112_gene29674021.pdb
 0.019370 -0.729212  0.684013    -0.463582
-0.752115 -0.461389 -0.470578     0.749040
 0.658748 -0.505341 -0.557389     1.168046
>structures/ArgRS_AF_Euk_Micromonas_commoda_gene8250062.pdb
-0.939160 -0.316011  0.134594     1.729278
-0.318048  0.948051  0.006665    -2.322600
-0.129708 -0.036548 -0.990878     0.631705
>structures/ArgRS_AF_Euk_Paulinella_chromatophora_gene6481434.pdb
 0.021178 -0.196179 -0.980339    -1.170792
 0.683929 -0.712382  0.157332     5.134732
-0.729241 -0.673815  0.119086    -1.309267
>structures/ArgRS_AF_Euk_Polyodon_spathula_gene121324634.pdb
 0.828620  0.559139  0.027449     3.043867
-0.253467  0.418443 -0.872158    -6.091284
-0.499143  0.715730  0.488453    -1.360021
>structures/ArgRS_AF_Euk_Thalassiosira_pseudonana_CCMP1335_gene7449555.pdb
 0.095867 -0.490821  0.865970     4.715216
-0.672073 -0.673655 -0.307418    -1.739486
 0.734253 -0.552524 -0.394449     4.506805
>structures/ArgRS_AF_Mito_Caenorhabditis_elegans_gene174023.pdb
-0.096062  0.134648 -0.986226     5.086210
 0.322935 -0.932998 -0.158835     3.707287
-0.941534 -0.333745  0.046143    -1.353997
>structures/ArgRS_AF_Mito_Saccharomyces_cerevisiae_S288C_gene851942.pdb
-0.650108  0.631064  0.423223    -0.298368
 0.340769 -0.255690  0.904709    -1.738279
 0.679143  0.732380 -0.048821     2.234806
>structures/ArgRS_AF_Vir_Megavirus_chiliensis_gene11257368.pdb
-0.022871  0.300672  0.953453     1.447470
-0.091455 -0.950333  0.297494     1.147327
 0.995547 -0.080395  0.049233     6.143841
>structures/ArgRS_PDB_Arch_2ZUF.pdb
 0.231825  0.617822  0.751367   -24.368296
 0.604315  0.513807 -0.608939     7.104251
-0.762273  0.595230 -0.254245    25.144732
>structures/ArgRS_PDB_Bact_1IQ0.pdb
-0.892232 -0.186979  0.411049    22.029469
-0.076584 -0.834412 -0.545795    59.548046
 0.445036 -0.518456  0.730169    32.403546
>structures/ArgRS_PDB_Euk_S_cerevisiae_1BS2.pdb
-0.721261  0.020919 -0.692347    15.342421
 0.552272 -0.585918 -0.593039     9.635071
-0.418064 -0.810100  0.411047    87.413011
