>../../../../class2//ala/data/domains/Catalytic_domain//structures/AlaRS_AF_Bact_Nocardia_farcinica_IFM_10152_gene61134339.pdb
-0.159342  0.867394  0.471420    11.114611
-0.985691 -0.113187 -0.124910    18.403145
-0.054987 -0.484578  0.873018    13.063410
>../../../../class2//asn/data/domains/Catalytic_domain//structures/AsnRS_AF_Arch_Candidatus_Korarchaeum_cryptofilum_OPF8_gene6094562.pdb
 0.110774 -0.946809  0.302128     0.634462
-0.989829 -0.132408 -0.052025    -3.345133
 0.089262 -0.293292 -0.951847     4.240098
>../../../../class2//asp1/data/domains/Catalytic_domain//structures/AspRS_AF_Bact_Bacillus_anthracis_str_Ames_Ancestor_gene45024275.pdb
 0.446316 -0.865819 -0.226186    -2.464408
-0.894868 -0.432833 -0.108935    -4.042692
-0.003583  0.251026 -0.967974    -2.522098
>../../../../class2//asp2/data/domains/Catalytic_domain//structures/AsxRS_AF_Euk_Caenorhabditis_elegans_gene176334.pdb
-0.685445  0.058865 -0.725741    -0.713659
 0.335650 -0.858962 -0.386684    -3.881512
-0.646146 -0.508645  0.569013     7.652850
>../../../../class2//gly1/data/domains/Catalytic_domain//structures/GlyRS-A_AF_Arch_Candidatus_Nitrosopumilus_sediminis_gene13697160.pdb
 0.795207  0.215505  0.566748    -1.809020
 0.215591  0.773133 -0.596479    -3.859483
-0.566715  0.596510  0.568340    -0.842139
>../../../../class2//gly2/data/domains/Catalytic_domain//structures/GlyRS-Bα_AF_Bact_Brachyspira_pilosicoli_95_1000_gene56440230.pdb
 0.981331 -0.160469 -0.106014     4.385639
 0.134354  0.966400 -0.219137     8.045509
 0.137617  0.200802  0.969918    -3.645544
>../../../../class2//gly3/data/domains/Catalytic_domain//structures/GlyRS-E_AF_Euk_Cryptococcus_neoformans_var_neoformans_JEC21_gene3258293.pdb
-0.297835 -0.927301 -0.226731    -0.685958
-0.925391  0.222134  0.307097    -2.351977
-0.234407  0.301279 -0.924275    -2.109360
>../../../../class2//his/data/domains/Catalytic_domain//structures/HisRS_AF_Arch_Candidatus_Methanomassiliicoccus_intestinalis_Issoire-Mx1_gene16154026.pdb
 0.349819  0.884732  0.308019     2.079781
 0.139609 -0.374355  0.916716    -0.707025
 0.926356 -0.277682 -0.254473     1.271934
>../../../../class2//lys/data/domains/Catalytic_domain//structures/LysRS-II_AF_Arch_Aciduliprofundum_boonei_T469_gene8827564.pdb
-0.747327  0.234219 -0.621807    -0.400591
 0.176419 -0.832282 -0.525532    -1.878993
-0.640608 -0.502443  0.580665     7.203419
>../../../../class2//phe1/data/domains/Catalytic_domain//structures/PheRS-Bα_AF_Bact_Brachyspira_pilosicoli_95_1000_gene56440383.pdb
 0.729021 -0.652495  0.206828     2.561548
-0.540204 -0.734021 -0.411573    -0.123269
 0.420365  0.188316 -0.887598     5.758609
>../../../../class2//phe2/data/domains/Catalytic_domain//structures/PheRS-Bβ_AF_Bact_Brachyspira_pilosicoli_95_1000_gene56440382.pdb
-0.302359  0.872303  0.384274    18.858791
-0.949015 -0.237777 -0.206959    10.781139
-0.089159 -0.427258  0.899723    21.580929
>../../../../class2//phe3/data/domains/Catalytic_domain//structures/PheRS-Aα_AF_Arch_Candidatus_Nitrosopumilus_koreensis_AR1_gene13724458.pdb
 0.056482 -0.640778 -0.765646     3.790836
 0.934999  0.302877 -0.184505    -0.668069
 0.350123 -0.705457  0.616234    -4.859550
>../../../../class2//phe4/data/domains/Catalytic_domain//structures/PheRS-Aβ_AF_Arch_Candidatus_Nitrosopumilus_koreensis_AR1_gene13724457.pdb
-0.321613  0.930384  0.175925    17.037631
-0.913567 -0.256056 -0.315959    15.583895
-0.248917 -0.262336  0.932320    27.283115
>../../../../class2//phe5/data/domains/Catalytic_domain//structures/PheRS-M_AF_Mito_Arabidopsis_thaliana_gene824983.pdb
 0.040532 -0.673848  0.737758     1.672241
-0.135208 -0.735272 -0.664149     4.776313
 0.989988 -0.072832 -0.120912     6.120762
>../../../../class2//pro1/data/domains/Catalytic_domain//structures/ProRS-A_AF_Euk_Ostreococcus_tauri_gene9837972.pdb
 0.887360  0.208185  0.411401    -0.765588
 0.171884  0.678582 -0.714130    -9.588360
-0.427840  0.704404  0.566363    -3.901601
>../../../../class2//pro2/data/domains/Catalytic_domain//structures/ProRS-B_AF_Bact_Acinetobacter_baylyi_ADP1_gene45233245.pdb
 0.525240  0.296911  0.797475    -6.496862
 0.295266  0.815341 -0.498034     1.617031
-0.798086  0.497054  0.340582    -4.372054
>../../../../class2//pro3/data/domains/Catalytic_domain//structures/ProRS-M_AF_Mito_Drosophila_melanogaster_gene38331.pdb
-0.509606 -0.854318 -0.102184    -2.866981
-0.840870  0.469344  0.269545    -6.236963
-0.182318  0.223285 -0.957551     2.000808
>../../../../class2//pyl/data/domains/Catalytic_domain//structures/PylRS_AF_Arch_Candidatus_Methanomassiliicoccus_intestinalis_Issoire-Mx1_gene16153983.pdb
 1.000000  0.000000  0.000000     0.000000
 0.000000  1.000000  0.000000     0.000000
 0.000000  0.000000  1.000000     0.000000
>../../../../class2//sep/data/domains/Catalytic_domain//structures/SepRS_AF_Arch_Methanothrix_thermoacetophila_PT_gene4462697.pdb
-0.184827  0.797998 -0.573619    -4.320924
 0.182476 -0.545660 -0.817898    -7.007013
-0.965682 -0.255841 -0.044763    13.148159
>../../../../class2//ser1/data/domains/Catalytic_domain//structures/SerRS_AF_Bact_Chlamydia_psittaci_6BC_gene12242544.pdb
 0.724797  0.688704 -0.018901     0.246872
-0.013590 -0.013137 -0.999821     7.354192
-0.688829  0.724924 -0.000162    -9.050370
>../../../../class2//ser2/data/domains/Catalytic_domain//structures/SerRS-A_AF_Arch_Ignisphaera_aggregans_protein304378874.pdb
-0.739228  0.664921 -0.106878     2.091891
 0.039995  0.201765  0.978617     9.704092
 0.672267  0.719146 -0.175743    -8.282767
>../../../../class2//thr/data/domains/Catalytic_domain//structures/ThrRS_AF_Mito_Oryza_sativa_Japonica_Group_gene4345200.pdb
 0.942112 -0.220672  0.252447   -12.660320
-0.301572 -0.886761  0.350297    -0.144749
 0.146559 -0.406150 -0.901977    -3.659541
