>../../../../class2/asn//data/domains/Catalytic_domain/structures/AsnRS_AF_Arch_Candidatus_Korarchaeum_cryptofilum_OPF8_gene6094562.pdb
-0.868483  0.339845 -0.360890    31.277414
 0.328075  0.939812  0.095495    51.886282
 0.371623 -0.035463 -0.927706    17.793105
>../../../../class2/asn//data/domains/Catalytic_domain/structures/AsnRS_AF_Arch_Candidatus_Nitrososphaera_gargensis_Ga92_gene13796664.pdb
 0.643523 -0.717758  0.265898    33.936774
 0.496218  0.655705  0.569050    52.244636
-0.582791 -0.234254  0.778126    18.373329
>../../../../class2/asn//data/domains/Catalytic_domain/structures/AsnRS_AF_Arch_Ferroplasma_acidarmanus_Fer1_gene16025664.pdb
-0.455477 -0.390436 -0.800063    28.552016
 0.145379 -0.919254  0.365837    58.887456
-0.878297  0.050318  0.475460    14.961322
>../../../../class2/asn//data/domains/Catalytic_domain/structures/AsnRS_AF_Arch_Pyrococcus_sp_ST04_gene13021535.pdb
-0.427568 -0.449088 -0.784542    29.794515
 0.231180 -0.893333  0.385372    58.922740
-0.873923 -0.016598  0.485781    15.041196
>../../../../class2/asn//data/domains/Catalytic_domain/structures/AsnRS_AF_Bact_Clostridium_acetobutylicum_DSM_1731_gene44999755.pdb
 0.709948 -0.676710  0.195032    32.372209
 0.463135  0.657246  0.594587    51.507951
-0.530547 -0.331800  0.780019    19.251951
>../../../../class2/asn//data/domains/Catalytic_domain/structures/AsnRS_AF_Bact_Mycoplasma_hyopneumoniae_168-L_gene57101291.pdb
-0.205732 -0.725523 -0.656727    30.895825
 0.442463 -0.667534  0.598853    59.697398
-0.872869 -0.167374  0.458350    14.186151
>../../../../class2/asn//data/domains/Catalytic_domain/structures/AsnRS_AF_Bact_Porphyromonas_gingivalis_ATCC_33277_gene29256423.pdb
-0.325671 -0.485645 -0.811226    30.381490
 0.297520 -0.867053  0.399625    57.660132
-0.897452 -0.111209  0.426863    14.894812
>../../../../class2/asn//data/domains/Catalytic_domain/structures/AsnRS_AF_Bact_Streptobacillus_moniliformis_DSM_12112_gene29673200.pdb
 0.768036 -0.601645  0.219418    32.593171
 0.390950  0.711855  0.583456    51.648815
-0.507227 -0.362334  0.781943    18.850275
>../../../../class2/asn//data/domains/Catalytic_domain/structures/AsnRS_AF_Bact_Thermus_thermophilus_HB8_gene3168522.pdb
-0.128889 -0.815995 -0.563507    31.526684
 0.464140 -0.551802  0.692884    60.162809
-0.876334 -0.172241  0.449857    14.873253
>../../../../class2/asn//data/domains/Catalytic_domain/structures/AsnRS_AF_Bact_Treponema_pallidum_subsp_pertenue_str_SamoaD_gene57879132.pdb
 0.645756 -0.738050  0.195656    33.394082
 0.492623  0.598498  0.631761    51.693673
-0.583371 -0.311579  0.750065    18.926503
>../../../../class2/asn//data/domains/Catalytic_domain/structures/AsnRS_AF_Bact_unclassified_Blastocatellia_proteinRPI49177.1.pdb
 0.064350 -0.918157 -0.390956    33.272615
 0.567061 -0.288728  0.771413    59.266620
-0.821158 -0.271337  0.502071    15.946488
>../../../../class2/asn//data/domains/Catalytic_domain/structures/AsnRS_AF_Euk_Candida_albicans_SC5314_gene3646227.pdb
-0.441985 -0.606485 -0.660927    30.785937
 0.348217 -0.795024  0.496671    60.262164
-0.826677 -0.010625  0.562577    19.321261
>../../../../class2/asn//data/domains/Catalytic_domain/structures/AsnRS_AF_Euk_Cryptococcus_gattii_WM276_gene10190222.pdb
-0.474076 -0.675861 -0.564326    32.239086
 0.448982 -0.736900  0.505365    59.453544
-0.757409 -0.013791  0.652796    22.385068
>../../../../class2/asn//data/domains/Catalytic_domain/structures/AsnRS_AF_Euk_Encephalitozoon_intestinalis_ATCC_50506_gene9698489.pdb
-0.382839 -0.348488 -0.855564    28.715705
 0.213916 -0.934391  0.284875    57.962521
-0.898707 -0.073958  0.432268    14.165754
>../../../../class2/asn//data/domains/Catalytic_domain/structures/AsnRS_AF_Euk_Vitis_vinifera_gene100257593.pdb
 0.781342 -0.594680  0.189367    33.990820
 0.271596  0.597178  0.754728    48.542098
-0.561907 -0.538269  0.628113    18.658378
>../../../../class2/asn//data/domains/Catalytic_domain/structures/AsnRS_AF_Mito_Homo_sapiens_gene79731.pdb
-0.634234  0.773028  0.013228    32.289394
 0.662093  0.534224  0.525583    54.751240
 0.399224  0.342101 -0.850639    18.496224
>../../../../class2/asn//data/domains/Catalytic_domain/structures/AsnRS_AF_Mito_Zeugodacus_cucurbitae_gene105213230.pdb
 0.334984 -0.620505  0.709055    35.908472
-0.230058 -0.783621 -0.577071    52.850188
 0.913706  0.030186 -0.405253    20.347772
>../../../../class2/asn//data/domains/Catalytic_domain/structures/AsnRS_PDB_Arch_P_horikoshii_1X54.pdb
 0.314156  0.947445 -0.060440    33.489017
 0.933603 -0.319867 -0.161462    65.887579
-0.172309 -0.005703 -0.985026    46.688344
>../../../../class2/asn//data/domains/Catalytic_domain/structures/AsnRS_PDB_Bact_E_anophelis_6pqh.pdb
 0.879617  0.264152  0.395598    66.266449
-0.114522  0.924780 -0.362859    32.193076
-0.461691  0.273872  0.843703    59.924195
>../../../../class2/thr//data/domains/Catalytic_domain/structures/ThrRS_AF_Arch_Candidatus_Methanomethylophilus_alvus_Mx1201_gene15140074.pdb
 0.727901 -0.682228 -0.068747    35.527591
-0.012150  0.087411 -0.996098    61.140678
 0.685575  0.725896  0.055338    16.499891
>../../../../class2/thr//data/domains/Catalytic_domain/structures/ThrRS_AF_Arch_Candidatus_Nitrosopumilus_koreensis_AR1_gene13725077.pdb
-0.399913  0.126885 -0.907728    30.087144
-0.351887 -0.935729  0.024230    57.127407
-0.846313  0.329108  0.418859    10.492117
>../../../../class2/thr//data/domains/Catalytic_domain/structures/ThrRS_AF_Arch_Pyrococcus_furiosus_DSM_3638_gene1469226.pdb
-0.240498 -0.176166 -0.954529    32.276200
-0.212513 -0.949978  0.228869    56.619191
-0.947100  0.257892  0.191030    10.596370
>../../../../class2/thr//data/domains/Catalytic_domain/structures/ThrRS_AF_Arch_Sulfolobus_islandicus_M164_gene7940156.pdb
 0.165850  0.836059  0.522971    31.740002
 0.931675 -0.306660  0.194787    55.940517
 0.323228  0.454934 -0.829795    19.017369
>../../../../class2/thr//data/domains/Catalytic_domain/structures/ThrRS_AF_Bact_Bifidobacterium_longum_subsp_longum_JCM_1217_gene69578309.pdb
 0.026267  0.197285 -0.979994    37.853248
 0.843261 -0.530858 -0.084266    62.615872
-0.536862 -0.824178 -0.180307    13.213724
>../../../../class2/thr//data/domains/Catalytic_domain/structures/ThrRS_AF_Bact_Brachyspira_pilosicoli_95_1000_gene56439092.pdb
-0.439037  0.835474 -0.330500    37.427131
 0.877496  0.477739  0.042012    63.180821
 0.192993 -0.271567 -0.942871    16.210586
>../../../../class2/thr//data/domains/Catalytic_domain/structures/ThrRS_AF_Bact_Brucella_abortus_2308_gene3787745.pdb
 0.045234  0.708692  0.704066    37.693400
-0.992201 -0.050074  0.114148    63.248832
 0.116151 -0.703739  0.700900    15.462290
>../../../../class2/thr//data/domains/Catalytic_domain/structures/ThrRS_AF_Bact_Lactobacillus_acidophilus_La-14_gene56943112.pdb
-0.555570 -0.825935 -0.095782    39.209243
 0.109048 -0.186579  0.976369    66.422312
-0.824288  0.531997  0.193724    12.877158
>../../../../class2/thr//data/domains/Catalytic_domain/structures/ThrRS_AF_Bact_Mycoplasma_hyopneumoniae_168-L_gene57101460.pdb
 0.231960 -0.960863  0.151450    36.721917
 0.057900 -0.141782 -0.988203    59.518317
 0.971001  0.237992  0.022746    16.269692
>../../../../class2/thr//data/domains/Catalytic_domain/structures/ThrRS_AF_Bact_Porphyromonas_gingivalis_ATCC_33277_gene29256174.pdb
-0.526051  0.237411 -0.816644    38.141020
 0.600305  0.783844 -0.158818    61.553502
 0.602416 -0.573781 -0.554860    13.599068
>../../../../class2/thr//data/domains/Catalytic_domain/structures/ThrRS_AF_Bact_Prochlorococcus_marinus_subsp_marinus_str_CCMP1375_gene54200406.pdb
 0.630861  0.667051 -0.396303    36.908194
-0.487893 -0.056107 -0.871098    64.593986
-0.603303  0.742896  0.290054    12.325083
>../../../../class2/thr//data/domains/Catalytic_domain/structures/ThrRS_AF_Bact_Streptobacillus_moniliformis_DSM_12112_gene29674242.pdb
-0.476554 -0.413479 -0.775843    37.544073
-0.254569 -0.779788  0.571948    63.463787
-0.841482  0.470070  0.266352    14.668749
>../../../../class2/thr//data/domains/Catalytic_domain/structures/ThrRS_AF_Euk_Arabidopsis_thaliana_gene832741.pdb
 0.103189 -0.437533 -0.893262    39.203904
 0.753622 -0.551718  0.357298    61.936524
-0.649158 -0.710050  0.272803    11.794531
>../../../../class2/thr//data/domains/Catalytic_domain/structures/ThrRS_AF_Euk_Cercospora_beticola_gene35433465.pdb
 0.832558 -0.553938 -0.000348    39.210936
 0.364328  0.547104  0.753620    62.981351
-0.417268 -0.627559  0.657310    13.791475
>../../../../class2/thr//data/domains/Catalytic_domain/structures/ThrRS_AF_Euk_Cryptococcus_gattii_WM276_gene10188143.pdb
-0.047076  0.103901 -0.993473    40.208333
 0.587417 -0.801544 -0.111663    63.900201
-0.807914 -0.588840 -0.023300    13.545505
>../../../../class2/thr//data/domains/Catalytic_domain/structures/ThrRS_AF_Euk_Cyanidioschyzon_merolae_strain_10D_gene16997242.pdb
-0.012350  0.949361  0.313944    38.922468
-0.991537  0.028951 -0.126553    64.675697
-0.129234 -0.312850  0.940969    13.628277
>../../../../class2/thr//data/domains/Catalytic_domain/structures/ThrRS_AF_Mito_Cyanidioschyzon_merolae_strain_10D_gene16995590.pdb
-0.229829  0.427920 -0.874107    37.106232
-0.516725 -0.814755 -0.263002    63.451436
-0.824727  0.391227  0.408371    14.545473
>../../../../class2/thr//data/domains/Catalytic_domain/structures/ThrRS_AF_Mito_Oryza_sativa_Japonica_Group_gene4345200.pdb
-0.714384 -0.699158 -0.028874    39.674822
-0.697879  0.714881 -0.043709    63.816663
 0.051201 -0.011075 -0.998627    12.566945
>../../../../class2/thr//data/domains/Catalytic_domain/structures/ThrRS_PDB_Bact_E_coli_1evk.pdb
 1.000000 -0.000000  0.000000     0.000000
 0.000000  1.000000  0.000000     0.000000
-0.000000  0.000000  1.000000     0.000000
>../../../../class2/thr//data/domains/Catalytic_domain/structures/ThrRS_PDB_Bact_S_aureus_1nyr.pdb
-0.621687 -0.762997 -0.177030    92.078287
 0.368172 -0.085170 -0.925849   108.883147
 0.691343 -0.640766  0.333863    19.542448
