>../../../../class1/ile//data/domains/Catalytic_domain/structures/IleRS_AF_Arch_Candidatus_Korarchaeum_cryptofilum_OPF8_gene6094904.pdb
-0.561840  0.826147 -0.042639     0.633998
-0.774917 -0.543641 -0.322427    -1.055543
-0.289552 -0.148110  0.945634     2.395661
>../../../../class1/ile//data/domains/Catalytic_domain/structures/IleRS_AF_Arch_Candidatus_Nitrosopumilus_sediminis_gene13697091.pdb
 0.143975 -0.986009  0.084013     4.538848
-0.216412 -0.114215 -0.969598    -3.194410
 0.965628  0.121417 -0.229828    -0.375000
>../../../../class1/ile//data/domains/Catalytic_domain/structures/IleRS_AF_Arch_Pyrobaculum_aerophilum_str_IM2_gene1465853.pdb
 0.866057  0.160354  0.473531    -1.440698
 0.353701 -0.865919 -0.353667     1.755919
 0.353328  0.473784 -0.806653    -0.468118
>../../../../class1/ile//data/domains/Catalytic_domain/structures/IleRS_AF_Arch_Thermoplasma_acidophilum_DSM_1728_gene1456418.pdb
-0.509690 -0.311867 -0.801844     0.823479
-0.286086 -0.817521  0.499814    -2.283314
-0.811400  0.484147  0.327462     1.821591
>../../../../class1/ile//data/domains/Catalytic_domain/structures/IleRS_AF_Bact_Chlamydia_muridarum_str_Nigg_gene1246458.pdb
 0.670363 -0.224920  0.707124     1.527972
-0.232155  0.841542  0.487761    -3.930370
-0.704782 -0.491139  0.511922     2.687046
>../../../../class1/ile//data/domains/Catalytic_domain/structures/IleRS_AF_Bact_Lactobacillus_acidophilus_La-14_gene56942445.pdb
 0.703806  0.620684  0.345555    -2.007385
 0.686022 -0.720150 -0.103719    -1.397547
 0.184475  0.310056 -0.932649     0.348119
>../../../../class1/ile//data/domains/Catalytic_domain/structures/IleRS_AF_Bact_Mycoplasma_hyopneumoniae_168-L_gene57100872.pdb
 0.689565  0.680803  0.246998    -2.084781
 0.713788 -0.696571 -0.072776     0.057998
 0.122506  0.226488 -0.966279     2.803833
>../../../../class1/ile//data/domains/Catalytic_domain/structures/IleRS_AF_Bact_Orientia_tsutsugamushi_str_Ikeda_gene66653313.pdb
-0.689108  0.164354 -0.705774     1.339607
 0.318409  0.943560 -0.091163    -1.079883
 0.650957 -0.287546 -0.702547     2.821442
>../../../../class1/ile//data/domains/Catalytic_domain/structures/IleRS_AF_Bact_Porphyromonas_gingivalis_ATCC_33277_gene29255747.pdb
-0.642462  0.262573 -0.719930     1.694275
 0.432837  0.899594 -0.058162     0.515308
 0.632373 -0.348979 -0.691606     5.423161
>../../../../class1/ile//data/domains/Catalytic_domain/structures/IleRS_AF_Bact_Streptobacillus_moniliformis_DSM_12112_gene29674186.pdb
 0.594954  0.697590  0.399248     0.999760
 0.775876 -0.628152 -0.058656     4.475630
 0.209870  0.344664 -0.914965     0.055412
>../../../../class1/ile//data/domains/Catalytic_domain/structures/IleRS_AF_Bact_Thermus_thermophilus_HB8_gene3168241.pdb
 0.634685  0.067812  0.769790     0.497224
-0.430375  0.858377  0.279225    -3.675567
-0.641835 -0.508518  0.573983     4.629969
>../../../../class1/ile//data/domains/Catalytic_domain/structures/IleRS_AF_Bact_Treponema_pallidum_subsp_pertenue_str_SamoaD_gene57878975.pdb
 0.112538  0.952091  0.284355    -0.173402
-0.978164  0.156473 -0.136789    -2.703917
-0.174729 -0.262752  0.948910     2.509384
>../../../../class1/ile//data/domains/Catalytic_domain/structures/IleRS_AF_Euk_Cyanidioschyzon_merolae_strain_10D_gene16992835.pdb
 0.275376 -0.929617  0.244907    -1.203025
 0.120318  0.286081  0.950621    -1.607406
-0.953777 -0.232312  0.190630     1.762499
>../../../../class1/ile//data/domains/Catalytic_domain/structures/IleRS_AF_Euk_Ostreococcus_lucimarinus_CCE9901_gene5000489.pdb
-0.177083  0.983392 -0.039778    -1.313804
-0.974206 -0.180887 -0.134917    -2.866728
-0.139871  0.014861  0.990058     0.294468
>../../../../class1/ile//data/domains/Catalytic_domain/structures/IleRS_AF_Euk_Trypanosoma_brucei_brucei_TREU927_gene3663037.pdb
-0.448445  0.865503 -0.223163    -0.764674
-0.884828 -0.465187 -0.026098    -1.751456
-0.126400  0.185757  0.974432     0.944387
>../../../../class1/ile//data/domains/Catalytic_domain/structures/IleRS_AF_Euk_Ustilago_maydis_521_gene23568123.pdb
 0.259365  0.960872 -0.097240    -1.586821
 0.965149 -0.254242  0.062034    -0.278691
 0.034884 -0.109940 -0.993326     4.428218
>../../../../class1/ile//data/domains/Catalytic_domain/structures/IleRS_AF_Mito_Drosophila_melanogaster_gene39762.pdb
-0.433059 -0.357321 -0.827515     0.016569
 0.020584  0.913908 -0.405398     1.185851
 0.901131 -0.192595 -0.388421     5.131106
>../../../../class1/ile//data/domains/Catalytic_domain/structures/IleRS_AF_Mito_Homo_sapiens_gene55699.pdb
 0.710326  0.640440  0.292016    -2.003202
 0.692516 -0.710108 -0.127153    -0.370012
 0.125929  0.292546 -0.947923     2.019431
>../../../../class1/ile//data/domains/Catalytic_domain/structures/IleRS_AF_Vir_Megavirus_chiliensis_gene11256744.pdb
-0.633168  0.489776 -0.599348     2.460048
 0.545705  0.831613  0.103080    -0.857985
 0.548912 -0.261801 -0.793824     3.670026
>../../../../class1/ile//data/domains/Catalytic_domain/structures/IleRS_PDB_Bact_S_aureus_1QU2.pdb
 0.971073  0.101720 -0.216034   -13.667407
 0.137791 -0.977606  0.159063    67.590953
-0.195016 -0.184229 -0.963342   100.388013
>../../../../class1/ile//data/domains/Catalytic_domain/structures/IleRS_PDB_Bact_T_therm_1ILE.pdb
 0.747890  0.446419  0.491294    34.429463
-0.498003  0.866677 -0.029412   -15.181423
-0.438923 -0.222669  0.870497    18.973518
>../../../../class1/ile//data/domains/Catalytic_domain/structures/IleRS_PDB_Euk_S_cere_7D5C.pdb
 0.340343 -0.318130 -0.884850    35.027543
 0.922919  0.293123  0.249598   -15.519468
 0.179966 -0.901594  0.393370    -6.991874
>../../../../class1/tyr//data/domains/Catalytic_domain/structures/TyrRS_AF_Arch_Candidatus_Korarchaeum_cryptofilum_OPF8_gene6094625.pdb
-0.110427 -0.148833 -0.982677     1.553937
 0.602605 -0.796285  0.052886     4.318413
-0.790362 -0.586327  0.177619    -0.613887
>../../../../class1/tyr//data/domains/Catalytic_domain/structures/TyrRS_AF_Arch_Desulfurococcus_amylolyticus_1221n_gene7171652.pdb
-0.220185  0.407877 -0.886090     1.069565
-0.156677 -0.911377 -0.380584     3.275585
-0.962793  0.055031  0.264576     0.367667
>../../../../class1/tyr//data/domains/Catalytic_domain/structures/TyrRS_AF_Arch_Methanothermococcus_okinawensis_IH1_gene10772133.pdb
 1.000000  0.000000  0.000000     0.000000
 0.000000  1.000000  0.000000     0.000000
 0.000000  0.000000  1.000000     0.000000
>../../../../class1/tyr//data/domains/Catalytic_domain/structures/TyrRS_AF_Arch_Thermoplasma_acidophilum_DSM_1728_gene1456112.pdb
 0.175392  0.421598  0.889659     1.496061
 0.616343 -0.751688  0.234706     8.696614
 0.767697  0.507169 -0.391689     2.595038
>../../../../class1/tyr//data/domains/Catalytic_domain/structures/TyrRS_AF_Bact_Bifidobacterium_animalis_subsp_lactis_BLC1_gene66533077.pdb
-0.377448  0.694928 -0.612052     0.886889
-0.101687 -0.688048 -0.718505     5.415458
-0.920431 -0.208961  0.330368    -5.774116
>../../../../class1/tyr//data/domains/Catalytic_domain/structures/TyrRS_AF_Bact_Brachyspira_pilosicoli_95_1000_gene56440491.pdb
 0.240474  0.051340  0.969297     4.948208
 0.086993 -0.995722  0.031157     5.833250
 0.966749  0.076830 -0.243912     2.153247
>../../../../class1/tyr//data/domains/Catalytic_domain/structures/TyrRS_AF_Bact_Chlamydia_psittaci_6BC_gene12242888.pdb
-0.254006  0.783531 -0.567063     1.405582
-0.263026 -0.620154 -0.739071     5.396580
-0.930751 -0.038577  0.363612    -0.513619
>../../../../class1/tyr//data/domains/Catalytic_domain/structures/TyrRS_AF_Bact_Lactococcus_lactis_subsp_cremoris_KW2_gene61108704.pdb
-0.231692  0.792301 -0.564428     2.401071
-0.228005 -0.608283 -0.760267     5.231279
-0.945691 -0.047456  0.321583    -5.417470
>../../../../class1/tyr//data/domains/Catalytic_domain/structures/TyrRS_AF_Bact_Porphyromonas_gingivalis_ATCC_33277_gene29255602.pdb
 0.117186  0.503314  0.856120     3.269018
 0.179294 -0.858617  0.480240     9.227503
 0.976791  0.097220 -0.190859    -1.410812
>../../../../class1/tyr//data/domains/Catalytic_domain/structures/TyrRS_AF_Bact_Prochlorococcus_marinus_subsp_marinus_str_CCMP1375_gene54200747.pdb
 0.645957  0.642326  0.412500     0.263697
-0.437800  0.754384 -0.489117     4.632987
-0.625357  0.135356  0.768510    -0.888230
>../../../../class1/tyr//data/domains/Catalytic_domain/structures/TyrRS_AF_Bact_Serratia_plymuthica_AS9_gene57666950.pdb
 0.787381  0.614199  0.052825     0.073230
-0.325189  0.486618 -0.810836     5.824655
-0.523721  0.621259  0.582884    -6.661868
>../../../../class1/tyr//data/domains/Catalytic_domain/structures/TyrRS_AF_Bact_Streptobacillus_moniliformis_DSM_12112_gene29673957.pdb
 0.584228  0.806144 -0.093857     1.953342
-0.430181  0.209527 -0.878090    -1.873477
-0.688202  0.553381  0.469199    -4.744639
>../../../../class1/tyr//data/domains/Catalytic_domain/structures/TyrRS_AF_Euk_Cryptococcus_neoformans_var_neoformans_JEC21_gene3254328.pdb
-0.091420  0.947224 -0.307261     0.378064
-0.467457 -0.313265 -0.826649     5.179992
-0.879276  0.068059  0.471425    -4.827793
>../../../../class1/tyr//data/domains/Catalytic_domain/structures/TyrRS_AF_Euk_Drosophila_melanogaster_gene39829.pdb
 0.852382 -0.323254  0.411037     8.199529
 0.269175 -0.402672 -0.874872     9.741338
 0.448319  0.856366 -0.256219     1.837125
>../../../../class1/tyr//data/domains/Catalytic_domain/structures/TyrRS_AF_Euk_Plasmodium_falciparum_3D7_gene2655248.pdb
 0.081373 -0.113106 -0.990245    -1.305392
 0.020948 -0.993126  0.115157     3.064626
-0.996464 -0.030115 -0.078445     0.280056
>../../../../class1/tyr//data/domains/Catalytic_domain/structures/TyrRS_AF_Euk_Seriola_dumerili_gene111223086.pdb
 0.805340 -0.581298 -0.116276     9.596893
 0.401400  0.679050 -0.614629     9.174950
 0.436240  0.448312  0.780199     3.577117
>../../../../class1/tyr//data/domains/Catalytic_domain/structures/TyrRS_AF_Mito_Aspergillus_fumigatus_Af293_gene3509181.pdb
-0.762574 -0.448727 -0.465966    -8.650271
 0.353631  0.313991 -0.881110     3.087804
 0.541687 -0.836692 -0.080758     4.273954
>../../../../class1/tyr//data/domains/Catalytic_domain/structures/TyrRS_AF_Mito_Cyanidioschyzon_merolae_strain_10D_gene16996209.pdb
-0.176584  0.957153 -0.229512    -0.354232
-0.387367 -0.281938 -0.877757     3.995714
-0.904856 -0.066093  0.420555    -4.337430
>../../../../class1/tyr//data/domains/Catalytic_domain/structures/TyrRS_AF_Vir_Megavirus_chiliensis_gene11257765.pdb
 0.861323 -0.467411 -0.199121    -3.752942
 0.436915  0.881471 -0.179206     0.415750
 0.259282  0.067355  0.963450     2.811237
>../../../../class1/tyr//data/domains/Catalytic_domain/structures/TyrRS_PDB_Arch_M_jannashii_1U7D.pdb
 0.828033 -0.189628  0.527638    -2.392479
-0.540416 -0.520638  0.660974    16.122843
 0.149369 -0.832452 -0.533584    49.322252
>../../../../class1/tyr//data/domains/Catalytic_domain/structures/TyrRS_PDB_E_coli_Bact_1WQ4.pdb
-0.880426  0.454598 -0.134875    26.680561
 0.394657  0.544824 -0.739873    26.515467
-0.262861 -0.704633 -0.659088    51.820425
>../../../../class1/tyr//data/domains/Catalytic_domain/structures/TyrRS_PDB_Vir_Acanthamoeba_polyphaga_mimivirus_2J5B.pdb
 0.263667  0.962863 -0.058091   -80.661797
 0.407801 -0.165841 -0.897884    37.003265
-0.874173  0.213052 -0.436383    52.497831
