>structures/IleRS_AF_Arch_Candidatus_Korarchaeum_cryptofilum_OPF8_gene6094904.pdb
 0.799971  0.282707  0.529266   -15.000611
-0.284408  0.955325 -0.080413     7.058729
-0.528355 -0.086200  0.844637    -4.803684
>structures/IleRS_AF_Arch_Candidatus_Nitrosopumilus_sediminis_gene13697091.pdb
 0.483564  0.360968  0.797414   -16.874845
 0.044916 -0.920041  0.389240    12.829016
 0.874156 -0.152406 -0.461111    -7.605533
>structures/IleRS_AF_Arch_Pyrobaculum_aerophilum_str_IM2_gene1465853.pdb
-0.351721  0.920389 -0.170809   -24.310473
 0.611998  0.364157  0.702031     7.197322
 0.708343  0.142385 -0.691359    -9.173593
>structures/IleRS_AF_Arch_Thermoplasma_acidophilum_DSM_1728_gene1456418.pdb
 0.109024  0.994028  0.004603   -18.213240
-0.101568  0.015746 -0.994704    14.071045
-0.988837  0.107979  0.102679    -6.019037
>structures/IleRS_AF_Bact_Chlamydia_muridarum_str_Nigg_gene1246458.pdb
 0.031130 -0.903540 -0.427371   -10.842936
 0.678308 -0.294947  0.672981     0.313511
-0.734118 -0.310839  0.603697    -4.156599
>structures/IleRS_AF_Bact_Escherichia_coli_O157:H7_str._Sakai_gene913425.pdb
-0.871842 -0.344188 -0.348461   -12.074153
-0.358949  0.933061 -0.023536     7.205551
 0.333237  0.104560 -0.937028    -6.560220
>structures/IleRS_AF_Bact_Lactobacillus_acidophilus_La-14_gene56942445.pdb
-0.841232  0.509102 -0.182054   -12.014757
 0.383362  0.799081  0.463144     5.519777
 0.381263  0.319820 -0.867383    -5.738237
>structures/IleRS_AF_Bact_Mycoplasma_hyopneumoniae_168-L_gene57100872.pdb
-0.832864  0.500332 -0.236655   -15.176351
 0.383693  0.830092  0.404632     4.768647
 0.398896  0.246200 -0.883327    -4.220790
>structures/IleRS_AF_Bact_Orientia_tsutsugamushi_str_Ikeda_gene66653313.pdb
 0.010269 -0.999855  0.013548   -16.191683
-0.841045 -0.015965 -0.540730     7.729531
 0.540868 -0.005842 -0.841087    -4.095632
>structures/IleRS_AF_Bact_Porphyromonas_gingivalis_ATCC_33277_gene29255747.pdb
 0.037934 -0.998597  0.036951   -17.862966
-0.875861 -0.051028 -0.479857    10.864672
 0.481069 -0.014161 -0.876568    -3.071535
>structures/IleRS_AF_Bact_Streptobacillus_moniliformis_DSM_12112_gene29674186.pdb
-0.847610  0.484753 -0.215806   -18.901083
 0.341915  0.809975  0.476481     4.950247
 0.405773  0.330082 -0.852288    -5.183250
>structures/IleRS_AF_Bact_Thermus_thermophilus_HB8_gene3168241.pdb
-0.083770 -0.960591 -0.265042   -16.408585
 0.839097 -0.211463  0.501198    10.718135
-0.537493 -0.180411  0.823744    -5.709105
>structures/IleRS_AF_Bact_Treponema_pallidum_subsp_pertenue_str_SamoaD_gene57878975.pdb
 0.838960 -0.431574  0.331498   -15.058683
 0.425850  0.899914  0.093843     8.977648
-0.338820  0.062438  0.938777    -5.829743
>structures/IleRS_AF_Euk_Cyanidioschyzon_merolae_strain_10D_gene16992835.pdb
-0.385862 -0.013993 -0.922450   -13.422848
 0.382464 -0.912339 -0.146146     8.722636
-0.839543 -0.409196  0.357389    -4.656425
>structures/IleRS_AF_Euk_Homo_sapiens_gene3376.pdb
 0.853109 -0.519709 -0.045907     3.737946
 0.419938  0.631781  0.651540     3.480330
-0.309608 -0.575113  0.757224     3.304921
>structures/IleRS_AF_Euk_Ostreococcus_lucimarinus_CCE9901_gene5000489.pdb
 1.000000  0.000000  0.000000     0.000000
 0.000000  1.000000  0.000000     0.000000
 0.000000  0.000000  1.000000     0.000000
>structures/IleRS_AF_Euk_Trypanosoma_brucei_brucei_TREU927_gene3663037.pdb
 0.894433  0.299478  0.332117   -15.184162
-0.184576  0.923669 -0.335810     6.266630
-0.407334  0.239059  0.881436    -7.277000
>structures/IleRS_AF_Euk_Ustilago_maydis_521_gene23568123.pdb
-0.948023  0.035378 -0.316230   -15.135461
 0.038627  0.999246 -0.004007     3.156655
 0.315850 -0.016014 -0.948674    -4.078211
>structures/IleRS_AF_Mito_Drosophila_melanogaster_gene39762.pdb
 0.307721 -0.753605  0.580850   -16.191454
-0.563837 -0.636168 -0.526667     9.195515
 0.766417 -0.165439 -0.620673    -1.344420
>structures/IleRS_AF_Mito_Homo_sapiens_gene55699.pdb
-0.829690  0.538190 -0.148208   -14.053797
 0.412548  0.770024  0.486690     7.523767
 0.376056  0.342659 -0.860911    -5.228097
>structures/IleRS_AF_Vir_Megavirus_chiliensis_gene11256744.pdb
-0.336731 -0.924665 -0.177783   -12.600490
-0.720743  0.374612 -0.583263     2.902878
 0.605923 -0.068267 -0.792589    -0.854515
>structures/IleRS_PDB_Bact_S_aureus_1QU2.pdb
-0.333866  0.906868  0.257146   -86.644115
 0.928978  0.362799 -0.073329   -40.349813
-0.159792  0.214401 -0.963586    72.446497
>structures/IleRS_PDB_Bact_T_therm_1ILE.pdb
 0.032688 -0.971030  0.236712   -11.682384
 0.939600  0.110592  0.323915    44.195986
-0.340709  0.211827  0.915995    12.023404
>structures/IleRS_PDB_Euk_S_cere_7D5C.pdb
-0.985552 -0.156120 -0.065673     2.799482
 0.090125 -0.155107 -0.983778    45.140788
 0.143401 -0.975484  0.166937    -0.689045
