>structures/IleRS_AF_Arch_Candidatus_Korarchaeum_cryptofilum_OPF8_gene6094904.pdb
-0.088502  0.112504  0.989702     3.027201
 0.636860 -0.757589  0.143068     5.542892
 0.765883  0.642964 -0.004601    -2.177226
>structures/IleRS_AF_Arch_Candidatus_Nitrosopumilus_sediminis_gene13697091.pdb
 1.000000 -0.000000  0.000000     0.000000
 0.000000  1.000000  0.000000     0.000000
-0.000000  0.000000  1.000000     0.000000
>structures/IleRS_AF_Arch_Pyrobaculum_aerophilum_str_IM2_gene1465853.pdb
 0.477122  0.591733 -0.649774    -5.239212
-0.795113 -0.024302 -0.605974     2.608097
-0.374366  0.805768  0.458899    -7.141013
>structures/IleRS_AF_Arch_Thermoplasma_acidophilum_DSM_1728_gene1456418.pdb
-0.817027  0.574901  0.044222     0.808201
 0.284500  0.335235  0.898152    -1.862675
 0.501524  0.746396 -0.437456    -1.354869
>structures/IleRS_AF_Bact_Chlamydia_muridarum_str_Nigg_gene1246458.pdb
-0.592517 -0.724644  0.351873     5.393597
-0.498812 -0.012948 -0.866614    13.309572
 0.632543 -0.689001 -0.353789    -1.735200
>structures/IleRS_AF_Bact_Lactobacillus_acidophilus_La-14_gene56942445.pdb
-0.053213  0.564486 -0.823726     3.536170
-0.711748 -0.600030 -0.365212     7.998411
-0.700417  0.566851  0.433701     0.318311
>structures/IleRS_AF_Bact_Mycoplasma_hyopneumoniae_168-L_gene57100872.pdb
-0.030751  0.497437 -0.866955     3.216843
-0.712020 -0.619634 -0.330275     7.362750
-0.701486  0.607133  0.373239    -3.216312
>structures/IleRS_AF_Bact_Orientia_tsutsugamushi_str_Ikeda_gene66653313.pdb
 0.435452 -0.493038 -0.753190     3.281317
 0.690680 -0.353631  0.630799     4.530927
-0.577359 -0.794895  0.186542    -3.142821
>structures/IleRS_AF_Bact_Porphyromonas_gingivalis_ATCC_33277_gene29255747.pdb
 0.389350 -0.494900 -0.776841     3.242812
 0.748847 -0.320999  0.579817     0.534789
-0.536317 -0.807486  0.245623    -3.740415
>structures/IleRS_AF_Bact_Streptobacillus_moniliformis_DSM_12112_gene29674186.pdb
-0.038195  0.566202 -0.823381     0.717877
-0.682385 -0.616720 -0.392437     5.953194
-0.729994  0.546874  0.409924    -5.604826
>structures/IleRS_AF_Bact_Thermus_thermophilus_HB8_gene3168241.pdb
-0.470285 -0.628424  0.619609     1.643069
-0.721253 -0.130896 -0.680191     1.812183
 0.508553 -0.766778 -0.391695    -1.515854
>structures/IleRS_AF_Bact_Treponema_pallidum_subsp_pertenue_str_SamoaD_gene57878975.pdb
 0.126669 -0.116831  0.985041     2.368956
-0.043384 -0.992742 -0.112166     3.908486
 0.990996 -0.028527 -0.130818    -0.711887
>structures/IleRS_AF_Euk_Cyanidioschyzon_merolae_strain_10D_gene16992835.pdb
-0.901840 -0.410462 -0.134931     3.890190
-0.369269  0.894351 -0.252539     4.408873
 0.224334 -0.177924 -0.958132    -0.242106
>structures/IleRS_AF_Euk_Homo_sapiens_gene3376.pdb
 0.166588 -0.724434  0.668912    19.183450
-0.023844 -0.681153 -0.731753    14.695905
 0.985738  0.105952 -0.130745     7.559382
>structures/IleRS_AF_Euk_Ostreococcus_lucimarinus_CCE9901_gene5000489.pdb
 0.483564  0.044916  0.874156    14.232258
 0.360968 -0.920041 -0.152406    16.735363
 0.797414  0.389240 -0.461111     4.955663
>structures/IleRS_AF_Euk_Trypanosoma_brucei_brucei_TREU927_gene3663037.pdb
 0.068088  0.396573  0.915475     0.774189
 0.558436 -0.775542  0.294422     6.723478
 0.826749  0.491187 -0.274265    -1.438233
>structures/IleRS_AF_Euk_Ustilago_maydis_521_gene23568123.pdb
-0.178568  0.052563 -0.982523     3.492963
-0.429681 -0.902488  0.029811     8.938902
-0.885148  0.427495  0.183741    -3.959408
>structures/IleRS_AF_Mito_Drosophila_melanogaster_gene39762.pdb
 0.794239 -0.537061 -0.284165     5.744077
 0.513492  0.343267  0.786444     2.596539
-0.324824 -0.770541  0.548412    -3.585610
>structures/IleRS_AF_Mito_Homo_sapiens_gene55699.pdb
-0.053224  0.592342 -0.803927     3.239684
-0.736284 -0.567129 -0.369121     5.621001
-0.674576  0.572272  0.466317    -0.958526
>structures/IleRS_AF_Vir_Megavirus_chiliensis_gene11256744.pdb
 0.337724 -0.486154 -0.805976     7.367753
 0.459432 -0.662208  0.591948     9.489287
-0.821502 -0.570206 -0.000289    -3.404453
>structures/IleRS_PDB_Bact_S_aureus_1QU2.pdb
-0.246952  0.640292 -0.727352    33.792251
-0.957234 -0.044439  0.285881    13.236881
 0.150724  0.766845  0.623884  -112.651140
>structures/IleRS_PDB_Bact_T_therm_1ILE.pdb
-0.236721 -0.275958  0.931563    21.110072
-0.801503 -0.486462 -0.347776   -29.963304
 0.549142 -0.828977 -0.106025     7.235771
>structures/IleRS_PDB_Euk_S_cere_7D5C.pdb
-0.350094 -0.933775  0.074153    17.045684
-0.462548  0.241172  0.853162   -23.263069
-0.814545  0.264388 -0.516348    25.044687
