>structures/IleRS_AF_Arch_Candidatus_Korarchaeum_cryptofilum_OPF8_gene6094904.pdb
-0.470294  0.796786 -0.379415    31.622975
 0.505367  0.595608  0.624384    65.586324
 0.723483  0.101900 -0.682780    89.013296
>structures/IleRS_AF_Arch_Candidatus_Nitrosopumilus_sediminis_gene13697091.pdb
-0.250140 -0.956474  0.150289    38.090209
 0.641034 -0.047276  0.766055    65.309463
-0.725607  0.287961  0.624958    91.031740
>structures/IleRS_AF_Arch_Pyrobaculum_aerophilum_str_IM2_gene1465853.pdb
 0.586475 -0.002678  0.809963    35.788024
 0.061450  0.997260 -0.041196    56.151411
-0.807633  0.073933  0.585033    90.989917
>structures/IleRS_AF_Arch_Thermoplasma_acidophilum_DSM_1728_gene1456418.pdb
 0.001169 -0.358423 -0.933558    39.163251
-0.146531  0.923421 -0.354715    65.058104
 0.989205  0.137210 -0.051440    89.004192
>structures/IleRS_AF_Bact_Chlamydia_muridarum_str_Nigg_gene1246458.pdb
 0.723049  0.092145  0.684624    23.943293
 0.132427 -0.991172 -0.006456    66.958663
 0.677985  0.095331 -0.728868    89.933351
>structures/IleRS_AF_Bact_Escherichia_coli_O157:H7_str._Sakai_gene913425.pdb
-0.086859  0.966023  0.243423    31.642191
-0.849793  0.055674 -0.524169    67.847705
-0.519912 -0.252388  0.816083    91.728144
>structures/IleRS_AF_Bact_Lactobacillus_acidophilus_La-14_gene56942445.pdb
 0.593065  0.517446  0.616866    29.414295
-0.542339  0.822999 -0.168942    67.846036
-0.595099 -0.234357  0.768723    90.809418
>structures/IleRS_AF_Bact_Mycoplasma_hyopneumoniae_168-L_gene57100872.pdb
 0.588697  0.559289  0.583637    29.536554
-0.526139  0.813245 -0.248618    64.733911
-0.613689 -0.160713  0.773018    88.667655
>structures/IleRS_AF_Bact_Orientia_tsutsugamushi_str_Ikeda_gene66653313.pdb
-0.856925  0.346179 -0.381889    32.562366
-0.201455 -0.906904 -0.370055    64.814716
-0.474442 -0.240176  0.846889    88.031927
>structures/IleRS_AF_Bact_Porphyromonas_gingivalis_ATCC_33277_gene29255747.pdb
-0.888363  0.317313 -0.331848    35.782469
-0.202913 -0.919675 -0.336191    64.621508
-0.411870 -0.231324  0.881393    86.413303
>structures/IleRS_AF_Bact_Streptobacillus_moniliformis_DSM_12112_gene29674186.pdb
 0.551256  0.528618  0.645508    31.560526
-0.552319  0.811092 -0.192545    61.260568
-0.625349 -0.250385  0.739085    88.748336
>structures/IleRS_AF_Bact_Thermus_thermophilus_HB8_gene3168241.pdb
 0.881322  0.167812  0.441712    35.498782
 0.127023 -0.984541  0.120598    65.435572
 0.455122 -0.050178 -0.889014    89.395308
>structures/IleRS_AF_Bact_Treponema_pallidum_subsp_pertenue_str_SamoaD_gene57878975.pdb
 0.152018  0.977696 -0.144920    33.090863
 0.845434 -0.052675  0.531476    66.400788
 0.511988 -0.203314 -0.834585    89.696632
>structures/IleRS_AF_Euk_Cyanidioschyzon_merolae_strain_10D_gene16992835.pdb
 0.617381 -0.776996  0.122952    33.225253
-0.389372 -0.437634 -0.810472    67.544563
 0.683542  0.452496 -0.572728    89.543272
>structures/IleRS_AF_Euk_Homo_sapiens_gene3376.pdb
-0.701376 -0.571998 -0.425312    34.175667
 0.345981 -0.794875  0.498468    65.488529
-0.623193  0.202463  0.755407    91.152324
>structures/IleRS_AF_Euk_Ostreococcus_lucimarinus_CCE9901_gene5000489.pdb
-0.357257  0.923756 -0.137997    18.852720
 0.901208  0.379738  0.208861    77.363427
 0.245339 -0.049747 -0.968160    88.421670
>structures/IleRS_AF_Euk_Trypanosoma_brucei_brucei_TREU927_gene3663037.pdb
-0.430066  0.716115 -0.549747    31.130243
 0.652680  0.667339  0.358703    64.522356
 0.623740 -0.204543 -0.754394    91.413152
>structures/IleRS_AF_Euk_Ustilago_maydis_521_gene23568123.pdb
 0.315152  0.916242  0.247345    28.344193
-0.777759  0.398699 -0.485933    64.418978
-0.543848 -0.039232  0.838266    88.824594
>structures/IleRS_AF_Mito_Drosophila_melanogaster_gene39762.pdb
-0.744808 -0.307571 -0.592166    33.986344
 0.229429 -0.951369  0.205572    66.335378
-0.626597  0.017251  0.779153    85.516172
>structures/IleRS_AF_Mito_Homo_sapiens_gene55699.pdb
 0.611253  0.476196  0.632145    32.161561
-0.518631  0.844344 -0.134555    66.646494
-0.597823 -0.245603  0.763078    89.837565
>structures/IleRS_AF_Vir_Megavirus_chiliensis_gene11256744.pdb
-0.631673  0.683283 -0.366216    26.053404
-0.444772 -0.706334 -0.550700    66.657584
-0.634954 -0.184980  0.750077    85.967912
>structures/IleRS_PDB_Bact_S_aureus_1QU2.pdb
 0.999942  0.008309  0.006899    -0.793103
-0.008189  0.999817 -0.017275     1.285091
-0.007041  0.017218  0.999827    -0.785858
>structures/IleRS_PDB_Bact_T_therm_1ILE.pdb
 0.905809  0.414338  0.088510    62.345933
 0.310630 -0.791516  0.526318    85.978260
 0.288131 -0.449250 -0.845668    71.602697
>structures/IleRS_PDB_Euk_S_cere_7D5C.pdb
 0.410681  0.041476 -0.910835    59.700941
-0.827034 -0.403630 -0.391277    96.628160
-0.383869  0.913982 -0.131462    87.512236
