>structures/IleRS_AF_Arch_Candidatus_Korarchaeum_cryptofilum_OPF8_gene6094904.pdb
-0.376117 -0.838568  0.394132    -4.406722
-0.814314  0.096209 -0.572396     3.949695
 0.442074 -0.536235 -0.719043     1.145778
>structures/IleRS_AF_Arch_Candidatus_Nitrosopumilus_sediminis_gene13697091.pdb
 0.337724  0.459432 -0.821502    -9.644712
-0.486154 -0.662208 -0.570206     7.924501
-0.805976  0.591948 -0.000289     0.320077
>structures/IleRS_AF_Arch_Pyrobaculum_aerophilum_str_IM2_gene1465853.pdb
 0.108079 -0.483530 -0.868630    -4.427723
 0.505309 -0.725742  0.466863    13.165130
-0.856144 -0.489384  0.165894     6.120032
>structures/IleRS_AF_Arch_Thermoplasma_acidophilum_DSM_1728_gene1456418.pdb
-0.564115 -0.279226  0.777051    -9.452414
-0.072503 -0.920699 -0.383479     9.736654
 0.822507 -0.272664  0.499135    -1.554442
>structures/IleRS_AF_Bact_Chlamydia_muridarum_str_Nigg_gene1246458.pdb
-0.944987  0.326480  0.020276    -0.586156
 0.270809  0.746071  0.608309    -2.533085
 0.183473  0.580335 -0.793441     3.733718
>structures/IleRS_AF_Bact_Lactobacillus_acidophilus_La-14_gene56942445.pdb
 0.238867 -0.548145 -0.801548    -5.320437
 0.893331 -0.199535  0.402673     1.049234
-0.380660 -0.812233  0.442013     2.291297
>structures/IleRS_AF_Bact_Mycoplasma_hyopneumoniae_168-L_gene57100872.pdb
 0.246944 -0.611823 -0.751459    -2.858314
 0.884516 -0.174418  0.432677     3.519831
-0.395790 -0.771525  0.498096     2.060799
>structures/IleRS_AF_Bact_Orientia_tsutsugamushi_str_Ikeda_gene66653313.pdb
 0.931142  0.341835 -0.126980    -4.389233
-0.358950  0.920570 -0.153968     5.557250
 0.064262  0.188945  0.979883     0.323646
>structures/IleRS_AF_Bact_Porphyromonas_gingivalis_ATCC_33277_gene29255747.pdb
 0.909750  0.361950 -0.203342    -5.551337
-0.393703  0.907582 -0.145923     8.284111
 0.131733  0.212810  0.968173    -1.943310
>structures/IleRS_AF_Bact_Streptobacillus_moniliformis_DSM_12112_gene29674186.pdb
 0.292018 -0.540120 -0.789301    -2.465682
 0.880406 -0.170605  0.442469     7.252816
-0.373645 -0.824115  0.425705     3.352233
>structures/IleRS_AF_Bact_Thermus_thermophilus_HB8_gene3168241.pdb
-0.905655  0.358629  0.226219    -7.343532
 0.420626  0.827197  0.372584     6.875651
-0.053508  0.432587 -0.900003     0.032765
>structures/IleRS_AF_Bact_Treponema_pallidum_subsp_pertenue_str_SamoaD_gene57878975.pdb
-0.791931 -0.470979  0.388618    -6.433841
-0.595330  0.737041 -0.319927     4.258608
-0.135748 -0.484716 -0.864073     0.565274
>structures/IleRS_AF_Euk_Cyanidioschyzon_merolae_strain_10D_gene16992835.pdb
-0.654850  0.402659  0.639560    -6.831064
 0.565957 -0.299560  0.768086     3.599075
 0.500863  0.864945 -0.031720    -0.359975
>structures/IleRS_AF_Euk_Ostreococcus_lucimarinus_CCE9901_gene5000489.pdb
-0.336731 -0.720743  0.605923    -1.632977
-0.924665  0.374612 -0.068267   -12.797021
-0.177783 -0.583263 -0.792589    -1.224291
>structures/IleRS_AF_Euk_Trypanosoma_brucei_brucei_TREU927_gene3663037.pdb
-0.414950 -0.621067  0.664900    -5.529556
-0.868949  0.053885 -0.491960     4.081929
 0.269712 -0.781903 -0.562035     3.542714
>structures/IleRS_AF_Euk_Ustilago_maydis_521_gene23568123.pdb
 0.478375 -0.740564 -0.471934    -1.376701
 0.872622  0.340643  0.349991     2.507748
-0.098429 -0.579247  0.809188     2.643711
>structures/IleRS_AF_Mito_Drosophila_melanogaster_gene39762.pdb
 0.766662  0.608136 -0.205912    -4.221479
-0.552887  0.462273 -0.693268     5.688037
-0.326414  0.645348  0.690637    -2.896086
>structures/IleRS_AF_Mito_Homo_sapiens_gene55699.pdb
 0.214227 -0.520403 -0.826612    -5.841601
 0.897115 -0.229927  0.377252     3.315008
-0.386383 -0.822383  0.417605     0.799654
>structures/IleRS_AF_Vir_Megavirus_chiliensis_gene11256744.pdb
 1.000000 -0.000000  0.000000     0.000000
 0.000000  1.000000  0.000000     0.000000
-0.000000  0.000000  1.000000     0.000000
>structures/IleRS_PDB_Bact_S_aureus_1QU2.pdb
-0.639585 -0.446439 -0.625798   100.872427
 0.672972 -0.718636 -0.175130    45.940314
-0.371536 -0.533155  0.760070   -19.697006
>structures/IleRS_PDB_Bact_T_therm_1ILE.pdb
-0.897204  0.366191  0.246837   -22.316759
 0.334907  0.928535 -0.160188    13.410558
-0.287856 -0.061054 -0.955725   -34.552446
>structures/IleRS_PDB_Euk_S_cere_7D5C.pdb
 0.356964 -0.414419  0.837158   -35.384230
 0.934074  0.149622 -0.324221     1.752774
 0.009106  0.897703  0.440508   -26.917339
