>structures/MetRS_AF_Arch_Aciduliprofundum_boonei_T469_gene8827030.pdb
-0.247833  0.345798  0.904987    -4.054828
 0.469193 -0.774430  0.424401    -6.108572
 0.847606  0.529794  0.029683     2.825465
>structures/MetRS_AF_Arch_Candidatus_Korarchaeum_cryptofilum_OPF8_gene6093355.pdb
-0.866503 -0.459296  0.195501    -1.488274
-0.497483  0.826781 -0.262571    -3.011198
-0.041038 -0.324777 -0.944900     5.132664
>structures/MetRS_AF_Arch_Candidatus_Nitrosopumilus_sediminis_gene13696902.pdb
 0.217680 -0.290170 -0.931889    -3.440847
 0.756883 -0.552640  0.348880    -2.372983
-0.616234 -0.781275  0.099326     2.863348
>structures/MetRS_AF_Arch_Halalkalicoccus_jeotgali_B3_gene9420443.pdb
-0.343314  0.296297  0.891260    -4.944918
 0.413757 -0.804182  0.426728    -2.448830
 0.843173  0.515266  0.153492     3.413784
>structures/MetRS_AF_Bact_Bacillus_anthracis_str_Ames_Ancestor_gene45024892.pdb
 0.761472  0.647828 -0.021892    -3.853776
-0.300391  0.322756 -0.897549    -2.948544
-0.574392  0.690034  0.440372     3.572648
>structures/MetRS_AF_Bact_Brucella_suis_1330_gene45052047.pdb
-0.836210 -0.485883  0.254304    -1.896636
-0.542877  0.799098 -0.258315    -1.291888
-0.077702 -0.354061 -0.931989     2.972823
>structures/MetRS_AF_Bact_Chlamydia_psittaci_6BC_gene12243105.pdb
 0.103906  0.095732  0.989969    -3.978480
-0.187318 -0.975661  0.114009     2.841255
 0.976788 -0.197285 -0.083444     3.036413
>structures/MetRS_AF_Bact_Mycoplasma_hyopneumoniae_168-L_gene57101263.pdb
-0.110260 -0.125052  0.986004    -5.432371
 0.070633 -0.990531 -0.117728    -0.272441
 0.991390  0.056663  0.118048     1.284438
>structures/MetRS_AF_Bact_Nocardia_farcinica_IFM_10152_gene61135500.pdb
-0.424163 -0.688985  0.587695    -1.288314
-0.861925  0.108076 -0.495383     0.077503
 0.277796 -0.716672 -0.639695     2.541285
>structures/MetRS_AF_Bact_Prochlorococcus_marinus_subsp_marinus_str_CCMP1375_gene54200313.pdb
 0.081846  0.192217 -0.977934    -2.762565
 0.295483 -0.941789 -0.160382    -0.258728
-0.951836 -0.275836 -0.133879     2.612655
>structures/MetRS_AF_Bact_Streptobacillus_moniliformis_DSM_12112_gene29673607.pdb
 0.957299  0.026782  0.287857    -3.162227
-0.054621  0.994522  0.089120    -2.726242
-0.283893 -0.101038  0.953518     1.050279
>structures/MetRS_AF_Bact_Treponema_denticola_ATCC_35405_gene2740824.pdb
-0.012107 -0.327279 -0.944850    -0.512227
 0.455134 -0.843165  0.286225    -1.836815
-0.890340 -0.426569  0.159164     4.404233
>structures/MetRS_AF_Euk_Drosophila_melanogaster_gene37177.pdb
-0.234122  0.704000  0.670500    -6.247021
 0.549500 -0.473118  0.688628     5.810968
 0.802021  0.529663 -0.276081    -0.748781
>structures/MetRS_AF_Euk_Homo_sapiens_gene4141.pdb
 0.950824  0.305921  0.048441     1.153917
-0.281089  0.917960 -0.279890    -4.866872
-0.130091  0.252510  0.958809    -0.090694
>structures/MetRS_AF_Euk_Oryza_sativa_Japonica_Group_gene4341140.pdb
-0.648854  0.603860  0.462971    -8.233760
 0.607941  0.045505  0.792677     0.705320
 0.457598  0.795791 -0.396637     0.374895
>structures/MetRS_AF_Euk_Saccharomyces_cerevisiae_S288C_gene853181.pdb
 0.106502 -0.519311 -0.847923     4.288884
 0.704786 -0.562112  0.432789     2.422346
-0.701380 -0.643697  0.306137     0.555420
>structures/MetRS_AF_Euk_Scheffersomyces_stipitis_CBS_6054_gene4836672.pdb
 0.399117 -0.383529 -0.832833     3.929712
 0.775866 -0.342764  0.529664     0.064145
-0.488607 -0.857565  0.160764    -1.944025
>structures/MetRS_AF_Euk_Trypanosoma_brucei_brucei_TREU927_gene3662741.pdb
 1.000000  0.000000  0.000000     0.000000
 0.000000  1.000000  0.000000     0.000000
 0.000000  0.000000  1.000000     0.000000
>structures/MetRS_AF_Mito_Arvicanthis_niloticus_gene117706247.pdb
 0.824281 -0.399387 -0.401311    -2.395366
 0.566158  0.587816  0.577873    -1.139995
 0.005102 -0.703536  0.710642    -0.588169
>structures/MetRS_AF_Mito_Brachypodium_distachyon_gene100843706.pdb
-0.171675  0.224319  0.959275    -3.818757
 0.381978 -0.882401  0.274702    -1.588869
 0.908086  0.413582  0.065802     1.453682
>structures/MetRS_AF_Mito_Homo_sapiens_gene92935.pdb
 0.783506 -0.424551 -0.453735    -2.713469
 0.619019  0.469626  0.629497    -1.057550
-0.054168 -0.774085  0.630760    -0.854528
>structures/MetRS_AF_Vir_Megavirus_chiliensis_gene11256705.pdb
 0.305610 -0.418604 -0.855203    -3.224967
 0.774472 -0.413205  0.479015    -3.217802
-0.553892 -0.808723  0.197918     4.693566
>structures/MetRS_PDB_Arch_P_abyssi_1RQG.pdb
 0.940932  0.081043  0.328754   -54.440404
-0.019206  0.982145 -0.187145    -8.650303
-0.338050  0.169777  0.925688   -82.124765
>structures/MetRS_PDB_Bact_E_coli_1PFV.pdb
-0.060679 -0.868985  0.491105   -10.567100
-0.997821  0.040041 -0.052437     5.982529
 0.025902 -0.493216 -0.869521    35.296466
>structures/MetRS_PDB_Bact_T_therm_1WOY.pdb
-0.792860  0.330748  0.511838   -60.463366
-0.475695  0.189071 -0.859050   111.540169
-0.380903 -0.924585  0.007428   -17.652936
