>structures/MetRS_AF_Arch_Aciduliprofundum_boonei_T469_gene8827030.pdb
 0.723055  0.689127  0.047906     1.397478
-0.642204  0.696129 -0.320902     8.887161
-0.254491  0.201264  0.945900    -1.138262
>structures/MetRS_AF_Arch_Candidatus_Korarchaeum_cryptofilum_OPF8_gene6093355.pdb
-0.046002 -0.516031 -0.855334     3.394146
 0.406219 -0.791911  0.455920     5.670707
-0.912617 -0.326479  0.246051     1.503735
>structures/MetRS_AF_Arch_Candidatus_Nitrosopumilus_sediminis_gene13696902.pdb
-0.724353 -0.686413 -0.064422     0.943827
-0.592162  0.667289 -0.451741     5.102937
 0.353069 -0.289072 -0.889820     0.013252
>structures/MetRS_AF_Arch_Halalkalicoccus_jeotgali_B3_gene9420443.pdb
 0.713179  0.681823  0.162766     1.304962
-0.603644  0.715403 -0.351869     5.057175
-0.356356  0.152693  0.921789    -1.657437
>structures/MetRS_AF_Bact_Bacillus_anthracis_str_Ames_Ancestor_gene45024892.pdb
-0.430946  0.676921  0.596710     1.746292
 0.484856 -0.384002  0.785784     5.515987
 0.761052  0.627949 -0.162725    -0.484006
>structures/MetRS_AF_Bact_Brucella_suis_1330_gene45052047.pdb
-0.070645 -0.542769 -0.836906     0.912285
 0.460131 -0.762139  0.455439     4.354653
-0.885036 -0.352912  0.303586     1.441050
>structures/MetRS_AF_Bact_Chlamydia_psittaci_6BC_gene12243105.pdb
 0.999998  0.001827  0.000247    -0.077224
-0.001825  0.999978 -0.006447     0.070081
-0.000259  0.006446  0.999979    -0.125123
>structures/MetRS_AF_Bact_Mycoplasma_hyopneumoniae_168-L_gene57101263.pdb
 0.941514  0.224017  0.251729    -1.369470
-0.275644  0.941700  0.192929     3.166268
-0.193834 -0.251033  0.948373    -1.890429
>structures/MetRS_AF_Bact_Nocardia_farcinica_IFM_10152_gene61135500.pdb
 0.384512 -0.795057 -0.469080     0.264587
 0.742030 -0.036073  0.669395     3.050701
-0.549128 -0.605462  0.576085     2.278781
>structures/MetRS_AF_Bact_Prochlorococcus_marinus_subsp_marinus_str_CCMP1375_gene54200313.pdb
-0.975297 -0.075835 -0.207475     0.238321
-0.093422  0.992698  0.076312     3.250970
 0.200173  0.093810 -0.975259     0.740020
>structures/MetRS_AF_Bact_Streptobacillus_moniliformis_DSM_12112_gene29673607.pdb
-0.162773 -0.281531  0.945645    -0.901812
 0.198488 -0.948177 -0.248120     5.953724
 0.966492  0.147312  0.210218     0.251021
>structures/MetRS_AF_Bact_Treponema_denticola_ATCC_35405_gene2740824.pdb
-0.954232 -0.299068  0.000437     2.517720
-0.273755  0.872877 -0.403911     4.717994
 0.120415 -0.385544 -0.914798     2.716887
>structures/MetRS_AF_Euk_Drosophila_melanogaster_gene37177.pdb
 0.665851  0.671368 -0.325435    -4.280974
-0.711928  0.441270 -0.546296    -2.385919
-0.223160  0.595438  0.771786    -1.440373
>structures/MetRS_AF_Euk_Homo_sapiens_gene4141.pdb
 0.025402  0.116356  0.992883    -1.073049
 0.402019 -0.910541  0.096421     8.713663
 0.915279  0.396708 -0.069907     4.364504
>structures/MetRS_AF_Euk_Oryza_sativa_Japonica_Group_gene4341140.pdb
 0.267393  0.833164 -0.484085    -2.596398
-0.750288 -0.135204 -0.647138     2.120483
-0.604622  0.536244  0.588961    -4.158104
>structures/MetRS_AF_Euk_Scheffersomyces_stipitis_CBS_6054_gene4836672.pdb
-0.585018 -0.810692 -0.023071    -3.453372
-0.617033  0.463370 -0.636049     4.432553
 0.526330 -0.357864 -0.771304     8.017450
>structures/MetRS_AF_Euk_Trypanosoma_brucei_brucei_TREU927_gene3662741.pdb
 0.100251 -0.190043  0.976644    -1.994650
 0.095163 -0.975258 -0.199541     3.812910
 0.990401  0.112945 -0.079686     3.875210
>structures/MetRS_AF_Mito_Arvicanthis_niloticus_gene117706247.pdb
-0.012068 -0.841148  0.540670    -2.641455
-0.473487 -0.471440 -0.744012     4.794808
 0.880718 -0.264979 -0.392583     1.270689
>structures/MetRS_AF_Mito_Brachypodium_distachyon_gene100843706.pdb
 0.794246  0.598006  0.107527    -0.735124
-0.575665  0.797244 -0.181690     4.527436
-0.194377  0.082407  0.977459    -0.160387
>structures/MetRS_AF_Mito_Homo_sapiens_gene92935.pdb
-0.082303 -0.890510  0.447457    -2.936667
-0.518128 -0.345300 -0.782503     4.814604
 0.851334 -0.296242 -0.432979     0.946474
>structures/MetRS_AF_Vir_Megavirus_chiliensis_gene11256705.pdb
-0.665356 -0.746402  0.013605     2.888442
-0.609517  0.532632 -0.587190     5.539222
 0.431033 -0.398983 -0.809335    -0.047114
>structures/MetRS_PDB_Arch_P_abyssi_1RQG.pdb
-0.239682 -0.010797  0.970791   -85.617820
 0.180911 -0.982921  0.033734    22.863694
 0.953847  0.183713  0.237542   -45.081211
>structures/MetRS_PDB_Bact_E_coli_1PFV.pdb
 0.221818 -0.573512 -0.788594    30.076617
 0.958175 -0.021773  0.285353   -10.797977
-0.180824 -0.818908  0.544695    -8.455779
>structures/MetRS_PDB_Bact_T_therm_1WOY.pdb
-0.364886 -0.903795  0.223637   -46.690483
 0.455093  0.036416  0.889699  -107.867674
-0.812249  0.426415  0.398023   -40.435727
