>structures/MetRS_AF_Arch_Aciduliprofundum_boonei_T469_gene8827030.pdb
 0.726639  0.685637  0.043558     1.517129
-0.640983  0.699403 -0.316192     8.983022
-0.247258  0.201838  0.947695    -0.918077
>structures/MetRS_AF_Arch_Candidatus_Korarchaeum_cryptofilum_OPF8_gene6093355.pdb
-0.031873 -0.512073 -0.858350     3.497720
 0.411988 -0.789167  0.455502     5.738785
-0.910632 -0.339112  0.236121     1.809442
>structures/MetRS_AF_Arch_Candidatus_Nitrosopumilus_sediminis_gene13696902.pdb
-0.722404 -0.688251 -0.066658     0.870456
-0.592935  0.666171 -0.452376     5.267688
 0.355754 -0.287275 -0.889333    -0.051625
>structures/MetRS_AF_Arch_Halalkalicoccus_jeotgali_B3_gene9420443.pdb
 0.713960  0.681238  0.161790     1.301900
-0.602488  0.715444 -0.353763     5.211975
-0.356749  0.155096  0.921236    -1.674308
>structures/MetRS_AF_Bact_Bacillus_anthracis_str_Ames_Ancestor_gene45024892.pdb
-0.431966  0.677782  0.594994     1.716550
 0.489919 -0.377554  0.785769     5.605828
 0.757222  0.630924 -0.168967    -0.525240
>structures/MetRS_AF_Bact_Brucella_suis_1330_gene45052047.pdb
-0.064990 -0.545460 -0.835613     0.892630
 0.457599 -0.760439  0.460799     4.274468
-0.886781 -0.352428  0.299023     1.580992
>structures/MetRS_AF_Bact_Chlamydia_psittaci_6BC_gene12243105.pdb
 1.000000  0.000000  0.000000     0.000000
 0.000000  1.000000  0.000000     0.000000
 0.000000  0.000000  1.000000     0.000000
>structures/MetRS_AF_Bact_Mycoplasma_hyopneumoniae_168-L_gene57101263.pdb
 0.942663  0.213678  0.256375    -1.477273
-0.267783  0.942729  0.198884     3.360003
-0.199195 -0.256134  0.945895    -1.943649
>structures/MetRS_AF_Bact_Nocardia_farcinica_IFM_10152_gene61135500.pdb
 0.380670 -0.790994 -0.478976     0.339559
 0.744787 -0.044735  0.665801     3.215616
-0.548072 -0.610186  0.572093     2.392262
>structures/MetRS_AF_Bact_Prochlorococcus_marinus_subsp_marinus_str_CCMP1375_gene54200313.pdb
-0.973714 -0.095069 -0.206985     0.415645
-0.109292  0.992294  0.058376     3.542669
 0.199840  0.079463 -0.976601     0.775421
>structures/MetRS_AF_Bact_Streptobacillus_moniliformis_DSM_12112_gene29673607.pdb
-0.162742 -0.259153  0.952027    -0.905410
 0.213642 -0.951255 -0.222422     6.204189
 0.963261  0.167196  0.210175     0.213815
>structures/MetRS_AF_Bact_Treponema_denticola_ATCC_35405_gene2740824.pdb
-0.951658 -0.307083  0.006888     2.608409
-0.282335  0.865689 -0.413364     4.948866
 0.120974 -0.395326 -0.910540     2.742454
>structures/MetRS_AF_Euk_Drosophila_melanogaster_gene37177.pdb
 0.658518  0.675432 -0.331882    -4.429621
-0.717366  0.430087 -0.548097    -2.322607
-0.227464  0.599013  0.767752    -1.528575
>structures/MetRS_AF_Euk_Oryza_sativa_Japonica_Group_gene4341140.pdb
 0.277138  0.834887 -0.475561    -2.545058
-0.756336 -0.115693 -0.643872     2.139381
-0.592580  0.538125  0.599392    -4.039888
>structures/MetRS_AF_Euk_Scheffersomyces_stipitis_CBS_6054_gene4836672.pdb
-0.584332 -0.811348 -0.016430    -3.479743
-0.619626  0.459145 -0.636593     4.561160
 0.524042 -0.361801 -0.771025     8.105483
>structures/MetRS_AF_Euk_Trypanosoma_brucei_brucei_TREU927_gene3662741.pdb
 0.104161 -0.186016  0.977010    -2.015831
 0.092782 -0.976252 -0.195764     3.795326
 0.990223  0.111040 -0.084428     3.849528
>structures/MetRS_AF_Mito_Arvicanthis_niloticus_gene117706247.pdb
-0.006112 -0.838958  0.544162    -2.624931
-0.477348 -0.475721 -0.738802     4.936224
 0.878693 -0.264270 -0.397567     1.201894
>structures/MetRS_AF_Mito_Brachypodium_distachyon_gene100843706.pdb
 0.800322  0.589926  0.107105    -0.597213
-0.567698  0.803057 -0.181157     4.838262
-0.192881  0.084181  0.977605    -0.198861
>structures/MetRS_AF_Vir_Megavirus_chiliensis_gene11256705.pdb
-0.664989 -0.746653  0.017295     2.903316
-0.607531  0.527324 -0.594000     5.579602
 0.434392 -0.405510 -0.804279     0.021789
>structures/MetRS_PDB_Arch_P_abyssi_1RQG.pdb
-0.238406 -0.002629  0.971162   -85.971370
 0.184402 -0.981927  0.042610    22.015624
 0.953498  0.189243  0.234582   -44.890867
>structures/MetRS_PDB_Bact_E_coli_1PFV.pdb
 0.230399 -0.568705 -0.789615    29.984550
 0.959995  0.000134  0.280016   -10.675230
-0.159141 -0.822542  0.545985    -8.641569
>structures/MetRS_PDB_Bact_T_therm_1WOY.pdb
-0.361718 -0.907905  0.211823   -45.151027
 0.452324  0.027767  0.891421  -107.903527
-0.815207  0.418256  0.400623   -40.887017
