>structures/LeuRS-A_AF_Arch_Aciduliprofundum_boonei_T469_gene8828435.pdb
-0.844934  0.511814  0.155347    -0.384263
 0.433266  0.484622  0.759883    -4.190353
 0.313634  0.709357 -0.631226    -1.529590
>structures/LeuRS-A_AF_Arch_Candidatus_Korarchaeum_cryptofilum_OPF8_gene6093520.pdb
-0.121446 -0.237350 -0.963803     1.686752
 0.580182 -0.804824  0.125092    -0.453376
-0.805382 -0.543989  0.235449     0.232912
>structures/LeuRS-A_AF_Arch_Candidatus_Nitrosopumilus_koreensis_AR1_gene13725794.pdb
-0.093821 -0.804864  0.585996     2.893066
-0.921955 -0.151912 -0.356260    -1.296563
 0.375761 -0.573687 -0.727796    -0.815353
>structures/LeuRS-A_AF_Arch_Methanobrevibacter_smithii_ATCC_35061_gene5216355.pdb
-0.128625 -0.847991  0.514167     1.750190
-0.935480 -0.068328 -0.346711    -0.878937
 0.329139 -0.525588 -0.784490    -2.090905
>structures/LeuRS-A_AF_Euk_Arabidopsis_thaliana_gene837489.pdb
 0.999989 -0.000780  0.004604    -0.028134
 0.000785  0.999999 -0.001024     0.034884
-0.004603  0.001027  0.999989     0.034817
>structures/LeuRS-A_AF_Euk_Drosophila_melanogaster_gene326262.pdb
-0.126414 -0.864723  0.486080     0.145412
-0.902435 -0.103199 -0.418283     0.486440
 0.411861 -0.491533 -0.767311    -2.013011
>structures/LeuRS-A_AF_Euk_Homo_sapiens_gene51520.pdb
-0.808793  0.564373  0.165336    -3.848832
 0.395279  0.313532  0.863396     5.010332
 0.435439  0.763662 -0.476668    -2.377587
>structures/LeuRS-A_AF_Euk_Leishmania_major_strain_Friedlin_gene5650139.pdb
-0.128499 -0.790053  0.599420    -1.120246
-0.880036 -0.187808 -0.436193    -2.498006
 0.457191 -0.583562 -0.671142     0.914085
>structures/LeuRS-A_AF_Euk_Neurospora_crassa_OR74A_gene3879366.pdb
-0.206937 -0.900722  0.381939     1.199274
-0.934057  0.065750 -0.351020    -1.921500
 0.291058 -0.429392 -0.854931     0.337888
>structures/LeuRS-A_PDB_Arch_P_hori_1WKB.pdb
 0.698350 -0.408369  0.587828   -77.127100
 0.376585 -0.488775 -0.786946   -34.535184
 0.608680  0.770930 -0.187550  -104.415171
