>structures/LeuRS-A_AF_Arch_Aciduliprofundum_boonei_T469_gene8828435.pdb
-0.841532  0.517888  0.153675    -0.441559
 0.435140  0.481276  0.760938    -4.163671
 0.320121  0.707224 -0.630363    -1.427914
>structures/LeuRS-A_AF_Arch_Candidatus_Korarchaeum_cryptofilum_OPF8_gene6093520.pdb
-0.122445 -0.234120 -0.964466     1.716342
 0.579427 -0.805834  0.122051    -0.552298
-0.805774 -0.543893  0.234325     0.233435
>structures/LeuRS-A_AF_Arch_Candidatus_Nitrosopumilus_koreensis_AR1_gene13725794.pdb
-0.107449 -0.797280  0.593970     3.053962
-0.916081 -0.152754 -0.370759    -1.233408
 0.386330 -0.583962 -0.713959    -1.079069
>structures/LeuRS-A_AF_Arch_Methanobrevibacter_smithii_ATCC_35061_gene5216355.pdb
-0.146839 -0.845671  0.513107     2.120805
-0.935982 -0.049004 -0.348620    -0.855641
 0.319962 -0.531450 -0.784337    -1.935824
>structures/LeuRS-A_AF_Euk_Arabidopsis_thaliana_gene837489.pdb
 1.000000  0.000000  0.000000     0.000000
 0.000000  1.000000  0.000000     0.000000
 0.000000  0.000000  1.000000     0.000000
>structures/LeuRS-A_AF_Euk_Drosophila_melanogaster_gene326262.pdb
-0.125182 -0.863814  0.488011     0.061686
-0.898688 -0.109673 -0.424655     0.353695
 0.420345 -0.491728 -0.762570    -2.256841
>structures/LeuRS-A_AF_Euk_Leishmania_major_strain_Friedlin_gene5650139.pdb
-0.125103 -0.788882  0.601676    -1.182469
-0.881432 -0.190012 -0.432403    -2.625756
 0.455441 -0.584432 -0.671575     0.917105
>structures/LeuRS-A_AF_Euk_Neurospora_crassa_OR74A_gene3879366.pdb
-0.235774 -0.889254  0.391967     1.820870
-0.932990  0.094271 -0.347335    -1.899329
 0.271918 -0.447594 -0.851892     0.717198
>structures/LeuRS-A_PDB_Arch_P_hori_1WKB.pdb
 0.715060 -0.403900  0.570574   -79.323976
 0.331911 -0.522176 -0.785600   -27.041492
 0.615243  0.751131 -0.239328  -103.566387
