>structures/LysRS-II_AF_Arch_Aciduliprofundum_boonei_T469_gene8827564.pdb
 0.626401  0.701250 -0.340397    -1.960235
-0.584409  0.133505 -0.800401    -0.600717
-0.515837  0.700303  0.493445     1.313331
>structures/LysRS-II_AF_Arch_Archaeoglobus_sulfaticallidus_PM70-1_gene15393615.pdb
 0.997187 -0.074211  0.010527     3.373859
 0.074874  0.979787 -0.185505    -3.922555
 0.003453  0.185771  0.982587     3.836638
>structures/LysRS-II_AF_Arch_Candidatus_Woesearchaeota_archaeon_proteinMBS3172198.1.pdb
 0.636124 -0.715471 -0.288871     1.636945
 0.771288  0.579225  0.263843    -3.182047
-0.021451 -0.390640  0.920294     2.133924
>structures/LysRS-II_AF_Arch_Thermogladius_calderae_1633_gene13013549.pdb
 0.200041  0.735787 -0.646994    -0.271352
-0.464441 -0.510229 -0.723851     0.643324
-0.862715  0.445291  0.239663     0.968226
>structures/LysRS-II_AF_Bact_Chlamydia_muridarum_str_Nigg_gene1245697.pdb
 0.170111  0.709280 -0.684094    -1.653167
-0.497270 -0.537553 -0.680999     0.687047
-0.850755  0.456024  0.261260     2.326898
>structures/LysRS-II_AF_Bact_Cupriavidus_taiwanensis_LMG_19424_gene29762375.pdb
 0.990063 -0.138991  0.021364     6.493380
 0.140482  0.984403 -0.105907    -3.072543
-0.006310  0.107856  0.994147     3.892635
>structures/LysRS-II_AF_Bact_Leuconostoc_gelidum_JB7_gene61037106.pdb
 0.996573  0.013226  0.081656     1.778360
-0.013118  0.999912 -0.001861     0.041807
-0.081673  0.000783  0.996659     1.233972
>structures/LysRS-II_AF_Bact_Mycobacterium_intracellulare_ATCC_13950_gene11907187.pdb
 0.996852  0.040200  0.068331     5.726648
-0.021897  0.967989 -0.250036    -3.920080
-0.076195  0.247753  0.965822     3.280041
>structures/LysRS-II_AF_Bact_Mycoplasma_hyopneumoniae_168-L_gene57101062.pdb
 1.000000  0.000000  0.000000     0.000000
 0.000000  1.000000  0.000000     0.000000
 0.000000  0.000000  1.000000     0.000000
>structures/LysRS-II_AF_Bact_Porphyromonas_gingivalis_ATCC_33277_gene29256363.pdb
 0.591307  0.795210 -0.134152    -3.239341
-0.450385  0.187643 -0.872894    -1.040932
-0.668961  0.576568  0.469105     0.721971
>structures/LysRS-II_AF_Bact_Prochlorococcus_marinus_subsp_marinus_str_CCMP1375_gene54201108.pdb
 0.969492  0.202937  0.137486     0.725568
-0.165813  0.956026 -0.241910     0.622443
-0.180533  0.211733  0.960509     1.253775
>structures/LysRS-II_AF_Bact_Streptobacillus_moniliformis_DSM_12112_gene29673899.pdb
 0.945298  0.313948  0.088588     5.210344
-0.234935  0.843625 -0.482807    -4.887548
-0.226312  0.435584  0.871235     1.707306
>structures/LysRS-II_AF_Euk_Homo_sapiens_gene3735.pdb
 0.994571  0.078452  0.068371     5.416020
-0.054092  0.951012 -0.304385    -5.036859
-0.088901  0.299034  0.950092     2.653179
>structures/LysRS-II_AF_Euk_Ostreococcus_tauri_gene9837657.pdb
 0.986530 -0.162501  0.018779     4.917328
 0.163562  0.981722 -0.097308    -3.976306
-0.002623  0.099068  0.995077     4.620319
>structures/LysRS-II_AF_Euk_Solanum_lycopersicum_gene778357.pdb
-0.228646 -0.673333  0.703096     2.870201
-0.886377 -0.154664 -0.436366     0.036095
 0.402563 -0.722981 -0.561463     3.069047
>structures/LysRS-II_AF_Euk_Theileria_annulata_gene3864794.pdb
-0.628636 -0.718422  0.297804     6.236701
-0.766325  0.506971 -0.394622    -1.582155
 0.132527 -0.476288 -0.869245     2.003657
>structures/LysRS-II_AF_Euk_Zootoca_vivipara_gene118086243.pdb
 0.392659 -0.647228 -0.653387     2.161895
 0.884981  0.072588  0.459934     3.088701
-0.250255 -0.758832  0.601287     2.848011
>structures/LysRS-II_AF_Mito_Malus_domestica_gene103446975.pdb
 0.949665 -0.312242  0.025336     6.260653
 0.311962  0.949985  0.014430    -2.536185
-0.028574 -0.005800  0.999575     4.615867
>structures/LysRS-II_AF_Mito_Scheffersomyces_stipitis_CBS_6054_gene4837999.pdb
 0.985623 -0.168295  0.014977     6.379766
 0.166525  0.982591  0.082366    -1.833298
-0.028579 -0.078688  0.996490     5.018199
>structures/LysRS-II_PDB_Bact_G_stearothermophilus_3E9H.pdb
 0.080062  0.070365 -0.994303    31.046661
 0.824440  0.555985  0.105730    -8.462050
 0.560257 -0.828209 -0.013498  -103.679831
