>structures/LysRS-II_AF_Arch_Aciduliprofundum_boonei_T469_gene8827564.pdb
 1.000000  0.000000  0.000000     0.000000
 0.000000  1.000000  0.000000     0.000000
 0.000000  0.000000  1.000000     0.000000
>structures/LysRS-II_AF_Arch_Archaeoglobus_sulfaticallidus_PM70-1_gene15393615.pdb
 0.580460 -0.710924 -0.397055     3.851671
 0.711835  0.206230  0.671386     5.060290
-0.395420 -0.672351  0.625769     2.084691
>structures/LysRS-II_AF_Arch_Candidatus_Woesearchaeota_archaeon_proteinMBS3172198.1.pdb
-0.040893 -0.582991 -0.811449     3.280657
 0.535332 -0.698510  0.474872     2.713961
-0.843651 -0.414976  0.340658     1.239475
>structures/LysRS-II_AF_Arch_Thermogladius_calderae_1633_gene13013549.pdb
 0.842416  0.528063 -0.107168     0.455665
-0.524964  0.759514 -0.384124     1.083000
-0.121446  0.379851  0.917041    -1.762135
>structures/LysRS-II_AF_Bact_Chlamydia_muridarum_str_Nigg_gene1245697.pdb
 0.838924  0.519351 -0.162729    -1.065204
-0.538399  0.748226 -0.387664     1.041631
-0.079576  0.412833  0.907324    -0.633951
>structures/LysRS-II_AF_Bact_Cupriavidus_taiwanensis_LMG_19424_gene29762375.pdb
 0.541198 -0.719130 -0.435841     5.437427
 0.708544  0.110860  0.696904     7.352444
-0.452847 -0.685976  0.569532     0.391121
>structures/LysRS-II_AF_Bact_Leuconostoc_gelidum_JB7_gene61037106.pdb
 0.663918 -0.586199 -0.464309     2.166177
 0.647043  0.139039  0.749669     2.601111
-0.374898 -0.798147  0.471607    -1.805277
>structures/LysRS-II_AF_Bact_Mycobacterium_intracellulare_ATCC_13950_gene11907187.pdb
 0.670167 -0.671843 -0.315440     5.721717
 0.648250  0.322861  0.689588     6.315525
-0.361452 -0.666624  0.651894     1.030797
>structures/LysRS-II_AF_Bact_Mycoplasma_hyopneumoniae_168-L_gene57101062.pdb
 0.626401 -0.584409 -0.515837     1.554293
 0.701250  0.133505  0.700303     0.535084
-0.340397 -0.800401  0.493445    -1.796129
>structures/LysRS-II_AF_Bact_Porphyromonas_gingivalis_ATCC_33277_gene29256363.pdb
 0.979470  0.081659  0.184310    -0.165313
-0.105327  0.986864  0.122497    -1.421475
-0.171886 -0.139395  0.975205     0.573121
>structures/LysRS-II_AF_Bact_Prochlorococcus_marinus_subsp_marinus_str_CCMP1375_gene54201108.pdb
 0.790861 -0.546786 -0.274890     1.069953
 0.539519  0.410881  0.734913     1.925678
-0.288893 -0.729522  0.619951    -1.890723
>structures/LysRS-II_AF_Bact_Streptobacillus_moniliformis_DSM_12112_gene29673899.pdb
 0.842692 -0.526183 -0.114028     6.806633
 0.478975  0.635958  0.605095     4.691166
-0.245874 -0.564525  0.787945     1.181232
>structures/LysRS-II_AF_Euk_Ostreococcus_tauri_gene9837657.pdb
 0.513816 -0.731300 -0.448546     4.614344
 0.717648  0.079901  0.691807     6.627962
-0.470079 -0.677359  0.565871     2.002055
>structures/LysRS-II_AF_Euk_Solanum_lycopersicum_gene778357.pdb
 0.170380  0.048743  0.984172     1.736137
 0.006899 -0.998810  0.048274     4.680892
 0.985354 -0.001435 -0.170513    -1.271181
>structures/LysRS-II_AF_Euk_Theileria_annulata_gene3864794.pdb
-0.007648 -0.498685  0.866750     5.375191
-0.450338 -0.772184 -0.448250     6.075185
 0.892826 -0.393758 -0.218670    -1.676576
>structures/LysRS-II_AF_Euk_Zootoca_vivipara_gene118086243.pdb
-0.152419 -0.051386 -0.986979    -0.300873
 0.218063 -0.975784  0.017128     4.378132
-0.963959 -0.212613  0.159934    -3.562642
>structures/LysRS-II_AF_Mito_Malus_domestica_gene103446975.pdb
 0.419017 -0.746590 -0.516747     4.556236
 0.690585 -0.107453  0.715225     7.802068
-0.589506 -0.656549  0.470559     0.408244
>structures/LysRS-II_AF_Mito_Scheffersomyces_stipitis_CBS_6054_gene4837999.pdb
 0.520379 -0.649952 -0.553867     4.239368
 0.698388 -0.049304  0.714019     8.309801
-0.491386 -0.758374  0.428262    -0.068400
>structures/LysRS-II_PDB_Bact_G_stearothermophilus_3E9H.pdb
-0.727886  0.146240 -0.669922    79.699098
 0.552136 -0.454337 -0.699088   -50.721463
-0.406605 -0.878745  0.249961   -57.157079
