>structures/LysRS-II_AF_Arch_Aciduliprofundum_boonei_T469_gene8827564.pdb
 0.663539  0.647491 -0.374795    -3.776830
-0.586124  0.138572 -0.798283    -0.550178
-0.464946  0.749368  0.471458    -0.113976
>structures/LysRS-II_AF_Arch_Archaeoglobus_sulfaticallidus_PM70-1_gene15393615.pdb
 0.993311 -0.097271 -0.062218     1.407190
 0.084438  0.979443 -0.183198    -3.878362
 0.078759  0.176720  0.981105     2.798462
>structures/LysRS-II_AF_Arch_Candidatus_Woesearchaeota_archaeon_proteinMBS3172198.1.pdb
 0.628035 -0.687732 -0.364138    -0.201680
 0.777769  0.570036  0.264830    -3.172667
 0.025440 -0.449537  0.892899     0.938870
>structures/LysRS-II_AF_Arch_Thermogladius_calderae_1633_gene13013549.pdb
 0.260289  0.703056 -0.661787    -2.068438
-0.465046 -0.509385 -0.724058     0.724114
-0.846157  0.496225  0.194366    -0.284815
>structures/LysRS-II_AF_Bact_Chlamydia_muridarum_str_Nigg_gene1245697.pdb
 0.241446  0.677021 -0.695231    -3.507589
-0.499030 -0.527816 -0.687299     0.637691
-0.832270  0.512886  0.210414     0.875846
>structures/LysRS-II_AF_Bact_Cupriavidus_taiwanensis_LMG_19424_gene29762375.pdb
 0.987109 -0.152452 -0.048723     4.527580
 0.146873  0.983809 -0.102704    -3.041054
 0.063592  0.094224  0.993518     3.067716
>structures/LysRS-II_AF_Bact_Escherichia_coli_O157:H7_str._Sakai_gene916412.pdb
 0.987681 -0.143187 -0.063120     4.196639
 0.133363  0.981252 -0.139135    -3.243479
 0.081859  0.129004  0.988260     2.963195
>structures/LysRS-II_AF_Bact_Leuconostoc_gelidum_JB7_gene61037106.pdb
 1.000000  0.000000  0.000000     0.000000
 0.000000  1.000000  0.000000     0.000000
 0.000000  0.000000  1.000000     0.000000
>structures/LysRS-II_AF_Bact_Mycobacterium_intracellulare_ATCC_13950_gene11907187.pdb
 0.999947  0.008652 -0.005560     3.804319
-0.009765  0.968424 -0.249119    -3.899515
 0.003229  0.249160  0.968457     2.353557
>structures/LysRS-II_AF_Bact_Mycoplasma_hyopneumoniae_168-L_gene57101062.pdb
 0.996573 -0.013118 -0.081673    -1.670935
 0.013226  0.999912  0.000783    -0.066290
 0.081656 -0.001861  0.996659    -1.374985
>structures/LysRS-II_AF_Bact_Porphyromonas_gingivalis_ATCC_33277_gene29256363.pdb
 0.649192  0.743684 -0.159638    -4.936851
-0.442104  0.198146 -0.874804    -1.161132
-0.618946  0.638492  0.457421    -0.917192
>structures/LysRS-II_AF_Bact_Prochlorococcus_marinus_subsp_marinus_str_CCMP1375_gene54201108.pdb
 0.982530  0.174987  0.063356    -1.077747
-0.155261  0.958435 -0.239366     0.601629
-0.102609  0.225347  0.968860    -0.034375
>structures/LysRS-II_AF_Bact_Streptobacillus_moniliformis_DSM_12112_gene29673899.pdb
 0.961053  0.275105  0.026373     3.370941
-0.228171  0.843680 -0.485944    -4.837761
-0.155936  0.461000  0.873592     0.718795
>structures/LysRS-II_AF_Euk_Homo_sapiens_gene3735.pdb
 0.998916  0.046530 -0.001426     3.525961
-0.044810  0.952791 -0.300301    -4.996289
-0.012614  0.300039  0.953844     1.778175
>structures/LysRS-II_AF_Euk_Ostreococcus_tauri_gene9837657.pdb
 0.982286 -0.179174 -0.054869     2.891956
 0.173478  0.980221 -0.095244    -3.940121
 0.070849  0.084038  0.993941     3.668896
>structures/LysRS-II_AF_Euk_Saccharomyces_cerevisiae_S288C_gene851607.pdb
 0.876680 -0.441004 -0.192216     2.123464
 0.469237  0.871974  0.139566    -1.967116
 0.106058 -0.212550  0.971378     4.508112
>structures/LysRS-II_AF_Euk_Solanum_lycopersicum_gene778357.pdb
-0.249123 -0.617071  0.746432     0.917199
-0.887195 -0.163656 -0.431396     0.058984
 0.388360 -0.769701 -0.506692     1.997857
>structures/LysRS-II_AF_Euk_Theileria_annulata_gene3864794.pdb
-0.629300 -0.686768  0.363773     4.386272
-0.771922  0.498088 -0.395025    -1.528769
 0.090099 -0.529394 -0.843578     1.191479
>structures/LysRS-II_AF_Euk_Zootoca_vivipara_gene118086243.pdb
 0.402766 -0.588614 -0.700938     0.202646
 0.887936  0.065405  0.455293     3.095786
-0.222147 -0.805764  0.548994     1.674928
>structures/LysRS-II_AF_Mito_Malus_domestica_gene103446975.pdb
 0.946354 -0.318892 -0.052167     4.184049
 0.320086  0.947250  0.016200    -2.464812
 0.044249 -0.032029  0.998507     3.792941
>structures/LysRS-II_AF_Mito_Scheffersomyces_stipitis_CBS_6054_gene4837999.pdb
 0.983411 -0.169524 -0.064533     4.320615
 0.174501  0.981284  0.081434    -1.894820
 0.049520 -0.091344  0.994587     4.071337
>structures/LysRS-II_PDB_Bact_G_stearothermophilus_3E9H.pdb
 0.025342  0.130903 -0.991071    37.721407
 0.825647  0.556203  0.094577    -8.223008
 0.563617 -0.820672 -0.093984  -102.189097
