>../../../../class2/pyl//data/domains/Catalytic_domain/structures/PylRS_AF_Arch_Candidatus_Methanomassiliicoccus_intestinalis_Issoire-Mx1_gene16153983.pdb
 0.247188 -0.123284  0.961093    16.960401
 0.945417  0.248036 -0.211340    39.594803
-0.212331  0.960874  0.177866    29.433158
>../../../../class2/pyl//data/domains/Catalytic_domain/structures/PylRS_AF_Arch_Methanosalsum_zhilinae_DSM_4017_gene10822650.pdb
-0.773745  0.630317  0.063395    11.340539
 0.384435  0.546724 -0.743843    40.236926
-0.503517 -0.551174 -0.665341    27.431829
>../../../../class2/pyl//data/domains/Catalytic_domain/structures/PylRS_AF_Arch_Unclassified_Candidatus_Bathyarchaeota_proteinUCH69683.1.pdb
 0.358792 -0.758588 -0.543886    16.097438
-0.557732 -0.641458  0.526751    38.208144
-0.748467  0.114349 -0.653239    30.772604
>../../../../class2/pyl//data/domains/Catalytic_domain/structures/PylRS_AF_Bact_Unclassified_Actinobacteria_proteinMBU2601214.1.pdb
 0.381714 -0.768140 -0.514058    16.267297
-0.557225 -0.634984  0.535066    37.628783
-0.737424  0.082204 -0.670409    30.491872
>../../../../class2/pyl//data/domains/Catalytic_domain/structures/PylRS_AF_Bact_Unclassified_Aerophobetes_proteinMCD6471581.1.pdb
 0.185307 -0.774222 -0.605179    16.889863
-0.609797 -0.573526  0.547006    38.184606
-0.770590  0.267672 -0.578397    30.412948
>../../../../class2/pyl//data/domains/Catalytic_domain/structures/PylRS_AF_Bact_unclassified_Desulfosarcina_proteinMBC2741817.pdb
 0.119383 -0.639920 -0.759111    11.323739
-0.829095 -0.484887  0.278364    43.466347
-0.546214  0.596143 -0.588441    30.562656
>../../../../class2/pyl//data/domains/Catalytic_domain/structures/PylRS_AF_Bact_unclassified_Lachnospiraceae_proteinHCE77498.1.pdb
-0.966437  0.031144 -0.255008    11.536839
 0.256897  0.123332 -0.958537    37.080218
 0.001599 -0.991877 -0.127194    32.184066
>../../../../class2/pyl//data/domains/Catalytic_domain/structures/PylRS_PDB_Arch_M_mazei_2Q7E.pdb
 1.000000 -0.000000  0.000000     0.000000
 0.000000  1.000000  0.000000     0.000000
-0.000000  0.000000  1.000000     0.000000
>../../../../class2/pyl//data/domains/Catalytic_domain/structures/PylRS_PDB_Bact_D_hafniense_2ZNJ.pdb
 0.005354  0.406821  0.913492    42.190499
-0.552403  0.762676 -0.336417    47.409343
-0.833560 -0.502815  0.228813    78.111234
>../../../../class2/thr//data/domains/Catalytic_domain/structures/ThrRS_AF_Arch_Candidatus_Methanomethylophilus_alvus_Mx1201_gene15140074.pdb
 0.586797  0.611455  0.530841    15.365464
-0.551861 -0.177748  0.814773    30.222411
 0.592553 -0.771057  0.233136    27.665298
>../../../../class2/thr//data/domains/Catalytic_domain/structures/ThrRS_AF_Arch_Candidatus_Nitrosopumilus_koreensis_AR1_gene13725077.pdb
-0.560993  0.722272  0.404488    12.015884
 0.811808  0.575638  0.098029    38.013172
-0.162035  0.383360 -0.909274    24.379363
>../../../../class2/thr//data/domains/Catalytic_domain/structures/ThrRS_AF_Arch_Pyrococcus_furiosus_DSM_3638_gene1469226.pdb
-0.722994  0.681278  0.114628    12.341080
 0.689294  0.722506  0.053459    37.531108
-0.046399  0.117663 -0.991969    26.538770
>../../../../class2/thr//data/domains/Catalytic_domain/structures/ThrRS_AF_Arch_Sulfolobus_islandicus_M164_gene7940156.pdb
-0.167472  0.519632 -0.837816    20.204692
-0.969710 -0.240091  0.044926    34.589993
-0.177807  0.819962  0.544101    25.362637
>../../../../class2/thr//data/domains/Catalytic_domain/structures/ThrRS_AF_Bact_Bifidobacterium_longum_subsp_longum_JCM_1217_gene69578309.pdb
-0.870190 -0.483539 -0.094650    11.854783
-0.466536  0.746824  0.473919    29.683394
-0.158471  0.456557 -0.875467    29.987923
>../../../../class2/thr//data/domains/Catalytic_domain/structures/ThrRS_AF_Bact_Brachyspira_pilosicoli_95_1000_gene56439092.pdb
-0.240775 -0.488190 -0.838867    14.108426
-0.666455 -0.545168  0.508556    27.933493
-0.705596  0.681515 -0.194094    28.965415
>../../../../class2/thr//data/domains/Catalytic_domain/structures/ThrRS_AF_Bact_Brucella_abortus_2308_gene3787745.pdb
 0.574696 -0.614021  0.541020    13.331168
 0.745058  0.119083 -0.656283    28.146397
 0.338545  0.780255  0.525918    29.087357
>../../../../class2/thr//data/domains/Catalytic_domain/structures/ThrRS_AF_Bact_Lactobacillus_acidophilus_La-14_gene56943112.pdb
-0.768545  0.569946 -0.290689     9.690964
 0.467143  0.189433 -0.863650    26.368177
-0.437168 -0.799548 -0.411834    30.187963
>../../../../class2/thr//data/domains/Catalytic_domain/structures/ThrRS_AF_Bact_Mycoplasma_hyopneumoniae_168-L_gene57101460.pdb
 0.822616  0.288106  0.490202    15.983277
-0.565562  0.325629  0.757698    31.367546
 0.058673 -0.900534  0.430809    29.499696
>../../../../class2/thr//data/domains/Catalytic_domain/structures/ThrRS_AF_Bact_Porphyromonas_gingivalis_ATCC_33277_gene29256174.pdb
 0.253418 -0.887316 -0.385293    12.475971
-0.598426 -0.456734  0.658240    30.311800
-0.760043  0.063759 -0.646737    30.548008
>../../../../class2/thr//data/domains/Catalytic_domain/structures/ThrRS_AF_Bact_Prochlorococcus_marinus_subsp_marinus_str_CCMP1375_gene54200406.pdb
-0.307977  0.662017  0.683289     9.928440
 0.462076 -0.523718  0.715685    28.826295
 0.831647  0.536145 -0.144609    28.420033
>../../../../class2/thr//data/domains/Catalytic_domain/structures/ThrRS_AF_Bact_Streptobacillus_moniliformis_DSM_12112_gene29674242.pdb
-0.603069  0.797338 -0.023670    12.576307
 0.757254  0.562920 -0.331191    28.470625
-0.250747 -0.217655 -0.943267    29.102481
>../../../../class2/thr//data/domains/Catalytic_domain/structures/ThrRS_AF_Euk_Arabidopsis_thaliana_gene832741.pdb
-0.934575 -0.343580  0.092318    10.783073
-0.353026  0.927755 -0.121007    30.450401
-0.044073 -0.145681 -0.988349    31.621515
>../../../../class2/thr//data/domains/Catalytic_domain/structures/ThrRS_AF_Euk_Cercospora_beticola_gene35433465.pdb
-0.562831 -0.799119  0.211258    12.032468
-0.382397  0.025146 -0.923656    28.645824
 0.732799 -0.600647 -0.319734    31.090549
>../../../../class2/thr//data/domains/Catalytic_domain/structures/ThrRS_AF_Euk_Cryptococcus_gattii_WM276_gene10188143.pdb
-0.988810 -0.137626  0.057559    11.462457
-0.099258  0.895011  0.434859    27.627917
-0.111364  0.424280 -0.898657    31.727551
>../../../../class2/thr//data/domains/Catalytic_domain/structures/ThrRS_AF_Euk_Cyanidioschyzon_merolae_strain_10D_gene16997242.pdb
 0.360927 -0.318611  0.876481    11.086218
 0.878668 -0.198777 -0.434085    27.433148
 0.312528  0.926809  0.208209    30.193823
>../../../../class2/thr//data/domains/Catalytic_domain/structures/ThrRS_AF_Mito_Cyanidioschyzon_merolae_strain_10D_gene16995590.pdb
-0.472747  0.716957  0.512330    12.518108
 0.879533  0.348180  0.324335    28.808366
 0.054151  0.603940 -0.795188    28.704929
>../../../../class2/thr//data/domains/Catalytic_domain/structures/ThrRS_AF_Mito_Oryza_sativa_Japonica_Group_gene4345200.pdb
 0.404409 -0.331778 -0.852277    10.497641
 0.790039 -0.342740  0.508299    28.346168
-0.460752 -0.878893  0.123511    31.241690
>../../../../class2/thr//data/domains/Catalytic_domain/structures/ThrRS_PDB_Bact_E_coli_1evk.pdb
-0.053233 -0.473505  0.879181    31.557022
-0.351711 -0.815122 -0.460300   100.123845
 0.934594 -0.333721 -0.123146    16.601491
>../../../../class2/thr//data/domains/Catalytic_domain/structures/ThrRS_PDB_Bact_S_aureus_1nyr.pdb
 0.432392 -0.509966  0.743621    -5.786226
-0.416671  0.618360  0.666345   -29.220738
-0.799639 -0.597967  0.054887    66.580769
