>../../../../class2/his//data/domains/Catalytic_domain/structures/HisRS_AF_Arch_Candidatus_Methanomassiliicoccus_intestinalis_Issoire-Mx1_gene16154026.pdb
-0.310062  0.115381 -0.943689    17.978850
-0.113058  0.981090  0.157100    -3.118229
 0.943970  0.155402 -0.291154   -22.440068
>../../../../class2/his//data/domains/Catalytic_domain/structures/HisRS_AF_Arch_Candidatus_Nitrosopumilus_koreensis_AR1_gene13725657.pdb
 0.363024  0.216830  0.906200    18.527933
-0.110663  0.975697 -0.189128    -3.641679
-0.925185 -0.031625  0.378196   -26.104777
>../../../../class2/his//data/domains/Catalytic_domain/structures/HisRS_AF_Arch_Desulfurococcus_amylolyticus_1221n_gene7171287.pdb
-0.514923 -0.856206 -0.042022    19.042529
 0.762710 -0.479969  0.433479    -1.322586
-0.391316  0.191158  0.900183   -27.542478
>../../../../class2/his//data/domains/Catalytic_domain/structures/HisRS_AF_Arch_Methanoregula_formicica_SMSP_gene14310605.pdb
-0.255618  0.519205 -0.815528    16.654392
 0.265438  0.848826  0.457205    -0.758218
 0.929625 -0.099602 -0.354792   -22.820594
>../../../../class2/his//data/domains/Catalytic_domain/structures/HisRS_AF_Bact_Chlamydia_muridarum_str_Nigg_gene1246198.pdb
-0.282673  0.623133  0.729247    20.872062
-0.379406  0.625621 -0.681652    -2.517748
-0.880992 -0.469365  0.059574   -25.263805
>../../../../class2/his//data/domains/Catalytic_domain/structures/HisRS_AF_Bact_Lacticaseibacillus_paracasei_gene61269730.pdb
 0.203987 -0.564242  0.800013    22.733150
 0.510188  0.758721  0.405032     0.554894
-0.835523  0.325535  0.442639   -28.305739
>../../../../class2/his//data/domains/Catalytic_domain/structures/HisRS_AF_Bact_Paracoccus_denitrificans_PD1222_gene75501415.pdb
-0.646157 -0.693453 -0.318753    18.546843
 0.693627 -0.707806  0.133765    -3.277603
-0.318374 -0.134663  0.938352   -26.106940
>../../../../class2/his//data/domains/Catalytic_domain/structures/HisRS_AF_Bact_Prochlorococcus_marinus_subsp_marinus_str_CCMP1375_gene54200127.pdb
-0.810356 -0.566519 -0.149596    15.858685
 0.512329 -0.808963  0.288268     3.735900
-0.284327  0.156957  0.945792   -24.442770
>../../../../class2/his//data/domains/Catalytic_domain/structures/HisRS_AF_Bact_Streptobacillus_moniliformis_DSM_12112_gene29674169.pdb
 0.207166 -0.471475  0.857201    22.175562
 0.491529  0.807749  0.325484    -0.593124
-0.845861  0.353910  0.399082   -30.067663
>../../../../class2/his//data/domains/Catalytic_domain/structures/HisRS_AF_Bact_Streptomyces_albidoflavus_gene15149169.pdb
 0.189162 -0.472324  0.860888    19.207343
 0.179423  0.878582  0.442608    -1.550480
-0.965414  0.070738  0.250940   -24.620923
>../../../../class2/his//data/domains/Catalytic_domain/structures/HisRS_AF_Bact_Thermus_thermophilus_HB8_gene3168691.pdb
 0.181541 -0.677780  0.712500    22.965073
 0.681000  0.609340  0.406132     0.342002
-0.709423  0.411483  0.572189   -26.965781
>../../../../class2/his//data/domains/Catalytic_domain/structures/HisRS_AF_Bact_Treponema_denticola_ATCC_35405_gene2741405.pdb
-0.453862  0.862992  0.221931    19.605585
-0.701842 -0.192757 -0.685757    -0.794495
-0.549024 -0.467000  0.693169   -23.766192
>../../../../class2/his//data/domains/Catalytic_domain/structures/HisRS_AF_Euk_Arabidopsis_thaliana_gene823753.pdb
 0.287801 -0.488249  0.823883    19.123489
 0.197068  0.872063  0.447962    -1.927761
-0.937195  0.033437  0.347199   -25.785120
>../../../../class2/his//data/domains/Catalytic_domain/structures/HisRS_AF_Euk_Cryptococcus_gattii_WM276_gene10186972.pdb
 0.940955 -0.338312 -0.012175    19.164766
-0.312022 -0.852760 -0.418859    -1.076785
 0.131322  0.397926 -0.907970   -26.675902
>../../../../class2/his//data/domains/Catalytic_domain/structures/HisRS_AF_Euk_Plasmodium_falciparum_3D7_gene812010.pdb
 0.852140  0.063272  0.519475    12.759798
 0.140852  0.928301 -0.344118   -12.805511
-0.504002  0.366406  0.782131   -17.518060
>../../../../class2/his//data/domains/Catalytic_domain/structures/HisRS_AF_Euk_Platysiphonia_delicata_gene33353157.pdb
 0.202444 -0.548223  0.811461    23.138660
 0.486392  0.775476  0.402566     1.133896
-0.849964  0.313191  0.423641   -30.493922
>../../../../class2/his//data/domains/Catalytic_domain/structures/HisRS_PDB_Arch_T_acidophilum_1WU7.pdb
 0.947306  0.029169 -0.318998    31.326695
-0.312489 -0.134818 -0.940306    74.120366
-0.070434  0.990441 -0.118599   -63.784224
>../../../../class2/his//data/domains/Catalytic_domain/structures/HisRS_PDB_Bact_B_thailandensis_4e51.pdb
-0.722056 -0.351286 -0.596015    50.332948
-0.647074  0.647753  0.402132   -16.797768
 0.244808  0.676028 -0.695022     4.499531
>../../../../class2/his//data/domains/Catalytic_domain/structures/HisRS_PDB_Bact_E_coli_1HTT.pdb
-0.224726  0.120931  0.966889    -9.278809
-0.974341 -0.015070 -0.224573    -9.788270
-0.012587 -0.992547  0.121215   -12.803274
>../../../../class2/phe2//data/domains/Catalytic_domain/structures/PheRS-Bβ_AF_Bact_Brachyspira_pilosicoli_95_1000_gene56440382.pdb
 1.000000  0.000000  0.000000     0.000000
 0.000000  1.000000  0.000000     0.000000
 0.000000  0.000000  1.000000     0.000000
>../../../../class2/phe2//data/domains/Catalytic_domain/structures/PheRS-Bβ_AF_Bact_Chlamydia_psittaci_6BC_gene12242429.pdb
-0.133223  0.564406 -0.814676     0.779399
-0.516415 -0.741128 -0.429004     4.640606
-0.845912  0.363558  0.390203     0.983024
>../../../../class2/phe2//data/domains/Catalytic_domain/structures/PheRS-Bβ_AF_Bact_Ferrimonas_balearica_DSM_9799_gene67181907.pdb
 0.183653 -0.690073 -0.700050     1.665981
 0.621914 -0.469943  0.626400     1.983607
-0.761246 -0.550411  0.342859     3.696808
>../../../../class2/phe2//data/domains/Catalytic_domain/structures/PheRS-Bβ_AF_Bact_Lacticaseibacillus_paracasei_gene61269867.pdb
 0.962182  0.251462 -0.104752    -4.716957
-0.261895  0.959718 -0.101744     1.759383
 0.074947  0.125330  0.989280     0.007985
>../../../../class2/phe2//data/domains/Catalytic_domain/structures/PheRS-Bβ_AF_Bact_Mycobacterium_intracellulare_ATCC_13950_gene11909688.pdb
-0.221506 -0.213761 -0.951442     0.396055
 0.109492 -0.974961  0.193554     2.584595
-0.968993 -0.061302  0.239365     2.882728
>../../../../class2/phe2//data/domains/Catalytic_domain/structures/PheRS-Bβ_AF_Bact_Mycoplasma_hyopneumoniae_168-L_gene57101148.pdb
 0.608367  0.765266 -0.210375    -3.656908
-0.768746  0.502304 -0.395879    -3.234037
-0.197280  0.402564  0.893881     7.831739
>../../../../class2/phe2//data/domains/Catalytic_domain/structures/PheRS-Bβ_AF_Bact_Porphyromonas_gingivalis_ATCC_33277_gene29257179.pdb
-0.739261 -0.668957 -0.077394     3.259662
-0.629873  0.727532 -0.271950    -1.213612
 0.238230 -0.152294 -0.959194     1.034202
>../../../../class2/phe2//data/domains/Catalytic_domain/structures/PheRS-Bβ_AF_Bact_Prochlorococcus_marinus_subsp_marinus_str_CCMP1375_gene54200309.pdb
 0.021770  0.494905 -0.868674     0.896399
-0.574580 -0.704857 -0.415974     4.338705
-0.818159  0.508179  0.269018     2.482330
>../../../../class2/phe2//data/domains/Catalytic_domain/structures/PheRS-Bβ_AF_Euk_Didymosphenia_geminata_gene19740299.pdb
 0.545599  0.818468 -0.180090     3.295968
-0.689842  0.316600 -0.651062     1.363111
-0.475857  0.479453  0.737350    -0.290091
>../../../../class2/phe2//data/domains/Catalytic_domain/structures/PheRS-Bβ_AF_Euk_Gracilariopsis_tenuifrons_gene68635617.pdb
-0.661274  0.740417  0.120414     7.727136
 0.294245  0.108366  0.949567    -8.570159
 0.690027  0.663355 -0.289524     2.807797
>../../../../class2/phe2//data/domains/Catalytic_domain/structures/PheRS-Bβ_PDB_Bact.B_E_coli_3PCO.pdb
-0.516324 -0.142725  0.844416   -48.215353
-0.807017  0.411054 -0.423979     8.964808
-0.286589 -0.900369 -0.327418     2.757469
>../../../../class2/phe2//data/domains/Catalytic_domain/structures/PheRS-Bβ_PDB_Bact.B_T_thermophilus_1PYS.pdb
 0.640537 -0.236185 -0.730704    26.315288
-0.758865 -0.048932 -0.649407    26.626503
 0.117626  0.970475 -0.210575   -58.605791
