>structures/AspRS_AF_Arch_Candidatus_Methanomassiliicoccus_intestinalis_Issoire-Mx1_gene16154434.pdb
 0.163857  0.347009  0.923437    -3.287451
-0.147184 -0.917012  0.370711     5.208193
 0.975442 -0.196659 -0.099185     1.991424
>structures/AspRS_AF_Arch_unclassified_Euryarchaeota_proteinHHT76046.1.pdb
 0.147572  0.114270  0.982428    -6.150721
 0.047053 -0.992990  0.108431     0.985943
 0.987931  0.030225 -0.151914    -2.450909
>structures/AspRS_AF_Bact_Bacillus_anthracis_str_Ames_Ancestor_gene45024275.pdb
 1.000000  0.000000  0.000000     0.000000
 0.000000  1.000000  0.000000     0.000000
 0.000000  0.000000  1.000000     0.000000
>structures/AspRS_AF_Bact_Brachyspira_pilosicoli_95_1000_gene56440011.pdb
 0.191522 -0.167822  0.967034    -6.144340
-0.074534 -0.984915 -0.156163     2.846022
 0.978654 -0.042169 -0.201141    -2.099548
>structures/AspRS_AF_Bact_Chlamydia_muridarum_str_Nigg_gene1246197.pdb
 0.173722 -0.639962  0.748511    -6.175851
-0.644307 -0.648680 -0.405071     2.352887
 0.744775 -0.411901 -0.525022    -1.906400
>structures/AspRS_AF_Bact_Mycoplasma_hyopneumoniae_168-L_gene57101115.pdb
-0.107860  0.721982  0.683454    -6.061212
 0.153903 -0.667051  0.728942     7.479684
 0.982181  0.183809 -0.039167     2.352950
>structures/AspRS_AF_Bact_Nocardia_cyriacigeorgica_GUH-2_gene45501717.pdb
-0.931524  0.362650 -0.027350   -10.104606
 0.291055  0.788485  0.541829     3.415751
 0.218059  0.496767 -0.840043    -4.238135
>structures/AspRS_AF_Bact_Porphyromonas_gingivalis_ATCC_33277_gene29255515.pdb
 0.106415 -0.621686 -0.776004    -3.937434
 0.992787  0.109772  0.048200     3.038463
 0.055219 -0.775536  0.628883    -3.160601
>structures/AspRS_AF_Bact_Prochlorococcus_marinus_subsp_marinus_str_CCMP1375_gene54201182.pdb
 0.133599 -0.474387  0.870119    -1.599142
-0.689661 -0.675023 -0.262130     0.608462
 0.711701 -0.565067 -0.417349     1.451418
>structures/AspRS_AF_Bact_Xylella_fastidiosa_Temecula1_gene58016479.pdb
-0.954548  0.284465 -0.088982    -4.628070
 0.201707  0.836313  0.509798     0.761181
 0.219437  0.468678 -0.855680    -3.757006
>structures/AspRS_AF_Mito_Oryza_sativa_Japonica_Group_gene4324505.pdb
-0.176480  0.149908 -0.972822    -8.925953
 0.120927 -0.977545 -0.172573     4.872874
-0.976848 -0.148096  0.154390    -6.764284
>structures/AspRS_AF_Mito_Oryzias_melastigma_gene112147132.pdb
-0.439432  0.567800  0.696062    -5.032851
 0.470410 -0.514677  0.716814     0.246305
 0.765254  0.642426 -0.040933    -2.537846
>structures/AspRS_PDB_Bact_E_coli_1c0a.pdb
 0.495993  0.827526  0.263042   -63.896872
 0.759607 -0.560273  0.330290   -19.133965
 0.420699  0.035987 -0.906486   -33.355770
