>structures/LeuRS-A_AF_Arch_Aciduliprofundum_boonei_T469_gene8828435.pdb
-0.209998 -0.287208 -0.934565     3.680823
 0.557100 -0.820673  0.127026     1.916365
-0.803455 -0.493971  0.332344     0.308594
>structures/LeuRS-A_AF_Arch_Candidatus_Korarchaeum_cryptofilum_OPF8_gene6093520.pdb
-0.811938  0.574436  0.103825     0.612935
 0.470961  0.539538  0.697921    -1.316507
 0.344893  0.615566 -0.708609    -2.116653
>structures/LeuRS-A_AF_Arch_Candidatus_Nitrosopumilus_koreensis_AR1_gene13725794.pdb
 0.998780  0.049103  0.005245     0.661226
-0.048395  0.994415 -0.093788    -1.037113
-0.009821  0.093420  0.995578    -0.542157
>structures/LeuRS-A_AF_Arch_Methanobrevibacter_smithii_ATCC_35061_gene5216355.pdb
 0.999994  0.003026 -0.001391     0.025829
-0.003026  0.999995 -0.000469     0.019384
 0.001389  0.000473  0.999999    -0.010575
>structures/LeuRS-A_AF_Euk_Arabidopsis_thaliana_gene837489.pdb
-0.109822 -0.941098  0.319804     0.000503
-0.866534 -0.066956 -0.494606     1.173264
 0.486886 -0.331440 -0.808140    -2.262718
>structures/LeuRS-A_AF_Euk_Drosophila_melanogaster_gene326262.pdb
 0.994529  0.030332  0.099964    -0.702279
-0.031109  0.999497  0.006221     0.981025
-0.099725 -0.009296  0.994972    -0.712390
>structures/LeuRS-A_AF_Euk_Homo_sapiens_gene51520.pdb
-0.179771 -0.123241 -0.975958    -4.742277
 0.426776 -0.903660  0.035499     4.773736
-0.886310 -0.410134  0.215048    -3.578986
>structures/LeuRS-A_AF_Euk_Leishmania_major_strain_Friedlin_gene5650139.pdb
 0.990933  0.016561  0.133335     2.935610
-0.011323  0.999138 -0.039948     1.677704
-0.133882  0.038076  0.990266    -3.410440
>structures/LeuRS-A_AF_Euk_Neurospora_crassa_OR74A_gene3879366.pdb
 0.986290 -0.164715 -0.010085     1.671021
 0.163358  0.965851  0.201110     0.155990
-0.023386 -0.200000  0.979517    -2.045205
>structures/LeuRS-A_PDB_Arch_P_hori_1WKB.pdb
-0.244643  0.770263  0.588935     8.285409
-0.926386 -0.006344 -0.376522   120.659256
-0.286285 -0.637694  0.715113    56.599409
