>structures/LeuRS-A_AF_Arch_Aciduliprofundum_boonei_T469_gene8828435.pdb
 1.000000  0.000000  0.000000     0.000000
 0.000000  1.000000  0.000000     0.000000
 0.000000  0.000000  1.000000     0.000000
>structures/LeuRS-A_AF_Arch_Candidatus_Korarchaeum_cryptofilum_OPF8_gene6093520.pdb
 0.151944 -0.310306  0.938415     0.763316
-0.326744 -0.911829 -0.248610     4.674313
 0.932819 -0.268847 -0.239937     1.605272
>structures/LeuRS-A_AF_Arch_Candidatus_Nitrosopumilus_koreensis_AR1_gene13725794.pdb
-0.224905  0.472540 -0.852129    -0.294930
-0.242068 -0.874213 -0.420897     3.666680
-0.943833  0.111612  0.311002     2.177768
>structures/LeuRS-A_AF_Arch_Methanobrevibacter_smithii_ATCC_35061_gene5216355.pdb
-0.207579  0.557482 -0.803819    -0.070346
-0.281924 -0.820946 -0.496555     2.695863
-0.936712  0.123541  0.327578     3.005935
>structures/LeuRS-A_AF_Euk_Arabidopsis_thaliana_gene837489.pdb
-0.847377  0.438109  0.300020     2.586404
 0.507053  0.499897  0.702140     3.158094
 0.157635  0.747104 -0.645746     2.695468
>structures/LeuRS-A_AF_Euk_Drosophila_melanogaster_gene326262.pdb
-0.167672  0.549021 -0.818817     1.358871
-0.213252 -0.831110 -0.513595     2.599032
-0.962502  0.088499  0.256434     3.704469
>structures/LeuRS-A_AF_Euk_Leishmania_major_strain_Friedlin_gene5650139.pdb
-0.112658  0.520677 -0.846288     3.023704
-0.211121 -0.844806 -0.491660     2.272422
-0.970946  0.123280  0.205100    -0.545248
>structures/LeuRS-A_AF_Euk_Neurospora_crassa_OR74A_gene3879366.pdb
-0.100575  0.732339 -0.673472     1.328433
-0.424687 -0.643739 -0.636585     3.450128
-0.899737  0.221990  0.375758     1.133686
>structures/LeuRS-A_PDB_Arch_P_hori_1WKB.pdb
-0.237441  0.351500 -0.905577    20.143843
 0.971235  0.103179 -0.214608  -126.675735
 0.018002 -0.930485 -0.365888    29.087885
