>structures/LeuRS-A_AF_Arch_Aciduliprofundum_boonei_T469_gene8828435.pdb
 0.999974  0.003458  0.006353     0.023642
-0.003489  0.999982  0.004886     0.057369
-0.006336 -0.004908  0.999968     0.088127
>structures/LeuRS-A_AF_Arch_Candidatus_Korarchaeum_cryptofilum_OPF8_gene6093520.pdb
 0.161049 -0.319736  0.933719     0.847941
-0.319443 -0.912030 -0.257211     4.798373
 0.933820 -0.256847 -0.249019     1.714035
>structures/LeuRS-A_AF_Arch_Candidatus_Nitrosopumilus_koreensis_AR1_gene13725794.pdb
-0.236162  0.466108 -0.852626    -0.273742
-0.246260 -0.877509 -0.411502     3.784390
-0.939991  0.112786  0.322018     2.240326
>structures/LeuRS-A_AF_Arch_Methanobrevibacter_smithii_ATCC_35061_gene5216355.pdb
-0.220262  0.553941 -0.802891     0.025559
-0.289442 -0.823150 -0.488515     2.840859
-0.931508  0.124789  0.341643     3.148357
>structures/LeuRS-A_AF_Euk_Arabidopsis_thaliana_gene837489.pdb
-0.848166  0.433254  0.304804     2.479929
 0.505897  0.491833  0.708638     3.008706
 0.157108  0.755242 -0.636338     2.561171
>structures/LeuRS-A_AF_Euk_Drosophila_melanogaster_gene326262.pdb
-0.153560  0.555474 -0.817232     1.279873
-0.215249 -0.825985 -0.520977     2.605717
-0.964410  0.095907  0.246403     3.710042
>structures/LeuRS-A_AF_Euk_Homo_sapiens_gene51520.pdb
 0.987610 -0.145274  0.059345     6.564779
 0.135070  0.979442  0.149830     2.066681
-0.079892 -0.139958  0.986929     6.981238
>structures/LeuRS-A_AF_Euk_Leishmania_major_strain_Friedlin_gene5650139.pdb
-0.114294  0.520228 -0.846345     3.041111
-0.213781 -0.844848 -0.490438     2.293653
-0.970173  0.124878  0.207776    -0.508380
>structures/LeuRS-A_AF_Euk_Neurospora_crassa_OR74A_gene3879366.pdb
-0.104510  0.731709 -0.673558     1.356004
-0.410937 -0.648518 -0.640746     3.258629
-0.905654  0.209826  0.368462     0.945268
>structures/LeuRS-A_AF_Euk_Saccharomyces_cerevisiae_S288C_gene855943.pdb
-0.151691  0.460004 -0.874863     1.000574
-0.174715 -0.883647 -0.434330     3.198265
-0.972864  0.086968  0.214411     1.664138
>structures/LeuRS-A_PDB_Arch_P_hori_1WKB.pdb
-0.231044  0.340988 -0.911233    19.726749
 0.972864  0.092946 -0.211890  -126.437443
 0.012444 -0.935461 -0.353210    30.091748
