>structures/EPRS-E_AF_Euk_Homo_sapiens_gene2058.pdb
 1.000000  0.000000  0.000000     0.000000
 0.000000  1.000000  0.000000     0.000000
 0.000000  0.000000  1.000000     0.000000
>structures/GluRS-E_AF_Euk_Cyathus_striatus_proteinKAF9013924.1.pdb
 0.461299 -0.855264 -0.236066   -17.079732
-0.538275 -0.481282  0.691829   -14.591631
-0.705311 -0.192072 -0.682382   -16.451606
>structures/GluRS-E_AF_Euk_Lichtheimia_hyalospora_proteinKAI7879902.1.pdb
-0.191444 -0.459525 -0.867287   -16.141145
-0.849550 -0.364946  0.380892   -14.162967
-0.491543  0.809723 -0.320523    -5.429003
>structures/GluRS-E_AF_Euk_Medicago_truncatula_gene11407510.pdb
 0.083491 -0.905539 -0.415967   -23.787888
-0.747099 -0.333115  0.575219   -18.383321
-0.659448  0.262743 -0.704340   -13.398385
>structures/GluRS-E_AF_Euk_Xylariaceae_sp_FL0804_proteinKAI0483267.1.pdb
 0.091792 -0.865477  0.492468   -13.548230
 0.832458 -0.204691 -0.514893   -10.789499
 0.546431  0.457222  0.701684    -3.434821
>structures/GluRS-E_PDB_Euk_Gallus_gallus_7WRU.pdb
-0.598761  0.763667  0.241452   -26.408095
 0.406774  0.030259  0.913028   -99.566203
 0.689943  0.644901 -0.328758    25.064895
