>structures/GluRS-E_AF_Euk_Cyathus_striatus_proteinKAF9013924.1.pdb
-0.979664  0.195627 -0.044588     0.328473
-0.127386 -0.778116 -0.615068   -17.134107
-0.155019 -0.596880  0.787213    93.448300
>structures/GluRS-E_AF_Euk_Lichtheimia_hyalospora_proteinKAI7879902.1.pdb
-0.570001  0.685396  0.453135     7.553038
-0.489191  0.160005 -0.857374    -9.243542
-0.660145 -0.710374  0.244086    90.475418
>structures/GluRS-E_AF_Euk_Medicago_truncatula_gene11407510.pdb
-0.808866  0.587987 -0.002741     4.916196
-0.384422 -0.532347 -0.754206   -20.352872
-0.444922 -0.608998  0.656632    87.402236
>structures/GluRS-E_AF_Euk_Xylariaceae_sp_FL0804_proteinKAI0483267.1.pdb
 0.661377  0.749777 -0.020360     8.814530
 0.448093 -0.373202  0.812363    -5.850517
 0.601492 -0.546401 -0.582797    93.486748
>structures/GluRS-E_PDB_Euk_Gallus_gallus_7WRU.pdb
 1.000000  0.000000  0.000000     0.000000
 0.000000  1.000000  0.000000     0.000000
 0.000000  0.000000  1.000000     0.000000
