>structures/EPRS-E_AF_Euk_Homo_sapiens_gene2058.pdb
 0.999997 -0.002130 -0.000805    -0.015437
 0.002131  0.999998  0.000584     0.074273
 0.000803 -0.000586  1.000000     0.019440
>structures/GluRS-E_AF_Euk_Cyathus_striatus_proteinKAF9013924.1.pdb
 0.464926 -0.849787 -0.248406   -17.080044
-0.531195 -0.492206  0.689612   -14.466800
-0.708290 -0.188666 -0.680242   -16.497597
>structures/GluRS-E_AF_Euk_Lichtheimia_hyalospora_proteinKAI7879902.1.pdb
-0.189535 -0.459505 -0.867716   -16.125059
-0.850161 -0.365327  0.379161   -14.130402
-0.491227  0.809563 -0.321411    -5.414819
>structures/GluRS-E_AF_Euk_Medicago_truncatula_gene11407510.pdb
 0.086101 -0.904873 -0.416883   -23.744980
-0.747292 -0.335390  0.573645   -18.365265
-0.658894  0.262142 -0.705082   -13.386092
>structures/GluRS-E_AF_Euk_Saccharomyces_cerevisiae_S288C_gene852606.pdb
-0.236780 -0.416727 -0.877652   -16.673269
-0.895497 -0.256784  0.363521   -12.111610
-0.376856  0.872009 -0.312377    -6.659696
>structures/GluRS-E_AF_Euk_Xylariaceae_sp_FL0804_proteinKAI0483267.1.pdb
 0.089695 -0.865454  0.492894   -13.538535
 0.832869 -0.206202 -0.513625   -10.748694
 0.546154  0.456585  0.702314    -3.420153
>structures/GluRS-E_PDB_Euk_Gallus_gallus_7WRU.pdb
-0.600211  0.763152  0.239470   -26.200860
 0.405889  0.032630  0.913340   -99.525643
 0.689203  0.645394 -0.329340    25.143067
