>../../../../class2/asp2//data/domains/Catalytic_domain/structures/AspRS-E_AF_Euk_Caenorhabditis_elegans_gene176334.pdb
 0.999297  0.024611 -0.028283    -0.336620
-0.031117  0.965237 -0.259518     2.579745
 0.020913  0.260216  0.965324     1.654689
>../../../../class2/asp2//data/domains/Catalytic_domain/structures/AspRS-E_AF_Euk_Cryptococcus_neoformans_var_neoformans_JEC21_gene3258977.pdb
 0.334843 -0.807576 -0.485490    -0.570035
 0.531908 -0.263295  0.804829    -8.756183
-0.777788 -0.527728  0.341394    -3.345145
>../../../../class2/asp2//data/domains/Catalytic_domain/structures/AspRS-E_AF_Euk_Thalassiosira_pseudonana_CCMP1335_gene7443135.pdb
 0.997864 -0.062888 -0.017694     1.446027
 0.060038  0.989543 -0.131149     3.702646
 0.025757  0.129806  0.991205     0.655879
>../../../../class2/asp2//data/domains/Catalytic_domain/structures/AspRS-E_AF_Euk_Theileria_orientalis_strain_Shintoku_gene20715543.pdb
 0.990880  0.112223 -0.074589    -1.198591
-0.132207  0.916694 -0.377086     2.718836
 0.026058  0.383508  0.923170     2.050126
>../../../../class2/asp2//data/domains/Catalytic_domain/structures/AspRS-E_PDB_Euk_S_cerevisiae_1EOV.pdb
-0.261032  0.034470  0.964714   -51.661736
 0.426719 -0.892301  0.147344     8.858353
 0.865894  0.450124  0.218210   -14.632994
>../../../../class2/asp2//data/domains/Catalytic_domain/structures/AsxRS_AF_Arch_Candidatus_Korarchaeum_cryptofilum_OPF8_gene6094477.pdb
 0.951223 -0.301442 -0.065632     3.554846
 0.302153  0.867367  0.395447     5.082162
-0.062277 -0.395989  0.916141    -0.546099
>../../../../class2/asp2//data/domains/Catalytic_domain/structures/AsxRS_AF_Arch_Candidatus_Methanomassiliicoccus_intestinalis_Issoire-Mx1_gene16154831.pdb
 0.887320 -0.441217 -0.134133     2.379778
 0.448313  0.757150  0.475121     4.613422
-0.108072 -0.481718  0.869637     0.137886
>../../../../class2/asp2//data/domains/Catalytic_domain/structures/AsxRS_AF_Arch_Candidatus_Nitrosopumilus_koreensis_AR1_gene13725312.pdb
 0.523901 -0.710838 -0.469294     5.518461
 0.785135  0.189365  0.589664     9.218014
-0.330288 -0.677385  0.657312     1.668435
>../../../../class2/asp2//data/domains/Catalytic_domain/structures/AsxRS_AF_Arch_Methanobacterium_lacus_gene10277817.pdb
 0.067620 -0.554327 -0.829547     2.416074
 0.725200 -0.543717  0.422442    10.504514
-0.685210 -0.630153  0.365231     0.520677
>../../../../class2/asp2//data/domains/Catalytic_domain/structures/AsxRS_AF_Bact_Clostridium_acetobutylicum_DSM_1731_gene45000055.pdb
 0.999325  0.036652 -0.002585     1.743809
-0.036409  0.978325 -0.203850     3.454635
-0.004942  0.203807  0.978999    -0.325070
>../../../../class2/asp2//data/domains/Catalytic_domain/structures/AsxRS_AF_Bact_Spirochaetes_bacterium_GWE1_32_154_proteinOHD39701.1.pdb
 0.353842 -0.551754 -0.755224     3.316486
 0.758039 -0.303815  0.577125     4.851253
-0.547880 -0.776700  0.310749     0.413738
>../../../../class2/asp2//data/domains/Catalytic_domain/structures/AsxRS_AF_Bact_Tropheryma_whipplei_TW08_27_gene67388547.pdb
 0.022805  0.406625  0.913310     2.805634
 0.472036 -0.809684  0.348702     4.749095
 0.881284  0.423164 -0.210406     0.432359
>../../../../class2/asp2//data/domains/Catalytic_domain/structures/AsxRS_PDB_Arch_T_kodarensis_1b8a.pdb
 0.273203 -0.542651  0.794286   -26.643355
-0.877091 -0.479621 -0.025989    40.448108
 0.395059 -0.689560 -0.606988    14.781691
>../../../../class2/asp2//data/domains/Catalytic_domain/structures/AsxRS_PDB_Bact_T_thermophilus_1n9w.pdb
 0.601828 -0.761255  0.241441   -36.166431
-0.759560 -0.639002 -0.121432    37.230616
 0.246722 -0.110307 -0.962788    52.366928
>../../../../class2/lys//data/domains/Catalytic_domain/structures/LysRS-II_AF_Arch_Aciduliprofundum_boonei_T469_gene8827564.pdb
 0.979627 -0.103724 -0.171967     0.104599
 0.080448  0.987271 -0.137202     1.506484
 0.184009  0.120573  0.975501    -0.326893
>../../../../class2/lys//data/domains/Catalytic_domain/structures/LysRS-II_AF_Arch_Archaeoglobus_sulfaticallidus_PM70-1_gene15393615.pdb
 0.557485 -0.608506 -0.564740     3.085812
 0.806572  0.235902  0.542026     6.516127
-0.196602 -0.757675  0.622315     3.042708
>../../../../class2/lys//data/domains/Catalytic_domain/structures/LysRS-II_AF_Arch_Candidatus_Woesearchaeota_archaeon_proteinMBS3172198.1.pdb
 0.045008 -0.425094 -0.904030     2.886501
 0.640245 -0.682389  0.352749     4.268382
-0.766851 -0.594677  0.241451     1.819892
>../../../../class2/lys//data/domains/Catalytic_domain/structures/LysRS-II_AF_Arch_Thermogladius_calderae_1633_gene13013549.pdb
 0.898981  0.378950 -0.219615     0.753562
-0.436696  0.737015 -0.515855     2.866287
-0.033624  0.559648  0.828048    -1.821814
>../../../../class2/lys//data/domains/Catalytic_domain/structures/LysRS-II_AF_Bact_Chlamydia_muridarum_str_Nigg_gene1245697.pdb
 0.893498  0.355623 -0.274216    -0.919873
-0.448861  0.725779 -0.521314     2.515612
 0.013629  0.588878  0.808107    -0.996932
>../../../../class2/lys//data/domains/Catalytic_domain/structures/LysRS-II_AF_Bact_Cupriavidus_taiwanensis_LMG_19424_gene29762375.pdb
 0.524084 -0.600028 -0.604402     4.593514
 0.811355  0.136008  0.568512     9.199065
-0.258919 -0.788332  0.558116     1.939659
>../../../../class2/lys//data/domains/Catalytic_domain/structures/LysRS-II_AF_Bact_Leuconostoc_gelidum_JB7_gene61037106.pdb
 0.649192 -0.442104 -0.618946     2.123929
 0.743684  0.198146  0.638492     4.487150
-0.159638 -0.874804  0.457421    -1.384332
>../../../../class2/lys//data/domains/Catalytic_domain/structures/LysRS-II_AF_Bact_Mycobacterium_intracellulare_ATCC_13950_gene11907187.pdb
 0.650206 -0.580331 -0.490355     4.944729
 0.744459  0.357783  0.563713     8.043457
-0.151699 -0.731579  0.664665     2.503029
>../../../../class2/lys//data/domains/Catalytic_domain/structures/LysRS-II_AF_Bact_Mycoplasma_hyopneumoniae_168-L_gene57101062.pdb
 0.591307 -0.450385 -0.668961     1.929597
 0.795210  0.187643  0.576568     2.355014
-0.134152 -0.872894  0.469105    -1.681867
>../../../../class2/lys//data/domains/Catalytic_domain/structures/LysRS-II_AF_Bact_Porphyromonas_gingivalis_ATCC_33277_gene29256363.pdb
 1.000000  0.000000  0.000000     0.000000
 0.000000  1.000000  0.000000     0.000000
 0.000000  0.000000  1.000000     0.000000
>../../../../class2/lys//data/domains/Catalytic_domain/structures/LysRS-II_AF_Bact_Prochlorococcus_marinus_subsp_marinus_str_CCMP1375_gene54201108.pdb
 0.768598 -0.453081 -0.451635     1.223679
 0.636034  0.465408  0.615513     3.742973
-0.068682 -0.760338  0.645886    -1.773581
>../../../../class2/lys//data/domains/Catalytic_domain/structures/LysRS-II_AF_Bact_Streptobacillus_moniliformis_DSM_12112_gene29673899.pdb
 0.819802 -0.482063 -0.309096     6.038961
 0.572116  0.666223  0.478362     6.488229
-0.024674 -0.569001  0.821967     2.615660
>../../../../class2/lys//data/domains/Catalytic_domain/structures/LysRS-II_AF_Euk_Ostreococcus_tauri_gene9837657.pdb
 0.509369 -0.606657 -0.610337     3.543952
 0.815134  0.112777  0.568189     8.170145
-0.275864 -0.786924  0.551951     3.251147
>../../../../class2/lys//data/domains/Catalytic_domain/structures/LysRS-II_AF_Euk_Solanum_lycopersicum_gene778357.pdb
-0.004282  0.155709  0.987794     1.562864
-0.117250 -0.981067  0.154140     6.416588
 0.993093 -0.115159  0.022458    -0.695147
>../../../../class2/lys//data/domains/Catalytic_domain/structures/LysRS-II_AF_Euk_Theileria_annulata_gene3864794.pdb
-0.115586 -0.334806  0.935171     4.993734
-0.567245 -0.750613 -0.338842     8.190128
 0.815397 -0.569637 -0.103156    -0.225691
>../../../../class2/lys//data/domains/Catalytic_domain/structures/LysRS-II_AF_Euk_Zootoca_vivipara_gene118086243.pdb
-0.000510  0.092224 -0.995738    -0.073545
 0.336943 -0.937497 -0.087002     6.285457
-0.941525 -0.335551 -0.030596    -3.375370
>../../../../class2/lys//data/domains/Catalytic_domain/structures/LysRS-II_AF_Mito_Malus_domestica_gene103446975.pdb
 0.442314 -0.607702 -0.659588     3.624042
 0.798017 -0.068957  0.598677     9.504505
-0.409301 -0.791165  0.454456     1.833821
>../../../../class2/lys//data/domains/Catalytic_domain/structures/LysRS-II_AF_Mito_Scheffersomyces_stipitis_CBS_6054_gene4837999.pdb
 0.528340 -0.494930 -0.689856     3.322980
 0.798479  0.013463  0.601872     9.952568
-0.288597 -0.868829  0.402304     1.453516
>../../../../class2/lys//data/domains/Catalytic_domain/structures/LysRS-II_PDB_Bact_G_stearothermophilus_3E9H.pdb
-0.697439  0.346909 -0.627084    93.489815
 0.542346 -0.316475 -0.778270   -34.343866
-0.468445 -0.882892  0.032578   -46.963502
