>../../../../class2/phe3//data/domains/Catalytic_domain/structures/PheRS-Aα_AF_Arch_Candidatus_Nitrosopumilus_koreensis_AR1_gene13724458.pdb
 0.234939 -0.952569  0.193431   -16.745946
-0.942702 -0.174799  0.284180     0.823843
-0.236890 -0.249112 -0.939056    16.040451
>../../../../class2/phe3//data/domains/Catalytic_domain/structures/PheRS-Aα_AF_Arch_Haloterrigena_turkmenica_DSM_5511_gene8744248.pdb
 0.340954  0.375703  0.861741    -8.465797
-0.245075 -0.849447  0.467309     3.115034
 0.907573 -0.370523 -0.197547     7.691816
>../../../../class2/phe3//data/domains/Catalytic_domain/structures/PheRS-Aα_AF_Arch_Thermoplasma_volcanium_GSS1_gene1441177.pdb
 0.822231 -0.567079  0.048546    -6.682049
 0.563672  0.799534 -0.207410     3.055583
 0.078803  0.197903  0.977049     7.669364
>../../../../class2/phe3//data/domains/Catalytic_domain/structures/PheRS-Aα_AF_Arch_Thermosphaera_aggregans_DSM_11486_gene9165306.pdb
 0.081648 -0.887138  0.454225    -4.583270
-0.979594 -0.155412 -0.127447     3.490661
 0.183655 -0.434551 -0.881724     1.848062
>../../../../class2/phe3//data/domains/Catalytic_domain/structures/PheRS-Aα_AF_Euk_Cyanidioschyzon_merolae_strain_10D_gene16993638.pdb
-0.247723 -0.649398 -0.718968   -11.632388
 0.952018 -0.300818 -0.056312    11.547666
-0.179710 -0.698420  0.692758     6.603450
>../../../../class2/phe3//data/domains/Catalytic_domain/structures/PheRS-Aα_AF_Euk_Megalobrama_amblycephala_gene125266654.pdb
 0.673138  0.663302  0.326980    -7.768698
-0.148015  0.554050 -0.819219     3.117909
-0.724553  0.503049  0.471131     0.299133
>../../../../class2/phe3//data/domains/Catalytic_domain/structures/PheRS-Aα_AF_Euk_Plasmodium_falciparum_3D7_gene813233.pdb
-0.833741 -0.236370 -0.499004   -14.140996
-0.499977  0.706680  0.500626     5.871258
 0.234303  0.666883 -0.707368    -1.253346
>../../../../class2/phe3//data/domains/Catalytic_domain/structures/PheRS-Aα_AF_Euk_Schizosaccharomyces_pombe_gene2543647.pdb
-0.229997  0.922711  0.309364   -12.484635
 0.225105 -0.258825  0.939328     9.781462
 0.946799  0.285682 -0.148178     6.011858
>../../../../class2/phe3//data/domains/Catalytic_domain/structures/PheRS-Aα_PDB_Euk.B_H_sapiens_3L4G.C.pdb
 0.476045  0.796848  0.372042  -107.563867
-0.552636 -0.058023  0.831400    59.173513
 0.684086 -0.601388  0.412745    65.896226
>../../../../class2/sep//data/domains/Catalytic_domain/structures/SepRS_AF_Arch_Methanothrix_thermoacetophila_PT_gene4462697.pdb
-0.948292  0.227901 -0.220917    -4.477317
-0.106952  0.425878  0.898437     7.523120
 0.298838  0.875608 -0.379482     0.791967
>../../../../class2/sep//data/domains/Catalytic_domain/structures/SepRS_AF_Arch_unclassified_Candidatus_Bathyarchaeota_proteinUCD26266.1.pdb
 1.000000  0.000000  0.000000     0.000000
 0.000000  1.000000  0.000000     0.000000
 0.000000  0.000000  1.000000     0.000000
>../../../../class2/sep//data/domains/Catalytic_domain/structures/SepRS_AF_Arch_unclassified_Lokiarchaeota_proteinTFF69421.1.pdb
 0.158858  0.961293 -0.225124    -2.120006
-0.117874 -0.207922 -0.971017    -0.825910
-0.980240  0.180790  0.080282    -4.086001
>../../../../class2/sep//data/domains/Catalytic_domain/structures/SepRS_AF_Arch_unclassified_Thermoprotei_proteinRLF12424.1.pdb
 0.284403 -0.694078 -0.661340     0.189275
 0.948931  0.302054  0.091073     4.044860
 0.136548 -0.653467  0.744537     2.053222
>../../../../class2/sep//data/domains/Catalytic_domain/structures/SepRS_PDB_Arch_2DU4_A_fulgidus.pdb
-0.665050 -0.548269  0.507060    60.226681
 0.738493 -0.583804  0.337344    27.151918
 0.111068  0.598811  0.793151   -26.896797
>../../../../class2/sep//data/domains/Catalytic_domain/structures/SepRS_PDB_Arch_2ODR_M_maripadulis.pdb
-0.371674  0.426729 -0.824476    42.295280
-0.637464 -0.762942 -0.107512    60.635349
-0.674906  0.485614  0.555590    25.164198
