>structures/GlxRS-A_AF_Arch_Candidatus_Korarchaeum_cryptofilum_OPF8_gene6094352.pdb
-0.090489  0.232378 -0.968407     2.648416
 0.122386 -0.962431 -0.242380     4.456077
-0.988349 -0.140452  0.058649    -0.849707
>structures/GlxRS-A_AF_Arch_Methanothrix_soehngenii_GP6_gene10459943.pdb
 1.000000 -0.000000  0.000000     0.000000
 0.000000  1.000000  0.000000     0.000000
-0.000000  0.000000  1.000000     0.000000
>structures/GlxRS-A_AF_Arch_Nitrosopumilus_maritimus_SCM1_gene5773999.pdb
-0.590432  0.538087  0.601542     3.626704
 0.700615 -0.028288  0.712979     1.475179
 0.400661  0.842414 -0.360290     2.612719
>structures/GlxRS-A_AF_Arch_Sulfolobus_islandicus_LAL14_1_gene15298417.pdb
-0.792156 -0.592270 -0.147326    -4.168630
-0.478779  0.752751 -0.451815    -0.934378
 0.378496 -0.287371 -0.879863    -3.836502
>structures/GlxRS-A_PDB_Arch_M_thermau_3AII.pdb
-0.152838 -0.653319 -0.741495    69.142297
-0.973471 -0.029752  0.226867   -12.202742
-0.170278  0.756498 -0.631440     7.035514
