>structures/PheRS-Bβ_AF_Bact_Brachyspira_pilosicoli_95_1000_gene56440382.pdb
-0.725020 -0.648719  0.231322     1.985419
-0.685010  0.714068 -0.144458    -2.610327
-0.071467 -0.263193 -0.962092     3.205814
>structures/PheRS-Bβ_AF_Bact_Chlamydia_psittaci_6BC_gene12242429.pdb
 0.167768  0.260122  0.950889    -0.725415
-0.067261 -0.959292  0.274288     0.862708
 0.983529 -0.109974 -0.143442    -0.719379
>structures/PheRS-Bβ_AF_Bact_Ferrimonas_balearica_DSM_9799_gene67181907.pdb
-0.695448  0.692741  0.190951    -0.315040
 0.483898  0.255036  0.837138    -1.294869
 0.531220  0.674586 -0.512580    -0.540075
>structures/PheRS-Bβ_AF_Bact_Lacticaseibacillus_paracasei_gene61269867.pdb
-0.451596 -0.805344  0.384033     4.293363
-0.887294  0.360194 -0.288044     0.570905
 0.093648 -0.470830 -0.877240     2.482778
>structures/PheRS-Bβ_AF_Bact_Mycobacterium_intracellulare_ATCC_13950_gene11909688.pdb
-0.143570  0.790172  0.595832     1.205661
 0.329216 -0.529645  0.781724    -0.217942
 0.933276  0.308390 -0.184096     0.315838
>structures/PheRS-Bβ_AF_Bact_Mycoplasma_hyopneumoniae_168-L_gene57101148.pdb
 0.158331 -0.641808  0.750343     9.046212
-0.965201 -0.260787 -0.019397    -5.135472
 0.208129 -0.721161 -0.660764    -7.348575
>structures/PheRS-Bβ_AF_Bact_Porphyromonas_gingivalis_ATCC_33277_gene29257179.pdb
 1.000000 -0.000000  0.000000     0.000000
 0.000000  1.000000  0.000000     0.000000
-0.000000  0.000000  1.000000     0.000000
>structures/PheRS-Bβ_AF_Bact_Prochlorococcus_marinus_subsp_marinus_str_CCMP1375_gene54200309.pdb
 0.150964  0.277777  0.948710    -0.097617
-0.384162 -0.867790  0.315214    -0.038661
 0.910840 -0.412045 -0.024294    -0.073615
>structures/PheRS-Bβ_AF_Euk_Didymosphenia_geminata_gene19740299.pdb
-0.092316 -0.671819  0.734940    -2.543712
-0.775623 -0.414330 -0.476172    -5.110391
 0.624409 -0.613994 -0.482829     4.191787
>structures/PheRS-Bβ_AF_Euk_Gracilariopsis_tenuifrons_gene68635617.pdb
 0.267140 -0.511892 -0.816458    -0.955440
 0.859420 -0.256715  0.442149    -9.835639
-0.435929 -0.819795  0.371351     1.790725
>structures/PheRS-Bβ_PDB_Bact.B_E_coli_3PCO.pdb
 0.797049 -0.407267 -0.445922    32.304204
-0.091172  0.648775 -0.755499    38.590654
 0.596993  0.642825  0.479974    -4.248202
>structures/PheRS-Bβ_PDB_Bact.B_T_thermophilus_1PYS.pdb
 0.117766  0.484880  0.866615   -53.098320
-0.984713  0.169805  0.038807    -4.147149
-0.128339 -0.857938  0.497465    47.330263
