>structures/ProRS-M_AF_Euk_Candida_albicans_SC5314_gene3640100.pdb
 0.241918 -0.089785 -0.966134     2.783586
 0.690652 -0.683441  0.236452     1.283977
-0.681525 -0.724464 -0.103326    -1.741943
>structures/ProRS-M_AF_Mito_Acanthaster_planci_gene110989971.pdb
-0.908267  0.392695  0.144369    -4.352440
 0.354525  0.539117  0.763980     3.080899
 0.222179  0.745080 -0.628882    -1.691567
>structures/ProRS-M_AF_Mito_Drosophila_melanogaster_gene38331.pdb
-0.161512  0.394480  0.904599    -4.594041
 0.731168 -0.567797  0.378153     2.610471
 0.662802  0.722490 -0.196725    -2.092225
>structures/ProRS-M_AF_Mito_Homo_sapiens_gene25973.pdb
-0.207751  0.379699  0.901481    -4.270812
 0.635754 -0.647986  0.419441     0.830772
 0.743408  0.660260 -0.106776    -2.072717
>structures/ProRS-M_AF_Mito_Mauremys_reevesii_gene120369760.pdb
 1.000000  0.000000  0.000000     0.000000
 0.000000  1.000000 -0.000000     0.000000
-0.000000  0.000000  1.000000     0.000000
>structures/ProRS-M_AF_Mito_Patella_vulgata_gene126818129.pdb
-0.283440  0.513114  0.810170    -4.544451
 0.582874 -0.578684  0.570424    -0.849708
 0.761525  0.633908 -0.135059    -1.857268
>structures/ProRS-M_AF_Mito_Priapulus_caudatus_gene106814725.pdb
 0.970112 -0.222522 -0.096784    -2.649203
 0.238893  0.945798  0.219990     0.727712
 0.042585 -0.236536  0.970689    -4.405559
>structures/ProRS-M_AF_Mito_Saccoglossus_kowalevskii_gene100368006.pdb
 0.816379 -0.478559 -0.323274    -2.778286
 0.574849  0.619631  0.534422     1.330295
-0.055441 -0.622125  0.780953    -4.625070
>structures/ProRS-M_AF_Mito_Schizosaccharomyces_pombe_gene2540642.pdb
-0.054245 -0.005308 -0.998514    -1.775923
 0.495880 -0.868104 -0.022324     0.268322
-0.866695 -0.496354  0.049722    -1.573400
