>structures/ProRS-M_AF_Euk_Candida_albicans_SC5314_gene3640100.pdb
 0.094047 -0.953564  0.286130    -1.866822
-0.866146 -0.220073 -0.448730     5.494102
 0.490863 -0.205628 -0.846623     5.861812
>structures/ProRS-M_AF_Mito_Drosophila_melanogaster_gene38331.pdb
 1.000000 -0.000000  0.000000     0.000000
 0.000000  1.000000  0.000000     0.000000
-0.000000  0.000000  1.000000     0.000000
>structures/ProRS-M_AF_Mito_Mauremys_reevesii_gene120369760.pdb
-0.178408  0.732310  0.657185    -0.950388
 0.380436 -0.564621  0.732442     4.983208
 0.907435  0.380691 -0.177864     2.666564
>structures/ProRS-M_AF_Mito_Schizosaccharomyces_pombe_gene2540642.pdb
-0.201657 -0.964005  0.173288    -2.069196
-0.947915  0.147547 -0.282289     4.565302
 0.246560 -0.221188 -0.943549     1.327218
