>structures/ProRS-M_AF_Euk_Candida_albicans_SC5314_gene3640100.pdb
 0.239671 -0.093917 -0.966301     2.844118
 0.692531 -0.681012  0.237957     1.289696
-0.680410 -0.726225 -0.098178    -1.615666
>structures/ProRS-M_AF_Mito_Acanthaster_planci_gene110989971.pdb
-0.928478  0.344415  0.138951    -3.829450
 0.323201  0.565019  0.759141     2.375072
 0.182950  0.749754 -0.635923    -2.262408
>structures/ProRS-M_AF_Mito_Drosophila_melanogaster_gene38331.pdb
-0.144256  0.423349  0.894408    -4.597843
 0.734919 -0.559425  0.383325     2.600687
 0.662634  0.712614 -0.230427    -1.347915
>structures/ProRS-M_AF_Mito_Mauremys_reevesii_gene120369760.pdb
 0.999666  0.001712  0.025796     0.011981
-0.001898  0.999972  0.007209     0.113620
-0.025783 -0.007256  0.999641     0.481368
>structures/ProRS-M_AF_Mito_Patella_vulgata_gene126818129.pdb
-0.288478  0.522747  0.802195    -4.376880
 0.579708 -0.571447  0.580850    -1.168789
 0.762049  0.632601 -0.138191    -1.847151
>structures/ProRS-M_AF_Mito_Priapulus_caudatus_gene106814725.pdb
 0.971901 -0.221208 -0.080475    -2.675160
 0.234165  0.943429  0.234754     0.788513
 0.023993 -0.247002  0.968718    -3.992840
>structures/ProRS-M_AF_Mito_Saccoglossus_kowalevskii_gene100368006.pdb
 0.813970 -0.488059 -0.315042    -2.884382
 0.576734  0.614066  0.538796     1.293451
-0.069508 -0.620259  0.781311    -4.445366
>structures/ProRS-M_AF_Mito_Schizosaccharomyces_pombe_gene2540642.pdb
-0.064624 -0.029592 -0.997471    -1.982565
 0.494761 -0.869007 -0.006274     0.578021
-0.866623 -0.493915  0.070800    -1.253328
