>structures/MetRS_AF_Arch_Aciduliprofundum_boonei_T469_gene8827030.pdb
-0.485572  0.443184  0.753530    -5.320635
 0.605574 -0.451133  0.655561    -1.915197
 0.630476  0.774640 -0.049323     3.369399
>structures/MetRS_AF_Arch_Candidatus_Korarchaeum_cryptofilum_OPF8_gene6093355.pdb
-0.721186 -0.595926  0.353218    -3.499420
-0.692502  0.606790 -0.390187     1.418587
 0.018193 -0.526002 -0.850289     4.852584
>structures/MetRS_AF_Arch_Candidatus_Nitrosopumilus_sediminis_gene13696902.pdb
 0.097667 -0.044475 -0.994225    -5.115795
 0.595263 -0.797993  0.094172     2.037408
-0.797573 -0.601023 -0.051464     1.971701
>structures/MetRS_AF_Arch_Halalkalicoccus_jeotgali_B3_gene9420443.pdb
-0.509371  0.418631  0.751857    -6.931339
 0.475670 -0.591122  0.651393     1.641740
 0.717132  0.689437  0.101970     2.814137
>structures/MetRS_AF_Bact_Bacillus_anthracis_str_Ames_Ancestor_gene45024892.pdb
 0.880259  0.458195  0.123290    -5.934719
-0.250083  0.668826 -0.700093     1.258022
-0.403239  0.585431  0.703327     3.248536
>structures/MetRS_AF_Bact_Brucella_suis_1330_gene45052047.pdb
-0.642830 -0.672923  0.365983    -4.270464
-0.761608  0.510328 -0.399398     3.952579
 0.081993 -0.535481 -0.840558     1.737103
>structures/MetRS_AF_Bact_Chlamydia_psittaci_6BC_gene12243105.pdb
 0.027796  0.409803  0.911751    -7.290267
 0.110227 -0.907797  0.404665     5.919414
 0.993518  0.089251 -0.070404     0.541030
>structures/MetRS_AF_Bact_Mycoplasma_hyopneumoniae_168-L_gene57101263.pdb
-0.114640  0.190225  0.975024    -6.641690
 0.319980 -0.922115  0.217525     3.427698
 0.940463  0.336926  0.044843     0.288253
>structures/MetRS_AF_Bact_Nocardia_farcinica_IFM_10152_gene61135500.pdb
-0.170446 -0.669289  0.723188    -3.871131
-0.835879 -0.290428 -0.465788     5.187087
 0.521781 -0.683889 -0.509942     0.980261
>structures/MetRS_AF_Bact_Prochlorococcus_marinus_subsp_marinus_str_CCMP1375_gene54200313.pdb
 0.001907  0.438523 -0.898718    -4.754608
 0.055471 -0.897382 -0.437754     3.988607
-0.998458 -0.049019 -0.026036     0.834465
>structures/MetRS_AF_Bact_Streptobacillus_moniliformis_DSM_12112_gene29673607.pdb
 0.934819 -0.300478  0.189279    -4.690024
 0.199966  0.885847  0.418674     0.663409
-0.293475 -0.353535  0.888192    -0.168635
>structures/MetRS_AF_Bact_Treponema_denticola_ATCC_35405_gene2740824.pdb
-0.049387 -0.051560 -0.997448    -3.050494
 0.171212 -0.984321  0.042404     3.413367
-0.983996 -0.168681  0.057440     3.707628
>structures/MetRS_AF_Euk_Drosophila_melanogaster_gene37177.pdb
-0.470769  0.750318  0.464112    -9.903392
 0.627352 -0.085181  0.774063     7.312273
 0.620327  0.655567 -0.430613    -3.512881
>structures/MetRS_AF_Euk_Homo_sapiens_gene4141.pdb
 0.999998  0.001311  0.001165     0.000592
-0.001310  0.999999 -0.000735    -0.001518
-0.001166  0.000733  0.999999     0.004772
>structures/MetRS_AF_Euk_Oryza_sativa_Japonica_Group_gene4341140.pdb
-0.844327  0.459943  0.274891   -10.569228
 0.480154  0.421737  0.769149     2.310575
 0.237833  0.781403 -0.576927    -1.286368
>structures/MetRS_AF_Euk_Saccharomyces_cerevisiae_S288C_gene853181.pdb
-0.025221 -0.208948 -0.977601     0.533121
 0.533752 -0.829673  0.163561     7.945100
-0.845265 -0.517672  0.132451    -0.772406
>structures/MetRS_AF_Euk_Scheffersomyces_stipitis_CBS_6054_gene4836672.pdb
 0.189197 -0.143841 -0.971347     1.478196
 0.730637 -0.640266  0.237126     5.214834
-0.656029 -0.754565 -0.016041    -2.714280
>structures/MetRS_AF_Euk_Trypanosoma_brucei_brucei_TREU927_gene3662741.pdb
 0.936262 -0.351299 -0.001516    -2.891799
 0.340902  0.907493  0.245444     4.686223
-0.084848 -0.230316  0.969410    -1.835426
>structures/MetRS_AF_Mito_Arvicanthis_niloticus_gene117706247.pdb
 0.628910 -0.529969 -0.568863    -4.511962
 0.742066  0.190866  0.642579     2.717687
-0.231970 -0.826258  0.513310    -1.670434
>structures/MetRS_AF_Mito_Brachypodium_distachyon_gene100843706.pdb
-0.325637  0.419121  0.847525    -5.458464
 0.550655 -0.644603  0.530345     2.426819
 0.768596  0.639394 -0.020885    -0.084414
>structures/MetRS_AF_Mito_Homo_sapiens_gene92935.pdb
 0.561111 -0.506935 -0.654348    -4.741702
 0.776018  0.047108  0.628948     2.441693
-0.288011 -0.860696  0.419824    -1.904677
>structures/MetRS_AF_Vir_Megavirus_chiliensis_gene11256705.pdb
 0.132590 -0.104195 -0.985679    -5.900666
 0.638208 -0.751901  0.165332     1.542576
-0.758360 -0.650990 -0.033197     3.397248
>structures/MetRS_PDB_Arch_P_abyssi_1RQG.pdb
 0.946231 -0.209862  0.246180   -40.677757
 0.179091  0.973590  0.141596   -39.657034
-0.269394 -0.089894  0.958825   -80.449416
>structures/MetRS_PDB_Bact_E_coli_1PFV.pdb
 0.140423 -0.750620  0.645640   -20.845653
-0.933567 -0.317563 -0.166152    17.656640
 0.329748 -0.579416 -0.745348    27.779245
>structures/MetRS_PDB_Bact_T_therm_1WOY.pdb
-0.622302  0.315244  0.716493   -88.538063
-0.734989  0.079604 -0.673391    90.142314
-0.269318 -0.945666  0.182163   -41.600796
