>structures/MetRS_AF_Arch_Aciduliprofundum_boonei_T469_gene8827030.pdb
-0.425475  0.739090 -0.522224    12.403956
-0.193633 -0.638048 -0.745252     8.701219
-0.884012 -0.215966  0.414586    31.472479
>structures/MetRS_AF_Arch_Candidatus_Korarchaeum_cryptofilum_OPF8_gene6093355.pdb
 0.550955 -0.823824  0.133278    10.036335
 0.750708  0.559012  0.352054     5.413254
-0.364534 -0.093913  0.926442    30.988819
>structures/MetRS_AF_Arch_Candidatus_Nitrosopumilus_sediminis_gene13696902.pdb
-0.805109  0.540296 -0.244703     8.282127
 0.199697  0.635402  0.745913     8.100551
 0.558498  0.551674 -0.619463    31.989675
>structures/MetRS_AF_Arch_Halalkalicoccus_jeotgali_B3_gene9420443.pdb
-0.278973  0.838201 -0.468608     8.672480
-0.185004 -0.525752 -0.830276     9.098702
-0.942310 -0.144930  0.301741    30.252675
>structures/MetRS_AF_Bact_Bacillus_anthracis_str_Ames_Ancestor_gene45024892.pdb
 0.224144 -0.366779  0.902902     9.315739
-0.347359 -0.895695 -0.277620     8.219553
 0.910550 -0.251404 -0.328169    30.638354
>structures/MetRS_AF_Bact_Brucella_suis_1330_gene45052047.pdb
 0.647493 -0.747792  0.146834     6.534182
 0.676862  0.652851  0.340065     6.992939
-0.350158 -0.120803  0.928868    32.390501
>structures/MetRS_AF_Bact_Chlamydia_psittaci_6BC_gene12243105.pdb
 0.228933  0.934456 -0.272729     3.880325
-0.631736 -0.070535 -0.771968     9.327139
-0.740607  0.349022  0.574182    31.006054
>structures/MetRS_AF_Bact_Mycoplasma_hyopneumoniae_168-L_gene57101263.pdb
-0.004382  0.998687 -0.051039     6.212291
-0.561139 -0.044702 -0.826514     9.778193
-0.827710  0.025018  0.560598    32.024564
>structures/MetRS_AF_Bact_Nocardia_farcinica_IFM_10152_gene61135500.pdb
 0.928464 -0.048807  0.368203     5.188311
 0.091179  0.990945 -0.098564     6.739188
-0.360058  0.125085  0.924506    33.007551
>structures/MetRS_AF_Bact_Prochlorococcus_marinus_subsp_marinus_str_CCMP1375_gene54200313.pdb
-0.381106  0.883143  0.273528     6.134427
 0.559991 -0.014907  0.828365     7.868203
 0.735642  0.468868 -0.488870    32.743780
>structures/MetRS_AF_Bact_Streptobacillus_moniliformis_DSM_12112_gene29673607.pdb
-0.151985 -0.985829 -0.071001     8.916365
-0.594591  0.148578 -0.790181     9.458643
 0.789533 -0.077880 -0.608747    34.084928
>structures/MetRS_AF_Bact_Treponema_denticola_ATCC_35405_gene2740824.pdb
-0.491485  0.855891 -0.160915     7.859623
 0.552974  0.449443  0.701584     5.105408
 0.672801  0.255836 -0.694180    31.800546
>structures/MetRS_AF_Euk_Drosophila_melanogaster_gene37177.pdb
-0.447066  0.401397 -0.799383     0.874794
-0.205761 -0.915846 -0.344802    13.194426
-0.870514  0.010333  0.492036    32.107521
>structures/MetRS_AF_Euk_Oryza_sativa_Japonica_Group_gene4341140.pdb
-0.488444 -0.071078 -0.869695     6.184681
 0.343002 -0.932087 -0.116462    13.994036
-0.802354 -0.355193  0.479652    30.849298
>structures/MetRS_AF_Euk_Scheffersomyces_stipitis_CBS_6054_gene4836672.pdb
-0.871903  0.328401 -0.363233     4.696925
 0.005937  0.748813  0.662755     4.858338
 0.489643  0.575701 -0.654842    39.212562
>structures/MetRS_AF_Euk_Trypanosoma_brucei_brucei_TREU927_gene3662741.pdb
-0.215719 -0.972398  0.088930     4.870583
-0.762400  0.110826 -0.637545     7.792813
 0.610092 -0.205330 -0.765263    35.829084
>structures/MetRS_AF_Mito_Arvicanthis_niloticus_gene117706247.pdb
-0.681891 -0.523976 -0.510367     6.524549
-0.571884  0.816932 -0.074633     9.549994
 0.456041  0.240979 -0.856712    34.978032
>structures/MetRS_AF_Mito_Brachypodium_distachyon_gene100843706.pdb
-0.306093  0.871712 -0.382655     7.189870
-0.376746 -0.480051 -0.792221     9.425838
-0.874283 -0.098329  0.475354    33.232375
>structures/MetRS_AF_Vir_Megavirus_chiliensis_gene11256705.pdb
-0.827514  0.471909 -0.304175     9.103694
 0.136573  0.694693  0.706222     8.024795
 0.544580  0.542867 -0.639318    30.494797
>structures/MetRS_PDB_Arch_P_abyssi_1RQG.pdb
-0.123018 -0.967964  0.218891    14.998748
-0.610813 -0.099987 -0.785436    95.809102
 0.782160 -0.230324 -0.578945    77.359660
>structures/MetRS_PDB_Bact_E_coli_1PFV.pdb
 1.000000 -0.000439 -0.000086     0.006279
 0.000439  1.000000  0.000741    -0.033929
 0.000086 -0.000741  1.000000     0.006342
>structures/MetRS_PDB_Bact_T_therm_1WOY.pdb
 0.509677 -0.342042  0.789454  -100.072153
 0.856684  0.286554 -0.428928    67.921435
-0.079510  0.894927  0.439072    -4.085864
