>structures/MetRS_AF_Arch_Aciduliprofundum_boonei_T469_gene8827030.pdb
-0.158577 -0.819459  0.550763    -2.059557
-0.817166 -0.204156 -0.539037     2.578598
 0.554160 -0.535544 -0.637259    -1.107824
>structures/MetRS_AF_Arch_Candidatus_Korarchaeum_cryptofilum_OPF8_gene6093355.pdb
-0.546346  0.709126  0.445697    -0.839287
 0.583870 -0.059065  0.809696    -1.083592
 0.600502  0.702603 -0.381767    -2.423987
>structures/MetRS_AF_Arch_Candidatus_Nitrosopumilus_sediminis_gene13696902.pdb
 0.998101 -0.054290 -0.029101     1.540548
 0.055995  0.996542  0.061383     0.473454
 0.025668 -0.062896  0.997690    -0.632267
>structures/MetRS_AF_Arch_Halalkalicoccus_jeotgali_B3_gene9420443.pdb
-0.310119 -0.846546  0.432651     0.413271
-0.772635 -0.040747 -0.633542     0.408867
 0.553951 -0.530755 -0.641434     1.067167
>structures/MetRS_AF_Bact_Bacillus_anthracis_str_Ames_Ancestor_gene45024892.pdb
 0.261903  0.037529 -0.964364    -0.032941
 0.361987 -0.930112  0.062112     0.318174
-0.894635 -0.365355 -0.257184     0.008270
>structures/MetRS_AF_Bact_Brucella_suis_1330_gene45052047.pdb
-0.629115  0.645445  0.433146     3.042971
 0.586898  0.029051  0.809140    -0.900720
 0.509672  0.763254 -0.397087    -1.157004
>structures/MetRS_AF_Bact_Chlamydia_psittaci_6BC_gene12243105.pdb
-0.683450 -0.591390  0.427966     4.814420
-0.728691  0.587757 -0.351500    -1.319351
-0.043667 -0.552087 -0.832642     2.180755
>structures/MetRS_AF_Bact_Mycoplasma_hyopneumoniae_168-L_gene57101263.pdb
-0.528222 -0.817492  0.229538     3.508683
-0.838768  0.460306 -0.290839     0.663276
 0.132100 -0.346157 -0.928830     1.152026
>structures/MetRS_AF_Bact_Nocardia_farcinica_IFM_10152_gene61135500.pdb
-0.949847  0.250907  0.186644     4.454763
 0.312234  0.727876  0.610497    -1.396608
 0.017324  0.638155 -0.769713    -1.322566
>structures/MetRS_AF_Bact_Prochlorococcus_marinus_subsp_marinus_str_CCMP1375_gene54200313.pdb
 0.796184 -0.475726 -0.373866     3.691685
 0.603660  0.666483  0.437487    -0.302452
 0.041052 -0.574008  0.817820    -0.638553
>structures/MetRS_AF_Bact_Streptobacillus_moniliformis_DSM_12112_gene29673607.pdb
 0.471017  0.792909 -0.386573     2.353649
-0.054639 -0.411164 -0.909923     2.854130
-0.880430  0.449711 -0.150341    -1.198012
>structures/MetRS_AF_Bact_Treponema_denticola_ATCC_35405_gene2740824.pdb
 0.852026 -0.502905 -0.145387     1.357082
 0.511913  0.858500  0.030397    -1.896113
 0.109528 -0.100325  0.988908    -2.509855
>structures/MetRS_AF_Euk_Drosophila_melanogaster_gene37177.pdb
-0.135130 -0.456853  0.879218     8.450371
-0.828598 -0.434452 -0.353097     0.509946
 0.543292 -0.776232 -0.319840     5.119609
>structures/MetRS_AF_Euk_Homo_sapiens_gene4141.pdb
 0.128937  0.634328 -0.762235     2.404419
-0.098046 -0.756731 -0.646333     2.776791
-0.986794  0.158070 -0.035377    -5.937763
>structures/MetRS_AF_Euk_Oryza_sativa_Japonica_Group_gene4341140.pdb
 0.014747 -0.268425  0.963188     3.493642
-0.432604 -0.870180 -0.235882     2.918489
 0.901464 -0.413200 -0.128954     4.903078
>structures/MetRS_AF_Euk_Scheffersomyces_stipitis_CBS_6054_gene4836672.pdb
 0.987972  0.150006  0.037552     7.977464
-0.147047  0.986505 -0.072010     0.443760
-0.047847  0.065622  0.996697    -6.471415
>structures/MetRS_AF_Euk_Trypanosoma_brucei_brucei_TREU927_gene3662741.pdb
 0.401721  0.706258 -0.582941     6.408873
-0.296396 -0.502024 -0.812478     0.711276
-0.866469  0.499171  0.007659    -2.274506
>structures/MetRS_AF_Mito_Arvicanthis_niloticus_gene117706247.pdb
 0.729159  0.682005 -0.056538     4.818765
-0.473625  0.443281 -0.761040     2.261147
-0.493971  0.581697  0.646237    -0.991689
>structures/MetRS_AF_Mito_Brachypodium_distachyon_gene100843706.pdb
-0.278043 -0.842281  0.461795     3.309674
-0.881004  0.032031 -0.472023     1.542999
 0.382784 -0.538086 -0.750959    -0.161547
>structures/MetRS_AF_Mito_Homo_sapiens_gene92935.pdb
 0.785199  0.619211 -0.006353     4.791132
-0.458401  0.574322 -0.678250     2.638051
-0.416331  0.535473  0.734804    -0.806696
>structures/MetRS_AF_Vir_Megavirus_chiliensis_gene11256705.pdb
 0.999967  0.004799  0.006600     0.045566
-0.004770  0.999979 -0.004487    -0.003929
-0.006621  0.004455  0.999968     0.040714
>structures/MetRS_PDB_Arch_P_abyssi_1RQG.pdb
 0.440850  0.659390 -0.608979    33.295236
-0.055693 -0.657065 -0.751774    88.857775
-0.895851  0.365335 -0.252944    30.611609
>structures/MetRS_PDB_Bact_E_coli_1PFV.pdb
-0.825701  0.143159  0.545641   -10.236257
 0.478585  0.689815  0.543242   -26.457861
-0.298621  0.709691 -0.638094    16.497869
>structures/MetRS_PDB_Bact_T_therm_1WOY.pdb
-0.341652  0.811650 -0.473813    79.902235
 0.792029  0.520050  0.319746   -29.624656
 0.505929 -0.266032 -0.820526    97.213149
