>../../../../class2/ala//data/domains/Catalytic_domain/structures/AlaRS_AF_Arch_Candidatus_Korarchaeum_cryptofilum_OPF8_gene6094822.pdb
-0.167260  0.633056 -0.755820    -2.960801
 0.984095  0.153727 -0.089018     4.600454
 0.059836 -0.758688 -0.648700    -4.106132
>../../../../class2/ala//data/domains/Catalytic_domain/structures/AlaRS_AF_Arch_Candidatus_Nitrosopumilus_koreensis_AR1_gene13725795.pdb
 0.227542 -0.872605  0.432186     2.385138
-0.130704 -0.467181 -0.874448     1.788070
 0.964956  0.142485 -0.220357    -3.816489
>../../../../class2/ala//data/domains/Catalytic_domain/structures/AlaRS_AF_Arch_Sulfolobus_islandicus_YG5714_gene7807284.pdb
 0.195142  0.372822 -0.907151    -1.662067
 0.510223 -0.828510 -0.230746     4.486627
-0.837611 -0.417821 -0.351899    -7.713123
>../../../../class2/ala//data/domains/Catalytic_domain/structures/AlaRS_AF_Arch_Thermoplasma_acidophilum_DSM_1728_gene1456391.pdb
 0.224269 -0.872164  0.434780     0.993212
-0.102984 -0.464857 -0.879376     3.113817
 0.969070  0.152441 -0.194072    -3.733283
>../../../../class2/ala//data/domains/Catalytic_domain/structures/AlaRS_AF_Bact_Brucella_melitensis_bv_1_str_16M_gene29593597.pdb
 0.635260 -0.306002  0.709090     3.530602
 0.124304 -0.865671 -0.484935     0.408897
 0.762229  0.396203 -0.511888     4.632816
>../../../../class2/ala//data/domains/Catalytic_domain/structures/AlaRS_AF_Bact_Chlamydia_psittaci_6BC_gene12242512.pdb
 1.000000  0.000000  0.000000     0.000000
 0.000000  1.000000  0.000000     0.000000
 0.000000  0.000000  1.000000     0.000000
>../../../../class2/ala//data/domains/Catalytic_domain/structures/AlaRS_AF_Bact_Lactobacillus_acidophilus_La-14_gene56942022.pdb
 0.578801  0.687122 -0.439150    -3.074628
-0.528400 -0.094157 -0.843758    -7.157272
-0.621114  0.720415  0.308577    -3.837614
>../../../../class2/ala//data/domains/Catalytic_domain/structures/AlaRS_AF_Bact_Nocardia_farcinica_IFM_10152_gene61134339.pdb
 0.837384  0.546556 -0.008025    -1.266303
-0.438847  0.663465 -0.605993    -1.401027
-0.325885  0.510971  0.795430    -0.011056
>../../../../class2/ala//data/domains/Catalytic_domain/structures/AlaRS_AF_Bact_Porphyromonas_gingivalis_ATCC_33277_gene29256567.pdb
 0.989608  0.138627  0.038183    -0.229302
-0.130710  0.977953 -0.162861    -0.153131
-0.059918  0.156177  0.985910    -1.653415
>../../../../class2/ala//data/domains/Catalytic_domain/structures/AlaRS_AF_Bact_Prochlorococcus_marinus_subsp_marinus_str_CCMP1375_gene54199407.pdb
-0.260602 -0.647927  0.715736    -2.707660
-0.941245  0.335461 -0.039032    -0.858106
-0.214812 -0.683855 -0.697279     0.953256
>../../../../class2/ala//data/domains/Catalytic_domain/structures/AlaRS_AF_Bact_Streptobacillus_moniliformis_DSM_12112_gene29672963.pdb
 0.980842 -0.184725 -0.061852    -3.872777
 0.188063  0.980709  0.053319    -3.015086
 0.050809 -0.063930  0.996660    -0.231431
>../../../../class2/ala//data/domains/Catalytic_domain/structures/AlaRS_AF_Bact_Treponema_pallidum_subsp_pertenue_str_SamoaD_gene57879528.pdb
 0.019622 -0.324840 -0.945565     4.701947
 0.839496 -0.508298  0.192042    -2.386636
-0.543011 -0.797567  0.262728   -12.743861
>../../../../class2/ala//data/domains/Catalytic_domain/structures/AlaRS_AF_Euk_Cyanidioschyzon_merolae_strain_10D_gene16993235.pdb
 0.195397 -0.054183 -0.979226    -8.080505
 0.586867 -0.793512  0.161012     2.364977
-0.785752 -0.606137 -0.123252    -3.510313
>../../../../class2/ala//data/domains/Catalytic_domain/structures/AlaRS_AF_Euk_Marasmius_oreades_gene66078979.pdb
 0.408970 -0.787346  0.461334    -4.744530
-0.021326 -0.513654 -0.857732    -0.045054
 0.912299  0.340948 -0.226860    -2.448643
>../../../../class2/ala//data/domains/Catalytic_domain/structures/AlaRS_AF_Euk_Plasmodium_berghei_ANKA_gene55150801.pdb
 0.933260  0.256024 -0.251949    -0.335994
-0.358448  0.709236 -0.607042    -4.294750
 0.023274  0.656838  0.753672    -0.722428
>../../../../class2/ala//data/domains/Catalytic_domain/structures/AlaRS_AF_Euk_Saccharomyces_cerevisiae_S288C_gene854513.pdb
-0.099362 -0.846833  0.522494    -1.709504
-0.274211 -0.481458 -0.832470     4.035625
 0.956523 -0.225990 -0.184373    -3.271822
>../../../../class2/ala//data/domains/Catalytic_domain/structures/AlaRS_PDB_Bact_E_coli_3HXV.pdb
-0.632911  0.748644  0.197375   -11.988155
 0.420053  0.546187 -0.724731   -15.739706
-0.650369 -0.375782 -0.660158    26.422568
>../../../../class2/phe1//data/domains/Catalytic_domain/structures/PheRS-Bα_AF_Bact_Brachyspira_pilosicoli_95_1000_gene56440383.pdb
 0.585494  0.347033  0.732643    14.232959
-0.346039 -0.710288  0.612982    -6.391943
 0.733112 -0.612421 -0.295782   -13.875148
>../../../../class2/phe1//data/domains/Catalytic_domain/structures/PheRS-Bα_AF_Bact_Chlamydia_psittaci_6BC_gene12243227.pdb
 0.735865 -0.668174  0.109753    17.658788
-0.658357 -0.668105  0.346702    -5.745525
-0.158331 -0.327382 -0.931532   -13.379672
>../../../../class2/phe1//data/domains/Catalytic_domain/structures/PheRS-Bα_AF_Bact_Ferrimonas_balearica_DSM_9799_gene67181906.pdb
-0.798036  0.508670 -0.323100    19.487628
 0.465591  0.180071 -0.866487    -7.305166
-0.382575 -0.841920 -0.380535   -14.972776
>../../../../class2/phe1//data/domains/Catalytic_domain/structures/PheRS-Bα_AF_Bact_Mycobacterium_intracellulare_ATCC_13950_gene11909689.pdb
 0.244243  0.242796  0.938827    25.679533
 0.835822  0.438174 -0.330765    -8.498880
-0.491678  0.865479 -0.095913   -19.091276
>../../../../class2/phe1//data/domains/Catalytic_domain/structures/PheRS-Bα_AF_Bact_Mycoplasma_capricolum_subsp_capricolum_ATCC_27343_gene23778662.pdb
-0.931726  0.157018 -0.327463    16.763793
 0.326722 -0.031255 -0.944604    -8.513951
-0.158555 -0.987101 -0.022180   -13.792220
>../../../../class2/phe1//data/domains/Catalytic_domain/structures/PheRS-Bα_AF_Bact_Porphyromonas_gingivalis_ATCC_33277_gene29256875.pdb
 0.590542 -0.233834  0.772387    14.696906
-0.725694 -0.572559  0.381504    -3.492404
 0.353028 -0.785810 -0.507812   -15.850439
>../../../../class2/phe1//data/domains/Catalytic_domain/structures/PheRS-Bα_AF_Bact_Prochlorococcus_marinus_subsp_marinus_str_CCMP1375_gene54200681.pdb
-0.213977 -0.868844  0.446457    26.124244
 0.738541 -0.443032 -0.508213    -9.256976
 0.639352  0.220981  0.736476   -15.654486
>../../../../class2/phe1//data/domains/Catalytic_domain/structures/PheRS-Bα_AF_Bact_Staphylococcus_argenteus_gene66839332.pdb
-0.644007 -0.763841 -0.042449    21.115582
 0.478184 -0.358612 -0.801709    -6.606674
 0.597155 -0.536605  0.596205   -10.494338
>../../../../class2/phe1//data/domains/Catalytic_domain/structures/PheRS-Bα_PDB_Bact.A_E_coli_3PCO.pdb
-0.742318 -0.240461  0.625414   -39.146034
 0.391206 -0.913317  0.113176    -2.495875
 0.543987  0.328679  0.772042   -47.747333
>../../../../class2/phe1//data/domains/Catalytic_domain/structures/PheRS-Bα_PDB_Bact.A_T_thermophilus_1PYS.pdb
 0.505226 -0.045225 -0.861801    20.905406
 0.698155  0.608423  0.377361   -53.457526
 0.507273 -0.792323  0.338965    13.899809
