>structures/AspRS-E_AF_Euk_Caenorhabditis_elegans_gene176334.pdb
 0.299228  0.341564 -0.890953     2.649553
-0.807862 -0.406192 -0.427044    -5.715245
-0.507761  0.847550  0.154393    10.954060
>structures/AspRS-E_AF_Euk_Cryptococcus_neoformans_var_neoformans_JEC21_gene3258977.pdb
 1.000000  0.000000  0.000000     0.000000
 0.000000  1.000000  0.000000     0.000000
 0.000000  0.000000  1.000000     0.000000
>structures/AspRS-E_AF_Euk_Thalassiosira_pseudonana_CCMP1335_gene7443135.pdb
 0.346066  0.428214 -0.834788     4.584059
-0.832566 -0.270022 -0.483655    -7.008350
-0.432519  0.862392  0.263072    10.639410
>structures/AspRS-E_AF_Euk_Theileria_orientalis_strain_Shintoku_gene20715543.pdb
 0.223547  0.235792 -0.945742     2.022194
-0.781224 -0.536878 -0.318514    -5.135464
-0.582851  0.810040  0.064189    11.521372
>structures/AspRS-E_PDB_Euk_S_cerevisiae_1EOV.pdb
-0.528813 -0.812718  0.244634     0.920037
-0.322621 -0.074117 -0.943622    43.883458
 0.785030 -0.577924 -0.223006    32.862347
>structures/AsxRS_AF_Arch_Candidatus_Korarchaeum_cryptofilum_OPF8_gene6094477.pdb
 0.530468  0.663982 -0.527003     6.889624
-0.811517  0.218057 -0.542118    -8.098303
-0.245040  0.715248  0.654504     9.862074
>structures/AsxRS_AF_Arch_Candidatus_Methanomassiliicoccus_intestinalis_Issoire-Mx1_gene16154831.pdb
 0.611582  0.646141 -0.456584     5.619157
-0.778068  0.386554 -0.495163    -7.418051
-0.143451  0.658086  0.739151    10.456607
>structures/AsxRS_AF_Arch_Candidatus_Nitrosopumilus_koreensis_AR1_gene13725312.pdb
 0.848056  0.414672 -0.329922     7.887731
-0.480985  0.863653 -0.150852   -12.125694
 0.222384  0.286619  0.931877    12.892989
>structures/AsxRS_AF_Arch_Methanobacterium_lacus_gene10277817.pdb
 0.946655  0.020236 -0.321612     8.352135
 0.098620  0.931947  0.348926    -9.328099
 0.306786 -0.362030  0.880237    15.180396
>structures/AsxRS_AF_Bact_Clostridium_acetobutylicum_DSM_1731_gene45000055.pdb
 0.299994  0.402414 -0.864908     5.348721
-0.784603 -0.411614 -0.463651    -6.573979
-0.542588  0.817702  0.192254     9.946615
>structures/AsxRS_AF_Bact_Spirochaetes_bacterium_GWE1_32_154_proteinOHD39701.1.pdb
 0.946023  0.271072 -0.177655     5.790445
-0.207457  0.927607  0.310655    -8.213050
 0.249004 -0.257031  0.933773    10.419819
>structures/AsxRS_AF_Bact_Tropheryma_whipplei_TW08_27_gene67388547.pdb
-0.420443 -0.641702  0.641442     5.575612
-0.606977 -0.326547 -0.724532    -7.856837
 0.674394 -0.693964 -0.252204    10.556801
>structures/AsxRS_PDB_Arch_T_kodarensis_1b8a.pdb
-0.692438  0.087395  0.716164     4.258437
-0.188729  0.936131 -0.296715    -2.394389
-0.696355 -0.340618 -0.631719    58.662137
>structures/AsxRS_PDB_Bact_T_thermophilus_1n9w.pdb
-0.445516 -0.439827  0.779787   -29.623352
-0.404020  0.876041  0.263289    -6.423240
-0.798927 -0.197750 -0.567989    74.429361
