>structures/SerRS_AF_Arch_Candidatus_Methanomassiliicoccus_intestinalis_Issoire-Mx1_gene16154337.pdb
-0.513910 -0.745538  0.424345     3.736448
-0.753869  0.156444 -0.638127     2.601829
 0.409362 -0.647841 -0.642437     1.568746
>structures/SerRS_AF_Arch_Methanospirillum_hungatei_JF-1_gene3924775.pdb
-0.595222  0.736801  0.320679    -0.261880
 0.732618  0.333637  0.593260     1.726952
 0.330124  0.588056 -0.738382    -0.783591
>structures/SerRS_AF_Arch_Nitrosopumilus_maritimus_SCM1_gene5773574.pdb
 0.768739  0.635876 -0.068569     2.606564
-0.605252  0.688660 -0.399272    -2.817973
-0.206667  0.348437  0.914265     0.563077
>structures/SerRS_AF_Arch_Thermoproteus_uzoniensis_768-20_gene10361450.pdb
 0.965731  0.255310  0.046690     5.932577
-0.252199  0.965586 -0.063556    -2.059312
-0.061310  0.049603  0.996885     0.729760
>structures/SerRS_AF_Bact_Bifidobacterium_longum_subsp_longum_JCM_1217_gene69578844.pdb
 0.141060 -0.058078  0.988296     1.451756
-0.102222 -0.993796 -0.043811     4.556831
 0.984710 -0.094845 -0.146121    -0.506416
>structures/SerRS_AF_Bact_Brucella_suis_1330_gene45051948.pdb
 0.987870 -0.154010 -0.019840     0.485582
 0.154640  0.987331  0.035561    -0.112262
 0.014112 -0.038198  0.999171     0.674183
>structures/SerRS_AF_Bact_Chlamydia_psittaci_6BC_gene12242544.pdb
-0.981382  0.192061  0.001107     2.131123
 0.190611  0.973234  0.128382     0.241227
 0.023580  0.126203 -0.991724     0.027550
>structures/SerRS_AF_Bact_Clostridium_acetobutylicum_DSM_1731_gene44996495.pdb
 0.851370  0.505534 -0.140018    -1.238699
-0.509137  0.732083 -0.452586     1.013882
-0.126293  0.456606  0.880659    -0.653134
>structures/SerRS_AF_Bact_Mycoplasma_hyopneumoniae_168-L_gene57101125.pdb
-0.903098  0.408534  0.132344     1.754848
 0.406417  0.713550  0.570677     2.272638
 0.138707  0.569164 -0.810440     1.697221
>structures/SerRS_AF_Bact_Prochlorococcus_marinus_subsp_marinus_str_CCMP1375_gene54200639.pdb
 0.972604 -0.232466 -0.000528     6.092113
 0.210612  0.880203  0.425307     2.501629
-0.098405 -0.413766  0.905049     3.246027
>structures/SerRS_AF_Bact_Streptobacillus_moniliformis_DSM_12112_gene29673293.pdb
 1.000000  0.000000  0.000000     0.000000
 0.000000  1.000000  0.000000     0.000000
 0.000000  0.000000  1.000000     0.000000
>structures/SerRS_AF_Bact_Treponema_pallidum_subsp_pertenue_str_SamoaD_gene57879171.pdb
-0.698481  0.665796  0.262374     0.550761
 0.689687  0.528465  0.495032     0.141729
 0.190934  0.526727 -0.828313    -0.537355
>structures/SerRS_AF_Euk_Cyanidioschyzon_merolae_strain_10D_gene16995416.pdb
-0.152131  0.687605  0.709969     0.030083
 0.702688 -0.429903  0.566932     2.319070
 0.695043  0.585135 -0.417770    -1.461732
>structures/SerRS_AF_Euk_Thunnus_albacares_gene122982782.pdb
 0.190668  0.030789  0.981172     0.043826
 0.033465 -0.999131  0.024849     4.657211
 0.981084  0.028097 -0.191533     1.142046
>structures/SerRS_AF_Euk_Trichomonas_vaginalis_G3_gene4762654.pdb
-0.853617  0.489843 -0.177180     1.495377
 0.305172  0.745931  0.591994     2.607251
 0.422148  0.451265 -0.786226    -0.183667
>structures/SerRS_AF_Euk_Vitis_vinifera_gene100261399.pdb
 0.125364  0.316924  0.940129     0.533490
 0.284611 -0.919264  0.271937     3.633678
 0.950411  0.233480 -0.205443    -0.621184
>structures/SerRS_AF_Mito_Cervus_elaphus_gene122688911.pdb
 0.941918 -0.332888 -0.044462     7.300826
 0.317044  0.837689  0.444702     3.719890
-0.110791 -0.432969  0.894574     4.151603
>structures/SerRS_AF_Mito_Drechmeria_coniospora_gene63718051.pdb
-0.984897  0.165467 -0.050982     1.552585
 0.131249  0.905536  0.403458     3.343913
 0.112925  0.390674 -0.913577     1.996692
>structures/SerRS_PDB_Bact_K_pneumoniae_6h9x.pdb
-0.281093  0.007908  0.959648     6.806233
-0.526042  0.835087 -0.160966    21.565948
-0.802663 -0.550061 -0.230577   -27.972939
>structures/SerRS_PDB_Bact_T_thermophilus_1ser.pdb
-0.956491 -0.217409 -0.194573   143.925039
 0.199692 -0.974032  0.106696    30.066433
-0.212717  0.063199  0.975068   -22.204550
>structures/SerRS_PDB_Mito_B_taurus_1wle.pdb
-0.735623 -0.233874 -0.635738   109.289836
-0.542559 -0.358485  0.759683     0.456332
-0.405572  0.903765  0.136819   -12.418465
