>structures/GluGlnRS_AF_Bact_Campylobacter_lari_RM2100_gene7410051.pdb
 0.707727  0.705631 -0.034744     2.070454
-0.509622  0.475840 -0.716841     0.533310
-0.489293  0.525034  0.696370     0.792307
>structures/GluRS-B_AF_Bact_Chlamydia_psittaci_6BC_gene12242467.pdb
-0.310828 -0.941367  0.131203     5.334909
-0.434082  0.017794 -0.900698     8.424282
 0.845552 -0.336915 -0.414161    -1.809964
>structures/GluRS-B_AF_Bact_[Eubacterium]_eligens_ATCC_27750_gene41357084.pdb
-0.354559 -0.861044  0.364541     0.982906
-0.837492  0.119069 -0.533319    -0.005794
 0.415805 -0.494394 -0.763335     0.060919
>structures/GluRS-B_AF_Bact_Porphyromonas_gingivalis_ATCC_33277_gene29255772.pdb
 0.499625  0.857340 -0.123872     3.755951
-0.571273  0.218613 -0.791111     0.838070
-0.651170  0.466023  0.598999     3.882244
>structures/GluRS-B_AF_Bact_Treponema_pallidum_subsp_pertenue_str_SamoaD_gene57879197.pdb
-0.176498 -0.783540  0.595747    -1.036202
-0.745675 -0.288642 -0.600545     0.798972
 0.642509 -0.550228 -0.533321     0.887215
>structures/GluRS-B_AF_Euk_Cryptococcus_neoformans_var_grubii_H99_gene23890400.pdb
 0.639612  0.764909 -0.076225    -0.191212
-0.566088  0.401620 -0.719893    -1.608247
-0.520039  0.503602  0.689887     4.082775
>structures/GluRS-B_AF_Mito_Drosophila_melanogaster_gene39828.pdb
 0.195045 -0.593425 -0.780900     3.159185
 0.847811 -0.298301  0.438443     1.157000
-0.493126 -0.747572  0.444930     3.048193
>structures/GluRS-B_AF_Mito_Homo_sapiens_gene124454.pdb
 0.493817 -0.534632 -0.685794     3.445747
 0.805019 -0.017105  0.593002     7.223007
-0.328769 -0.844912  0.421942     2.408257
>structures/GluRS-B_PDB_Bact_T_therm_1J09.pdb
 0.657454  0.750856 -0.063003   -44.665065
-0.650885  0.523809 -0.549521    11.610046
-0.379609  0.402293  0.833101     0.966599
>structures/GlxRS-B_AF_Bact_Bifidobacterium_animalis_subsp_lactis_BLC1_gene66532600.pdb
-0.373886 -0.633406  0.677500    -0.530976
-0.651107 -0.340961 -0.678090    -0.514071
 0.660507 -0.694653 -0.284934     1.052668
>structures/GlxRS-B_AF_Bact_Mycoplasma_hyopneumoniae_168-L_gene57101016.pdb
-0.099906 -0.893618  0.437568     4.493859
-0.898239 -0.108167 -0.425989    -1.054141
 0.428002 -0.435599 -0.791876     3.218274
>structures/GlxRS-B_AF_Bact_Paracoccus_denitrificans_PD1222_gene75500422.pdb
-0.371975 -0.881794  0.289954     1.309404
-0.860455  0.210377 -0.464068     3.141197
 0.348212 -0.422114 -0.836999     1.688977
>structures/GlxRS-B_AF_Bact_Prochlorococcus_marinus_subsp_marinus_str_CCMP1375_gene54199839.pdb
 0.999815  0.015128 -0.011882    -0.497282
-0.015413  0.999587 -0.024270    -0.115391
 0.011510  0.024448  0.999635    -0.938643
>structures/GlxRS-B_AF_Euk_Arabidopsis_thaliana_gene836526.pdb
 0.360512 -0.540892 -0.759912     0.043380
 0.834095 -0.177725  0.522207     5.154038
-0.417513 -0.822101  0.387083     4.528623
>structures/GlxRS-B_AF_Euk_Ostreococcus_tauri_proteinOUS48355.1.pdb
 0.085498 -0.211192 -0.973698    -2.515437
 0.564922 -0.794725  0.221978     5.742006
-0.820703 -0.569043  0.051360     0.032833
>structures/GlxRS-B_AF_Euk_Plasmodium_knowlesi_strain_H_gene7321821.pdb
-0.173958 -0.779080  0.602307     0.400585
-0.704752 -0.328698 -0.628715     1.253862
 0.687796 -0.533847 -0.491878     0.332468
>structures/GlxRS-B_AF_Mito_Cyanidioschyzon_merolae_strain_10D_gene16997617.pdb
 0.101335 -0.177426 -0.978903    -3.189157
 0.520900 -0.828846  0.204151     4.986890
-0.847581 -0.530598  0.008430     2.180054
>structures/GlxRS-B_PDB_Bact_S_elong_2CFO.pdb
 0.682301  0.545295 -0.486948    34.334562
-0.500043  0.833991  0.233271     4.434376
 0.533312  0.084334  0.841704   -35.294832
