>structures/GluGlnRS_AF_Bact_Campylobacter_lari_RM2100_gene7410051.pdb
 0.710465  0.702647 -0.039071     1.964576
-0.506936  0.472488 -0.720952     0.420851
-0.488114  0.532018  0.691883     0.455945
>structures/GluRS-B_AF_Bact_Chlamydia_psittaci_6BC_gene12242467.pdb
-0.311533 -0.941201  0.130720     5.318518
-0.434340  0.018690 -0.900555     8.431683
 0.845160 -0.337330 -0.414624    -1.831721
>structures/GluRS-B_AF_Bact_[Eubacterium]_eligens_ATCC_27750_gene41357084.pdb
-0.355201 -0.860706  0.364715     0.961977
-0.837565  0.119779 -0.533045    -0.004779
 0.415110 -0.494811 -0.763443     0.028039
>structures/GluRS-B_AF_Bact_Porphyromonas_gingivalis_ATCC_33277_gene29255772.pdb
 0.499865  0.857180 -0.124001     3.744439
-0.570825  0.218377 -0.791499     0.819147
-0.651378  0.466426  0.598459     3.859667
>structures/GluRS-B_AF_Bact_Treponema_pallidum_subsp_pertenue_str_SamoaD_gene57879197.pdb
-0.177422 -0.783326  0.595753    -1.062380
-0.746059 -0.287730 -0.600506     0.801405
 0.641809 -0.551010 -0.533357     0.846005
>structures/GluRS-B_AF_Euk_Cryptococcus_neoformans_var_grubii_H99_gene23890400.pdb
 0.639572  0.764859 -0.077059    -0.216710
-0.566058  0.400755 -0.720398    -1.608941
-0.520121  0.504366  0.689266     4.043355
>structures/GluRS-B_AF_Mito_Drosophila_melanogaster_gene39828.pdb
 0.195775 -0.593277 -0.780829     3.138669
 0.847924 -0.297590  0.438708     1.161317
-0.492642 -0.747972  0.444794     3.023553
>structures/GluRS-B_PDB_Bact_T_therm_1J09.pdb
 0.658050  0.750365 -0.062621   -44.668937
-0.649978  0.524086 -0.550329    11.523115
-0.380129  0.402846  0.832596     0.949583
>structures/GlxRS-B_AF_Bact_Bifidobacterium_animalis_subsp_lactis_BLC1_gene66532600.pdb
-0.373956 -0.633182  0.677671    -0.544067
-0.651809 -0.340372 -0.677711    -0.539196
 0.659774 -0.695146 -0.285429     1.021860
>structures/GlxRS-B_AF_Bact_Mycoplasma_hyopneumoniae_168-L_gene57101016.pdb
-0.101479 -0.893248  0.437961     4.449913
-0.898477 -0.106722 -0.425851    -1.058281
 0.427131 -0.436713 -0.791733     3.168215
>structures/GlxRS-B_AF_Bact_Paracoccus_denitrificans_PD1222_gene75500422.pdb
-0.372791 -0.881418  0.290050     1.286018
-0.860416  0.211313 -0.463714     3.146485
 0.347434 -0.422432 -0.837162     1.657755
>structures/GlxRS-B_AF_Bact_Prochlorococcus_marinus_subsp_marinus_str_CCMP1375_gene54199839.pdb
 0.999798  0.015887 -0.012348    -0.521180
-0.016190  0.999561 -0.024811    -0.103779
 0.011949  0.025006  0.999616    -0.967713
>structures/GlxRS-B_AF_Euk_Arabidopsis_thaliana_gene836526.pdb
 0.361275 -0.540586 -0.759768     0.021661
 0.834102 -0.176887  0.522479     5.158062
-0.416838 -0.822482  0.386999     4.500060
>structures/GlxRS-B_AF_Euk_Ostreococcus_tauri_proteinOUS48355.1.pdb
 0.086285 -0.211426 -0.973578    -2.534301
 0.565325 -0.794268  0.222589     5.750838
-0.820343 -0.569594  0.050991     0.004054
>structures/GlxRS-B_AF_Euk_Plasmodium_knowlesi_strain_H_gene7321821.pdb
-0.172303 -0.779088  0.602771     0.414234
-0.709002 -0.326719 -0.624957     1.113140
 0.683833 -0.535048 -0.496081     0.261987
>structures/GlxRS-B_AF_Mito_Cyanidioschyzon_merolae_strain_10D_gene16997617.pdb
 0.102228 -0.177613 -0.978776    -3.212897
 0.521383 -0.828388  0.204778     4.992931
-0.847177 -0.531251  0.007920     2.144696
>structures/GlxRS-B_PDB_Bact_S_elong_2CFO.pdb
 0.681846  0.545553 -0.487297    34.338088
-0.500522  0.833757  0.233082     4.441517
 0.533446  0.084976  0.841555   -35.304257
