>structures/GluGlnRS_AF_Bact_Campylobacter_lari_RM2100_gene7410051.pdb
 0.224094 -0.105579 -0.968832    -1.024853
 0.562477 -0.797816  0.217046     2.959959
-0.795865 -0.593584 -0.119400    -6.526957
>structures/GluRS-B_AF_Bact_Chlamydia_psittaci_6BC_gene12242467.pdb
-0.973492  0.210542 -0.089362     6.274026
-0.018778  0.315811  0.948636    -1.917163
 0.227950  0.925168 -0.303486    -7.493605
>structures/GluRS-B_AF_Bact_Escherichia_coli_O157:H7_str._Sakai_gene915601.pdb
 0.977465 -0.085217 -0.193134    -2.050903
 0.085543  0.996312 -0.006661     2.015208
 0.192989 -0.010010  0.981150    -3.129296
>structures/GluRS-B_AF_Bact_[Eubacterium]_eligens_ATCC_27750_gene41357084.pdb
-0.818278  0.396180  0.416487    -0.281793
 0.544443  0.301739  0.782647     4.620298
 0.184399  0.867176 -0.462604    -5.045567
>structures/GluRS-B_AF_Bact_Porphyromonas_gingivalis_ATCC_33277_gene29255772.pdb
 0.298999 -0.160479 -0.940663    -3.826934
 0.746707 -0.574430  0.335347     0.097889
-0.594161 -0.802668 -0.051923    -8.164435
>structures/GluRS-B_AF_Bact_Treponema_pallidum_subsp_pertenue_str_SamoaD_gene57879197.pdb
-0.950434  0.237530  0.200636    -0.849146
 0.309851  0.669911  0.674694     3.822704
 0.025852  0.703420 -0.710304    -2.977250
>structures/GluRS-B_AF_Euk_Cryptococcus_neoformans_var_grubii_H99_gene23890400.pdb
 0.222941 -0.156302 -0.962220    -4.400301
 0.634312 -0.726261  0.264940     4.382481
-0.740233 -0.669414 -0.062769    -4.110188
>structures/GluRS-B_AF_Mito_Drosophila_melanogaster_gene39828.pdb
 0.883175  0.414534 -0.219461    -2.146926
-0.467889  0.745808 -0.474184     1.165942
-0.032890  0.521471  0.852635    -6.761133
>structures/GluRS-B_PDB_Bact_T_therm_1J09.pdb
 0.071973 -0.006135 -0.997388    -0.042629
 0.613565 -0.788115  0.049124     3.641097
-0.786358 -0.615497 -0.052959    41.400272
>structures/GlxRS-B_AF_Bact_Bifidobacterium_animalis_subsp_lactis_BLC1_gene66532600.pdb
-0.913536  0.406177  0.021741    -0.900478
 0.330537  0.710140  0.621648     6.646582
 0.237060  0.575083 -0.782995    -3.778696
>structures/GlxRS-B_AF_Bact_Mycoplasma_hyopneumoniae_168-L_gene57101016.pdb
-0.813118  0.277241  0.511837    -1.890732
 0.577392  0.495737  0.648740     5.303748
-0.073879  0.823033 -0.563169    -8.382817
>structures/GlxRS-B_AF_Bact_Paracoccus_denitrificans_PD1222_gene75500422.pdb
-0.797200  0.362404  0.482841    -0.532701
 0.575834  0.216205  0.788461     0.244111
 0.181349  0.906597 -0.381043    -5.132563
>structures/GlxRS-B_AF_Bact_Prochlorococcus_marinus_subsp_marinus_str_CCMP1375_gene54199839.pdb
 0.097474  0.522098 -0.847297    -0.306855
-0.188757 -0.826201 -0.530814     4.863257
-0.977174  0.211674  0.018017    -4.207526
>structures/GlxRS-B_AF_Euk_Arabidopsis_thaliana_gene836526.pdb
 0.815783  0.561985 -0.136643    -1.359267
-0.543462  0.664035 -0.513524    -1.708425
-0.197857  0.493185  0.847125    -2.894426
>structures/GlxRS-B_AF_Euk_Ostreococcus_tauri_proteinOUS48355.1.pdb
 0.997792  0.062524 -0.022408     2.548403
-0.063624  0.996601 -0.052323     0.556502
 0.019060  0.053633  0.998379    -0.294243
>structures/GlxRS-B_AF_Euk_Plasmodium_knowlesi_strain_H_gene7321821.pdb
-0.968723  0.211878  0.129166     0.394872
 0.241334  0.683322  0.689078     3.001910
 0.057738  0.698698 -0.713083    -3.591329
>structures/GlxRS-B_AF_Mito_Cyanidioschyzon_merolae_strain_10D_gene16997617.pdb
 1.000000  0.000000  0.000000     0.000000
 0.000000  1.000000  0.000000     0.000000
 0.000000  0.000000  1.000000     0.000000
>structures/GlxRS-B_AF_Mito_Homo_sapiens_gene124454.pdb
 0.742680  0.660182 -0.112185     1.852268
-0.577020  0.545895 -0.607493    -3.232863
-0.339815  0.515906  0.786363    -5.653401
>structures/GlxRS-B_PDB_Bact_S_elong_2CFO.pdb
-0.639721  0.422683 -0.641947    35.286337
-0.003193 -0.836662 -0.547710    13.414342
-0.768601 -0.348332  0.536580   -37.459827
