>structures/GluRS-B_AF_Bact_Chlamydia_psittaci_6BC_gene12242467.pdb
-0.973935  0.208591 -0.089105     6.233496
-0.017183  0.323858  0.945950    -1.860766
 0.226174  0.922825 -0.311832    -7.615449
>structures/GluRS-B_AF_Bact_[Eubacterium]_eligens_ATCC_27750_gene41357084.pdb
-0.819775  0.395438  0.414243    -0.315056
 0.544009  0.311687  0.779041     4.719849
 0.178948  0.863991 -0.470635    -5.203856
>structures/GluRS-B_AF_Bact_Porphyromonas_gingivalis_ATCC_33277_gene29255772.pdb
 0.279983 -0.152876 -0.947754    -3.893972
 0.752159 -0.578535  0.315521    -0.668283
-0.596545 -0.801203 -0.046993    -7.875571
>structures/GluRS-B_AF_Bact_Treponema_pallidum_subsp_pertenue_str_SamoaD_gene57879197.pdb
-0.950167  0.237365  0.202091    -0.856768
 0.310985  0.676577  0.667482     4.002171
 0.021707  0.697067 -0.716678    -3.149696
>structures/GluRS-B_AF_Euk_Cryptococcus_neoformans_var_grubii_H99_gene23890400.pdb
 0.217701 -0.149200 -0.964544    -4.565099
 0.627044 -0.735938  0.255365     4.376645
-0.747945 -0.660405 -0.066659    -4.327195
>structures/GluRS-B_AF_Mito_Drosophila_melanogaster_gene39828.pdb
 0.873092  0.426981 -0.235366    -1.981371
-0.487169  0.744801 -0.456002     2.015768
-0.019404  0.512795  0.858292    -7.087639
>structures/GluRS-B_PDB_Bact_T_therm_1J09.pdb
 0.070267 -0.000155 -0.997528    -0.257301
 0.602658 -0.796863  0.042576     4.401479
-0.794900 -0.604160 -0.055900    41.171735
>structures/GlxRS-B_AF_Bact_Bifidobacterium_animalis_subsp_lactis_BLC1_gene66532600.pdb
-0.921812  0.387564  0.007549    -1.309437
 0.311697  0.729506  0.608824     6.104377
 0.230451  0.563574 -0.793270    -4.017968
>structures/GlxRS-B_AF_Bact_Mycoplasma_hyopneumoniae_168-L_gene57101016.pdb
-0.810836  0.255944  0.526343    -2.275305
 0.576750  0.502336  0.644218     5.553535
-0.099518  0.825924 -0.554928    -9.257627
>structures/GlxRS-B_AF_Bact_Paracoccus_denitrificans_PD1222_gene75500422.pdb
-0.779628  0.377748  0.499487    -0.068362
 0.598336  0.213865  0.772176     1.211072
 0.184865  0.900871 -0.392755    -4.904093
>structures/GlxRS-B_AF_Bact_Prochlorococcus_marinus_subsp_marinus_str_CCMP1375_gene54199839.pdb
 0.084008  0.499374 -0.862304     0.284638
-0.180229 -0.843476 -0.506029     5.616955
-0.980031  0.197922  0.019143    -3.860567
>structures/GlxRS-B_AF_Euk_Arabidopsis_thaliana_gene836526.pdb
 0.814754  0.562906 -0.138969    -1.364401
-0.547421  0.667841 -0.504300    -1.466607
-0.191064  0.486955  0.852273    -3.024502
>structures/GlxRS-B_AF_Euk_Ostreococcus_tauri_proteinOUS48355.1.pdb
 0.997611  0.064863 -0.023792     2.547216
-0.065816  0.996957 -0.041768     0.818743
 0.021010  0.043234  0.998844    -0.441966
>structures/GlxRS-B_AF_Euk_Plasmodium_knowlesi_strain_H_gene7321821.pdb
-0.962416  0.218438  0.161370     0.323813
 0.269085  0.686652  0.675354     3.944640
 0.036718  0.693393 -0.719623    -4.162380
>structures/GlxRS-B_AF_Mito_Cyanidioschyzon_merolae_strain_10D_gene16997617.pdb
 0.999997  0.002050 -0.001178    -0.004339
-0.002038  0.999947  0.010066     0.247727
 0.001199 -0.010064  0.999949    -0.137791
>structures/GlxRS-B_PDB_Bact_S_elong_2CFO.pdb
-0.649324  0.396716 -0.648841    35.654169
 0.024755 -0.841686 -0.539399    13.588455
-0.760109 -0.366307  0.536706   -37.294481
