>structures/ThrRS_AF_Arch_Candidatus_Methanomethylophilus_alvus_Mx1201_gene15140074.pdb
-0.581865  0.320432  0.747500     6.099197
-0.546084  0.527172 -0.651063     0.186962
-0.602682 -0.787028 -0.131760    -5.078576
>structures/ThrRS_AF_Arch_Candidatus_Nitrosopumilus_koreensis_AR1_gene13725077.pdb
-0.757075  0.209319  0.618888    -8.639434
 0.409726  0.889967  0.200208    -7.800649
-0.508883  0.405147 -0.759535   -40.894659
>structures/ThrRS_AF_Arch_Pyrococcus_furiosus_DSM_3638_gene1469226.pdb
-0.166462  0.653891  0.738049    -1.235302
 0.899813 -0.205382  0.384910    29.207474
 0.403271  0.728179 -0.554191   -30.096421
>structures/ThrRS_AF_Arch_Sulfolobus_islandicus_M164_gene7940156.pdb
-0.460365 -0.882792  0.093503     9.580611
 0.806664 -0.372025  0.459228    -5.016409
-0.370617  0.286839  0.883383    -2.704173
>structures/ThrRS_AF_Bact_Bifidobacterium_longum_subsp_longum_JCM_1217_gene69578309.pdb
-0.581344  0.248328  0.774837     3.639987
 0.562654 -0.565209  0.603291    -1.863996
 0.587759  0.786684  0.188858    -2.872930
>structures/ThrRS_AF_Bact_Brachyspira_pilosicoli_95_1000_gene56439092.pdb
-0.410854 -0.854642  0.317467     4.267107
 0.898150 -0.319603  0.301961     0.725150
-0.156605  0.409195  0.898907    -6.413897
>structures/ThrRS_AF_Bact_Brucella_abortus_2308_gene3787745.pdb
 0.678822 -0.222219 -0.699871     5.445315
-0.708575 -0.448315 -0.544918     0.917329
-0.192672  0.865813 -0.461784    -5.930893
>structures/ThrRS_AF_Bact_Lactobacillus_acidophilus_La-14_gene56943112.pdb
 0.736290  0.477294 -0.479654     3.260089
 0.394430  0.273240  0.877363    -1.469393
 0.549821 -0.835183  0.012925    -4.064642
>structures/ThrRS_AF_Bact_Mycoplasma_hyopneumoniae_168-L_gene57101460.pdb
-0.359258  0.809527  0.464328     6.206490
 0.035628  0.509079 -0.859982    -6.164745
-0.932558 -0.292412 -0.211732    -5.694474
>structures/ThrRS_AF_Bact_Porphyromonas_gingivalis_ATCC_33277_gene29256174.pdb
 0.125834 -0.742937  0.657427     1.484930
 0.776703  0.486052  0.400607    -1.205930
-0.617170  0.460215  0.638203     1.220765
>structures/ThrRS_AF_Bact_Prochlorococcus_marinus_subsp_marinus_str_CCMP1375_gene54200406.pdb
 0.033161 -0.477099  0.878224     4.143978
-0.804573 -0.534039 -0.259740     1.680786
 0.592928 -0.697981 -0.401570    -2.712647
>structures/ThrRS_AF_Bact_Streptobacillus_moniliformis_DSM_12112_gene29674242.pdb
 0.609678  0.781664  0.131508     3.754188
 0.142306 -0.271154  0.951958     0.043367
 0.779770 -0.561674 -0.276552    -2.402129
>structures/ThrRS_AF_Euk_Arabidopsis_thaliana_gene832741.pdb
-0.625538  0.564598  0.538453    -0.943680
 0.464679 -0.284776  0.838437    -4.341962
 0.626718  0.774682 -0.084218     0.510978
>structures/ThrRS_AF_Euk_Cercospora_beticola_gene35433465.pdb
-0.816551  0.106332 -0.567396     1.953170
-0.374723  0.650032  0.661090    -2.557707
 0.439121  0.752431 -0.490939    -3.054112
>structures/ThrRS_AF_Euk_Cryptococcus_gattii_WM276_gene10188143.pdb
-0.323522  0.530294  0.783659     0.840328
 0.302816 -0.726618  0.616708    -1.480203
 0.896457  0.436823  0.074496    -1.528882
>structures/ThrRS_AF_Euk_Cyanidioschyzon_merolae_strain_10D_gene16997242.pdb
 0.717734 -0.665633 -0.204430     1.417380
-0.693148 -0.710962 -0.118651     0.193210
-0.066364  0.226860 -0.971664    -3.055798
>structures/ThrRS_AF_Euk_Homo_sapiens_gene6897.pdb
-0.821278  0.273164  0.500883     1.297196
 0.515327 -0.021566  0.856722    -0.914070
 0.244827  0.961726 -0.123057    -1.448235
>structures/ThrRS_AF_Euk_Saccharomyces_cerevisiae_S288C_gene854732.pdb
 0.524312 -0.588779 -0.615171     0.249536
-0.851427 -0.351462 -0.389290    -0.460390
 0.012997  0.727883 -0.685579    -1.818444
>structures/ThrRS_AF_Mito_Cyanidioschyzon_merolae_strain_10D_gene16995590.pdb
 0.492453  0.282631  0.823170     3.609741
-0.290775 -0.838031  0.461686    -0.463241
 0.820329 -0.466716 -0.330509    -1.597169
>structures/ThrRS_AF_Mito_Homo_sapiens_gene80222.pdb
 0.271183 -0.370796 -0.888240     0.837303
-0.949398  0.048861 -0.310252     2.042048
 0.158440  0.927428 -0.338782    -3.860167
>structures/ThrRS_AF_Mito_Oryza_sativa_Japonica_Group_gene4345200.pdb
 1.000000  0.000000  0.000000     0.000000
 0.000000  1.000000  0.000000     0.000000
 0.000000  0.000000  1.000000     0.000000
>structures/ThrRS_PDB_Bact_S_aureus_1nyr.pdb
 0.278299  0.717500  0.638547   -68.450574
 0.772124  0.228301 -0.593046     1.854666
-0.571291  0.658082 -0.490463    -5.054751
