>structures/EPRS-P_AF_Euk_Homo_sapiens_gene2058.pdb
 0.627208  0.743833  0.230916   -19.526395
-0.777798  0.613616  0.136038     9.906846
-0.040504 -0.264930  0.963417    -0.056528
>structures/ProRS-A_AF_Arch_Candidatus_Nitrosopumilus_sediminis_gene13697692.pdb
-0.101433 -0.889718  0.445100    -0.335109
-0.734870 -0.234569 -0.636352     2.425531
 0.670580 -0.391638 -0.630033    -1.329036
>structures/ProRS-A_AF_Arch_Halogeometricum_borinquense_DSM_11551_gene9994169.pdb
 0.937796  0.265351  0.223891    -0.174994
-0.225978  0.956092 -0.186604     2.906644
-0.263576  0.124402  0.956583    -0.791607
>structures/ProRS-A_AF_Arch_Picrophilus_torridus_DSM_9790_gene2845069.pdb
 0.719195  0.667132  0.194148     1.204691
-0.507078  0.694998 -0.509754     4.270136
-0.475006  0.268165  0.838127    -1.384692
>structures/ProRS-A_AF_Arch_Sulfurisphaera_tokodaii_str_7_gene1459472.pdb
 0.216945 -0.398329  0.891218     0.363516
-0.258583 -0.903797 -0.341006     3.352978
 0.941313 -0.156474 -0.299076    -0.889224
>structures/ProRS-A_AF_Bact_Bacillus_anthracis_str_Ames_Ancestor_gene45020455.pdb
 0.057296 -0.299901 -0.952248     0.158949
 0.726984 -0.641198  0.245681     3.169974
-0.684260 -0.706346  0.181285    -1.227299
>structures/ProRS-A_AF_Bact_Mycoplasma_hyopneumoniae_168-L_gene57101275.pdb
 0.943824 -0.329552  0.024337    -0.215849
 0.303258  0.893063  0.332374     1.223594
-0.131269 -0.306323  0.942833    -2.968876
>structures/ProRS-A_AF_Bact_Porphyromonas_gingivalis_ATCC_33277_gene29256199.pdb
 0.901272  0.359230  0.242205    -0.135486
-0.321528  0.929278 -0.181830     3.083646
-0.290394  0.086002  0.953035    -2.315816
>structures/ProRS-A_AF_Bact_Thermus_thermophilus_HB8_gene3169620.pdb
 0.986001 -0.029966  0.164027     0.178192
 0.005253  0.988813  0.149068     1.989705
-0.166659 -0.146119  0.975128    -2.251878
>structures/ProRS-A_AF_Euk_Cryptococcus_gattii_WM276_gene10188341.pdb
 1.000000 -0.000000  0.000000     0.000000
 0.000000  1.000000  0.000000     0.000000
-0.000000  0.000000  1.000000     0.000000
>structures/ProRS-A_AF_Euk_Ostreococcus_tauri_gene9837972.pdb
 0.916096 -0.398880  0.040781     5.388101
 0.373933  0.886626  0.272155     1.428864
-0.144714 -0.234071  0.961389     1.793099
>structures/ProRS-A_AF_Euk_Plasmodium_yoelii_gene3807174.pdb
-0.052025 -0.552585 -0.831831    -2.772343
 0.513306 -0.729300  0.452370     5.400357
-0.856627 -0.403450  0.321587     0.218826
>structures/ProRS-A_AF_Euk_Saccharomyces_cerevisiae_S288C_gene856413.pdb
 0.796191  0.429500  0.426156    -1.652472
-0.233070  0.867700 -0.439061     2.557675
-0.558352  0.250252  0.790959    -2.226130
>structures/ProRS-A_AF_Euk_Scheffersomyces_stipitis_CBS_6054_gene4840393.pdb
 0.889274  0.453994  0.055503     0.531190
-0.391216  0.817888 -0.421912    -1.634290
-0.236941  0.353482  0.904936    -2.303969
>structures/ProRS-A_AF_Mito_Oryza_sativa_Japonica_Group_gene4342480.pdb
 0.984277 -0.140074  0.107605     4.991609
 0.134254  0.989154  0.059581     0.043129
-0.114784 -0.044198  0.992407     1.268440
>structures/ProRS-A_PDB_Arch_M_janacshii_1nj8.pdb
 0.351054  0.936339 -0.005506   -76.910138
 0.763982 -0.289824 -0.576484   -32.917399
-0.541380  0.198171 -0.817090    76.064672
