>structures/ProRS-A_AF_Arch_Candidatus_Nitrosopumilus_sediminis_gene13697692.pdb
-0.959913 -0.280082  0.011050    95.781471
 0.251341 -0.842621  0.476253    46.128694
-0.124079  0.459939  0.879239    42.433398
>structures/ProRS-A_AF_Arch_Halogeometricum_borinquense_DSM_11551_gene9994169.pdb
 0.299222  0.756567 -0.581440    95.915548
 0.891359 -0.004176  0.453279    46.239378
 0.340508 -0.653903 -0.675622    41.714611
>structures/ProRS-A_AF_Arch_Picrophilus_torridus_DSM_9790_gene2845069.pdb
 0.123033  0.619415 -0.775363    97.761409
 0.726195  0.476316  0.495746    47.018469
 0.676390 -0.624058 -0.391213    41.433174
>structures/ProRS-A_AF_Arch_Sulfurisphaera_tokodaii_str_7_gene1459472.pdb
-0.631463 -0.745107  0.214640    96.497681
 0.464665 -0.142018  0.874024    46.593237
-0.620759  0.651649  0.435904    41.558328
>structures/ProRS-A_AF_Bact_Bacillus_anthracis_str_Ames_Ancestor_gene45020455.pdb
 0.945491 -0.214037 -0.245430    96.457152
-0.293589 -0.234163 -0.926808    46.414358
 0.140901  0.948344 -0.284237    41.907943
>structures/ProRS-A_AF_Bact_Mycoplasma_hyopneumoniae_168-L_gene57101275.pdb
 0.630552  0.736235 -0.245686    95.739125
 0.772728 -0.625172  0.109781    46.196260
-0.072772 -0.259071 -0.963113    44.418550
>structures/ProRS-A_AF_Bact_Porphyromonas_gingivalis_ATCC_33277_gene29256199.pdb
 0.229825  0.787284 -0.572158    96.903810
 0.882076  0.079918  0.464279    45.972863
 0.411245 -0.611390 -0.676077    43.008082
>structures/ProRS-A_AF_Bact_Thermus_thermophilus_HB8_gene3169620.pdb
 0.441317  0.821948 -0.360057    96.145569
 0.889260 -0.346829  0.298205    46.603069
 0.120231 -0.451787 -0.883987    43.592294
>structures/ProRS-A_AF_Euk_Cryptococcus_gattii_WM276_gene10188341.pdb
 0.351054  0.763982 -0.541380    93.327829
 0.936339 -0.289824  0.198171    47.399900
-0.005506 -0.576484 -0.817090    42.751897
>structures/ProRS-A_AF_Euk_Ostreococcus_tauri_gene9837972.pdb
 0.686430  0.663687 -0.297210    95.335052
 0.720015 -0.677590  0.149835    52.412728
-0.101943 -0.316847 -0.942982    40.414352
>structures/ProRS-A_AF_Euk_Plasmodium_yoelii_gene3807174.pdb
 0.837606 -0.532768 -0.120724    96.360537
-0.367389 -0.385840 -0.846258    43.286018
 0.404279  0.753184 -0.518915    39.476752
>structures/ProRS-A_AF_Euk_Scheffersomyces_stipitis_CBS_6054_gene4840393.pdb
 0.141660  0.592800 -0.792793    93.513309
 0.899071  0.258094  0.353637    47.915333
 0.414251 -0.762873 -0.496408    45.575723
>structures/ProRS-A_AF_Mito_Oryza_sativa_Japonica_Group_gene4342480.pdb
 0.511067  0.730438 -0.453067    94.419836
 0.859470 -0.427520  0.280245    52.339907
 0.011006 -0.532622 -0.846282    41.646811
>structures/ProRS-A_PDB_Arch_M_janacshii_1nj8.pdb
 1.000000  0.000000  0.000000     0.000000
 0.000000  1.000000  0.000000     0.000000
 0.000000  0.000000  1.000000     0.000000
