>structures/EPRS-P_AF_Euk_Homo_sapiens_gene2058.pdb
 0.299710 -0.246978  0.921507    -5.224910
 0.458303 -0.809885 -0.366120     1.894807
 0.836739  0.532059 -0.129540   -20.190390
>structures/ProRS-A_AF_Arch_Candidatus_Nitrosopumilus_sediminis_gene13697692.pdb
 0.799174 -0.500970 -0.332189    -0.330268
 0.599746  0.627493  0.496545     1.175558
-0.040308 -0.596055  0.801931    -0.184360
>structures/ProRS-A_AF_Arch_Halogeometricum_borinquense_DSM_11551_gene9994169.pdb
 0.014067 -0.073115  0.997224     0.091512
-0.127552 -0.989306 -0.070735     0.583202
 0.991732 -0.126203 -0.023242    -0.377577
>structures/ProRS-A_AF_Arch_Picrophilus_torridus_DSM_9790_gene2845069.pdb
-0.159956  0.217709  0.962817    -0.528912
 0.246294 -0.935726  0.252501    -1.094670
 0.955904  0.277525  0.096055     0.572727
>structures/ProRS-A_AF_Arch_Sulfurisphaera_tokodaii_str_7_gene1459472.pdb
 1.000000 -0.000269  0.000085    -0.008300
 0.000269  1.000000  0.000278    -0.008579
-0.000085 -0.000278  1.000000    -0.013672
>structures/ProRS-A_AF_Bact_Bacillus_anthracis_str_Ames_Ancestor_gene45020455.pdb
-0.820032 -0.563563 -0.099717    -0.306116
-0.572269  0.809691  0.130034     0.297975
 0.007458  0.163697 -0.986483    -0.003270
>structures/ProRS-A_AF_Bact_Mycoplasma_hyopneumoniae_168-L_gene57101275.pdb
 0.002021 -0.590958  0.806700    -1.509814
-0.625481 -0.630167 -0.460069     2.481811
 0.780237 -0.503646 -0.370906     0.811433
>structures/ProRS-A_AF_Bact_Porphyromonas_gingivalis_ATCC_33277_gene29256199.pdb
 0.009769 -0.078744  0.996847    -1.479168
-0.029475 -0.996484 -0.078426     0.744263
 0.999518 -0.028616 -0.012055     0.188081
>structures/ProRS-A_AF_Bact_Thermus_thermophilus_HB8_gene3169620.pdb
 0.060645 -0.398694  0.915077    -1.065061
-0.377462 -0.857846 -0.348744     1.595893
 0.924037 -0.324257 -0.202516     0.829072
>structures/ProRS-A_AF_Euk_Cryptococcus_gattii_WM276_gene10188341.pdb
 0.217091 -0.258565  0.941284     1.619230
-0.397989 -0.903940 -0.156517     3.024965
 0.891334 -0.340642 -0.299143     0.536728
>structures/ProRS-A_AF_Euk_Ostreococcus_tauri_gene9837972.pdb
-0.034388 -0.536659  0.843098     4.121967
-0.680871 -0.604957 -0.412846    -0.691208
 0.731595 -0.588238 -0.344592     4.343616
>structures/ProRS-A_AF_Euk_Plasmodium_yoelii_gene3807174.pdb
-0.950343 -0.311160  0.005230    -0.172478
-0.309239  0.942325 -0.128043    -0.785777
 0.034913 -0.123303 -0.991755    -3.836629
>structures/ProRS-A_AF_Euk_Scheffersomyces_stipitis_CBS_6054_gene4840393.pdb
 0.071151  0.219833  0.972939    -0.011950
 0.036769 -0.975327  0.217684     4.651914
 0.996788  0.020285 -0.077478     2.257057
>structures/ProRS-A_AF_Mito_Oryza_sativa_Japonica_Group_gene4342480.pdb
 0.070771 -0.328343  0.941904     3.900105
-0.496332 -0.830670 -0.252275     0.802494
 0.865243 -0.449643 -0.221754     4.621667
>structures/ProRS-A_PDB_Arch_M_janacshii_1nj8.pdb
-0.630931  0.464739 -0.621244    65.033608
-0.745555 -0.141646  0.651218    51.478726
 0.214650  0.874044  0.435858   -79.560270
