>../../../../class2/asn//data/domains/Catalytic_domain/structures/AsnRS_AF_Arch_Candidatus_Korarchaeum_cryptofilum_OPF8_gene6094562.pdb
-0.032501  0.991089  0.129173    -8.680507
-0.931022  0.016985 -0.364569     2.531567
-0.363514 -0.132112  0.922173    30.884323
>../../../../class2/asn//data/domains/Catalytic_domain/structures/AsnRS_AF_Arch_Candidatus_Nitrososphaera_gargensis_Ga92_gene13796664.pdb
 0.765954  0.421866  0.485123    -7.519199
 0.452608 -0.889748  0.059115     4.725950
 0.456575  0.174291 -0.872446    29.904202
>../../../../class2/asn//data/domains/Catalytic_domain/structures/AsnRS_AF_Arch_Ferroplasma_acidarmanus_Fer1_gene16025664.pdb
 0.142443 -0.989596  0.020244    -2.426378
-0.462157 -0.084581 -0.882755    -2.268265
 0.875283  0.116386 -0.469397    32.682078
>../../../../class2/asn//data/domains/Catalytic_domain/structures/AsnRS_AF_Arch_Pyrococcus_sp_ST04_gene13021535.pdb
 0.231343 -0.972440  0.028990    -2.101260
-0.470768 -0.137973 -0.871402    -1.268060
 0.851386  0.187945 -0.489713    32.363798
>../../../../class2/asn//data/domains/Catalytic_domain/structures/AsnRS_AF_Bact_Clostridium_acetobutylicum_DSM_1731_gene44999755.pdb
 0.754681  0.458322  0.469464    -9.008681
 0.523229 -0.852142 -0.009192     3.813171
 0.395837  0.252575 -0.882904    29.141519
>../../../../class2/asn//data/domains/Catalytic_domain/structures/AsnRS_AF_Bact_Mycoplasma_hyopneumoniae_168-L_gene57101291.pdb
 0.516018 -0.818655  0.252051    -1.164029
-0.342563 -0.466928 -0.815248    -0.158605
 0.785096  0.334339 -0.521384    32.605168
>../../../../class2/asn//data/domains/Catalytic_domain/structures/AsnRS_AF_Bact_Porphyromonas_gingivalis_ATCC_33277_gene29256423.pdb
 0.337578 -0.940272  0.043937    -3.136944
-0.399592 -0.185412 -0.897747     0.129885
 0.852272  0.285503 -0.438316    32.444142
>../../../../class2/asn//data/domains/Catalytic_domain/structures/AsnRS_AF_Bact_Streptobacillus_moniliformis_DSM_12112_gene29673200.pdb
 0.700119  0.543144  0.463496    -8.783459
 0.605193 -0.795864  0.018471     3.969076
 0.378912  0.267573 -0.885907    29.446542
>../../../../class2/asn//data/domains/Catalytic_domain/structures/AsnRS_AF_Bact_Thermus_thermophilus_HB8_gene3168522.pdb
 0.546619 -0.746685  0.379038    -0.387118
-0.271793 -0.586343 -0.763106     0.081100
 0.792045  0.314108 -0.523450    32.174537
>../../../../class2/asn//data/domains/Catalytic_domain/structures/AsnRS_AF_Bact_Treponema_pallidum_subsp_pertenue_str_SamoaD_gene57879132.pdb
 0.775366  0.372041  0.510287    -8.559361
 0.443434 -0.896073 -0.020474     4.811135
 0.449637  0.242153 -0.859760    29.347258
>../../../../class2/asn//data/domains/Catalytic_domain/structures/AsnRS_AF_Bact_unclassified_Blastocatellia_proteinRPI49177.1.pdb
 0.692137 -0.513081  0.507636    -0.764941
-0.113908 -0.772161 -0.625134     1.874292
 0.712721  0.374854 -0.592885    31.368888
>../../../../class2/asn//data/domains/Catalytic_domain/structures/AsnRS_AF_Euk_Candida_albicans_SC5314_gene3646227.pdb
 0.333731 -0.931064  0.147455    -1.315546
-0.521018 -0.312544 -0.794265    -0.865800
 0.785598  0.188244 -0.589407    27.792409
>../../../../class2/asn//data/domains/Catalytic_domain/structures/AsnRS_AF_Euk_Cryptococcus_gattii_WM276_gene10190222.pdb
 0.392609 -0.904615  0.165919    -2.143885
-0.590661 -0.386290 -0.708449     0.641997
 0.704966  0.180142 -0.685982    24.829599
>../../../../class2/asn//data/domains/Catalytic_domain/structures/AsnRS_AF_Euk_Encephalitozoon_intestinalis_ATCC_50506_gene9698489.pdb
 0.244429 -0.965450 -0.090333    -3.379518
-0.438423 -0.026942 -0.898365    -1.722859
 0.864893  0.259190 -0.429861    33.180357
>../../../../class2/asn//data/domains/Catalytic_domain/structures/AsnRS_AF_Euk_Vitis_vinifera_gene100257593.pdb
 0.601537  0.468855  0.646783   -11.202923
 0.651128 -0.756828 -0.056952     6.429575
 0.462801  0.455397 -0.760545    30.128966
>../../../../class2/asn//data/domains/Catalytic_domain/structures/AsnRS_AF_Mito_Homo_sapiens_gene79731.pdb
 0.333832  0.681842  0.650882    -5.974588
-0.819404  0.551241 -0.157195     2.466870
-0.465975 -0.480859  0.742726    29.320245
>../../../../class2/asn//data/domains/Catalytic_domain/structures/AsnRS_AF_Mito_Zeugodacus_cucurbitae_gene105213230.pdb
-0.279854 -0.935564 -0.215409    -6.618416
 0.412815 -0.319840  0.852811     6.851779
-0.866756  0.149738  0.475723    27.608467
>../../../../class2/asn//data/domains/Catalytic_domain/structures/AsnRS_PDB_Arch_P_horikoshii_1X54.pdb
 1.000000  0.000000  0.000000     0.000000
 0.000000  1.000000  0.000000     0.000000
 0.000000  0.000000  1.000000     0.000000
>../../../../class2/asn//data/domains/Catalytic_domain/structures/AsnRS_PDB_Bact_E_anophelis_6pqh.pdb
 0.261399  0.889663 -0.374393   -24.373703
 0.873534 -0.053038  0.483864    41.920051
 0.410619 -0.453527 -0.791015    -9.686311
>../../../../class2/ser1//data/domains/Catalytic_domain/structures/SerRS_AF_Arch_Candidatus_Methanomassiliicoccus_intestinalis_Issoire-Mx1_gene16154337.pdb
 0.535654 -0.104629  0.837930    -6.637011
 0.329869 -0.887524 -0.321694    10.779443
 0.777342  0.448724 -0.440892    44.186569
>../../../../class2/ser1//data/domains/Catalytic_domain/structures/SerRS_AF_Arch_Methanospirillum_hungatei_JF-1_gene3924775.pdb
-0.894594 -0.338624 -0.291609    -6.280769
-0.080218  0.763627 -0.640655     6.830900
 0.439622 -0.549734 -0.710299    47.487965
>../../../../class2/ser1//data/domains/Catalytic_domain/structures/SerRS_AF_Arch_Nitrosopumilus_maritimus_SCM1_gene5773574.pdb
 0.781637 -0.617428  0.088465    -1.953706
 0.226869  0.413545  0.881766    10.331021
-0.581011 -0.669151  0.463317    46.344192
>../../../../class2/ser1//data/domains/Catalytic_domain/structures/SerRS_AF_Arch_Thermoproteus_uzoniensis_768-20_gene10361450.pdb
 0.424907 -0.880994 -0.208093    -1.702175
 0.384208 -0.032632  0.922670    11.367538
-0.819657 -0.472000  0.324619    43.714061
>../../../../class2/ser1//data/domains/Catalytic_domain/structures/SerRS_AF_Bact_Bifidobacterium_longum_subsp_longum_JCM_1217_gene69578844.pdb
-0.157282  0.952407  0.261120    -8.648100
 0.964138  0.090851  0.249366     7.463995
 0.213775  0.290976 -0.932541    45.208193
>../../../../class2/ser1//data/domains/Catalytic_domain/structures/SerRS_AF_Bact_Brucella_suis_1330_gene45051948.pdb
 0.027216 -0.945268 -0.325157    -4.806668
 0.355446 -0.294868  0.886967     9.105405
-0.934300 -0.139716  0.327967    47.852388
>../../../../class2/ser1//data/domains/Catalytic_domain/structures/SerRS_AF_Bact_Chlamydia_psittaci_6BC_gene12242544.pdb
-0.371437 -0.914895  0.158119    -4.524569
-0.366108 -0.012179 -0.930493     9.220118
 0.853229 -0.403508 -0.330427    45.802591
>../../../../class2/ser1//data/domains/Catalytic_domain/structures/SerRS_AF_Bact_Clostridium_acetobutylicum_DSM_1731_gene44996495.pdb
 0.656084 -0.744686  0.122464    -5.627599
 0.341151  0.437392  0.832048     6.620159
-0.673179 -0.504114  0.541016    48.712086
>../../../../class2/ser1//data/domains/Catalytic_domain/structures/SerRS_AF_Bact_Mycoplasma_hyopneumoniae_168-L_gene57101125.pdb
-0.568550 -0.770170 -0.289117    -6.923007
-0.303814  0.523179 -0.796229     9.784291
 0.764492 -0.364858 -0.531442    46.305945
>../../../../class2/ser1//data/domains/Catalytic_domain/structures/SerRS_AF_Bact_Prochlorococcus_marinus_subsp_marinus_str_CCMP1375_gene54200639.pdb
-0.006159 -0.719965 -0.693983    -7.265853
 0.246593 -0.673658  0.696690    12.583830
-0.969100 -0.166841  0.181687    42.854492
>../../../../class2/ser1//data/domains/Catalytic_domain/structures/SerRS_AF_Bact_Streptobacillus_moniliformis_DSM_12112_gene29673293.pdb
 0.168568 -0.948948 -0.266614    -4.499715
 0.372159 -0.189191  0.908683     8.199927
-0.912733 -0.252398  0.321268    47.952418
>../../../../class2/ser1//data/domains/Catalytic_domain/structures/SerRS_AF_Bact_Treponema_pallidum_subsp_pertenue_str_SamoaD_gene57879171.pdb
-0.826654 -0.544049 -0.143715    -4.866260
-0.276734  0.615434 -0.738011     7.689634
 0.489961 -0.570309 -0.659307    47.232971
>../../../../class2/ser1//data/domains/Catalytic_domain/structures/SerRS_AF_Euk_Cyanidioschyzon_merolae_strain_10D_gene16995416.pdb
-0.897395  0.348577 -0.270512    -6.714095
 0.409269  0.886688 -0.215135     6.062981
 0.164869 -0.303773 -0.938371    46.852097
>../../../../class2/ser1//data/domains/Catalytic_domain/structures/SerRS_AF_Euk_Thunnus_albacares_gene122982782.pdb
-0.259020  0.940163  0.221366    -9.420089
 0.958032  0.220937  0.182654     8.451422
 0.122816  0.259387 -0.957933    46.897659
>../../../../class2/ser1//data/domains/Catalytic_domain/structures/SerRS_AF_Euk_Trichomonas_vaginalis_G3_gene4762654.pdb
-0.557845 -0.728056 -0.398425    -6.676451
 0.033236  0.460080 -0.887255     8.231779
 0.829279 -0.508193 -0.232456    45.741729
>../../../../class2/ser1//data/domains/Catalytic_domain/structures/SerRS_AF_Euk_Vitis_vinifera_gene100261399.pdb
-0.524858  0.851112 -0.011509    -8.051114
 0.843762  0.522013  0.124768     6.902837
 0.112199  0.055774 -0.992119    46.216602
>../../../../class2/ser1//data/domains/Catalytic_domain/structures/SerRS_AF_Mito_Cervus_elaphus_gene122688911.pdb
-0.104622 -0.724755 -0.681017    -8.013912
 0.224801 -0.684285  0.693699    13.910300
-0.968772 -0.080517  0.234517    41.843403
>../../../../class2/ser1//data/domains/Catalytic_domain/structures/SerRS_AF_Mito_Drechmeria_coniospora_gene63718051.pdb
-0.337725 -0.928141 -0.156510    -7.963549
-0.264878  0.253277 -0.930425    10.548352
 0.903206 -0.272772 -0.331382    46.213572
>../../../../class2/ser1//data/domains/Catalytic_domain/structures/SerRS_PDB_Bact_K_pneumoniae_6h9x.pdb
 0.682369 -0.616160  0.393343   -15.598452
-0.713434 -0.678612  0.174635   -19.196841
 0.159325 -0.399790 -0.902654    27.129469
>../../../../class2/ser1//data/domains/Catalytic_domain/structures/SerRS_PDB_Bact_T_thermophilus_1ser.pdb
-0.287565  0.872822 -0.394320    -3.615249
-0.583281  0.166957  0.794927    35.093936
 0.759664  0.458592  0.461089   -98.252213
>../../../../class2/ser1//data/domains/Catalytic_domain/structures/SerRS_PDB_Mito_B_taurus_1wle.pdb
 0.496174  0.051391 -0.866701    17.539113
-0.561473  0.780407 -0.275160    41.200175
 0.662239  0.623156  0.416072   -54.545851
