>../../../../class2/asp2//data/domains/Catalytic_domain/structures/AspRS-E_AF_Euk_Caenorhabditis_elegans_gene176334.pdb
-0.160008  0.674487  0.720739     5.126885
 0.984548  0.056420  0.165776    -5.756870
 0.071149  0.736128 -0.673092    -3.733798
>../../../../class2/asp2//data/domains/Catalytic_domain/structures/AspRS-E_AF_Euk_Cryptococcus_neoformans_var_neoformans_JEC21_gene3258977.pdb
-0.472278 -0.450038  0.757905    -4.520788
 0.156781 -0.889017 -0.430195    -6.416118
 0.867395 -0.084346  0.490421   -11.755103
>../../../../class2/asp2//data/domains/Catalytic_domain/structures/AspRS-E_AF_Euk_Thalassiosira_pseudonana_CCMP1335_gene7443135.pdb
-0.099368  0.591902  0.799861     4.459129
 0.982017 -0.071346  0.174793    -4.211836
 0.160527  0.802846 -0.574168    -2.261793
>../../../../class2/asp2//data/domains/Catalytic_domain/structures/AspRS-E_AF_Euk_Theileria_orientalis_strain_Shintoku_gene20715543.pdb
-0.189493  0.758766  0.623191     5.460372
 0.981650  0.160190  0.103449    -6.626912
-0.021336  0.631359 -0.775197    -4.148506
>../../../../class2/asp2//data/domains/Catalytic_domain/structures/AspRS-E_PDB_Euk_S_cerevisiae_1EOV.pdb
 0.989795 -0.049799  0.133517     0.594675
-0.124197  0.157929  0.979609   -59.313230
-0.069870 -0.986194  0.150132     2.614022
>../../../../class2/asp2//data/domains/Catalytic_domain/structures/AsxRS_AF_Arch_Candidatus_Korarchaeum_cryptofilum_OPF8_gene6094477.pdb
-0.073228  0.120030  0.990066     3.588099
 0.904801 -0.409567  0.116575    -2.253085
 0.419491  0.904349 -0.078611    -0.241115
>../../../../class2/asp2//data/domains/Catalytic_domain/structures/AsxRS_AF_Arch_Candidatus_Methanomassiliicoccus_intestinalis_Issoire-Mx1_gene16154831.pdb
-0.031772  0.032466  0.998968     4.149297
 0.840080 -0.540652  0.044290    -3.452117
 0.541532  0.840620 -0.010097    -1.251219
>../../../../class2/asp2//data/domains/Catalytic_domain/structures/AsxRS_AF_Arch_Candidatus_Nitrosopumilus_koreensis_AR1_gene13725312.pdb
 0.002871 -0.372612  0.927983     7.264149
 0.442420 -0.831752 -0.335341    -0.186149
 0.896804  0.411521  0.162462     2.456787
>../../../../class2/asp2//data/domains/Catalytic_domain/structures/AsxRS_AF_Arch_Methanobacterium_lacus_gene10277817.pdb
-0.250709 -0.700305  0.668370     7.435147
-0.084953 -0.671841 -0.735808    -3.210047
 0.964328 -0.241253  0.108944     3.793623
>../../../../class2/asp2//data/domains/Catalytic_domain/structures/AsxRS_AF_Bact_Clostridium_acetobutylicum_DSM_1731_gene45000055.pdb
-0.195732  0.634252  0.747939     3.472547
 0.977316  0.063251  0.202121    -4.149560
 0.080888  0.770535 -0.632245    -1.988156
>../../../../class2/asp2//data/domains/Catalytic_domain/structures/AsxRS_AF_Bact_Spirochaetes_bacterium_GWE1_32_154_proteinOHD39701.1.pdb
-0.170218 -0.720577  0.672157     4.480967
 0.217112 -0.692774 -0.687697    -2.336898
 0.961191  0.028875  0.274368    -0.931603
>../../../../class2/asp2//data/domains/Catalytic_domain/structures/AsxRS_AF_Bact_Tropheryma_whipplei_TW08_27_gene67388547.pdb
 0.981205 -0.093303 -0.168911     4.457902
 0.192845  0.505364  0.841081    -2.923157
 0.006886 -0.857847  0.513859    -1.128660
>../../../../class2/asp2//data/domains/Catalytic_domain/structures/AsxRS_PDB_Arch_T_kodarensis_1b8a.pdb
-0.129740 -0.723237 -0.678304    39.412416
 0.361060 -0.671579  0.647006   -29.046897
-0.923473 -0.160966  0.348263    20.464639
>../../../../class2/asp2//data/domains/Catalytic_domain/structures/AsxRS_PDB_Bact_T_thermophilus_1n9w.pdb
-0.268039 -0.289617 -0.918845    70.630323
 0.653290 -0.755611  0.047593   -31.431200
-0.708073 -0.587515  0.391737    -2.932466
>../../../../class2/pyl//data/domains/Catalytic_domain/structures/PylRS_AF_Arch_Candidatus_Methanomassiliicoccus_intestinalis_Issoire-Mx1_gene16153983.pdb
-0.367977 -0.914785  0.166620    -0.054209
-0.789501  0.212721 -0.575706    -1.139628
 0.491203 -0.343393 -0.800500     1.304000
>../../../../class2/pyl//data/domains/Catalytic_domain/structures/PylRS_AF_Arch_Methanosalsum_zhilinae_DSM_4017_gene10822650.pdb
 0.010950  0.207940  0.978080     0.029754
 0.243643 -0.949214  0.199076     2.310379
 0.969803  0.236123 -0.061057     6.218860
>../../../../class2/pyl//data/domains/Catalytic_domain/structures/PylRS_AF_Arch_Unclassified_Candidatus_Bathyarchaeota_proteinUCH69683.1.pdb
 0.982276  0.166721  0.085665    -0.389229
-0.162989  0.985415 -0.048901     0.609672
-0.092568  0.034071  0.995123     0.286901
>../../../../class2/pyl//data/domains/Catalytic_domain/structures/PylRS_AF_Bact_Unclassified_Actinobacteria_proteinMBU2601214.1.pdb
 0.977687  0.185754  0.098097     0.184180
-0.177671  0.980359 -0.085613     0.746588
-0.112074  0.066273  0.991487     0.016140
>../../../../class2/pyl//data/domains/Catalytic_domain/structures/PylRS_AF_Bact_Unclassified_Aerophobetes_proteinMCD6471581.1.pdb
 1.000000  0.000000  0.000000     0.000000
 0.000000  1.000000  0.000000     0.000000
 0.000000  0.000000  1.000000     0.000000
>../../../../class2/pyl//data/domains/Catalytic_domain/structures/PylRS_AF_Bact_unclassified_Desulfosarcina_proteinMBC2741817.pdb
 0.951509 -0.272168  0.143369    -4.418782
 0.227329  0.936113  0.268355     1.245907
-0.207247 -0.222750  0.952592     6.199374
>../../../../class2/pyl//data/domains/Catalytic_domain/structures/PylRS_AF_Bact_unclassified_Lachnospiraceae_proteinHCE77498.1.pdb
-0.333028  0.694892  0.637352    -1.644857
 0.597527 -0.367362  0.712746     5.275998
 0.729420  0.618200 -0.292874     1.740531
>../../../../class2/pyl//data/domains/Catalytic_domain/structures/PylRS_PDB_Arch_M_mazei_2Q7E.pdb
 0.185307 -0.609797 -0.770590    43.590957
-0.774222 -0.573526  0.267672    26.835659
-0.605179  0.547006 -0.578397     6.924950
>../../../../class2/pyl//data/domains/Catalytic_domain/structures/PylRS_PDB_Bact_D_hafniense_2ZNJ.pdb
 0.979827 -0.008761  0.199654   -37.494814
 0.082755 -0.891572 -0.445253   -11.399680
 0.181907  0.452794 -0.872862   -38.067141
