>../../../../class2/asp2//data/domains/Catalytic_domain/structures/AspRS-E_AF_Euk_Caenorhabditis_elegans_gene176334.pdb
 0.858666 -0.122043  0.497793   -17.281134
 0.312142 -0.645823 -0.696764   -18.460828
 0.406522  0.753670 -0.516451   -17.137140
>../../../../class2/asp2//data/domains/Catalytic_domain/structures/AspRS-E_AF_Euk_Cryptococcus_neoformans_var_neoformans_JEC21_gene3258977.pdb
-0.224393 -0.850540 -0.475636   -16.496200
 0.508428  0.314206 -0.801733    -9.132446
 0.831353 -0.421730  0.361933   -25.461748
>../../../../class2/asp2//data/domains/Catalytic_domain/structures/AspRS-E_AF_Euk_Thalassiosira_pseudonana_CCMP1335_gene7443135.pdb
 0.831477 -0.266926  0.487233   -16.519365
 0.266764 -0.577468 -0.771600   -17.557163
 0.487322  0.771545 -0.408945   -15.155575
>../../../../class2/asp2//data/domains/Catalytic_domain/structures/AspRS-E_AF_Euk_Theileria_orientalis_strain_Shintoku_gene20715543.pdb
 0.890777  0.016975  0.454124   -17.986783
 0.328589 -0.714359 -0.617835   -18.847767
 0.313919  0.699573 -0.641912   -17.633415
>../../../../class2/asp2//data/domains/Catalytic_domain/structures/AspRS-E_PDB_Euk_S_cerevisiae_1EOV.pdb
 0.034874  0.496367  0.867412   -69.787499
-0.998931  0.043657  0.015179   -21.757595
-0.030334 -0.867015  0.497359   -30.414518
>../../../../class2/asp2//data/domains/Catalytic_domain/structures/AsxRS_AF_Arch_Candidatus_Korarchaeum_cryptofilum_OPF8_gene6094477.pdb
 0.683538 -0.677242  0.272248   -15.557642
 0.223852 -0.160511 -0.961315   -16.266013
 0.694742  0.718039  0.041886   -12.604429
>../../../../class2/asp2//data/domains/Catalytic_domain/structures/AsxRS_AF_Arch_Candidatus_Methanomassiliicoccus_intestinalis_Issoire-Mx1_gene16154831.pdb
 0.579405 -0.795180  0.178824   -16.203076
 0.173183 -0.094281 -0.980367   -17.163900
 0.796428  0.598999  0.083084   -13.851273
>../../../../class2/asp2//data/domains/Catalytic_domain/structures/AsxRS_AF_Arch_Candidatus_Nitrosopumilus_koreensis_AR1_gene13725312.pdb
 0.068555 -0.967384 -0.243860   -14.114194
 0.091341  0.249495 -0.964059   -19.566314
 0.993457  0.043817  0.105466    -8.814826
>../../../../class2/asp2//data/domains/Catalytic_domain/structures/AsxRS_AF_Arch_Methanobacterium_lacus_gene10277817.pdb
-0.468437 -0.628461 -0.620969   -17.270531
 0.254462  0.577099 -0.776019   -20.154565
 0.846059 -0.521530 -0.110415    -8.849689
>../../../../class2/asp2//data/domains/Catalytic_domain/structures/AsxRS_AF_Bact_Clostridium_acetobutylicum_DSM_1731_gene45000055.pdb
 0.842600 -0.128409  0.523007   -16.632987
 0.351527 -0.604589 -0.714773   -16.523012
 0.407987  0.786119 -0.464287   -14.969792
>../../../../class2/asp2//data/domains/Catalytic_domain/structures/AsxRS_AF_Bact_Spirochaetes_bacterium_GWE1_32_154_proteinOHD39701.1.pdb
-0.171754 -0.762842 -0.623356   -15.253507
 0.235603  0.582589 -0.777869   -17.380384
 0.956552 -0.280467  0.079666   -13.231392
>../../../../class2/asp2//data/domains/Catalytic_domain/structures/AsxRS_AF_Bact_Tropheryma_whipplei_TW08_27_gene67388547.pdb
 0.307543  0.759740  0.572898   -15.631454
-0.938250  0.141871  0.315531   -17.347411
 0.158443 -0.634561  0.756458   -13.582732
>../../../../class2/asp2//data/domains/Catalytic_domain/structures/AsxRS_PDB_Arch_T_kodarensis_1b8a.pdb
 0.655151 -0.654168  0.377943   -42.902093
 0.153291  0.604953  0.781366   -55.156681
-0.739783 -0.453978  0.496614     0.115385
>../../../../class2/asp2//data/domains/Catalytic_domain/structures/AsxRS_PDB_Bact_T_thermophilus_1n9w.pdb
 0.827035 -0.513047 -0.229774   -31.873093
 0.353161  0.156175  0.922435   -87.192234
-0.437367 -0.844033  0.310350   -20.609094
>../../../../class2/gly2//data/domains/Catalytic_domain/structures/GlyRS-Bα_AF_Bact_Brachyspira_pilosicoli_95_1000_gene56440230.pdb
-0.941591  0.304677 -0.143451   -17.506816
 0.334966  0.803456 -0.492195    -3.110885
-0.034704 -0.511497 -0.858584    -9.459211
>../../../../class2/gly2//data/domains/Catalytic_domain/structures/GlyRS-Bα_AF_Bact_Chlamydia_pneumoniae_TW-183_gene45051002.pdb
 0.546999  0.836430 -0.034296     1.197080
-0.574355  0.345175 -0.742274    -0.267800
-0.609023  0.425722  0.669218     1.490344
>../../../../class2/gly2//data/domains/Catalytic_domain/structures/GlyRS-Bα_AF_Bact_Lacticaseibacillus_paracasei_gene61269714.pdb
-0.155228 -0.281183 -0.947017   -17.749723
-0.682515 -0.662530  0.308588    -4.951209
-0.714197  0.694255 -0.089068    -9.579548
>../../../../class2/gly2//data/domains/Catalytic_domain/structures/GlyRS-Bα_AF_Bact_Prochlorococcus_marinus_subsp_marinus_str_CCMP1375_gene54200602.pdb
 0.161668 -0.465995 -0.869892   -18.123981
 0.007516 -0.880881  0.473278    -5.099700
-0.986817 -0.083052 -0.138907    -9.411149
>../../../../class2/gly2//data/domains/Catalytic_domain/structures/GlyRS-Bα_AF_Bact_Salmonella_enterica_subsp_enterica_serovar_Typhimurium_str_LT2_gene1255180.pdb
 0.703016 -0.710783  0.023585   -17.043695
 0.007831  0.040899  0.999133    -5.648427
-0.711131 -0.702222  0.034319    -8.084885
>../../../../class2/gly2//data/domains/Catalytic_domain/structures/GlyRS-Bα_AF_Bact_Streptobacillus_moniliformis_DSM_12112_gene29673275.pdb
 0.033605 -0.268482 -0.962698   -17.779528
-0.165032 -0.951510  0.259601    -4.832237
-0.985716  0.150152 -0.076284    -9.165180
>../../../../class2/gly2//data/domains/Catalytic_domain/structures/GlyRS-Bα_AF_Euk_Ostreococcus_tauri_gene9837276.pdb
 1.000000  0.000000  0.000000     0.000000
 0.000000  1.000000  0.000000     0.000000
 0.000000  0.000000  1.000000     0.000000
>../../../../class2/gly2//data/domains/Catalytic_domain/structures/GlyRS-Bα_AF_Mito_Nymphaea_colorata_gene116265348.pdb
 0.526783  0.839744 -0.131645     0.578439
-0.328353  0.058186 -0.942761     1.132145
-0.784018  0.539856  0.306384     2.356563
>../../../../class2/gly2//data/domains/Catalytic_domain/structures/GlyRS-Bα_PDB_Bact_A_aeolicus_5f5w.pdb
-0.160047  0.596774 -0.786286   -33.916738
-0.862166  0.303378  0.405749   -49.383868
 0.480682  0.742848  0.465963     6.492481
>../../../../class2/gly2//data/domains/Catalytic_domain/structures/GlyRS-Bα_PDB_Bact_C_jejuni_3ufg.pdb
 0.616505  0.447201  0.648022   -45.692534
-0.729925  0.633184  0.257463    -4.476761
-0.295179 -0.631735  0.716784    16.406242
>../../../../class2/gly2//data/domains/Catalytic_domain/structures/GlyRS-Bα_PDB_Bact_T_maritima_1j5w.pdb
 0.630070 -0.682421 -0.370559    -0.601439
-0.467695 -0.714422  0.520445    51.392231
-0.619898 -0.154608 -0.769300    31.306893
