>structures/CysRS_AF_Arch_Aciduliprofundum_boonei_T469_gene8827372.pdb
 0.986427 -0.163584 -0.014225     7.047451
 0.158442  0.925507  0.343994     2.166867
-0.043107 -0.341579  0.938864    -0.150708
>structures/CysRS_AF_Arch_Candidatus_Nitrosopumilus_sediminis_gene13696907.pdb
 0.999274  0.017098 -0.034060    -0.672312
-0.017869  0.999588 -0.022453     0.085217
 0.033662  0.023045  0.999168    -1.046900
>structures/CysRS_AF_Arch_Methanospirillum_hungatei_JF-1_gene3922979.pdb
-0.089840  0.753802 -0.650931     5.787630
-0.554588 -0.580734 -0.595969     3.478583
-0.827261  0.307457  0.470223    -4.859851
>structures/CysRS_AF_Arch_Pyrobaculum_ferrireducens_gene11593896.pdb
-0.015093  0.357020 -0.933975    -0.280614
-0.120829 -0.927887 -0.352740     3.828703
-0.992559  0.107528  0.057143    -3.695933
>structures/CysRS_AF_Bact_Bordetella_avium_197N_gene41394405.pdb
 0.209688  0.907306 -0.364454     1.615315
-0.440608 -0.245069 -0.863601     2.528577
-0.872866  0.341668  0.348378    -1.754095
>structures/CysRS_AF_Bact_Lactobacillus_amylovorus_GRL1118_gene66523130.pdb
-0.032375  0.700935 -0.712490     2.126710
-0.463007 -0.642277 -0.610823     4.257676
-0.885763  0.310112  0.345332    -2.119471
>structures/CysRS_AF_Bact_Mycobacterium_canettii_CIPT_140010059_gene45427568.pdb
-0.971044  0.238496 -0.013882     2.789415
 0.190279  0.807247  0.558701     1.456853
 0.144454  0.539882 -0.829253    -2.009591
>structures/CysRS_AF_Bact_Mycoplasma_hyopneumoniae_168-L_gene57101512.pdb
-0.184541  0.538482 -0.822181     3.264137
-0.161884 -0.841777 -0.514981     2.764478
-0.969401  0.038063  0.242514    -2.887795
>structures/CysRS_AF_Bact_Porphyromonas_gingivalis_ATCC_33277_gene29256960.pdb
 0.983067  0.096828  0.155574     7.065724
-0.101551  0.994572  0.022685    -2.144294
-0.152532 -0.038100  0.987564    -0.163984
>structures/CysRS_AF_Bact_Prochlorococcus_marinus_subsp_marinus_str_CCMP1375_gene54200571.pdb
-0.181282  0.036787 -0.982743     5.727896
 0.365499 -0.925200 -0.102055    -0.452828
-0.912988 -0.377693  0.154277    -1.133413
>structures/CysRS_AF_Bact_Streptobacillus_moniliformis_DSM_12112_gene29673427.pdb
 0.900362 -0.434240 -0.027982     7.456297
 0.368462  0.726608  0.579894     6.931956
-0.231481 -0.532425  0.814212    -0.121049
>structures/CysRS_AF_Bact_Treponema_pallidum_subsp_pertenue_str_SamoaD_gene57878631.pdb
 0.994298  0.080342  0.070118     8.115727
-0.087607  0.990330  0.107567     0.508038
-0.060798 -0.113097  0.991722    -1.330677
>structures/CysRS_AF_Euk_Arabidopsis_thaliana_gene833874.pdb
-0.102534  0.718763 -0.687653     1.104901
-0.215640 -0.690918 -0.690023     1.415064
-0.971075  0.077535  0.225837     1.627538
>structures/CysRS_AF_Euk_Cyanidioschyzon_merolae_strain_10D_gene16993418.pdb
 0.012129 -0.120453 -0.992645    -2.154749
 0.584292 -0.804749  0.104792    -1.903754
-0.811453 -0.581266  0.060619     6.191034
>structures/CysRS_AF_Euk_Drosophila_melanogaster_gene36784.pdb
 0.278602 -0.623838 -0.730210     1.202238
 0.643805 -0.442879  0.623998    -2.364037
-0.712669 -0.643960  0.278243     2.830693
>structures/CysRS_AF_Euk_Homo_sapiens_gene833.pdb
 0.212687  0.886834 -0.410231     0.837653
-0.843983 -0.044835 -0.534492    -2.312064
-0.492399  0.459908  0.738937     2.651806
>structures/CysRS_AF_Euk_Micromonas_commoda_gene8246535.pdb
-0.874034 -0.240487 -0.422174     0.145835
-0.208469  0.970486 -0.121231     1.243075
 0.438868 -0.017950 -0.898372     2.083876
>structures/CysRS_AF_Mito_Homo_sapiens_gene79587.pdb
-0.134786  0.457683 -0.878839     1.070624
-0.380457 -0.842853 -0.380593     2.824054
-0.914924  0.283062  0.287734     0.130022
>structures/CysRS_AF_Mito_Morone_saxatilis_gene118339815.pdb
 0.874718  0.355770  0.329083     2.821171
-0.370076  0.928777 -0.020416     3.883387
-0.312908 -0.103927  0.944080     0.896061
>structures/CysRS_AF_Mito_Saccharomyces_cerevisiae_S288C_gene855474.pdb
 0.861808 -0.206446  0.463322     3.114239
-0.033726  0.888083  0.458443    -2.715310
-0.506112 -0.410716  0.758395     3.256701
>structures/CysRS_AF_Vir_Megavirus_chiliensis_gene11257271.pdb
-0.625228 -0.777669  0.065731     0.000056
-0.700772  0.522336 -0.485884    -5.740687
 0.343524 -0.349851 -0.871548    -2.892947
>structures/CysRS_PDB_Bact_E_coli_1LI5.pdb
-0.427899 -0.217159 -0.877351   106.143761
-0.892820 -0.049475  0.447689    55.541939
-0.140626  0.974882 -0.172713   -69.555151
>structures/CysRS_PDB_Bact_M_smegmatis_3C8Z.pdb
-0.282297  0.483241  0.828726    40.099842
-0.190959 -0.874880  0.445106    30.105447
 0.940129 -0.032601  0.339256   -23.066631
