>structures/CysRS_AF_Arch_Aciduliprofundum_boonei_T469_gene8827372.pdb
-0.899567 -0.247890  0.359625    -6.990061
-0.134676  0.940650  0.311512     0.247705
-0.415502  0.231793 -0.879563    -0.484244
>structures/CysRS_AF_Arch_Candidatus_Nitrosopumilus_sediminis_gene13696907.pdb
-0.830995 -0.237931  0.502828    -0.366275
-0.306425  0.950199 -0.056791     0.168026
-0.464274 -0.201272 -0.862519     4.332401
>structures/CysRS_AF_Arch_Methanospirillum_hungatei_JF-1_gene3922979.pdb
-0.168506 -0.361876  0.916871    -8.413711
-0.480518 -0.782003 -0.396957     1.916366
 0.860644 -0.507462 -0.042115     4.079530
>structures/CysRS_AF_Arch_Pyrobaculum_ferrireducens_gene11593896.pdb
-0.409756 -0.073455  0.909233    -2.617615
-0.086306 -0.989159 -0.118807     2.559917
 0.908103 -0.127154  0.398974     5.399801
>structures/CysRS_AF_Bact_Bordetella_avium_197N_gene41394405.pdb
-0.481728 -0.546117  0.685342    -3.399703
-0.452394 -0.514815 -0.728220     2.097013
 0.750518 -0.660849  0.000940     3.649568
>structures/CysRS_AF_Bact_Lactobacillus_amylovorus_GRL1118_gene66523130.pdb
-0.278885 -0.297246  0.913164    -4.228408
-0.404203 -0.826225 -0.392393     3.553075
 0.871116 -0.478536  0.110275     3.447081
>structures/CysRS_AF_Bact_Mycobacterium_canettii_CIPT_140010059_gene45427568.pdb
 0.851265 -0.174549 -0.494854    -4.008381
 0.463925  0.691019  0.554317     0.978809
 0.245198 -0.701445  0.669218     2.600232
>structures/CysRS_AF_Bact_Mycoplasma_hyopneumoniae_168-L_gene57101512.pdb
-0.279720 -0.261432  0.923802    -5.135214
-0.112664 -0.946626 -0.302004     0.941776
 0.953448 -0.188556  0.235336     4.187218
>structures/CysRS_AF_Bact_Porphyromonas_gingivalis_ATCC_33277_gene29256960.pdb
-0.887415 -0.331868  0.319935    -5.962045
-0.365234  0.929638 -0.048750    -4.177420
-0.281245 -0.160113 -0.946185     0.245943
>structures/CysRS_AF_Bact_Prochlorococcus_marinus_subsp_marinus_str_CCMP1375_gene54200571.pdb
-0.408091  0.054276  0.911326    -5.703759
 0.415300 -0.877929  0.238258    -0.634888
 0.813011  0.475705  0.335734     2.237126
>structures/CysRS_AF_Bact_Streptobacillus_moniliformis_DSM_12112_gene29673427.pdb
-0.960837 -0.040404  0.274153    -8.425648
 0.117577  0.836410  0.535345     4.154508
-0.250935  0.546613 -0.798903    -1.181144
>structures/CysRS_AF_Bact_Treponema_pallidum_subsp_pertenue_str_SamoaD_gene57878631.pdb
-0.851717 -0.361299  0.379527    -7.890819
-0.370171  0.927494  0.052227    -1.883039
-0.370878 -0.096008 -0.923705     0.738463
>structures/CysRS_AF_Euk_Arabidopsis_thaliana_gene833874.pdb
-0.294346 -0.438749  0.849035    -0.864184
-0.162367 -0.852518 -0.496839     0.317619
 0.941805 -0.284098  0.179697     0.100769
>structures/CysRS_AF_Euk_Cyanidioschyzon_merolae_strain_10D_gene16993418.pdb
-0.471557  0.047936  0.880532     4.307826
 0.616189 -0.696390  0.367903    -2.936256
 0.630829  0.716061  0.298850    -3.524701
>structures/CysRS_AF_Euk_Drosophila_melanogaster_gene36784.pdb
-0.706401  0.352007  0.614076     0.454521
 0.565887 -0.240269  0.788697    -2.908921
 0.425170  0.904634 -0.029470    -0.412378
>structures/CysRS_AF_Euk_Micromonas_commoda_gene8246535.pdb
 0.999795 -0.007363 -0.018864     0.181208
 0.007774  0.999731  0.021830     0.106363
 0.018698 -0.021972  0.999584     0.561677
>structures/CysRS_AF_Mito_Morone_saxatilis_gene118339815.pdb
-0.797881 -0.572789  0.187879    -3.377368
-0.600386  0.783032 -0.162473     3.025227
-0.054052 -0.242434 -0.968661     0.790660
>structures/CysRS_AF_Mito_Saccharomyces_cerevisiae_S288C_gene855474.pdb
-0.952168 -0.252902 -0.171512    -0.644310
-0.294299  0.910027  0.291958    -2.253027
 0.082244  0.328469 -0.940927    -1.530000
>structures/CysRS_AF_Vir_Megavirus_chiliensis_gene11257271.pdb
 0.838035  0.408516 -0.361679    -0.399670
-0.539945  0.716256 -0.442082    -6.735527
 0.078457  0.565767  0.820824     6.272666
>structures/CysRS_PDB_Bact_E_coli_1LI5.pdb
 0.505669  0.641724  0.576619  -136.018951
-0.745897 -0.010654  0.665976    26.630508
 0.433516 -0.766862  0.473273    10.837108
>structures/CysRS_PDB_Bact_M_smegmatis_3C8Z.pdb
 0.742376 -0.198799 -0.639810   -53.297232
-0.125189 -0.979305  0.159028    17.742780
-0.658183 -0.037961 -0.751900     0.345435
