>../../../../class1/gln//data/domains/Catalytic_domain/structures/GlnRS_AF_Bact_Anaerostipes_hadrus_gene15230984.pdb
-0.748247  0.607335 -0.266965    89.722862
 0.654893  0.611875 -0.443536    52.574353
-0.106026 -0.506708 -0.855573    53.417689
>../../../../class1/gln//data/domains/Catalytic_domain/structures/GlnRS_AF_Bact_Cutibacterium_avidum_44067_gene29843447.pdb
-0.495119  0.840543  0.219873    90.263293
 0.836705  0.529468 -0.139957    52.281208
-0.234056  0.114673 -0.965437    54.119063
>../../../../class1/gln//data/domains/Catalytic_domain/structures/GlnRS_AF_Bact_Pasteurella_multocida_subsp_multocida_str_Pm70_gene1243875.pdb
-0.432826  0.848385  0.304804    88.999929
 0.703253  0.529305 -0.474627    51.323263
-0.564001  0.008923 -0.825726    54.671820
>../../../../class1/gln//data/domains/Catalytic_domain/structures/GlnRS_AF_Bact_Porphyromonas_gingivalis_ATCC_33277_gene29257033.pdb
-0.855666  0.305351 -0.417847    89.999098
 0.516740  0.548648 -0.657241    53.396435
 0.028562 -0.778297 -0.627247    54.502176
>../../../../class1/gln//data/domains/Catalytic_domain/structures/GlnRS_AF_Bact_Thermus_thermophilus_HB8_gene3168786.pdb
 0.737553 -0.640805  0.213037    90.725106
-0.444898 -0.223774  0.867174    54.734867
-0.508017 -0.734367 -0.450138    54.163575
>../../../../class1/gln//data/domains/Catalytic_domain/structures/GlnRS_AF_Euk_Candida_dubliniensis_CD36_gene8049124.pdb
-0.843305  0.536867  0.024722    90.285345
 0.478618  0.771141 -0.419840    54.988642
-0.244462 -0.342220 -0.907261    57.376768
>../../../../class1/gln//data/domains/Catalytic_domain/structures/GlnRS_AF_Euk_Dictyostelium_discoideum_AX4_gene8627167.pdb
 0.821179  0.229806  0.522355    88.183054
-0.565443  0.451275  0.690380    57.191152
-0.077072 -0.862287  0.500520    58.472858
>../../../../class1/gln//data/domains/Catalytic_domain/structures/GlnRS_AF_Euk_Encephalitozoon_romaleae_SJ-2008_gene20564565.pdb
 0.936478  0.028079  0.349602    89.195997
-0.350727  0.075998  0.933389    54.473088
-0.000361 -0.996713  0.081019    56.536155
>../../../../class1/gln//data/domains/Catalytic_domain/structures/GlnRS_AF_Euk_Myodes_glareolus_gene125393344.pdb
 0.185138 -0.359793  0.914479    82.958706
 0.705860 -0.598761 -0.378479    51.314262
 0.683729  0.715565  0.143110    53.654148
>../../../../class1/gln//data/domains/Catalytic_domain/structures/GlnRS_AF_Mito_Cyanidioschyzon_merolae_strain_10D_gene16997184.pdb
 0.792620 -0.502796  0.344891    92.294056
-0.411348 -0.023441  0.911177    54.877819
-0.450052 -0.864087 -0.225404    57.920212
>../../../../class1/gln//data/domains/Catalytic_domain/structures/GlnRS_Bact_D_radio_2HZ7.pdb
 0.690903 -0.211849 -0.691211   129.830915
-0.274224  0.807855 -0.521701    60.782369
 0.668920  0.549991  0.500055   -24.055464
>../../../../class1/gln//data/domains/Catalytic_domain/structures/GlnRS_Bact_E_coli_1QTQ.pdb
 0.113182 -0.517632  0.848084    81.840571
 0.697121  0.649576  0.303437    10.018714
-0.707963  0.556874  0.434373    67.159708
>../../../../class1/gln//data/domains/Catalytic_domain/structures/GlnRS_PDB_Euk_T_gondii_4P2B.pdb
 1.000000  0.000000  0.000000     0.000000
 0.000000  1.000000  0.000000     0.000000
 0.000000  0.000000  1.000000     0.000000
>../../../../class1/glu3//data/domains/Catalytic_domain/structures/GluRS-E_AF_Euk_Cyathus_striatus_proteinKAF9013924.1.pdb
 0.837701 -0.545797 -0.019025    96.196135
-0.099497 -0.186778  0.977351    54.629059
-0.536989 -0.816835 -0.210770    51.313210
>../../../../class1/glu3//data/domains/Catalytic_domain/structures/GluRS-E_AF_Euk_Lichtheimia_hyalospora_proteinKAI7879902.1.pdb
 0.287055 -0.667222 -0.687324    92.079663
-0.431290 -0.730703  0.529209    49.227136
-0.855330  0.144523 -0.497518    60.347477
>../../../../class1/glu3//data/domains/Catalytic_domain/structures/GluRS-E_AF_Euk_Medicago_truncatula_gene11407510.pdb
 0.573610 -0.791422 -0.211242    90.862785
-0.242014 -0.410116  0.879338    50.713369
-0.782560 -0.453274 -0.426781    48.845412
>../../../../class1/glu3//data/domains/Catalytic_domain/structures/GluRS-E_AF_Euk_Xylariaceae_sp_FL0804_proteinKAI0483267.1.pdb
-0.387807 -0.894834  0.221081    92.531543
 0.387019 -0.375764 -0.842032    50.640839
 0.836553 -0.240983  0.492042    64.734303
>../../../../class1/glu3//data/domains/Catalytic_domain/structures/GluRS-E_PDB_Euk_Gallus_gallus_7WRU.pdb
-0.933327  0.340052  0.115173    92.099634
-0.012695 -0.351850  0.935970   -38.873499
 0.358802  0.872105  0.332708    35.683128
