>structures/IleRS_AF_Arch_Candidatus_Korarchaeum_cryptofilum_OPF8_gene6094904.pdb
-0.997917 -0.025100 -0.059430    -5.385698
-0.055730  0.799444  0.598149     6.466569
 0.032497  0.600215 -0.799178     1.594589
>structures/IleRS_AF_Arch_Candidatus_Nitrosopumilus_sediminis_gene13697091.pdb
 0.001084 -0.605845 -0.795582    -5.872685
 0.685552 -0.578752  0.441660     9.865504
-0.728022 -0.545892  0.414712     2.414222
>structures/IleRS_AF_Arch_Pyrobaculum_aerophilum_str_IM2_gene1465853.pdb
 0.794460 -0.565131 -0.222396    -4.612667
 0.606322  0.759012  0.237221     2.572598
 0.034740 -0.323306  0.945657     0.510555
>structures/IleRS_AF_Arch_Thermoplasma_acidophilum_DSM_1728_gene1456418.pdb
-0.656499 -0.751977  0.059503    -6.055173
-0.573643  0.446468 -0.686732     7.259151
 0.489840 -0.484972 -0.724472     0.454025
>structures/IleRS_AF_Bact_Chlamydia_muridarum_str_Nigg_gene1246458.pdb
-0.066590  0.489378  0.869526    -6.875532
 0.235820 -0.839052  0.490287     9.735075
 0.969513  0.237699 -0.059533     2.782841
>structures/IleRS_AF_Bact_Escherichia_coli_O157:H7_str._Sakai_gene913425.pdb
 0.766083  0.640936 -0.048137    -6.621631
-0.547438  0.611416 -0.571387     1.594064
-0.336791  0.464082  0.819268    -0.494904
>structures/IleRS_AF_Bact_Lactobacillus_acidophilus_La-14_gene56942445.pdb
 0.994212 -0.087131 -0.062858    -6.011334
 0.084880  0.995680 -0.037646     1.445130
 0.065866  0.032093  0.997312    -0.725556
>structures/IleRS_AF_Bact_Mycoplasma_hyopneumoniae_168-L_gene57100872.pdb
 0.999285 -0.037738 -0.002341    -6.247125
 0.036603  0.981024 -0.190402     0.863161
 0.009482  0.190180  0.981703    -5.325187
>structures/IleRS_AF_Bact_Orientia_tsutsugamushi_str_Ikeda_gene66653313.pdb
 0.181309  0.720662 -0.669159    -2.341501
-0.300255 -0.607381 -0.735483     7.092191
-0.936469  0.334268  0.106258     5.409550
>structures/IleRS_AF_Bact_Porphyromonas_gingivalis_ATCC_33277_gene29255747.pdb
 0.193017  0.794696 -0.575502    -1.923766
-0.333117 -0.498621 -0.800256     8.524105
-0.922918  0.346173  0.168485    -0.393555
>structures/IleRS_AF_Bact_Streptobacillus_moniliformis_DSM_12112_gene29674186.pdb
 1.000000 -0.000000  0.000000     0.000000
 0.000000  1.000000  0.000000     0.000000
-0.000000  0.000000  1.000000     0.000000
>structures/IleRS_AF_Bact_Thermus_thermophilus_HB8_gene3168241.pdb
-0.247907  0.587610  0.770232    -5.641879
 0.342095 -0.690735  0.637069     9.041302
 0.906374  0.421426 -0.029781     1.752990
>structures/IleRS_AF_Bact_Treponema_pallidum_subsp_pertenue_str_SamoaD_gene57878975.pdb
-0.814664  0.538236  0.215928    -7.065006
 0.493377  0.447552  0.745839     8.345909
 0.304798  0.714142 -0.630158     1.091673
>structures/IleRS_AF_Euk_Cyanidioschyzon_merolae_strain_10D_gene16992835.pdb
 0.159668 -0.307851  0.937941    -7.452504
-0.206598 -0.939511 -0.273196     5.104732
 0.965310 -0.150156 -0.213611    -3.979021
>structures/IleRS_AF_Euk_Homo_sapiens_gene3376.pdb
 0.082813  0.049629 -0.995329    -5.343281
 0.275377 -0.961011 -0.025006     5.549296
-0.957763 -0.272020 -0.093251     5.268591
>structures/IleRS_AF_Euk_Ostreococcus_lucimarinus_CCE9901_gene5000489.pdb
-0.895244  0.437642  0.083717    -7.917761
 0.411321  0.739454  0.532938     4.446272
 0.171331  0.511544 -0.842003     0.983114
>structures/IleRS_AF_Euk_Trypanosoma_brucei_brucei_TREU927_gene3663037.pdb
-0.990151  0.123216  0.066480    -6.704400
 0.138603  0.929743  0.341126     6.089127
-0.019777  0.346980 -0.937664     1.093810
>structures/IleRS_AF_Euk_Ustilago_maydis_521_gene23568123.pdb
 0.921875  0.361857 -0.138589    -5.324830
-0.379949  0.773936 -0.506617     2.993614
-0.076064  0.519694  0.850960    -5.570716
>structures/IleRS_AF_Mito_Drosophila_melanogaster_gene39762.pdb
-0.171976  0.268288 -0.947864    -3.169701
 0.133862 -0.946910 -0.292305     1.766208
-0.975964 -0.177152  0.126932    -7.758221
>structures/IleRS_AF_Mito_Homo_sapiens_gene55699.pdb
 0.994004  0.062556 -0.089681    -5.602416
-0.072345  0.991248 -0.110428    -1.379849
 0.081989  0.116253  0.989830    -3.692412
>structures/IleRS_AF_Vir_Megavirus_chiliensis_gene11256744.pdb
 0.260735  0.854281 -0.449690    -3.263725
-0.448484 -0.305306 -0.840030     8.936800
-0.854914  0.420704  0.303528     3.044043
>structures/IleRS_PDB_Bact_S_aureus_1QU2.pdb
 0.714235 -0.679432 -0.168046    50.448262
 0.490428  0.657127 -0.572420   -18.572269
 0.499348  0.326428  0.802556  -107.814801
>structures/IleRS_PDB_Bact_T_therm_1ILE.pdb
-0.219846  0.838391  0.498766     6.097338
 0.551041 -0.315173  0.772671    43.994893
 0.804998  0.444709 -0.392699    12.931472
>structures/IleRS_PDB_Euk_S_cere_7D5C.pdb
 0.985919 -0.102055 -0.132473    -3.061738
-0.156204 -0.844862 -0.511673    33.953164
-0.059703  0.525161 -0.848906    30.250024
