>structures/IleRS_AF_Arch_Candidatus_Korarchaeum_cryptofilum_OPF8_gene6094904.pdb
-0.998205 -0.021639 -0.055835    -5.475588
-0.050982  0.796222  0.602853     6.436326
 0.031412  0.604618 -0.795896     1.639150
>structures/IleRS_AF_Arch_Candidatus_Nitrosopumilus_sediminis_gene13697091.pdb
 0.008359 -0.606729 -0.794865    -5.772618
 0.675233 -0.582875  0.452015     9.425494
-0.737557 -0.540497  0.404811     2.641398
>structures/IleRS_AF_Arch_Pyrobaculum_aerophilum_str_IM2_gene1465853.pdb
 0.782372 -0.585786 -0.211538    -4.839915
 0.622529  0.745765  0.237262     2.978473
 0.018773 -0.317316  0.948134     0.136870
>structures/IleRS_AF_Arch_Thermoplasma_acidophilum_DSM_1728_gene1456418.pdb
-0.653734 -0.754612  0.056500    -6.313566
-0.573388  0.445242 -0.687740     7.289358
 0.493820 -0.481995 -0.723755     0.452035
>structures/IleRS_AF_Bact_Chlamydia_muridarum_str_Nigg_gene1246458.pdb
-0.069949  0.484475  0.872004    -6.840074
 0.242239 -0.839731  0.485976     9.527185
 0.967692  0.245226 -0.058621     3.022783
>structures/IleRS_AF_Bact_Lactobacillus_acidophilus_La-14_gene56942445.pdb
 0.993748 -0.097790 -0.053875    -6.103427
 0.095700  0.994602 -0.040107     1.728309
 0.057507  0.034700  0.997742    -0.876776
>structures/IleRS_AF_Bact_Mycoplasma_hyopneumoniae_168-L_gene57100872.pdb
 0.997364 -0.068765  0.023175    -6.447681
 0.071966  0.978277 -0.194408     1.782393
-0.009303  0.195564  0.980647    -5.828490
>structures/IleRS_AF_Bact_Orientia_tsutsugamushi_str_Ikeda_gene66653313.pdb
 0.183418  0.727237 -0.661426    -2.364082
-0.301358 -0.598847 -0.742001     7.374949
-0.935704  0.335422  0.109319     5.389358
>structures/IleRS_AF_Bact_Porphyromonas_gingivalis_ATCC_33277_gene29255747.pdb
 0.183150  0.810476 -0.556403    -2.283862
-0.333263 -0.481278 -0.810745     8.898420
-0.924874  0.333916  0.181955    -0.599045
>structures/IleRS_AF_Bact_Streptobacillus_moniliformis_DSM_12112_gene29674186.pdb
 1.000000 -0.000000  0.000000     0.000000
 0.000000  1.000000  0.000000     0.000000
-0.000000  0.000000  1.000000     0.000000
>structures/IleRS_AF_Bact_Thermus_thermophilus_HB8_gene3168241.pdb
-0.238149  0.615626  0.751192    -6.023782
 0.336830 -0.673090  0.658403     9.609388
 0.910950  0.409822 -0.047066     1.547941
>structures/IleRS_AF_Bact_Treponema_pallidum_subsp_pertenue_str_SamoaD_gene57878975.pdb
-0.814670  0.541951  0.206401    -7.234597
 0.488872  0.450338  0.747128     8.503430
 0.311956  0.709567 -0.631822     0.796783
>structures/IleRS_AF_Euk_Cyanidioschyzon_merolae_strain_10D_gene16992835.pdb
 0.186216 -0.290851  0.938472    -8.239838
-0.218721 -0.943482 -0.249004     6.243198
 0.957854 -0.158895 -0.239307    -4.684037
>structures/IleRS_AF_Euk_Ostreococcus_lucimarinus_CCE9901_gene5000489.pdb
-0.896941  0.435749  0.074971    -8.007625
 0.405663  0.743556  0.531565     4.608900
 0.175884  0.507196 -0.843693     0.883966
>structures/IleRS_AF_Euk_Trypanosoma_brucei_brucei_TREU927_gene3663037.pdb
-0.990288  0.120534  0.069293    -6.620694
 0.136745  0.934433  0.328839     5.806819
-0.025114  0.335121 -0.941840     1.082897
>structures/IleRS_AF_Euk_Ustilago_maydis_521_gene23568123.pdb
 0.924736  0.359964 -0.123649    -5.579707
-0.370313  0.775868 -0.510780     3.277830
-0.087927  0.518126  0.850773    -5.910915
>structures/IleRS_AF_Mito_Drosophila_melanogaster_gene39762.pdb
-0.200468  0.259144 -0.944805    -4.459852
 0.156248 -0.943581 -0.291961     2.418364
-0.967160 -0.206153  0.148667    -9.124468
>structures/IleRS_AF_Mito_Homo_sapiens_gene55699.pdb
 0.988242  0.104700 -0.111425    -4.713927
-0.120847  0.981316 -0.149719    -1.081415
 0.093668  0.161424  0.982430    -2.747987
>structures/IleRS_AF_Vir_Megavirus_chiliensis_gene11256744.pdb
 0.253175  0.863619 -0.435965    -3.511200
-0.450509 -0.293553 -0.843130     8.946187
-0.856122  0.409865  0.314748     2.629124
>structures/IleRS_PDB_Bact_S_aureus_1QU2.pdb
 0.707233 -0.692048 -0.144535    49.606066
 0.504895  0.637513 -0.581944   -15.648210
 0.494877  0.338595  0.800281  -108.932715
>structures/IleRS_PDB_Bact_T_therm_1ILE.pdb
-0.219846  0.838391  0.498766     6.097338
 0.551041 -0.315173  0.772671    43.994893
 0.804998  0.444709 -0.392699    12.931472
>structures/IleRS_PDB_Euk_S_cere_7D5C.pdb
 0.982130 -0.129455 -0.136608    -2.298924
-0.182020 -0.837892 -0.514593    33.118372
-0.047846  0.530263 -0.846482    30.547799
