>structures/IleRS_AF_Arch_Candidatus_Korarchaeum_cryptofilum_OPF8_gene6094904.pdb
-0.998655 -0.022683 -0.046628    -5.281164
-0.046245  0.796363  0.603048     6.313533
 0.023454  0.604393 -0.796341     1.827599
>structures/IleRS_AF_Arch_Candidatus_Nitrosopumilus_sediminis_gene13697091.pdb
 0.001084 -0.605845 -0.795582    -5.872685
 0.685552 -0.578752  0.441660     9.865504
-0.728022 -0.545892  0.414712     2.414222
>structures/IleRS_AF_Arch_Pyrobaculum_aerophilum_str_IM2_gene1465853.pdb
 0.801321 -0.551738 -0.231236    -4.495835
 0.596445  0.766711  0.237502     2.273243
 0.046252 -0.328235  0.943463     0.858615
>structures/IleRS_AF_Arch_Thermoplasma_acidophilum_DSM_1728_gene1456418.pdb
-0.656499 -0.751977  0.059503    -6.055173
-0.573643  0.446468 -0.686732     7.259151
 0.489840 -0.484972 -0.724472     0.454025
>structures/IleRS_AF_Bact_Chlamydia_muridarum_str_Nigg_gene1246458.pdb
-0.066590  0.489378  0.869526    -6.875532
 0.235820 -0.839052  0.490287     9.735075
 0.969513  0.237699 -0.059533     2.782841
>structures/IleRS_AF_Bact_Escherichia_coli_O157:H7_str._Sakai_gene913425.pdb
 0.762757  0.644301 -0.055483    -6.604498
-0.554855  0.607961 -0.567907     1.328637
-0.332171  0.463960  0.821220    -0.376228
>structures/IleRS_AF_Bact_Lactobacillus_acidophilus_La-14_gene56942445.pdb
 0.993866 -0.093078 -0.059731    -5.994374
 0.090902  0.995128 -0.038167     1.635306
 0.062992  0.032503  0.997485    -0.839000
>structures/IleRS_AF_Bact_Mycoplasma_hyopneumoniae_168-L_gene57100872.pdb
 0.999436 -0.032999 -0.006221    -6.204247
 0.031234  0.981544 -0.188670     0.695055
 0.012332  0.188369  0.982021    -5.248865
>structures/IleRS_AF_Bact_Orientia_tsutsugamushi_str_Ikeda_gene66653313.pdb
 0.185968  0.714592 -0.674369    -2.250008
-0.300551 -0.612073 -0.731462     6.932006
-0.935460  0.338711  0.100946     5.585257
>structures/IleRS_AF_Bact_Porphyromonas_gingivalis_ATCC_33277_gene29255747.pdb
 0.191996  0.797130 -0.572470    -2.035466
-0.338579 -0.493707 -0.801010     8.435519
-0.921142  0.347617  0.175102    -0.294813
>structures/IleRS_AF_Bact_Streptobacillus_moniliformis_DSM_12112_gene29674186.pdb
 1.000000  0.000000  0.000000     0.000000
 0.000000  1.000000  0.000000     0.000000
 0.000000  0.000000  1.000000     0.000000
>structures/IleRS_AF_Bact_Thermus_thermophilus_HB8_gene3168241.pdb
-0.254213  0.569362  0.781794    -5.229901
 0.353772 -0.697587  0.623071     8.504226
 0.900123  0.434970 -0.024088     2.232201
>structures/IleRS_AF_Bact_Treponema_pallidum_subsp_pertenue_str_SamoaD_gene57878975.pdb
-0.814664  0.538236  0.215928    -7.065006
 0.493377  0.447552  0.745839     8.345909
 0.304798  0.714142 -0.630158     1.091673
>structures/IleRS_AF_Euk_Cyanidioschyzon_merolae_strain_10D_gene16992835.pdb
 0.145228 -0.324799  0.934567    -7.254314
-0.206684 -0.933700 -0.292380     4.573486
 0.967569 -0.150698 -0.202730    -3.711655
>structures/IleRS_AF_Euk_Homo_sapiens_gene3376.pdb
-0.711288  0.616601  0.337449    -7.188416
 0.359052 -0.093993  0.928572     7.016563
 0.604277  0.781644 -0.154536     6.444405
>structures/IleRS_AF_Euk_Ostreococcus_lucimarinus_CCE9901_gene5000489.pdb
-0.895244  0.437642  0.083717    -7.917761
 0.411321  0.739454  0.532938     4.446272
 0.171331  0.511544 -0.842003     0.983114
>structures/IleRS_AF_Euk_Trypanosoma_brucei_brucei_TREU927_gene3663037.pdb
-0.989819  0.125065  0.067954    -6.583703
 0.140705  0.931787  0.334625     5.770227
-0.021469  0.340780 -0.939898     1.159328
>structures/IleRS_AF_Euk_Ustilago_maydis_521_gene23568123.pdb
 0.921440  0.361384 -0.142652    -5.216199
-0.381318  0.770823 -0.510321     3.105181
-0.074462  0.524627  0.848070    -5.624741
>structures/IleRS_AF_Mito_Drosophila_melanogaster_gene39762.pdb
-0.160999  0.263335 -0.951175    -2.935897
 0.138662 -0.948153 -0.285969     1.649606
-0.977165 -0.177933  0.116137    -7.443500
>structures/IleRS_AF_Mito_Homo_sapiens_gene55699.pdb
 0.994172  0.061220 -0.088736    -5.621201
-0.071040  0.991153 -0.112112    -1.332102
 0.081087  0.117762  0.989726    -3.689199
>structures/IleRS_AF_Vir_Megavirus_chiliensis_gene11256744.pdb
 0.260735  0.854281 -0.449690    -3.263725
-0.448484 -0.305306 -0.840030     8.936800
-0.854914  0.420704  0.303528     3.044043
>structures/IleRS_PDB_Bact_S_aureus_1QU2.pdb
 0.715674 -0.675523 -0.177422    50.987000
 0.484873  0.663381 -0.569932   -19.449186
 0.502701  0.321859  0.802308  -107.335100
>structures/IleRS_PDB_Bact_T_therm_1ILE.pdb
-0.219846  0.838391  0.498766     6.097338
 0.551041 -0.315173  0.772671    43.994893
 0.804998  0.444709 -0.392699    12.931472
>structures/IleRS_PDB_Euk_S_cere_7D5C.pdb
 0.985919 -0.102055 -0.132473    -3.061738
-0.156204 -0.844862 -0.511673    33.953164
-0.059703  0.525161 -0.848906    30.250024
