>structures/IleRS_AF_Arch_Candidatus_Korarchaeum_cryptofilum_OPF8_gene6094904.pdb
-0.999870  0.005233 -0.015228    -5.547620
-0.005579  0.774527  0.632516     6.194206
 0.015105  0.632519 -0.774398     2.345432
>structures/IleRS_AF_Arch_Candidatus_Nitrosopumilus_sediminis_gene13697091.pdb
 0.078945 -0.617482 -0.782614    -5.399258
 0.660460 -0.555645  0.505026     7.663795
-0.746700 -0.556754  0.363956     3.803549
>structures/IleRS_AF_Arch_Pyrobaculum_aerophilum_str_IM2_gene1465853.pdb
 0.841722 -0.463865 -0.276284    -4.066733
 0.534942  0.785779  0.310464    -0.903042
 0.073085 -0.409121  0.909549     3.603904
>structures/IleRS_AF_Arch_Thermoplasma_acidophilum_DSM_1728_gene1456418.pdb
-0.690553 -0.721839  0.045658    -6.486985
-0.523231  0.454975 -0.720574     4.660075
 0.499366 -0.521484 -0.691873     1.412754
>structures/IleRS_AF_Bact_Chlamydia_muridarum_str_Nigg_gene1246458.pdb
-0.065153  0.447746  0.891784    -7.304602
 0.279893 -0.849608  0.447019     7.380267
 0.957818  0.278729 -0.069967     2.749691
>structures/IleRS_AF_Bact_Lactobacillus_acidophilus_La-14_gene56942445.pdb
 0.991688 -0.123870 -0.034796    -6.493419
 0.122399  0.991607 -0.041636     2.594630
 0.039662  0.037031  0.998527    -1.055797
>structures/IleRS_AF_Bact_Mycoplasma_hyopneumoniae_168-L_gene57100872.pdb
 0.996587 -0.081512  0.013014    -6.124374
 0.082508  0.979000 -0.186417     1.979126
 0.002455  0.186854  0.982385    -5.204065
>structures/IleRS_AF_Bact_Orientia_tsutsugamushi_str_Ikeda_gene66653313.pdb
 0.233142  0.746223 -0.623535    -1.596135
-0.301811 -0.554015 -0.775872     9.087403
-0.924421  0.369078  0.096055     7.077539
>structures/IleRS_AF_Bact_Porphyromonas_gingivalis_ATCC_33277_gene29255747.pdb
 0.186355  0.794659 -0.577744    -2.096989
-0.312314 -0.509629 -0.801709     9.257873
-0.931521  0.329841  0.153211    -0.615863
>structures/IleRS_AF_Bact_Streptobacillus_moniliformis_DSM_12112_gene29674186.pdb
 0.999770 -0.020026  0.007637    -0.125386
 0.020044  0.999796 -0.002331     0.816695
-0.007589  0.002484  0.999968    -0.054429
>structures/IleRS_AF_Bact_Thermus_thermophilus_HB8_gene3168241.pdb
-0.231772  0.606288  0.760721    -6.540522
 0.314467 -0.693328  0.648387    10.438556
 0.920539  0.389500 -0.029964     1.197919
>structures/IleRS_AF_Bact_Treponema_pallidum_subsp_pertenue_str_SamoaD_gene57878975.pdb
-0.808638  0.513983  0.286229    -5.838160
 0.524899  0.410615  0.745571     8.032211
 0.265681  0.753138 -0.601827     2.711071
>structures/IleRS_AF_Euk_Cyanidioschyzon_merolae_strain_10D_gene16992835.pdb
 0.165220 -0.281663  0.945181    -7.217019
-0.185013 -0.950190 -0.250815     5.127757
 0.968748 -0.133432 -0.209102    -3.664414
>structures/IleRS_AF_Euk_Homo_sapiens_gene3376.pdb
-0.722648  0.596099  0.349923    -7.095467
 0.362591 -0.104085  0.926118     7.327093
 0.588480  0.796136 -0.140923     6.862478
>structures/IleRS_AF_Euk_Ostreococcus_lucimarinus_CCE9901_gene5000489.pdb
-0.853622  0.518137  0.053515   -12.176794
 0.441545  0.665256  0.602057     6.732874
 0.276346  0.537559 -0.796658    -1.528901
>structures/IleRS_AF_Euk_Trypanosoma_brucei_brucei_TREU927_gene3663037.pdb
-0.985420  0.154267  0.071759    -6.611035
 0.170077  0.904620  0.390815     7.496372
-0.004625  0.397322 -0.917668     0.896731
>structures/IleRS_AF_Euk_Ustilago_maydis_521_gene23568123.pdb
 0.929701  0.345408 -0.127864    -5.107952
-0.360981  0.785586 -0.502541     3.284651
-0.073134  0.513370  0.855046    -5.622050
>structures/IleRS_AF_Mito_Drosophila_melanogaster_gene39762.pdb
-0.149706  0.289325 -0.945452    -1.976193
 0.139787 -0.940430 -0.309922     2.486422
-0.978799 -0.178559  0.100344    -7.105102
>structures/IleRS_AF_Mito_Homo_sapiens_gene55699.pdb
 0.994004  0.064273 -0.088459    -5.544883
-0.074502  0.990254 -0.117669    -1.179277
 0.080034  0.123554  0.989105    -3.588137
>structures/IleRS_AF_Vir_Megavirus_chiliensis_gene11256744.pdb
 0.264040  0.846973 -0.461433    -3.298258
-0.479501 -0.299832 -0.824730     8.002350
-0.836876  0.439019  0.326956     3.293094
>structures/IleRS_PDB_Bact_S_aureus_1QU2.pdb
 0.699179 -0.702782 -0.131327    49.680948
 0.520582  0.626343 -0.580249   -14.760704
 0.490044  0.337331  0.803782  -108.683062
>structures/IleRS_PDB_Bact_T_therm_1ILE.pdb
-0.209696  0.850727  0.481966     5.258102
 0.531798 -0.314409  0.786345    44.608795
 0.820499  0.421202 -0.386484    13.208346
>structures/IleRS_PDB_Euk_S_cere_7D5C.pdb
 0.979335 -0.159652 -0.124155    -2.580891
-0.200979 -0.836826 -0.509244    33.034331
-0.022594  0.523673 -0.851620    31.366405
