>../../../../class2/phe2//data/domains/Catalytic_domain/structures/PheRS-Bβ_AF_Bact_Brachyspira_pilosicoli_95_1000_gene56440382.pdb
 0.962182 -0.261895  0.074947     4.998746
 0.251462  0.959718  0.125330    -0.503377
-0.104752 -0.101744  0.989280    -0.323002
>../../../../class2/phe2//data/domains/Catalytic_domain/structures/PheRS-Bβ_AF_Bact_Chlamydia_psittaci_6BC_gene12242429.pdb
-0.069284  0.766178 -0.638883     5.051868
-0.639740 -0.525523 -0.560855     4.721522
-0.765462  0.369861  0.526565     0.184970
>../../../../class2/phe2//data/domains/Catalytic_domain/structures/PheRS-Bβ_AF_Bact_Ferrimonas_balearica_DSM_9799_gene67181907.pdb
-0.035831 -0.576421 -0.816367     6.073448
 0.548802 -0.694043  0.465963     2.308439
-0.835184 -0.431328  0.341209     2.778410
>../../../../class2/phe2//data/domains/Catalytic_domain/structures/PheRS-Bβ_AF_Bact_Lacticaseibacillus_paracasei_gene61269867.pdb
 1.000000  0.000000  0.000000     0.000000
 0.000000  1.000000  0.000000     0.000000
 0.000000  0.000000  1.000000     0.000000
>../../../../class2/phe2//data/domains/Catalytic_domain/structures/PheRS-Bβ_AF_Bact_Mycobacterium_intracellulare_ATCC_13950_gene11909688.pdb
-0.303173  0.040346 -0.952081     4.491055
-0.068584 -0.997436 -0.020429     2.502380
-0.950464  0.059104  0.305163     1.958725
>../../../../class2/phe2//data/domains/Catalytic_domain/structures/PheRS-Bβ_AF_Bact_Mycoplasma_hyopneumoniae_168-L_gene57101148.pdb
 0.783493  0.621224 -0.014789     3.410910
-0.592806  0.740092 -0.317560    -3.562769
-0.186331  0.257573  0.948123     8.162413
>../../../../class2/phe2//data/domains/Catalytic_domain/structures/PheRS-Bβ_AF_Bact_Porphyromonas_gingivalis_ATCC_33277_gene29257179.pdb
-0.528820 -0.845470 -0.074359     8.573718
-0.762556  0.511764 -0.395735    -0.884882
 0.372636 -0.152570 -0.915350     0.330918
>../../../../class2/phe2//data/domains/Catalytic_domain/structures/PheRS-Bβ_AF_Bact_Prochlorococcus_marinus_subsp_marinus_str_CCMP1375_gene54200309.pdb
 0.114016  0.699271 -0.705706     4.712756
-0.653455 -0.482271 -0.583448     4.444214
-0.748330  0.527669  0.401955     1.508144
>../../../../class2/phe2//data/domains/Catalytic_domain/structures/PheRS-Bβ_AF_Euk_Didymosphenia_geminata_gene19740299.pdb
 0.673881  0.735765  0.067342     7.936085
-0.578890  0.582432 -0.570666     1.797873
-0.459098  0.345577  0.818416    -1.102468
>../../../../class2/phe2//data/domains/Catalytic_domain/structures/PheRS-Bβ_AF_Euk_Gracilariopsis_tenuifrons_gene68635617.pdb
-0.654664  0.737427 -0.166185    15.324168
 0.206064  0.385614  0.899355    -6.005993
 0.727292  0.554530 -0.404404     2.659587
>../../../../class2/phe2//data/domains/Catalytic_domain/structures/PheRS-Bβ_PDB_Bact.B_E_coli_3PCO.pdb
-0.307828 -0.309140  0.899819   -43.610116
-0.938905  0.251727 -0.234716    -3.752153
-0.153948 -0.917097 -0.367741     6.216677
>../../../../class2/phe2//data/domains/Catalytic_domain/structures/PheRS-Bβ_PDB_Bact.B_T_thermophilus_1PYS.pdb
 0.828719 -0.141994 -0.541352    18.819018
-0.545759  0.009248 -0.837891    24.662028
 0.123982  0.989824 -0.069831   -63.829348
>../../../../class2/pro3//data/domains/Catalytic_domain/structures/ProRS-M_AF_Euk_Candida_albicans_SC5314_gene3640100.pdb
-0.455148 -0.735785  0.501459    26.096426
 0.731714  0.011839  0.681509    -5.165080
-0.507381  0.677112  0.532996   -31.511322
>../../../../class2/pro3//data/domains/Catalytic_domain/structures/ProRS-M_AF_Mito_Drosophila_melanogaster_gene38331.pdb
 0.945785  0.046748 -0.321411    28.650277
 0.076834 -0.993703  0.081559    -2.849161
-0.315574 -0.101833 -0.943421   -25.323912
>../../../../class2/pro3//data/domains/Catalytic_domain/structures/ProRS-M_AF_Mito_Mauremys_reevesii_gene120369760.pdb
-0.449983  0.403452  0.796707    26.792651
-0.409211  0.699807 -0.585506    -6.819806
-0.793764 -0.589489 -0.149804   -28.456284
>../../../../class2/pro3//data/domains/Catalytic_domain/structures/ProRS-M_AF_Mito_Schizosaccharomyces_pombe_gene2540642.pdb
-0.468716 -0.681533  0.561977    27.743893
 0.867758 -0.236246  0.437246    -3.417640
-0.165233  0.692604  0.702138   -27.515597
