>../../../../class2/asn//data/domains/Catalytic_domain/structures/AsnRS_AF_Arch_Candidatus_Korarchaeum_cryptofilum_OPF8_gene6094562.pdb
 0.282883  0.283896  0.916177     0.624689
 0.322280 -0.927791  0.187986     6.284612
 0.903390  0.242087 -0.353951    -6.543656
>../../../../class2/asn//data/domains/Catalytic_domain/structures/AsnRS_AF_Arch_Candidatus_Nitrososphaera_gargensis_Ga92_gene13796664.pdb
 0.357769  0.814734 -0.456300    -0.888907
-0.785833 -0.001284 -0.618437     4.188929
-0.504448  0.579833  0.639786    -7.206305
>../../../../class2/asn//data/domains/Catalytic_domain/structures/AsnRS_AF_Arch_Ferroplasma_acidarmanus_Fer1_gene16025664.pdb
 0.946545 -0.254101  0.198708     7.130985
 0.205027  0.949495  0.237534     2.785328
-0.249030 -0.184096  0.950838    -3.333583
>../../../../class2/asn//data/domains/Catalytic_domain/structures/AsnRS_AF_Arch_Pyrococcus_sp_ST04_gene13021535.pdb
 0.968873 -0.168916  0.180979     6.470420
 0.126925  0.966595  0.222676     2.065349
-0.212547 -0.192774  0.957947    -3.809395
>../../../../class2/asn//data/domains/Catalytic_domain/structures/AsnRS_AF_Bact_Clostridium_acetobutylicum_DSM_1731_gene44999755.pdb
 0.259602  0.863318 -0.432769    -1.510856
-0.814043 -0.045471 -0.579022     5.816598
-0.519559  0.502608  0.690973    -6.306462
>../../../../class2/asn//data/domains/Catalytic_domain/structures/AsnRS_AF_Bact_Mycoplasma_hyopneumoniae_168-L_gene57101291.pdb
 0.956914  0.191228  0.218512     6.455224
-0.194154  0.980937 -0.008209     0.834787
-0.215917 -0.034570  0.975800    -4.567144
>../../../../class2/asn//data/domains/Catalytic_domain/structures/AsnRS_AF_Bact_Porphyromonas_gingivalis_ATCC_33277_gene29256423.pdb
 0.967582 -0.056813  0.246082     5.340451
-0.000540  0.973903  0.226965     2.530143
-0.252555 -0.219741  0.942301    -5.000545
>../../../../class2/asn//data/domains/Catalytic_domain/structures/AsnRS_AF_Bact_Streptobacillus_moniliformis_DSM_12112_gene29673200.pdb
 0.175865  0.872743 -0.455401    -1.319608
-0.798596 -0.144011 -0.584385     5.643609
-0.575601  0.466454  0.671643    -6.607277
>../../../../class2/asn//data/domains/Catalytic_domain/structures/AsnRS_AF_Bact_Thermus_thermophilus_HB8_gene3168522.pdb
 0.933302  0.277765  0.227584     6.124938
-0.249072  0.957275 -0.146927    -0.069152
-0.258672  0.080442  0.962610    -4.337689
>../../../../class2/asn//data/domains/Catalytic_domain/structures/AsnRS_AF_Bact_Treponema_pallidum_subsp_pertenue_str_SamoaD_gene57879132.pdb
 0.349409  0.848299 -0.397872    -1.755294
-0.794374  0.043014 -0.605904     5.158500
-0.496874  0.527768  0.688896    -7.077882
>../../../../class2/asn//data/domains/Catalytic_domain/structures/AsnRS_AF_Bact_unclassified_Blastocatellia_proteinRPI49177.1.pdb
 0.841117  0.519688  0.149823     4.437277
-0.454878  0.829584 -0.323845    -0.542651
-0.292590  0.204240  0.934172    -5.100795
>../../../../class2/asn//data/domains/Catalytic_domain/structures/AsnRS_AF_Euk_Candida_albicans_SC5314_gene3646227.pdb
 0.992549 -0.047199  0.112336     3.308176
 0.039835  0.996963  0.066922     0.331151
-0.115153 -0.061949  0.991414    -0.799088
>../../../../class2/asn//data/domains/Catalytic_domain/structures/AsnRS_AF_Euk_Cryptococcus_gattii_WM276_gene10190222.pdb
 1.000000  0.000000  0.000000     0.000000
 0.000000  1.000000  0.000000     0.000000
 0.000000  0.000000  1.000000     0.000000
>../../../../class2/asn//data/domains/Catalytic_domain/structures/AsnRS_AF_Euk_Encephalitozoon_intestinalis_ATCC_50506_gene9698489.pdb
 0.965886 -0.176189  0.189795     6.712987
 0.101185  0.931390  0.349678     3.544599
-0.238382 -0.318545  0.917444    -4.234002
>../../../../class2/asn//data/domains/Catalytic_domain/structures/AsnRS_AF_Euk_Vitis_vinifera_gene100257593.pdb
 0.169134  0.952745 -0.252331    -3.174723
-0.712005 -0.058916 -0.699698     7.045359
-0.681500  0.298004  0.668395    -9.204948
>../../../../class2/asn//data/domains/Catalytic_domain/structures/AsnRS_AF_Mito_Homo_sapiens_gene79731.pdb
 0.293355 -0.404894  0.866028     0.651043
-0.074267 -0.912798 -0.401603     3.628465
 0.953114  0.053495 -0.297844    -4.970347
>../../../../class2/asn//data/domains/Catalytic_domain/structures/AsnRS_AF_Mito_Zeugodacus_cucurbitae_gene105213230.pdb
-0.963948 -0.063917 -0.258299    -3.485852
-0.054384  0.997555 -0.043894     2.264739
 0.260473 -0.028264 -0.965067    -6.937900
>../../../../class2/asn//data/domains/Catalytic_domain/structures/AsnRS_PDB_Arch_P_horikoshii_1X54.pdb
 0.392609 -0.590661  0.704966   -16.283116
-0.904615 -0.386290  0.180142    -6.164248
 0.165919 -0.708449 -0.685982    17.843193
>../../../../class2/asn//data/domains/Catalytic_domain/structures/AsnRS_PDB_Bact_E_anophelis_6pqh.pdb
-0.128609  0.055464 -0.990143   -57.536805
-0.497861 -0.867107  0.016095    -1.593021
-0.857668  0.495024  0.139131    -9.086939
>../../../../class2/asp1//data/domains/Catalytic_domain/structures/AspRS_AF_Arch_Candidatus_Methanomassiliicoccus_intestinalis_Issoire-Mx1_gene16154434.pdb
 0.988833  0.015274  0.148244     7.052575
-0.064019  0.941812  0.329988    -3.648561
-0.134578 -0.335794  0.932272    -6.552273
>../../../../class2/asp1//data/domains/Catalytic_domain/structures/AspRS_AF_Arch_unclassified_Euryarchaeota_proteinHHT76046.1.pdb
 0.981438  0.148595  0.121239     2.621678
-0.191670  0.781341  0.593943    -1.201384
-0.006472 -0.606156  0.795319   -10.931039
>../../../../class2/asp1//data/domains/Catalytic_domain/structures/AspRS_AF_Bact_Bacillus_anthracis_str_Ames_Ancestor_gene45024275.pdb
 0.332236 -0.119816  0.935555     6.718274
 0.607652 -0.731431 -0.309464     2.762401
 0.721373  0.671307 -0.170201    -7.594069
>../../../../class2/asp1//data/domains/Catalytic_domain/structures/AspRS_AF_Bact_Brachyspira_pilosicoli_95_1000_gene56440011.pdb
 0.990846  0.007894  0.134765     2.800512
-0.110764  0.618210  0.778169    -2.229186
-0.077171 -0.785973  0.613426    -9.538389
>../../../../class2/asp1//data/domains/Catalytic_domain/structures/AspRS_AF_Bact_Chlamydia_muridarum_str_Nigg_gene1246197.pdb
 0.834680 -0.508659 -0.211130     2.413139
 0.356381  0.206580  0.911218    -2.535487
-0.419884 -0.835817  0.353704    -9.700811
>../../../../class2/asp1//data/domains/Catalytic_domain/structures/AspRS_AF_Bact_Mycoplasma_hyopneumoniae_168-L_gene57101115.pdb
 0.882721  0.465467  0.064368     5.650067
-0.459521  0.883720 -0.088771    -7.032526
-0.098203  0.048782  0.993970    -6.997348
>../../../../class2/asp1//data/domains/Catalytic_domain/structures/AspRS_AF_Bact_Nocardia_cyriacigeorgica_GUH-2_gene45501717.pdb
-0.134325  0.479525 -0.867186    -0.991829
-0.840959 -0.518061 -0.156208    -4.571059
-0.524161  0.708286  0.472850   -11.946355
>../../../../class2/asp1//data/domains/Catalytic_domain/structures/AspRS_AF_Bact_Porphyromonas_gingivalis_ATCC_33277_gene29255515.pdb
-0.034011 -0.934822  0.353484     1.875697
-0.669848 -0.241167 -0.702240    -1.114952
 0.741718 -0.260665 -0.617987    -7.474664
>../../../../class2/asp1//data/domains/Catalytic_domain/structures/AspRS_AF_Bact_Prochlorococcus_marinus_subsp_marinus_str_CCMP1375_gene54201182.pdb
 0.793522 -0.603456 -0.078514     7.452421
 0.376325  0.385225  0.842603     1.068862
-0.478229 -0.698171  0.532780    -8.831471
>../../../../class2/asp1//data/domains/Catalytic_domain/structures/AspRS_AF_Bact_Xylella_fastidiosa_Temecula1_gene58016479.pdb
-0.128683  0.428251 -0.894451     1.534364
-0.796879 -0.581516 -0.163777     0.660191
-0.590275  0.691694  0.416095    -9.856844
>../../../../class2/asp1//data/domains/Catalytic_domain/structures/AspRS_AF_Mito_Oryza_sativa_Japonica_Group_gene4324505.pdb
-0.991402  0.017097 -0.129729    -2.960042
 0.083443  0.846291 -0.526145    -4.265266
 0.100793 -0.532446 -0.840441    -9.599728
>../../../../class2/asp1//data/domains/Catalytic_domain/structures/AspRS_AF_Mito_Oryzias_melastigma_gene112147132.pdb
 0.505074  0.857837  0.094955     2.813580
-0.852948  0.512922 -0.096905     0.222824
-0.131834 -0.032047  0.990754   -10.779921
>../../../../class2/asp1//data/domains/Catalytic_domain/structures/AspRS_PDB_Bact_E_coli_1c0a.pdb
 0.460872  0.370819 -0.806281   -42.924851
-0.397550  0.898530  0.186005   -10.858209
 0.793442  0.234813  0.561527   -61.742877
