>structures/IleRS_AF_Arch_Candidatus_Korarchaeum_cryptofilum_OPF8_gene6094904.pdb
 0.810667 -0.359192  0.462384    52.782364
-0.489379 -0.849228  0.198293    43.798026
 0.321444 -0.387031 -0.864222   -73.095084
>structures/IleRS_AF_Arch_Candidatus_Nitrosopumilus_sediminis_gene13697091.pdb
 0.281982  0.810734  0.513026    46.600837
 0.290077  0.437656 -0.851066    44.593485
-0.914517  0.388802 -0.111765   -71.678607
>structures/IleRS_AF_Arch_Pyrobaculum_aerophilum_str_IM2_gene1465853.pdb
-0.789784  0.592486 -0.158748    42.613679
-0.113422 -0.395408 -0.911476    46.499189
-0.602807 -0.701864  0.379488   -73.316112
>structures/IleRS_AF_Arch_Thermoplasma_acidophilum_DSM_1728_gene1456418.pdb
 0.477782  0.832789  0.279620    42.356483
-0.266353 -0.165989  0.949475    46.241475
 0.837126 -0.528120  0.142509   -75.356755
>structures/IleRS_AF_Bact_Chlamydia_muridarum_str_Nigg_gene1246458.pdb
-0.447767 -0.497796 -0.742768    49.369267
-0.827052  0.546298  0.132454    42.138769
 0.339837  0.673616 -0.656317   -78.232165
>structures/IleRS_AF_Bact_Escherichia_coli_O157:H7_str._Sakai_gene913425.pdb
 0.009724  0.344023  0.938911     6.350534
 0.212713 -0.918176  0.334223     2.269704
 0.977066  0.196469 -0.082107     4.484863
>structures/IleRS_AF_Bact_Lactobacillus_acidophilus_La-14_gene56942445.pdb
 0.165083 -0.216634  0.962194     2.330599
-0.585171 -0.806829 -0.081257    -3.683952
 0.793929 -0.549633 -0.259962     0.576874
>structures/IleRS_AF_Bact_Mycoplasma_hyopneumoniae_168-L_gene57100872.pdb
 0.196979  0.103963  0.974880    -0.317072
-0.401909 -0.898407  0.177015    -6.486080
 0.894242 -0.426681 -0.135183     0.995889
>structures/IleRS_AF_Bact_Orientia_tsutsugamushi_str_Ikeda_gene66653313.pdb
 0.196810 -0.867423  0.456993    40.125675
 0.911056  0.334028  0.241665    38.668775
-0.362274  0.368785  0.856011   -79.899127
>structures/IleRS_AF_Bact_Porphyromonas_gingivalis_ATCC_33277_gene29255747.pdb
 0.280091 -0.854206  0.438042    44.290190
 0.891684  0.400528  0.210895    44.861002
-0.355596  0.331526  0.873866   -84.541795
>structures/IleRS_AF_Bact_Streptobacillus_moniliformis_DSM_12112_gene29674186.pdb
 0.169963 -0.190904  0.966782     6.644901
-0.447096 -0.889212 -0.096987    -5.507833
 0.878190 -0.415760 -0.236485     7.884339
>structures/IleRS_AF_Bact_Thermus_thermophilus_HB8_gene3168241.pdb
-0.270052 -0.733798 -0.623388    50.622459
-0.890523  0.436537 -0.128079    39.846497
 0.366116  0.520554 -0.771351   -83.729996
>structures/IleRS_AF_Bact_Treponema_pallidum_subsp_pertenue_str_SamoaD_gene57878975.pdb
 0.537077 -0.832393  0.136637    51.495213
-0.843361 -0.533151  0.067027    43.040547
 0.017055 -0.151233 -0.988351   -78.557190
>structures/IleRS_AF_Euk_Cyanidioschyzon_merolae_strain_10D_gene16992835.pdb
 0.999659 -0.020180 -0.016550    -0.501870
 0.019902  0.999662 -0.016748    -1.456925
 0.016883  0.016413  0.999723    -0.846939
>structures/IleRS_AF_Euk_Homo_sapiens_gene3376.pdb
 0.431688 -0.868516 -0.243567    42.046575
-0.866218 -0.323831 -0.380525    39.769140
 0.251618  0.375250 -0.892119   -76.752517
>structures/IleRS_AF_Euk_Ostreococcus_lucimarinus_CCE9901_gene5000489.pdb
 0.606571 -0.709114  0.359484    55.422150
-0.791365 -0.581888  0.187475    44.291684
 0.076238 -0.398200 -0.914125   -78.035947
>structures/IleRS_AF_Euk_Trypanosoma_brucei_brucei_TREU927_gene3663037.pdb
 0.825581 -0.281573  0.489011    53.822646
-0.470884 -0.821303  0.322070    40.157124
 0.310940 -0.496163 -0.810641   -83.115914
>structures/IleRS_AF_Euk_Ustilago_maydis_521_gene23568123.pdb
 0.051470  0.439159  0.896934    -4.485362
-0.131241 -0.887361  0.442003    -8.394697
 0.990014 -0.140464  0.011963    -4.274684
>structures/IleRS_AF_Mito_Drosophila_melanogaster_gene39762.pdb
-0.970794  0.239727 -0.009450     3.809796
 0.162883  0.687505  0.707676    -3.008696
 0.176146  0.685469 -0.706474    10.274477
>structures/IleRS_AF_Mito_Homo_sapiens_gene55699.pdb
 0.281876 -0.062342  0.957423     3.218580
-0.477907 -0.874407  0.083765    -6.287543
 0.831956 -0.481171 -0.276268     3.248545
>structures/IleRS_AF_Vir_Megavirus_chiliensis_gene11256744.pdb
 0.197001 -0.952350  0.232852    45.194666
 0.979313  0.202347 -0.000948    48.460995
-0.046214  0.228222  0.972512   -76.186362
>structures/IleRS_PDB_Bact_S_aureus_1QU2.pdb
 0.537661  0.059913  0.841030   -83.369986
-0.771755 -0.366759  0.519501     2.788443
 0.339580 -0.928385 -0.150954    88.020190
