>structures/IleRS_AF_Arch_Candidatus_Korarchaeum_cryptofilum_OPF8_gene6094904.pdb
-0.706826  0.066496 -0.704255   -60.614453
 0.148935 -0.959267 -0.240054    -9.610707
-0.691531 -0.274564  0.668131    89.527096
>structures/IleRS_AF_Arch_Candidatus_Nitrosopumilus_sediminis_gene13697091.pdb
-0.461769 -0.631398 -0.622981   -51.705131
-0.387266  0.775382 -0.498806   -15.271052
 0.797994  0.010926 -0.602567    90.398714
>structures/IleRS_AF_Arch_Pyrobaculum_aerophilum_str_IM2_gene1465853.pdb
 0.557684  0.231872 -0.797010     4.682173
 0.105914 -0.972220 -0.208735   -11.520201
-0.823269  0.031994 -0.566750    56.406449
>structures/IleRS_AF_Arch_Thermoplasma_acidophilum_DSM_1728_gene1456418.pdb
-0.218696 -0.973800 -0.062340   -49.848518
 0.448093 -0.156974  0.880097   -10.001930
-0.866824  0.164539  0.470683    94.751058
>structures/IleRS_AF_Bact_Chlamydia_muridarum_str_Nigg_gene1246458.pdb
-0.720118 -0.141805  0.679206     5.620507
 0.003928  0.978044  0.208361   -20.247710
-0.693840  0.152712 -0.703750    53.901716
>structures/IleRS_AF_Bact_Lactobacillus_acidophilus_La-14_gene56942445.pdb
-0.218513  0.103401 -0.970340    -4.376299
 0.177316 -0.973609 -0.143680    -1.183976
-0.959589 -0.203453  0.194412     3.200187
>structures/IleRS_AF_Bact_Mycoplasma_hyopneumoniae_168-L_gene57100872.pdb
-0.132155 -0.285761 -0.949145     1.156072
 0.370980 -0.902211  0.219977    -8.061210
-0.919189 -0.323043  0.225243     3.297439
>structures/IleRS_AF_Bact_Orientia_tsutsugamushi_str_Ikeda_gene66653313.pdb
 0.792299  0.076193 -0.605357     5.955246
 0.144145  0.940710  0.307061   -19.579990
 0.592861 -0.330543  0.734341    47.282480
>structures/IleRS_AF_Bact_Porphyromonas_gingivalis_ATCC_33277_gene29255747.pdb
-0.200494  0.946165 -0.254112   -47.703693
 0.409834  0.316595  0.855455   -23.731579
 0.889853  0.067370 -0.451246   100.021525
>structures/IleRS_AF_Bact_Streptobacillus_moniliformis_DSM_12112_gene29674186.pdb
-0.097803 -0.045537 -0.994163    -4.315017
 0.335317 -0.942050  0.010163    -3.142477
-0.937015 -0.332366  0.107405    -0.827599
>structures/IleRS_AF_Bact_Thermus_thermophilus_HB8_gene3168241.pdb
 0.391010  0.707350 -0.588869   -86.903975
-0.890461  0.128911 -0.436419    15.057885
-0.232790  0.695009  0.680273    63.354333
>structures/IleRS_AF_Bact_Treponema_pallidum_subsp_pertenue_str_SamoaD_gene57878975.pdb
-0.281658  0.147873 -0.948052   -79.083023
-0.473578 -0.880746  0.003321    15.995850
-0.834502  0.449912  0.318098    71.075637
>structures/IleRS_AF_Euk_Cyanidioschyzon_merolae_strain_10D_gene16992835.pdb
-0.969572  0.146366  0.196233     3.133938
 0.241883  0.696294  0.675772    -6.793995
-0.037726  0.702675 -0.710510    10.515035
>structures/IleRS_AF_Euk_Ostreococcus_lucimarinus_CCE9901_gene5000489.pdb
-0.712263  0.508823 -0.483508   -57.689010
-0.356694 -0.855654 -0.375001   -13.674844
-0.604524 -0.094635  0.790945    95.062177
>structures/IleRS_AF_Euk_Trypanosoma_brucei_brucei_TREU927_gene3663037.pdb
 0.043555 -0.478349 -0.877089   -85.517394
-0.113756 -0.874587  0.471335    19.546578
-0.992554  0.079245 -0.092508    59.902973
>structures/IleRS_AF_Euk_Ustilago_maydis_521_gene23568123.pdb
 0.085634 -0.599124 -0.796063     4.078832
 0.618073 -0.594729  0.514085   -14.708534
-0.781443 -0.536048  0.319374     5.690654
>structures/IleRS_AF_Mito_Drosophila_melanogaster_gene39762.pdb
 1.000000  0.000000  0.000000     0.000000
 0.000000  1.000000  0.000000     0.000000
 0.000000  0.000000  1.000000     0.000000
>structures/IleRS_AF_Mito_Homo_sapiens_gene55699.pdb
-0.206148 -0.080080 -0.975239    -0.742268
 0.297965 -0.954453  0.015389    -3.538679
-0.932052 -0.287414  0.220619     3.823654
>structures/IleRS_AF_Vir_Megavirus_chiliensis_gene11256744.pdb
 0.722757 -0.602820  0.337979   -25.493462
 0.690884  0.642512 -0.331448    25.141163
-0.017352  0.473061  0.880859    11.962926
>structures/IleRS_PDB_Bact_S_aureus_1QU2.pdb
-0.599933 -0.268868 -0.753519    97.339127
-0.167611 -0.878700  0.446982    37.713974
-0.782296  0.394457  0.482096   -52.047732
>structures/IleRS_PDB_Euk_S_cere_7D5C.pdb
-0.281646  0.645696 -0.709755   -68.793504
-0.080901  0.721085  0.688107   -17.645926
 0.956102  0.251222 -0.150853    62.193527
