>structures/IleRS_AF_Arch_Candidatus_Korarchaeum_cryptofilum_OPF8_gene6094904.pdb
 0.818799 -0.369058  0.439733    51.819238
-0.486106 -0.853201  0.189075    43.463043
 0.305401 -0.368571 -0.878001   -73.613466
>structures/IleRS_AF_Arch_Candidatus_Nitrosopumilus_sediminis_gene13697091.pdb
 0.240500  0.825779  0.510146    44.841144
 0.282495  0.443273 -0.850709    44.421668
-0.928631  0.348709 -0.126671   -71.929631
>structures/IleRS_AF_Arch_Pyrobaculum_aerophilum_str_IM2_gene1465853.pdb
-0.804388  0.578144 -0.136785    41.123320
-0.121296 -0.385203 -0.914826    46.802288
-0.581591 -0.719283  0.379979   -73.075006
>structures/IleRS_AF_Arch_Thermoplasma_acidophilum_DSM_1728_gene1456418.pdb
 0.500763  0.822623  0.269309    40.906537
-0.248805 -0.161204  0.955044    45.763331
 0.829055 -0.545256  0.123948   -75.660598
>structures/IleRS_AF_Bact_Chlamydia_muridarum_str_Nigg_gene1246458.pdb
-0.428146 -0.490274 -0.759159    47.934091
-0.828826  0.547847  0.113631    41.714569
 0.360193  0.677861 -0.640910   -78.634468
>structures/IleRS_AF_Bact_Lactobacillus_acidophilus_La-14_gene56942445.pdb
 0.182939 -0.257206  0.948883     3.485074
-0.580231 -0.807394 -0.106989    -2.441854
 0.793641 -0.530998 -0.296942     2.322378
>structures/IleRS_AF_Bact_Mycoplasma_hyopneumoniae_168-L_gene57100872.pdb
 0.211133  0.084919  0.973762     0.250707
-0.385973 -0.908018  0.162873    -5.212497
 0.898024 -0.410234 -0.158936     2.294936
>structures/IleRS_AF_Bact_Orientia_tsutsugamushi_str_Ikeda_gene66653313.pdb
 0.180642 -0.859668  0.477848    38.682568
 0.907232  0.333280  0.256621    38.105072
-0.379866  0.387163  0.840123   -80.045198
>structures/IleRS_AF_Bact_Porphyromonas_gingivalis_ATCC_33277_gene29255747.pdb
 0.255307 -0.852058  0.456963    42.403189
 0.890978  0.390873  0.231033    44.198753
-0.375468  0.348160  0.858958   -84.862725
>structures/IleRS_AF_Bact_Streptobacillus_moniliformis_DSM_12112_gene29674186.pdb
 0.181578 -0.200045  0.962814     7.315208
-0.437719 -0.893189 -0.103030    -4.853061
 0.880586 -0.402734 -0.249747     8.639382
>structures/IleRS_AF_Bact_Thermus_thermophilus_HB8_gene3168241.pdb
-0.245899 -0.732594 -0.634696    49.193126
-0.895601  0.422157 -0.140291    40.088277
 0.370718  0.533938 -0.759920   -83.789378
>structures/IleRS_AF_Bact_Treponema_pallidum_subsp_pertenue_str_SamoaD_gene57878975.pdb
 0.550739 -0.827699  0.107707    49.699124
-0.834581 -0.548030  0.056007    42.616447
 0.012670 -0.120736 -0.992604   -79.045211
>structures/IleRS_AF_Euk_Cyanidioschyzon_merolae_strain_10D_gene16992835.pdb
 0.999670 -0.015783 -0.020271    -0.600343
 0.015576  0.999825 -0.010360    -1.042710
 0.020431  0.010041  0.999741    -0.919229
>structures/IleRS_AF_Euk_Homo_sapiens_gene3376.pdb
 0.444709 -0.856653 -0.261496    40.777298
-0.858826 -0.324954 -0.396008    39.139771
 0.254267  0.400688 -0.880226   -77.094208
>structures/IleRS_AF_Euk_Ostreococcus_lucimarinus_CCE9901_gene5000489.pdb
 0.612912 -0.714097  0.338238    54.319146
-0.786911 -0.590375  0.179525    43.955775
 0.071489 -0.376196 -0.923778   -78.470614
>structures/IleRS_AF_Euk_Trypanosoma_brucei_brucei_TREU927_gene3663037.pdb
 0.834198 -0.281053  0.474471    52.815499
-0.458615 -0.831362  0.313863    39.578364
 0.306245 -0.479423 -0.822415   -83.601236
>structures/IleRS_AF_Euk_Ustilago_maydis_521_gene23568123.pdb
 0.068128  0.441530  0.894656    -3.885063
-0.126795 -0.885636  0.446734    -8.369472
 0.989587 -0.143873 -0.004353    -3.368522
>structures/IleRS_AF_Mito_Drosophila_melanogaster_gene39762.pdb
-0.966795  0.252412 -0.039953     5.479709
 0.150475  0.688630  0.709328    -3.358418
 0.206555  0.679762 -0.703746    11.438278
>structures/IleRS_AF_Mito_Homo_sapiens_gene55699.pdb
 0.279145 -0.060266  0.958356     3.104464
-0.477285 -0.874723  0.084014    -6.133835
 0.833233 -0.480861 -0.272939     3.159025
>structures/IleRS_AF_Vir_Megavirus_chiliensis_gene11256744.pdb
 0.187380 -0.948380  0.255859    43.835140
 0.980307  0.197080  0.012571    48.078839
-0.062347  0.248465  0.966632   -76.511856
>structures/IleRS_PDB_Bact_S_aureus_1QU2.pdb
 0.557055  0.038828  0.829567   -79.836988
-0.759907 -0.379120  0.528024     2.960242
 0.335008 -0.924533 -0.181685    91.648449
