>structures/IleRS_AF_Arch_Candidatus_Korarchaeum_cryptofilum_OPF8_gene6094904.pdb
 0.820883 -0.379204  0.427030    51.448266
-0.492355 -0.848789  0.192729    43.811928
 0.289375 -0.368458 -0.883459   -73.501217
>structures/IleRS_AF_Arch_Candidatus_Nitrosopumilus_sediminis_gene13697091.pdb
 0.236179  0.832041  0.501924    44.874102
 0.287045  0.433746 -0.854090    44.709646
-0.928345  0.345793 -0.136391   -71.743176
>structures/IleRS_AF_Arch_Pyrobaculum_aerophilum_str_IM2_gene1465853.pdb
-0.809802  0.569878 -0.139496    41.071766
-0.116840 -0.389646 -0.913523    46.783173
-0.574951 -0.723475  0.382121   -73.115251
>structures/IleRS_AF_Arch_Thermoplasma_acidophilum_DSM_1728_gene1456418.pdb
 0.504257  0.819495  0.272310    40.883649
-0.257756 -0.158129  0.953182    46.186556
 0.824188 -0.550839  0.131492   -75.397565
>structures/IleRS_AF_Bact_Chlamydia_muridarum_str_Nigg_gene1246458.pdb
-0.429860 -0.480810 -0.764227    47.834591
-0.829676  0.544239  0.124268    42.216468
 0.356172  0.687478 -0.632863   -78.442963
>structures/IleRS_AF_Bact_Escherichia_coli_O157:H7_str._Sakai_gene913425.pdb
 0.011515  0.349005  0.937050     6.581185
 0.231497 -0.912583  0.337047     2.917643
 0.972767  0.213043 -0.091302     4.737733
>structures/IleRS_AF_Bact_Lactobacillus_acidophilus_La-14_gene56942445.pdb
 0.158851 -0.233162  0.959376     2.314965
-0.580320 -0.808185 -0.100330    -2.594158
 0.798746 -0.540807 -0.263689     0.959067
>structures/IleRS_AF_Bact_Mycoplasma_hyopneumoniae_168-L_gene57100872.pdb
 0.212197  0.090899  0.972990     0.503698
-0.418481 -0.891298  0.174532    -6.823809
 0.883089 -0.444213 -0.151091     1.636793
>structures/IleRS_AF_Bact_Orientia_tsutsugamushi_str_Ikeda_gene66653313.pdb
 0.189435 -0.864159  0.466200    39.476240
 0.911923  0.330864  0.242746    38.783827
-0.364020  0.379154  0.850724   -79.815784
>structures/IleRS_AF_Bact_Porphyromonas_gingivalis_ATCC_33277_gene29255747.pdb
 0.266534 -0.847506  0.459013    42.938357
 0.887939  0.401141  0.225056    44.354252
-0.374865  0.347590  0.859452   -84.915427
>structures/IleRS_AF_Bact_Streptobacillus_moniliformis_DSM_12112_gene29674186.pdb
 0.157094 -0.196982  0.967739     6.092857
-0.434191 -0.893898 -0.111469    -4.342199
 0.887017 -0.402673 -0.225953     7.899274
>structures/IleRS_AF_Bact_Thermus_thermophilus_HB8_gene3168241.pdb
-0.270546 -0.728967 -0.628818    50.389752
-0.889688  0.438851 -0.125961    40.002603
 0.367779  0.525373 -0.767282   -83.832237
>structures/IleRS_AF_Bact_Treponema_pallidum_subsp_pertenue_str_SamoaD_gene57878975.pdb
 0.552913 -0.825466  0.113547    49.970350
-0.833201 -0.549032  0.065882    43.060822
 0.007958 -0.131035 -0.991346   -78.790812
>structures/IleRS_AF_Euk_Cyanidioschyzon_merolae_strain_10D_gene16992835.pdb
 0.998973 -0.002627 -0.045226    -1.513310
 0.002672  0.999996  0.000921    -0.007915
 0.045223 -0.001040  0.998976    -1.881689
>structures/IleRS_AF_Euk_Homo_sapiens_gene3376.pdb
 0.268292  0.109505  0.957094    40.789194
 0.578034  0.776491 -0.250876    43.651266
-0.770646  0.620541  0.145029   -73.447541
>structures/IleRS_AF_Euk_Ostreococcus_lucimarinus_CCE9901_gene5000489.pdb
 0.618019 -0.721368  0.312540    53.155800
-0.784789 -0.589584  0.191040    44.482535
 0.046458 -0.363345 -0.930496   -78.432610
>structures/IleRS_AF_Euk_Trypanosoma_brucei_brucei_TREU927_gene3663037.pdb
 0.823883 -0.277530  0.494159    54.099087
-0.469217 -0.823041  0.320062    40.120649
 0.317886 -0.495562 -0.808311   -82.972521
>structures/IleRS_AF_Euk_Ustilago_maydis_521_gene23568123.pdb
 0.066765  0.453479  0.888763    -3.640837
-0.098444 -0.883410  0.458143    -8.145825
 0.992900 -0.118082 -0.014339    -2.904092
>structures/IleRS_AF_Mito_Drosophila_melanogaster_gene39762.pdb
-0.978893  0.202359 -0.028616     4.124489
 0.128552  0.718518  0.683525    -3.017150
 0.158879  0.665419 -0.729366    10.376110
>structures/IleRS_AF_Mito_Homo_sapiens_gene55699.pdb
 0.309159 -0.073122  0.948195     4.521911
-0.467806 -0.879765  0.084684    -5.844049
 0.827996 -0.469752 -0.306195     4.633619
>structures/IleRS_AF_Vir_Megavirus_chiliensis_gene11256744.pdb
 0.192778 -0.945296  0.263156    43.804558
 0.979681  0.200543  0.002703    48.458448
-0.055329  0.257288  0.964749   -76.147278
>structures/IleRS_PDB_Bact_S_aureus_1QU2.pdb
 0.543488  0.053980  0.837679   -82.301385
-0.766432 -0.375087  0.521433     3.550455
 0.342350 -0.925417 -0.162483    89.225406
