>../../../../class2/asn//data/domains/Catalytic_domain/structures/AsnRS_AF_Arch_Candidatus_Korarchaeum_cryptofilum_OPF8_gene6094562.pdb
-0.603453  0.714936  0.353144    -0.426944
 0.733177  0.323344  0.598247     2.331658
 0.313521  0.619932 -0.719298    -1.415394
>../../../../class2/asn//data/domains/Catalytic_domain/structures/AsnRS_AF_Arch_Candidatus_Nitrososphaera_gargensis_Ga92_gene13796664.pdb
 0.999857  0.006161  0.015748     1.088978
-0.004869  0.996722 -0.080755     0.570660
-0.016194  0.080667  0.996610     0.088247
>../../../../class2/asn//data/domains/Catalytic_domain/structures/AsnRS_AF_Arch_Ferroplasma_acidarmanus_Fer1_gene16025664.pdb
 0.301930 -0.753517 -0.583995     3.123644
 0.681210 -0.258022  0.685111     9.306278
-0.666927 -0.604679  0.435399     0.495870
>../../../../class2/asn//data/domains/Catalytic_domain/structures/AsnRS_AF_Arch_Pyrococcus_sp_ST04_gene13021535.pdb
 0.353187 -0.730803 -0.584111     3.672299
 0.714024 -0.192860  0.673034     8.582914
-0.604507 -0.654776  0.453696     0.827782
>../../../../class2/asn//data/domains/Catalytic_domain/structures/AsnRS_AF_Bact_Clostridium_acetobutylicum_DSM_1731_gene44999755.pdb
 0.995411  0.089624 -0.033525    -0.845312
-0.090649  0.995418 -0.030412     0.616451
 0.030646  0.033312  0.998975     0.001986
>../../../../class2/asn//data/domains/Catalytic_domain/structures/AsnRS_AF_Bact_Mycoplasma_hyopneumoniae_168-L_gene57101291.pdb
 0.593605 -0.697643 -0.401158     5.097334
 0.692403  0.188706  0.696396     7.999031
-0.410135 -0.691147  0.595067     1.090185
>../../../../class2/asn//data/domains/Catalytic_domain/structures/AsnRS_AF_Bact_Porphyromonas_gingivalis_ATCC_33277_gene29256423.pdb
 0.463423 -0.685791 -0.561186     3.546495
 0.689232 -0.119084  0.714688     6.970985
-0.556955 -0.717990  0.417482     0.179715
>../../../../class2/asn//data/domains/Catalytic_domain/structures/AsnRS_AF_Bact_Streptobacillus_moniliformis_DSM_12112_gene29673200.pdb
 0.981831  0.187899 -0.026481    -0.445117
-0.189173  0.980167 -0.059045     0.642918
 0.014862  0.062982  0.997904    -0.154781
>../../../../class2/asn//data/domains/Catalytic_domain/structures/AsnRS_AF_Bact_Thermus_thermophilus_HB8_gene3168522.pdb
 0.656053 -0.701039 -0.279535     5.508991
 0.639593  0.319817  0.699026     7.959021
-0.400644 -0.637387  0.658196     1.802563
>../../../../class2/asn//data/domains/Catalytic_domain/structures/AsnRS_AF_Bact_Treponema_pallidum_subsp_pertenue_str_SamoaD_gene57879132.pdb
 1.000000  0.000000  0.000000     0.000000
 0.000000  1.000000  0.000000     0.000000
 0.000000  0.000000  1.000000     0.000000
>../../../../class2/asn//data/domains/Catalytic_domain/structures/AsnRS_AF_Bact_unclassified_Blastocatellia_proteinRPI49177.1.pdb
 0.807219 -0.571144 -0.148971     5.654939
 0.531675  0.593954  0.603772     5.968623
-0.256359 -0.566580  0.783114     2.307369
>../../../../class2/asn//data/domains/Catalytic_domain/structures/AsnRS_AF_Euk_Candida_albicans_SC5314_gene3646227.pdb
 0.374065 -0.778283 -0.504333     2.466551
 0.782793 -0.026641  0.621711     7.381354
-0.497303 -0.627349  0.599269     5.174060
>../../../../class2/asn//data/domains/Catalytic_domain/structures/AsnRS_AF_Euk_Cryptococcus_gattii_WM276_gene10190222.pdb
 0.349409 -0.794374 -0.496874     1.194275
 0.848299  0.043014  0.527768     5.002606
-0.397872 -0.605904  0.688896     7.303097
>../../../../class2/asn//data/domains/Catalytic_domain/structures/AsnRS_AF_Euk_Encephalitozoon_intestinalis_ATCC_50506_gene9698489.pdb
 0.376770 -0.644563 -0.665269     2.898657
 0.691264 -0.282423  0.665125     8.803973
-0.616602 -0.710476  0.339155    -0.583083
>../../../../class2/asn//data/domains/Catalytic_domain/structures/AsnRS_AF_Euk_Vitis_vinifera_gene100257593.pdb
 0.966313  0.217556  0.137506    -0.752720
-0.233996  0.965121  0.117420    -2.329157
-0.107164 -0.145641  0.983516    -1.949281
>../../../../class2/asn//data/domains/Catalytic_domain/structures/AsnRS_AF_Mito_Homo_sapiens_gene79731.pdb
-0.324589  0.564684  0.758798     1.062402
 0.744118 -0.342781  0.573402     2.889078
 0.583892  0.750755 -0.308929     1.409759
>../../../../class2/asn//data/domains/Catalytic_domain/structures/AsnRS_AF_Mito_Zeugodacus_cucurbitae_gene105213230.pdb
-0.419455 -0.801807  0.425632     1.708496
-0.681221 -0.031877 -0.731384    -1.482572
 0.599997 -0.596732 -0.532837     2.449711
>../../../../class2/asn//data/domains/Catalytic_domain/structures/AsnRS_PDB_Arch_P_horikoshii_1X54.pdb
 0.775366  0.443434  0.449637    -8.692407
 0.372041 -0.896073  0.242153     0.389027
 0.510287 -0.020474 -0.859760    29.697844
>../../../../class2/asn//data/domains/Catalytic_domain/structures/AsnRS_PDB_Bact_E_anophelis_6pqh.pdb
 0.778082  0.461465 -0.426190   -13.004336
-0.580383  0.268579 -0.768779   -48.966211
-0.240299  0.845527  0.476803    24.524915
>../../../../class2/gly2//data/domains/Catalytic_domain/structures/GlyRS-Bα_AF_Bact_Brachyspira_pilosicoli_95_1000_gene56440230.pdb
-0.620926  0.474789 -0.623720     7.547879
-0.229284 -0.870903 -0.434692    -2.337827
-0.749586 -0.126903  0.649628   -12.532297
>../../../../class2/gly2//data/domains/Catalytic_domain/structures/GlyRS-Bα_AF_Bact_Chlamydia_pneumoniae_TW-183_gene45051002.pdb
-0.011404  0.984950 -0.172460    27.618653
-0.172948  0.167929  0.970510     5.304027
 0.984865  0.040894  0.168430    -8.974136
>../../../../class2/gly2//data/domains/Catalytic_domain/structures/GlyRS-Bα_AF_Bact_Lacticaseibacillus_paracasei_gene61269714.pdb
-0.677447 -0.331434 -0.656672     6.426516
-0.209171  0.942681 -0.259999    -1.426962
 0.705205 -0.038779 -0.707943   -11.343086
>../../../../class2/gly2//data/domains/Catalytic_domain/structures/GlyRS-Bα_AF_Bact_Prochlorococcus_marinus_subsp_marinus_str_CCMP1375_gene54200602.pdb
-0.172070 -0.822739 -0.541750     5.977140
-0.814406  0.428210 -0.391638    -1.246193
 0.554198  0.373815 -0.743725   -11.503023
>../../../../class2/gly2//data/domains/Catalytic_domain/structures/GlyRS-Bα_AF_Bact_Salmonella_enterica_subsp_enterica_serovar_Typhimurium_str_LT2_gene1255180.pdb
 0.358438 -0.783005  0.508355     7.076968
-0.583024 -0.613041 -0.533163     0.266855
 0.729112 -0.105278 -0.676248   -11.261067
>../../../../class2/gly2//data/domains/Catalytic_domain/structures/GlyRS-Bα_AF_Bact_Streptobacillus_moniliformis_DSM_12112_gene29673275.pdb
-0.361992 -0.627130 -0.689688     6.456120
-0.719198  0.658595 -0.221377    -1.128436
 0.593057  0.415886 -0.689436   -11.653994
>../../../../class2/gly2//data/domains/Catalytic_domain/structures/GlyRS-Bα_AF_Euk_Ostreococcus_tauri_gene9837276.pdb
 0.827778  0.470614  0.305461    26.233303
 0.014663 -0.562399  0.826736     4.011457
 0.560864 -0.679875 -0.472442    -9.338659
>../../../../class2/gly2//data/domains/Catalytic_domain/structures/GlyRS-Bα_AF_Mito_Nymphaea_colorata_gene116265348.pdb
 0.046402  0.881244 -0.470379    27.974331
-0.456941  0.437458  0.774491     5.656986
 0.888286  0.178997  0.422975   -10.828302
>../../../../class2/gly2//data/domains/Catalytic_domain/structures/GlyRS-Bα_PDB_Bact_A_aeolicus_5f5w.pdb
-0.387828  0.871807 -0.299237   -22.880853
 0.885625  0.442427  0.141162    36.913108
 0.255456 -0.210265 -0.943679     1.377658
>../../../../class2/gly2//data/domains/Catalytic_domain/structures/GlyRS-Bα_PDB_Bact_C_jejuni_3ufg.pdb
 0.062504  0.471315  0.879747    -8.062973
 0.167710 -0.873897  0.456265    19.659771
 0.983853  0.119024 -0.133667   -39.802611
>../../../../class2/gly2//data/domains/Catalytic_domain/structures/GlyRS-Bα_PDB_Bact_T_maritima_1j5w.pdb
 0.115451 -0.939153 -0.323517    58.697598
-0.239400  0.289786 -0.926667    -0.508447
 0.964033  0.184434 -0.191377   -60.049333
