>../../../../class2/phe1//data/domains/Catalytic_domain/structures/PheRS-Bα_AF_Bact_Brachyspira_pilosicoli_95_1000_gene56440383.pdb
 0.095707 -0.988353  0.118317     5.643925
-0.188800 -0.134729 -0.972730     9.453171
 0.977341  0.070759 -0.199496    -5.488436
>../../../../class2/phe1//data/domains/Catalytic_domain/structures/PheRS-Bα_AF_Bact_Chlamydia_psittaci_6BC_gene12243227.pdb
-0.739820 -0.567464 -0.361458     5.821204
-0.390616  0.799696 -0.455967     6.343291
 0.547801 -0.196142 -0.813291    -3.778763
>../../../../class2/phe1//data/domains/Catalytic_domain/structures/PheRS-Bα_AF_Bact_Ferrimonas_balearica_DSM_9799_gene67181906.pdb
 0.274817 -0.507124 -0.816885     3.116312
 0.411045 -0.706081  0.576621     4.960435
-0.869205 -0.494241  0.014407    -3.470411
>../../../../class2/phe1//data/domains/Catalytic_domain/structures/PheRS-Bα_AF_Bact_Mycobacterium_intracellulare_ATCC_13950_gene11909689.pdb
 0.255753  0.836900 -0.483931    -1.392220
-0.682913 -0.197913 -0.703179    -0.903873
-0.684267  0.510323  0.520913    -3.109076
>../../../../class2/phe1//data/domains/Catalytic_domain/structures/PheRS-Bα_AF_Bact_Mycoplasma_capricolum_subsp_capricolum_ATCC_27343_gene23778662.pdb
 0.332296 -0.682593 -0.650881     3.496088
 0.630971 -0.352047  0.691331     8.289002
-0.701039 -0.640413  0.313712    -3.147626
>../../../../class2/phe1//data/domains/Catalytic_domain/structures/PheRS-Bα_AF_Bact_Porphyromonas_gingivalis_ATCC_33277_gene29256875.pdb
-0.434653 -0.879972 -0.191641     6.325973
-0.114349  0.264995 -0.957446     7.294767
 0.893309 -0.394243 -0.215804    -8.283399
>../../../../class2/phe1//data/domains/Catalytic_domain/structures/PheRS-Bα_AF_Bact_Prochlorococcus_marinus_subsp_marinus_str_CCMP1375_gene54200681.pdb
 1.000000  0.000000  0.000000     0.000000
 0.000000  1.000000  0.000000     0.000000
 0.000000  0.000000  1.000000     0.000000
>../../../../class2/phe1//data/domains/Catalytic_domain/structures/PheRS-Bα_AF_Bact_Staphylococcus_argenteus_gene66839332.pdb
 0.856960 -0.470605 -0.210119     6.170441
 0.505159  0.686184  0.523418     4.390012
-0.102143 -0.554692  0.825763     0.259967
>../../../../class2/phe1//data/domains/Catalytic_domain/structures/PheRS-Bα_PDB_Bact.A_E_coli_3PCO.pdb
 0.801025 -0.414064  0.432331    -0.756274
 0.588438  0.677333 -0.441544    47.611679
-0.110004  0.608088  0.786211   -55.339842
>../../../../class2/phe1//data/domains/Catalytic_domain/structures/PheRS-Bα_PDB_Bact.A_T_thermophilus_1PYS.pdb
 0.726429 -0.022751  0.686865   -14.163254
-0.638820 -0.390868  0.662670    29.743653
 0.253398 -0.920165 -0.298471    41.815279
>../../../../class2/sep//data/domains/Catalytic_domain/structures/SepRS_AF_Arch_Methanothrix_thermoacetophila_PT_gene4462697.pdb
 0.209257  0.314320 -0.925967    -5.454274
-0.584036 -0.719311 -0.376156    12.827847
-0.784292  0.619511  0.033053    -1.909541
>../../../../class2/sep//data/domains/Catalytic_domain/structures/SepRS_AF_Arch_unclassified_Candidatus_Bathyarchaeota_proteinUCD26266.1.pdb
 0.069523 -0.725778  0.684407    -0.272543
 0.475873 -0.578848 -0.662178    19.739819
 0.876762  0.371728  0.305135    -1.257041
>../../../../class2/sep//data/domains/Catalytic_domain/structures/SepRS_AF_Arch_unclassified_Lokiarchaeota_proteinTFF69421.1.pdb
-0.578433  0.336178  0.743236    -2.782080
 0.788685  0.463145  0.404316    22.049031
-0.208304  0.820049 -0.533037    -4.729428
>../../../../class2/sep//data/domains/Catalytic_domain/structures/SepRS_AF_Arch_unclassified_Thermoprotei_proteinRLF12424.1.pdb
-0.585555 -0.736418  0.338843    -0.450239
-0.496952 -0.004134 -0.867768    16.015288
 0.640440 -0.676514 -0.363544     1.870226
>../../../../class2/sep//data/domains/Catalytic_domain/structures/SepRS_PDB_Arch_2DU4_A_fulgidus.pdb
-0.507644  0.792547  0.337886   -33.926426
-0.815108 -0.314752 -0.486344    50.004306
-0.279100 -0.522303  0.805793    54.119986
>../../../../class2/sep//data/domains/Catalytic_domain/structures/SepRS_PDB_Arch_2ODR_M_maripadulis.pdb
-0.030704  0.913711  0.405203   -23.920466
 0.641837  0.328794 -0.692777   -12.364112
-0.766226  0.238803 -0.596549    66.062326
