>structures/GlyRS-E_AF_Arch_Methanosalsum_zhilinae_DSM_4017_gene10821854.pdb
 1.000000  0.000000  0.000000     0.000000
 0.000000  1.000000  0.000000     0.000000
 0.000000  0.000000  1.000000     0.000000
>structures/GlyRS-E_AF_Euk_Cryptococcus_neoformans_var_neoformans_JEC21_gene3258293.pdb
 0.075143 -0.675499  0.733522    -1.624848
-0.650514 -0.590727 -0.477360     0.075858
 0.755768 -0.441296 -0.483811    -0.594925
>structures/GlyRS-E_AF_Euk_Girardinichthys_multiradiatus_gene124858359.pdb
 0.994987 -0.099001 -0.014106    -0.478119
 0.099991  0.982959  0.154248    -2.017055
-0.001405 -0.154885  0.987931    -1.136472
>structures/GlyRS-E_AF_Euk_Plasmodium_yoelii_gene3801472.pdb
 0.935056  0.337722  0.107764    -1.131704
-0.288688  0.901858 -0.321422    -1.056391
-0.205739  0.269437  0.940784     0.035029
>structures/GlyRS-E_AF_Euk_Schizosaccharomyces_pombe_gene2543181.pdb
 0.938133 -0.305932 -0.162211     0.130666
 0.342082  0.891480  0.297059    -0.369110
 0.053728 -0.334170  0.940980    -1.827451
>structures/GlyRS-E_PDB_Euk_H_sapiens_2q5h.pdb
-0.218607 -0.128431 -0.967324  -108.394701
 0.730162 -0.679164 -0.074838   -65.033302
-0.647360 -0.722663  0.242246    86.984695
