>../../../../class1/arg//data/domains/Catalytic_domain/structures/ArgRS_AF_Arch_Candidatus_Korarchaeum_cryptofilum_OPF8_gene6093502.pdb
 0.990451 -0.116915  0.073058    -0.445960
 0.112039  0.991400  0.067621    -1.960767
-0.080336 -0.058790  0.995033    -0.606877
>../../../../class1/arg//data/domains/Catalytic_domain/structures/ArgRS_AF_Arch_Candidatus_Nitrosopumilus_sediminis_gene13697696.pdb
 0.841338 -0.399016 -0.364604    -0.732967
 0.530728  0.737600  0.417461    -1.313058
 0.102358 -0.544732  0.832340     1.656701
>../../../../class1/arg//data/domains/Catalytic_domain/structures/ArgRS_AF_Arch_Desulfurococcus_mucosus_DSM_2162_gene10153309.pdb
 0.947432 -0.232650  0.219650     0.256817
 0.170449  0.947975  0.268869     3.713976
-0.270775 -0.217296  0.937797    -4.140445
>../../../../class1/arg//data/domains/Catalytic_domain/structures/ArgRS_AF_Arch_Methanothermococcus_okinawensis_IH1_gene10773248.pdb
 0.931450  0.220493  0.289455    -0.399741
-0.085637  0.905983 -0.414561    -0.486327
-0.353649  0.361355  0.862760     2.802390
>../../../../class1/arg//data/domains/Catalytic_domain/structures/ArgRS_AF_Bact_Anoxybacillus_flavithermus_WK1_gene7039015.pdb
 0.324612 -0.756703 -0.567475     0.346432
 0.892705  0.046834  0.448202    -2.990994
-0.312579 -0.652079  0.690715     3.758919
>../../../../class1/arg//data/domains/Catalytic_domain/structures/ArgRS_AF_Bact_Brachyspira_pilosicoli_95_1000_gene56439668.pdb
 0.803141  0.591128  0.074383    -4.043598
-0.540430  0.775370 -0.326707    -0.864955
-0.250800  0.222192  0.942194     3.027360
>../../../../class1/arg//data/domains/Catalytic_domain/structures/ArgRS_AF_Bact_Chlamydia_psittaci_6BC_gene12242456.pdb
 0.990603  0.135624  0.017678    -1.942150
-0.136457  0.988793  0.060559    -2.113048
-0.009267 -0.062402  0.998008     1.097679
>../../../../class1/arg//data/domains/Catalytic_domain/structures/ArgRS_AF_Bact_Corynebacterium_ulcerans_809_gene75260071.pdb
 0.883976  0.464869  0.049828    -3.381089
-0.439240  0.862266 -0.252121    -0.621205
-0.160168  0.200983  0.966412     2.374704
>../../../../class1/arg//data/domains/Catalytic_domain/structures/ArgRS_AF_Bact_Cupriavidus_taiwanensis_LMG_19424_gene29762022.pdb
 0.987656  0.134623  0.080077    -1.587233
-0.126901  0.987377 -0.094775     0.106605
-0.091825  0.083443  0.992273     2.411156
>../../../../class1/arg//data/domains/Catalytic_domain/structures/ArgRS_AF_Bact_Mycoplasma_hyopneumoniae_168-L_gene57100855.pdb
 1.000000  0.000000  0.000000     0.000000
 0.000000  1.000000  0.000000     0.000000
 0.000000  0.000000  1.000000     0.000000
>../../../../class1/arg//data/domains/Catalytic_domain/structures/ArgRS_AF_Bact_Prochlorococcus_marinus_subsp_marinus_str_CCMP1375_gene54199571.pdb
 0.202723 -0.487339 -0.849355    -1.413938
 0.795522 -0.423812  0.433046     3.626031
-0.571007 -0.763469  0.301772     1.981079
>../../../../class1/arg//data/domains/Catalytic_domain/structures/ArgRS_AF_Bact_Streptobacillus_moniliformis_DSM_12112_gene29674021.pdb
-0.047740 -0.799692  0.598510    -2.225255
-0.686140 -0.409197 -0.601474    -0.585213
 0.725902 -0.439376 -0.529165     2.788196
>../../../../class1/arg//data/domains/Catalytic_domain/structures/ArgRS_AF_Euk_Micromonas_commoda_gene8250062.pdb
-0.978270 -0.169358  0.119604    -0.532455
-0.179337  0.980673 -0.078226    -4.039093
-0.104045 -0.097976 -0.989735     2.041459
>../../../../class1/arg//data/domains/Catalytic_domain/structures/ArgRS_AF_Euk_Paulinella_chromatophora_gene6481434.pdb
 0.138061 -0.287613 -0.947744    -2.789887
 0.645513 -0.699617  0.306348     3.460674
-0.751167 -0.654075  0.089068    -0.701271
>../../../../class1/arg//data/domains/Catalytic_domain/structures/ArgRS_AF_Euk_Polyodon_spathula_gene121324634.pdb
 0.773913  0.624834 -0.103158     0.048641
-0.398117  0.353341 -0.846554    -8.340463
-0.492506  0.696228  0.522212    -0.059802
>../../../../class1/arg//data/domains/Catalytic_domain/structures/ArgRS_AF_Euk_Thalassiosira_pseudonana_CCMP1335_gene7449555.pdb
 0.028104 -0.562815  0.826105     2.787995
-0.619896 -0.658140 -0.427294    -3.703188
 0.784180 -0.500091 -0.367384     5.861197
>../../../../class1/arg//data/domains/Catalytic_domain/structures/ArgRS_AF_Mito_Caenorhabditis_elegans_gene174023.pdb
-0.005250 -0.070711 -0.997483     2.639489
 0.218858 -0.973395  0.067852     2.393766
-0.975743 -0.217951  0.020586    -0.667658
>../../../../class1/arg//data/domains/Catalytic_domain/structures/ArgRS_AF_Mito_Saccharomyces_cerevisiae_S288C_gene851942.pdb
-0.586148  0.574873  0.570922    -3.122644
 0.496814 -0.301611  0.813761    -2.415935
 0.640006  0.760626 -0.108816     3.245702
>../../../../class1/arg//data/domains/Catalytic_domain/structures/ArgRS_AF_Vir_Megavirus_chiliensis_gene11257368.pdb
-0.017392  0.101629  0.994670    -0.749734
-0.043062 -0.993974  0.100804    -0.179980
 0.998921 -0.041079  0.021663     7.196166
>../../../../class1/arg//data/domains/Catalytic_domain/structures/ArgRS_PDB_Arch_2ZUF.pdb
 0.333823  0.733160  0.592485   -24.077044
 0.522207  0.379440 -0.763758    11.567226
-0.784769  0.564359 -0.256195    26.940847
>../../../../class1/arg//data/domains/Catalytic_domain/structures/ArgRS_PDB_Bact_1IQ0.pdb
-0.889505 -0.313616  0.332304    29.088883
 0.064972 -0.806683 -0.587402    54.494946
 0.452283 -0.500906  0.737925    32.110937
>../../../../class1/arg//data/domains/Catalytic_domain/structures/ArgRS_PDB_Euk_S_cerevisiae_1BS2.pdb
-0.631899 -0.072021 -0.771698    14.712905
 0.607519 -0.664297 -0.435465    15.555132
-0.481274 -0.743991  0.463522    87.252662
>../../../../class1/leu1//data/domains/Catalytic_domain/structures/LeuRS-B_AF_Bact_Bifidobacterium_longum_subsp_longum_JCM_1217_gene69578373.pdb
-0.581405 -0.102546 -0.807126     4.289046
-0.217673 -0.936258  0.275751    -4.130157
-0.783956  0.336013  0.522024   -13.954588
>../../../../class1/leu1//data/domains/Catalytic_domain/structures/LeuRS-B_AF_Bact_Brachyspira_pilosicoli_95_1000_gene56439070.pdb
-0.054584 -0.902810 -0.426562     3.896819
 0.537424 -0.386606  0.749474    -3.008288
-0.841544 -0.188335  0.506294   -10.792676
>../../../../class1/leu1//data/domains/Catalytic_domain/structures/LeuRS-B_AF_Bact_Chlamydia_psittaci_6BC_gene12243068.pdb
-0.172823 -0.980035 -0.098306     3.675693
-0.501751  0.173486 -0.847436    -1.860728
 0.847572 -0.097131 -0.521716   -11.430572
>../../../../class1/leu1//data/domains/Catalytic_domain/structures/LeuRS-B_AF_Bact_Clostridium_botulinum_A_str_ATCC_3502_gene5187707.pdb
-0.021145  0.906791  0.421050     0.454825
 0.900027 -0.166109  0.402938    -4.510552
 0.435320  0.387476 -0.812624   -13.011033
>../../../../class1/leu1//data/domains/Catalytic_domain/structures/LeuRS-B_AF_Bact_Mycoplasma_hyopneumoniae_168-L_gene57101518.pdb
 0.866052  0.175189  0.468255     3.636421
-0.331439  0.902390  0.275393    -4.359303
-0.374303 -0.393703  0.839581   -12.736526
>../../../../class1/leu1//data/domains/Catalytic_domain/structures/LeuRS-B_AF_Bact_Orientia_tsutsugamushi_str_Ikeda_gene66652454.pdb
-0.338826 -0.898142 -0.280245     3.117569
-0.454103  0.416985 -0.787346    -1.965803
 0.824007 -0.139514 -0.549135   -12.638748
>../../../../class1/leu1//data/domains/Catalytic_domain/structures/LeuRS-B_AF_Bact_Porphyromonas_gingivalis_ATCC_33277_gene29256038.pdb
-0.239835 -0.772281 -0.588269     4.256058
 0.280351 -0.635234  0.719639    -1.928611
-0.929453  0.007673  0.368861   -12.024071
>../../../../class1/leu1//data/domains/Catalytic_domain/structures/LeuRS-B_AF_Bact_Thermus_thermophilus_HB8_gene3168656.pdb
-0.146958  0.908904  0.390251     0.479094
 0.880120 -0.059907  0.470956     2.585558
 0.451433  0.412679 -0.791141   -13.038346
>../../../../class1/leu1//data/domains/Catalytic_domain/structures/LeuRS-B_AF_Euk_Bathycoccus_prasinos_gene19015540.pdb
-0.241742 -0.964823  0.103328     4.207448
-0.566178  0.053770 -0.822527    -2.813554
 0.788038 -0.257342 -0.559260   -12.864442
>../../../../class1/leu1//data/domains/Catalytic_domain/structures/LeuRS-B_AF_Euk_Klebsormidium_nitens_protein971510658.pdb
 0.775118  0.404191  0.485615     3.305003
-0.539822  0.823047  0.176595    -2.418776
-0.328306 -0.399027  0.856150   -12.827194
>../../../../class1/leu1//data/domains/Catalytic_domain/structures/LeuRS-B_AF_Euk_Plasmodium_falciparum_3D7_gene2655460.pdb
-0.566727  0.097273 -0.818143    -0.932242
-0.220175 -0.974773  0.036620     0.181929
-0.793941  0.200889  0.573847   -13.212547
>../../../../class1/leu1//data/domains/Catalytic_domain/structures/LeuRS-B_AF_Euk_Thalassiosira_pseudonana_CCMP1335_gene7441753.pdb
-0.084389 -0.816094 -0.571725     2.600693
 0.468914 -0.538793  0.699872     1.489303
-0.879203 -0.209028  0.428146   -15.034098
>../../../../class1/leu1//data/domains/Catalytic_domain/structures/LeuRS-B_AF_Mito_Drosophila_melanogaster_gene38581.pdb
 0.959364 -0.092626  0.266534     2.012267
-0.081289  0.813817  0.575408    -4.343351
-0.270208 -0.573692  0.773217    -9.057732
>../../../../class1/leu1//data/domains/Catalytic_domain/structures/LeuRS-B_AF_Mito_Homo_sapiens_gene23395.pdb
-0.193040 -0.980840  0.026242     3.509096
-0.420593  0.058555 -0.905358    -4.228423
 0.886475 -0.185807 -0.423837   -10.624784
>../../../../class1/leu1//data/domains/Catalytic_domain/structures/LeuRS-B_PDB_Bact_T_therm_2V0C.pdb
-0.529868  0.679642  0.507274    27.097491
-0.326282  0.388736 -0.861641    35.866457
-0.782803 -0.622070  0.015777   -18.219004
