>structures/PheRS-M_AF_Mito_Arabidopsis_thaliana_gene824983.pdb
-0.438048 -0.753385  0.490433    -1.529306
-0.875832  0.234741 -0.421681    -7.310204
 0.202564 -0.614254 -0.762666     2.004630
>structures/PheRS-M_AF_Mito_Babesia_bovis_T2Bo_gene5478469.pdb
-0.903685 -0.420478  0.080949    -1.723567
 0.236073 -0.331512  0.913438    -3.642757
-0.357245  0.844570  0.398846    -3.721195
>structures/PheRS-M_AF_Mito_Candida_albicans_SC5314_gene3638806.pdb
 0.564229 -0.738173 -0.369792     1.980198
-0.684706 -0.168099 -0.709168    -4.093185
 0.461328  0.653332 -0.600278    -1.450084
>structures/PheRS-M_AF_Mito_Crassostrea_gigas_gene105329377.pdb
 0.253214 -0.457531 -0.852378    -0.420310
 0.878003 -0.261262  0.401064     5.567770
-0.406193 -0.849945  0.335559     1.112825
>structures/PheRS-M_AF_Mito_Drosophila_melanogaster_gene36547.pdb
 0.975748  0.208075  0.067973    -0.082277
 0.050003  0.090445 -0.994645    -6.220928
-0.213109  0.973922  0.077847    -4.547888
>structures/PheRS-M_AF_Mito_Syngnathus_acus_gene119139175.pdb
 1.000000  0.000000  0.000000     0.000000
 0.000000  1.000000  0.000000     0.000000
 0.000000  0.000000  1.000000     0.000000
>structures/PheRS-M_PDB_Mito.H_sapiens_3CMQ.pdb
 0.395182 -0.746381  0.535487     9.262563
 0.404444 -0.382024 -0.830953    20.126510
 0.824776  0.544952  0.150900   -16.583032
