>structures/AlaRS_AF_Arch_Candidatus_Korarchaeum_cryptofilum_OPF8_gene6094822.pdb
 0.499818  0.809933  0.306904     2.703188
-0.805109  0.303813  0.509409    -1.664515
 0.319345 -0.501703  0.803936    -4.516240
>structures/AlaRS_AF_Arch_Candidatus_Nitrosopumilus_koreensis_AR1_gene13725795.pdb
-0.785135 -0.567826 -0.247257     1.600423
-0.494599  0.334599  0.802132     0.080092
-0.372740  0.752075 -0.543552   -10.581894
>structures/AlaRS_AF_Arch_Sulfolobus_islandicus_YG5714_gene7807284.pdb
 0.995626 -0.085248 -0.038231     5.696160
 0.093317  0.887424  0.451410     0.616016
-0.004554 -0.453003  0.891497    -5.367394
>structures/AlaRS_AF_Arch_Thermoplasma_acidophilum_DSM_1728_gene1456391.pdb
-0.775007 -0.567693 -0.277648     2.259945
-0.521343  0.326038  0.788607    -0.922616
-0.357163  0.755926 -0.548645    -8.766786
>structures/AlaRS_AF_Bact_Brucella_melitensis_bv_1_str_16M_gene29593597.pdb
-0.391884 -0.880488  0.266773    -5.424249
-0.589846  0.462983  0.661610    -4.052858
-0.706051  0.101920 -0.700788   -13.026118
>structures/AlaRS_AF_Bact_Chlamydia_psittaci_6BC_gene12242512.pdb
 0.195397  0.586867 -0.785752    -2.567256
-0.054183 -0.793512 -0.606137    -0.688919
-0.979226  0.161012 -0.123252    -8.726085
>structures/AlaRS_AF_Bact_Lactobacillus_acidophilus_La-14_gene56942022.pdb
 0.294878 -0.480034 -0.826205    -4.569448
 0.765137 -0.399313  0.505088     7.497313
-0.572374 -0.781100  0.249544    -6.511169
>structures/AlaRS_AF_Bact_Nocardia_farcinica_IFM_10152_gene61134339.pdb
 0.166985  0.095532 -0.981320    -3.689735
 0.496214 -0.868200 -0.000082     0.597200
-0.851990 -0.486931 -0.192381    -7.726595
>structures/AlaRS_AF_Bact_Porphyromonas_gingivalis_ATCC_33277_gene29256567.pdb
 0.160291  0.475001 -0.865264    -1.388076
 0.074083 -0.879915 -0.469320     0.758950
-0.984286  0.011127 -0.176232    -8.151531
>structures/AlaRS_AF_Bact_Prochlorococcus_marinus_subsp_marinus_str_CCMP1375_gene54199407.pdb
-0.440950  0.607091  0.661062    -4.329022
 0.888557  0.191382  0.416940    -0.520138
 0.126605  0.771241 -0.623825    -6.220563
>structures/AlaRS_AF_Bact_Streptobacillus_moniliformis_DSM_12112_gene29672963.pdb
 0.267575  0.588972 -0.762572    -5.044441
-0.225290 -0.731250 -0.643831     1.862242
-0.936829  0.344073 -0.062975    -5.426477
>structures/AlaRS_AF_Bact_Treponema_pallidum_subsp_pertenue_str_SamoaD_gene57879528.pdb
 0.920059  0.267724 -0.286035     6.865789
-0.342882  0.903456 -0.257292     8.866822
 0.189536  0.334800  0.923030   -12.243474
>structures/AlaRS_AF_Euk_Cyanidioschyzon_merolae_strain_10D_gene16993235.pdb
 1.000000  0.000000  0.000000     0.000000
 0.000000  1.000000  0.000000     0.000000
 0.000000  0.000000  1.000000     0.000000
>structures/AlaRS_AF_Euk_Marasmius_oreades_gene66078979.pdb
-0.646050 -0.725742 -0.236467    -1.634055
-0.564573  0.245853  0.787917     1.185681
-0.513689  0.642537 -0.568568    -3.737771
>structures/AlaRS_AF_Euk_Plasmodium_berghei_ANKA_gene55150801.pdb
-0.052813 -0.045884 -0.997550    -4.564756
 0.204007 -0.978372  0.034201     3.312207
-0.977544 -0.201701  0.061032    -8.700829
>structures/AlaRS_AF_Euk_Saccharomyces_cerevisiae_S288C_gene854513.pdb
-0.930917 -0.271159 -0.244675     2.076676
-0.360098  0.569523  0.738900    -1.749477
-0.061011  0.775961 -0.627823    -5.874628
>structures/AlaRS_PDB_Bact_E_coli_3HXV.pdb
 0.635072  0.760814  0.133589   -34.942690
 0.088235 -0.243259  0.965940    -3.639024
 0.767397 -0.601654 -0.221618    -2.735787
