>structures/AlaRS_AF_Arch_Candidatus_Korarchaeum_cryptofilum_OPF8_gene6094822.pdb
 0.491988  0.527037 -0.692950   -10.856588
 0.323737  0.628116  0.707577     4.630463
 0.808172 -0.572453  0.138404   -16.573075
>structures/AlaRS_AF_Arch_Candidatus_Nitrosopumilus_koreensis_AR1_gene13725795.pdb
 0.173278 -0.954752 -0.241711    -8.036153
-0.974744 -0.131143 -0.180764     2.214288
 0.140886  0.266929 -0.953363   -21.587175
>structures/AlaRS_AF_Arch_Sulfolobus_islandicus_YG5714_gene7807284.pdb
 0.407181 -0.263196 -0.874604   -10.226986
 0.908870  0.022063  0.416495     7.627943
-0.090324 -0.964490  0.248194   -18.900412
>structures/AlaRS_AF_Arch_Thermoplasma_acidophilum_DSM_1728_gene1456391.pdb
 0.183403 -0.953782 -0.238042    -8.548616
-0.968216 -0.133371 -0.211588     3.018918
 0.170061  0.269282 -0.947928   -19.795092
>structures/AlaRS_AF_Bact_Brucella_melitensis_bv_1_str_16M_gene29593597.pdb
 0.627657 -0.755866  0.186313    -7.388392
-0.778338 -0.604582  0.169324    -6.066567
-0.015344 -0.251292 -0.967790   -19.937643
>structures/AlaRS_AF_Bact_Chlamydia_psittaci_6BC_gene12242512.pdb
 0.769395  0.633983  0.078078   -11.027876
-0.190293  0.344169 -0.919422    -1.309365
-0.609770  0.692541  0.385444   -20.007731
>structures/AlaRS_AF_Bact_Lactobacillus_acidophilus_La-14_gene56942022.pdb
 0.044814  0.523128 -0.851075   -17.928493
 0.271063 -0.826338 -0.493650     0.436000
-0.961518 -0.208573 -0.178832   -24.006263
>structures/AlaRS_AF_Bact_Nocardia_farcinica_IFM_10152_gene61134339.pdb
 0.341881  0.880585 -0.328157   -12.888506
-0.015894 -0.343730 -0.938934    -1.424113
-0.939609  0.326220 -0.103519   -20.164309
>structures/AlaRS_AF_Bact_Porphyromonas_gingivalis_ATCC_33277_gene29256567.pdb
 0.679087  0.733999  0.009258   -11.301804
-0.180597  0.179284 -0.967079     0.148828
-0.711495  0.655059  0.254307   -20.536974
>structures/AlaRS_AF_Bact_Prochlorococcus_marinus_subsp_marinus_str_CCMP1375_gene54199407.pdb
-0.818983 -0.335228  0.465714   -13.393839
-0.080515  0.870710  0.485161    -1.825589
-0.568141  0.359841 -0.740088   -18.335928
>structures/AlaRS_AF_Bact_Streptobacillus_moniliformis_DSM_12112_gene29672963.pdb
 0.875213  0.478586  0.070410   -15.698434
-0.164809  0.431855 -0.886758    -1.508968
-0.454797  0.764498  0.456840   -19.653285
>structures/AlaRS_AF_Bact_Treponema_pallidum_subsp_pertenue_str_SamoaD_gene57879528.pdb
 0.515342 -0.637400 -0.572838    -9.790146
 0.778654  0.627450  0.002332     8.839413
 0.357941 -0.447244  0.819665   -29.294523
>structures/AlaRS_AF_Euk_Cyanidioschyzon_merolae_strain_10D_gene16993235.pdb
 0.464027 -0.594926 -0.656309   -15.880725
 0.885700  0.299368  0.354844     4.250324
-0.014628 -0.745950  0.665841   -14.792904
>structures/AlaRS_AF_Euk_Homo_sapiens_gene16.pdb
-0.867856 -0.234445  0.438021   -14.650257
 0.022538  0.862169  0.506119    -0.435828
-0.496305  0.449110 -0.742955   -22.666257
>structures/AlaRS_AF_Euk_Marasmius_oreades_gene66078979.pdb
 0.380377 -0.902811 -0.200611   -14.883959
-0.919930 -0.347050 -0.182441     1.673031
 0.095087  0.253945 -0.962533   -18.078787
>structures/AlaRS_AF_Euk_Plasmodium_berghei_ANKA_gene55150801.pdb
 0.490270  0.697211 -0.523003   -14.125371
-0.325259 -0.410358 -0.851946    -2.038852
-0.808605  0.587795  0.025587   -23.025737
>structures/AlaRS_AF_Euk_Saccharomyces_cerevisiae_S288C_gene854513.pdb
-0.174830 -0.974796 -0.138587   -10.045442
-0.954063  0.202504 -0.220809     3.445493
 0.243308  0.093617 -0.965421   -17.411485
>structures/AlaRS_AF_Mito_Drosophila_melanogaster_gene38595.pdb
 0.099159 -0.538997 -0.836451    -8.900337
-0.901898  0.306465 -0.304400    -2.218350
 0.420413  0.784577 -0.455732   -17.757993
>structures/AlaRS_AF_Mito_Homo_sapiens_gene57505.pdb
 1.000000 -0.000000  0.000000     0.000000
 0.000000  1.000000  0.000000     0.000000
-0.000000  0.000000  1.000000     0.000000
>structures/AlaRS_PDB_Bact_E_coli_3HXV.pdb
-0.278260  0.891929 -0.356419   -28.049257
 0.861441  0.395873  0.318126   -28.979921
 0.424843 -0.218512 -0.878499   -13.567264
