>../../../../class2/phe5//data/domains/Catalytic_domain/structures/PheRS-M_AF_Mito_Arabidopsis_thaliana_gene824983.pdb
-0.664167 -0.429311  0.612024    -0.823710
 0.494948 -0.866066 -0.070396    14.450787
 0.560276  0.256166  0.787699    -1.166817
>../../../../class2/phe5//data/domains/Catalytic_domain/structures/PheRS-M_AF_Mito_Babesia_bovis_T2Bo_gene5478469.pdb
-0.659066 -0.740196  0.133203     1.979906
-0.748469  0.628180 -0.212564     8.155014
 0.073664 -0.239792 -0.968026    -0.434179
>../../../../class2/phe5//data/domains/Catalytic_domain/structures/PheRS-M_AF_Mito_Candida_albicans_SC5314_gene3638806.pdb
 0.200611 -0.936551 -0.287449     4.257139
 0.956850  0.250276 -0.147648    11.362908
 0.210221 -0.245426  0.946347    -1.696003
>../../../../class2/phe5//data/domains/Catalytic_domain/structures/PheRS-M_AF_Mito_Crassostrea_gigas_gene105329377.pdb
 0.546614 -0.216760 -0.808844     3.059043
-0.733128 -0.590630 -0.337164     6.311754
-0.404644  0.777285 -0.481759   -10.333697
>../../../../class2/phe5//data/domains/Catalytic_domain/structures/PheRS-M_AF_Mito_Drosophila_melanogaster_gene36547.pdb
 0.979924 -0.092455 -0.176639     2.524455
 0.191467  0.683404  0.704485    10.065177
 0.055583 -0.724162  0.687386     2.266428
>../../../../class2/phe5//data/domains/Catalytic_domain/structures/PheRS-M_AF_Mito_Syngnathus_acus_gene119139175.pdb
 0.921928  0.215640 -0.321790     2.492104
 0.383630 -0.623315  0.681400     9.230027
-0.053640 -0.751650 -0.657378    -5.453127
>../../../../class2/phe5//data/domains/Catalytic_domain/structures/PheRS-M_PDB_Mito.H_sapiens_3CMQ.pdb
 0.183228 -0.943245  0.276978    20.571721
 0.464028  0.331369  0.821506   -11.206830
-0.866663 -0.021998  0.498408   -10.363689
>../../../../class2/pro1//data/domains/Catalytic_domain/structures/ProRS-A_AF_Arch_Candidatus_Nitrosopumilus_sediminis_gene13697692.pdb
-0.216030 -0.819771  0.530383    -0.943148
-0.828586 -0.133434 -0.543729     0.306459
 0.516505 -0.556929 -0.650425     0.683078
>../../../../class2/pro1//data/domains/Catalytic_domain/structures/ProRS-A_AF_Arch_Halogeometricum_borinquense_DSM_11551_gene9994169.pdb
 0.965720  0.252968  0.058250    -0.983303
-0.219665  0.915928 -0.335893     0.495231
-0.138323  0.311583  0.940097     1.477870
>../../../../class2/pro1//data/domains/Catalytic_domain/structures/ProRS-A_AF_Arch_Picrophilus_torridus_DSM_9790_gene2845069.pdb
 0.785038  0.617794  0.045228     0.553876
-0.451851  0.621057 -0.640405     1.983961
-0.423728  0.482307  0.766704     1.246749
>../../../../class2/pro1//data/domains/Catalytic_domain/structures/ProRS-A_AF_Arch_Sulfurisphaera_tokodaii_str_7_gene1459472.pdb
 0.033005 -0.363356  0.931066    -0.386468
-0.427017 -0.847393 -0.315565     0.690041
 0.903641 -0.387165 -0.183127     0.796874
>../../../../class2/pro1//data/domains/Catalytic_domain/structures/ProRS-A_AF_Bact_Bacillus_anthracis_str_Ames_Ancestor_gene45020455.pdb
 0.170240 -0.202491 -0.964373    -0.355274
 0.825398 -0.505285  0.251802     1.065995
-0.538272 -0.838859  0.081116     1.288869
>../../../../class2/pro1//data/domains/Catalytic_domain/structures/ProRS-A_AF_Bact_Mycoplasma_hyopneumoniae_168-L_gene57101275.pdb
 0.958234 -0.255487 -0.128507    -0.603253
 0.277987  0.937633  0.208730    -0.596944
 0.067164 -0.235735  0.969494    -0.554293
>../../../../class2/pro1//data/domains/Catalytic_domain/structures/ProRS-A_AF_Bact_Porphyromonas_gingivalis_ATCC_33277_gene29256199.pdb
 0.932212  0.353077  0.079482    -0.469174
-0.307869  0.889099 -0.338703     1.181873
-0.190255  0.291273  0.937530    -0.102289
>../../../../class2/pro1//data/domains/Catalytic_domain/structures/ProRS-A_AF_Bact_Thermus_thermophilus_HB8_gene3169620.pdb
 1.000000  0.000000  0.000000     0.000000
 0.000000  1.000000  0.000000     0.000000
 0.000000  0.000000  1.000000     0.000000
>../../../../class2/pro1//data/domains/Catalytic_domain/structures/ProRS-A_AF_Euk_Cryptococcus_gattii_WM276_gene10188341.pdb
 0.988540 -0.016992 -0.149999    -0.243828
-0.011930  0.981743 -0.189839    -2.662596
 0.150486  0.189453  0.970289     1.203789
>../../../../class2/pro1//data/domains/Catalytic_domain/structures/ProRS-A_AF_Euk_Ostreococcus_tauri_gene9837972.pdb
 0.928493 -0.354323 -0.111153     4.587056
 0.366362  0.922915  0.118346    -1.400682
 0.060653 -0.150606  0.986732     4.608569
>../../../../class2/pro1//data/domains/Catalytic_domain/structures/ProRS-A_AF_Euk_Plasmodium_yoelii_gene3807174.pdb
 0.067363 -0.474732 -0.877549    -3.073933
 0.669242 -0.630834  0.392637     2.549660
-0.739985 -0.613741  0.275215     1.972118
>../../../../class2/pro1//data/domains/Catalytic_domain/structures/ProRS-A_AF_Euk_Scheffersomyces_stipitis_CBS_6054_gene4840393.pdb
 0.922359  0.378277 -0.078491     0.675126
-0.349132  0.729166 -0.588578    -3.851728
-0.165413  0.570284  0.804621    -1.348655
>../../../../class2/pro1//data/domains/Catalytic_domain/structures/ProRS-A_AF_Mito_Oryza_sativa_Japonica_Group_gene4342480.pdb
 0.990699 -0.126750 -0.049498     4.202823
 0.120655  0.986455 -0.111129    -2.742018
 0.062913  0.104124  0.992573     3.583770
>../../../../class2/pro1//data/domains/Catalytic_domain/structures/ProRS-A_PDB_Arch_M_janacshii_1nj8.pdb
 0.446691  0.883643  0.140153   -90.572208
 0.835338 -0.355805 -0.419063   -45.798003
-0.320435  0.304266 -0.897075    54.799870
