>../../../../class2/ala//data/domains/Catalytic_domain/structures/AlaRS_AF_Arch_Candidatus_Korarchaeum_cryptofilum_OPF8_gene6094822.pdb
 0.014208  0.616344 -0.787349     2.033833
 0.992439  0.087314  0.086259     7.358311
 0.121912 -0.782622 -0.610443    -3.716722
>../../../../class2/ala//data/domains/Catalytic_domain/structures/AlaRS_AF_Arch_Candidatus_Nitrosopumilus_koreensis_AR1_gene13725795.pdb
 0.253504 -0.931162  0.262055     6.997020
-0.242562 -0.323439 -0.914632     3.127766
 0.936429  0.168299 -0.307857    -3.635931
>../../../../class2/ala//data/domains/Catalytic_domain/structures/AlaRS_AF_Arch_Sulfolobus_islandicus_YG5714_gene7807284.pdb
 0.248586  0.198594 -0.948032     3.114027
 0.518811 -0.853816 -0.042819     7.310350
-0.817949 -0.481205 -0.315280    -7.423953
>../../../../class2/ala//data/domains/Catalytic_domain/structures/AlaRS_AF_Arch_Thermoplasma_acidophilum_DSM_1728_gene1456391.pdb
 0.249964 -0.931039  0.265864     5.735520
-0.204828 -0.319212 -0.925283     4.960818
 0.946342  0.176832 -0.270494    -3.548116
>../../../../class2/ala//data/domains/Catalytic_domain/structures/AlaRS_AF_Bact_Brucella_melitensis_bv_1_str_16M_gene29593597.pdb
 0.688591 -0.437613  0.578219     8.264464
-0.046857 -0.822564 -0.566739     1.393086
 0.723635  0.363158 -0.586915     4.602047
>../../../../class2/ala//data/domains/Catalytic_domain/structures/AlaRS_AF_Bact_Chlamydia_psittaci_6BC_gene12242512.pdb
 0.980842  0.188063  0.050809     4.377366
-0.184725  0.980709 -0.063930     2.226725
-0.061852  0.053319  0.996660     0.151881
>../../../../class2/ala//data/domains/Catalytic_domain/structures/AlaRS_AF_Bact_Lactobacillus_acidophilus_La-14_gene56942022.pdb
 0.442296  0.691637 -0.570975    -0.201904
-0.584242 -0.260830 -0.768524    -4.142431
-0.680467  0.673502  0.288720    -3.964104
>../../../../class2/ala//data/domains/Catalytic_domain/structures/AlaRS_AF_Bact_Nocardia_farcinica_IFM_10152_gene61134339.pdb
 0.723390  0.685942 -0.078680     2.907761
-0.560206  0.516508 -0.647602     0.932383
-0.403579  0.512546  0.757905     0.098390
>../../../../class2/ala//data/domains/Catalytic_domain/structures/AlaRS_AF_Bact_Porphyromonas_gingivalis_ATCC_33277_gene29256567.pdb
 0.945074  0.323844  0.044286     3.804478
-0.306083  0.924378 -0.227679     2.180669
-0.114669  0.201619  0.972729    -1.793039
>../../../../class2/ala//data/domains/Catalytic_domain/structures/AlaRS_AF_Bact_Prochlorococcus_marinus_subsp_marinus_str_CCMP1375_gene54199407.pdb
-0.440030 -0.602442  0.665911     1.482471
-0.862815  0.489146 -0.127617     1.852894
-0.248846 -0.630713 -0.735035     1.051469
>../../../../class2/ala//data/domains/Catalytic_domain/structures/AlaRS_AF_Bact_Streptobacillus_moniliformis_DSM_12112_gene29672963.pdb
 1.000000  0.000000  0.000000     0.000000
 0.000000  1.000000  0.000000     0.000000
 0.000000  0.000000  1.000000     0.000000
>../../../../class2/ala//data/domains/Catalytic_domain/structures/AlaRS_AF_Bact_Treponema_pallidum_subsp_pertenue_str_SamoaD_gene57879528.pdb
 0.142369 -0.455343 -0.878859     7.963193
 0.859806 -0.382993  0.337713    -0.480382
-0.490372 -0.803728  0.336980   -12.984942
>../../../../class2/ala//data/domains/Catalytic_domain/structures/AlaRS_AF_Euk_Cyanidioschyzon_merolae_strain_10D_gene16993235.pdb
 0.267575 -0.225290 -0.936829    -3.314367
 0.588972 -0.731250  0.344073     6.199902
-0.762572 -0.643831 -0.062975    -2.989511
>../../../../class2/ala//data/domains/Catalytic_domain/structures/AlaRS_AF_Euk_Marasmius_oreades_gene66078979.pdb
 0.436330 -0.853168  0.285867    -0.508732
-0.148263 -0.381535 -0.912387     3.212597
 0.887487  0.355718 -0.292969    -2.197129
>../../../../class2/ala//data/domains/Catalytic_domain/structures/AlaRS_AF_Euk_Plasmodium_berghei_ANKA_gene55150801.pdb
 0.850210  0.411058 -0.328900     3.084210
-0.524595  0.609201 -0.594705    -1.913444
-0.044092  0.678163  0.733588    -0.976318
>../../../../class2/ala//data/domains/Catalytic_domain/structures/AlaRS_AF_Euk_Saccharomyces_cerevisiae_S288C_gene854513.pdb
-0.111054 -0.929198  0.352503     3.150067
-0.307063 -0.305260 -0.901404     6.733615
 0.945188 -0.208345 -0.251422    -3.017864
>../../../../class2/ala//data/domains/Catalytic_domain/structures/AlaRS_PDB_Bact_E_coli_3HXV.pdb
-0.571715  0.820215  0.019753    -9.099083
 0.574137  0.417158 -0.704518   -12.540434
-0.586096 -0.391443 -0.709411    26.381913
>../../../../class2/gly1//data/domains/Catalytic_domain/structures/GlyRS-A_AF_Arch_Candidatus_Nitrosopumilus_sediminis_gene13697160.pdb
 0.416266 -0.776210  0.473520    20.748787
 0.742648 -0.010220 -0.669604    -4.038984
 0.524592  0.630392  0.572196   -22.639330
>../../../../class2/gly1//data/domains/Catalytic_domain/structures/GlyRS-A_AF_Arch_Candidatus_Woesearchaeota_archaeon_proteinMBT4248212.1.pdb
-0.346244  0.936609  0.053647    19.315556
 0.704134  0.297239 -0.644859    -5.439636
-0.619927 -0.185504 -0.762416   -21.783888
>../../../../class2/gly1//data/domains/Catalytic_domain/structures/GlyRS-A_AF_Arch_Sulfolobus_islandicus_YN1551_gene7810979.pdb
 0.758345 -0.020789  0.651522    22.909083
-0.645509  0.115160  0.755020    -3.880189
-0.090726 -0.993129  0.073912   -21.946765
>../../../../class2/gly1//data/domains/Catalytic_domain/structures/GlyRS-A_AF_Arch_Thermoplasma_acidophilum_DSM_1728_gene1455843.pdb
 0.244537 -0.916679  0.316071    20.938666
 0.672050 -0.074743 -0.736724    -4.081992
 0.698964  0.392572  0.597777   -22.753433
>../../../../class2/gly1//data/domains/Catalytic_domain/structures/GlyRS-A_AF_Bact_Capnocytophaga_ochracea_DSM_7271_gene29675716.pdb
 0.783518  0.391276  0.482703    20.491898
-0.509059 -0.041259  0.859742    -5.383001
 0.356312 -0.919348  0.166855   -23.373218
>../../../../class2/gly1//data/domains/Catalytic_domain/structures/GlyRS-A_AF_Bact_Corynebacterium_ulcerans_809_gene75260805.pdb
-0.926336 -0.263407 -0.269293    23.047969
 0.275657  0.013226 -0.961165    -6.359462
 0.256740 -0.964594  0.060358   -19.444691
>../../../../class2/gly1//data/domains/Catalytic_domain/structures/GlyRS-A_AF_Bact_Treponema_denticola_ATCC_35405_gene2741635.pdb
 0.383961 -0.864894 -0.323314    20.857972
-0.414576 -0.474356  0.776603    -7.356217
-0.825046 -0.164147 -0.540699   -20.483256
>../../../../class2/gly1//data/domains/Catalytic_domain/structures/GlyRS-A_PDB_Bact_T_thermophilus_1ati.pdb
-0.746301  0.610843 -0.264398    27.174610
-0.631089 -0.775637 -0.010629    39.505866
-0.211570  0.158926  0.964355   -53.987180
