>structures/LeuRS-A_AF_Arch_Aciduliprofundum_boonei_T469_gene8828435.pdb
-0.852960  0.409833  0.323258    -6.622993
 0.496598  0.446391  0.744396    -2.294197
 0.160779  0.795470 -0.584276    -0.756214
>structures/LeuRS-A_AF_Arch_Candidatus_Korarchaeum_cryptofilum_OPF8_gene6093520.pdb
 0.212107  0.024602 -0.976937    -3.460451
 0.695989 -0.705563  0.133342    -0.693074
-0.686010 -0.708220 -0.166778    -7.560580
>structures/LeuRS-A_AF_Arch_Candidatus_Nitrosopumilus_koreensis_AR1_gene13725794.pdb
-0.084147 -0.669024  0.738462    -2.036278
-0.887936 -0.285974 -0.360263     0.321163
 0.452205 -0.686021 -0.569987     1.801228
>structures/LeuRS-A_AF_Arch_Methanobrevibacter_smithii_ATCC_35061_gene5216355.pdb
-0.041228 -0.759013  0.649768     2.968597
-0.941854 -0.187532 -0.278822    -2.219086
 0.333482 -0.623482 -0.707149     2.269897
>structures/LeuRS-A_AF_Euk_Arabidopsis_thaliana_gene837489.pdb
 1.000000 -0.000000  0.000000     0.000000
 0.000000  1.000000  0.000000     0.000000
-0.000000  0.000000  1.000000     0.000000
>structures/LeuRS-A_AF_Euk_Drosophila_melanogaster_gene326262.pdb
-0.186289 -0.937726  0.293199    -0.026630
-0.914502  0.056410 -0.400630     1.570806
 0.359143 -0.342764 -0.868061     1.591658
>structures/LeuRS-A_AF_Euk_Homo_sapiens_gene51520.pdb
-0.718841  0.667678  0.193584    -2.349250
 0.361859  0.121609  0.924267     4.132418
 0.593571  0.734451 -0.329022     1.909445
>structures/LeuRS-A_AF_Euk_Leishmania_major_strain_Friedlin_gene5650139.pdb
-0.264531 -0.759494  0.594300    -7.859966
-0.733665 -0.241473 -0.635158     7.843897
 0.625906 -0.604036 -0.493337     7.330663
>structures/LeuRS-A_AF_Euk_Neurospora_crassa_OR74A_gene3879366.pdb
-0.283279 -0.867351  0.409214    -0.496962
-0.916510  0.119180 -0.381846     0.677227
 0.282424 -0.483217 -0.828696     0.689373
>structures/LeuRS-A_AF_Euk_Saccharomyces_cerevisiae_S288C_gene855943.pdb
-0.137210 -0.905898  0.400653     1.921228
-0.888505 -0.066242 -0.454060     0.707068
 0.437872 -0.418284 -0.795806     4.060232
