>structures/LeuRS-A_AF_Arch_Aciduliprofundum_boonei_T469_gene8828435.pdb
-0.854227  0.408271  0.321885    -6.517512
 0.498793  0.468964  0.728888    -1.729467
 0.146632  0.783190 -0.604245     0.797502
>structures/LeuRS-A_AF_Arch_Candidatus_Korarchaeum_cryptofilum_OPF8_gene6093520.pdb
 0.208429  0.030651 -0.977557    -3.142624
 0.711173 -0.690898  0.129969    -1.054654
-0.671409 -0.722302 -0.165801    -7.945975
>structures/LeuRS-A_AF_Arch_Candidatus_Nitrosopumilus_koreensis_AR1_gene13725794.pdb
-0.043845 -0.675715  0.735858    -0.205451
-0.886174 -0.313781 -0.340936    -0.352876
 0.461274 -0.667047 -0.585043     3.162785
>structures/LeuRS-A_AF_Arch_Methanobrevibacter_smithii_ATCC_35061_gene5216355.pdb
-0.067643 -0.762913  0.642953     1.793075
-0.948222 -0.151281 -0.279266    -2.284796
 0.310322 -0.628552 -0.713178     1.411616
>structures/LeuRS-A_AF_Euk_Arabidopsis_thaliana_gene837489.pdb
 0.999394  0.032121 -0.013433    -1.411647
-0.031996  0.999444  0.009363     0.717952
 0.013727 -0.008927  0.999866    -0.416567
>structures/LeuRS-A_AF_Euk_Drosophila_melanogaster_gene326262.pdb
-0.200968 -0.928198  0.313145    -0.727875
-0.912264  0.060865 -0.405055     1.595491
 0.356911 -0.367074 -0.858994     0.606449
>structures/LeuRS-A_AF_Euk_Homo_sapiens_gene51520.pdb
-0.702198  0.683742  0.198533    -2.622982
 0.369189  0.111245  0.922672     4.326829
 0.608784  0.721194 -0.330546     1.743847
>structures/LeuRS-A_AF_Euk_Leishmania_major_strain_Friedlin_gene5650139.pdb
-0.284134 -0.756515  0.589027    -8.700968
-0.740834 -0.216756 -0.635753     7.794631
 0.608632 -0.617010 -0.498865     5.838311
>structures/LeuRS-A_AF_Euk_Neurospora_crassa_OR74A_gene3879366.pdb
-0.299477 -0.861089  0.410901    -1.276424
-0.908617  0.126005 -0.398169     1.572107
 0.291083 -0.492594 -0.820135     0.675920
