>structures/LeuRS-A_AF_Arch_Aciduliprofundum_boonei_T469_gene8828435.pdb
-0.902515  0.254423  0.347472    -5.531369
 0.428929  0.458778  0.778167    -4.141991
 0.038571  0.851347 -0.523183    -3.820123
>structures/LeuRS-A_AF_Arch_Candidatus_Korarchaeum_cryptofilum_OPF8_gene6093520.pdb
 0.242772  0.119270 -0.962724    -1.904316
 0.726752 -0.679719  0.099057    -1.299737
-0.642567 -0.723710 -0.251697    -9.434959
>structures/LeuRS-A_AF_Arch_Candidatus_Nitrosopumilus_koreensis_AR1_gene13725794.pdb
-0.036204 -0.615509  0.787298     0.769452
-0.898082 -0.325515 -0.295785    -1.024890
 0.438335 -0.717767 -0.540993     1.980349
>structures/LeuRS-A_AF_Arch_Methanobrevibacter_smithii_ATCC_35061_gene5216355.pdb
-0.012861 -0.634443  0.772862     3.843957
-0.966585 -0.190014 -0.172068    -4.828315
 0.256022 -0.749251 -0.610800    -2.678601
>structures/LeuRS-A_AF_Euk_Arabidopsis_thaliana_gene837489.pdb
 0.999663 -0.011490 -0.023274    -0.138380
 0.011426  0.999931 -0.002854    -0.310610
 0.023305  0.002587  0.999725    -1.108941
>structures/LeuRS-A_AF_Euk_Drosophila_melanogaster_gene326262.pdb
-0.243655 -0.922289  0.300025    -2.509915
-0.904274  0.104205 -0.414042     2.796048
 0.350602 -0.372188 -0.859392    -0.066796
>structures/LeuRS-A_AF_Euk_Leishmania_major_strain_Friedlin_gene5650139.pdb
-0.239092 -0.725710  0.645120    -6.832657
-0.744742 -0.289257 -0.601406     5.697519
 0.623052 -0.624240 -0.471308     5.807473
>structures/LeuRS-A_AF_Euk_Neurospora_crassa_OR74A_gene3879366.pdb
-0.324241 -0.830433  0.453045    -2.685351
-0.906851  0.136559 -0.398713     1.946369
 0.269237 -0.540123 -0.797357    -1.087958
