>../../../../class2/ala//data/domains/Catalytic_domain/structures/AlaRS_AF_Arch_Candidatus_Korarchaeum_cryptofilum_OPF8_gene6094822.pdb
 0.014208  0.616344 -0.787349     2.033833
 0.992439  0.087314  0.086259     7.358311
 0.121912 -0.782622 -0.610443    -3.716722
>../../../../class2/ala//data/domains/Catalytic_domain/structures/AlaRS_AF_Arch_Candidatus_Nitrosopumilus_koreensis_AR1_gene13725795.pdb
 0.253504 -0.931162  0.262055     6.997020
-0.242562 -0.323439 -0.914632     3.127766
 0.936429  0.168299 -0.307857    -3.635931
>../../../../class2/ala//data/domains/Catalytic_domain/structures/AlaRS_AF_Arch_Sulfolobus_islandicus_YG5714_gene7807284.pdb
 0.248586  0.198594 -0.948032     3.114027
 0.518811 -0.853816 -0.042819     7.310350
-0.817949 -0.481205 -0.315280    -7.423953
>../../../../class2/ala//data/domains/Catalytic_domain/structures/AlaRS_AF_Arch_Thermoplasma_acidophilum_DSM_1728_gene1456391.pdb
 0.249964 -0.931039  0.265864     5.735520
-0.204828 -0.319212 -0.925283     4.960818
 0.946342  0.176832 -0.270494    -3.548116
>../../../../class2/ala//data/domains/Catalytic_domain/structures/AlaRS_AF_Bact_Brucella_melitensis_bv_1_str_16M_gene29593597.pdb
 0.688591 -0.437613  0.578219     8.264464
-0.046857 -0.822564 -0.566739     1.393086
 0.723635  0.363158 -0.586915     4.602047
>../../../../class2/ala//data/domains/Catalytic_domain/structures/AlaRS_AF_Bact_Chlamydia_psittaci_6BC_gene12242512.pdb
 0.980842  0.188063  0.050809     4.377366
-0.184725  0.980709 -0.063930     2.226725
-0.061852  0.053319  0.996660     0.151881
>../../../../class2/ala//data/domains/Catalytic_domain/structures/AlaRS_AF_Bact_Lactobacillus_acidophilus_La-14_gene56942022.pdb
 0.442296  0.691637 -0.570975    -0.201904
-0.584242 -0.260830 -0.768524    -4.142431
-0.680467  0.673502  0.288720    -3.964104
>../../../../class2/ala//data/domains/Catalytic_domain/structures/AlaRS_AF_Bact_Nocardia_farcinica_IFM_10152_gene61134339.pdb
 0.723390  0.685942 -0.078680     2.907761
-0.560206  0.516508 -0.647602     0.932383
-0.403579  0.512546  0.757905     0.098390
>../../../../class2/ala//data/domains/Catalytic_domain/structures/AlaRS_AF_Bact_Porphyromonas_gingivalis_ATCC_33277_gene29256567.pdb
 0.945074  0.323844  0.044286     3.804478
-0.306083  0.924378 -0.227679     2.180669
-0.114669  0.201619  0.972729    -1.793039
>../../../../class2/ala//data/domains/Catalytic_domain/structures/AlaRS_AF_Bact_Prochlorococcus_marinus_subsp_marinus_str_CCMP1375_gene54199407.pdb
-0.440030 -0.602442  0.665911     1.482471
-0.862815  0.489146 -0.127617     1.852894
-0.248846 -0.630713 -0.735035     1.051469
>../../../../class2/ala//data/domains/Catalytic_domain/structures/AlaRS_AF_Bact_Streptobacillus_moniliformis_DSM_12112_gene29672963.pdb
 1.000000  0.000000  0.000000     0.000000
 0.000000  1.000000  0.000000     0.000000
 0.000000  0.000000  1.000000     0.000000
>../../../../class2/ala//data/domains/Catalytic_domain/structures/AlaRS_AF_Bact_Treponema_pallidum_subsp_pertenue_str_SamoaD_gene57879528.pdb
 0.142369 -0.455343 -0.878859     7.963193
 0.859806 -0.382993  0.337713    -0.480382
-0.490372 -0.803728  0.336980   -12.984942
>../../../../class2/ala//data/domains/Catalytic_domain/structures/AlaRS_AF_Euk_Cyanidioschyzon_merolae_strain_10D_gene16993235.pdb
 0.267575 -0.225290 -0.936829    -3.314367
 0.588972 -0.731250  0.344073     6.199902
-0.762572 -0.643831 -0.062975    -2.989511
>../../../../class2/ala//data/domains/Catalytic_domain/structures/AlaRS_AF_Euk_Marasmius_oreades_gene66078979.pdb
 0.436330 -0.853168  0.285867    -0.508732
-0.148263 -0.381535 -0.912387     3.212597
 0.887487  0.355718 -0.292969    -2.197129
>../../../../class2/ala//data/domains/Catalytic_domain/structures/AlaRS_AF_Euk_Plasmodium_berghei_ANKA_gene55150801.pdb
 0.850210  0.411058 -0.328900     3.084210
-0.524595  0.609201 -0.594705    -1.913444
-0.044092  0.678163  0.733588    -0.976318
>../../../../class2/ala//data/domains/Catalytic_domain/structures/AlaRS_AF_Euk_Saccharomyces_cerevisiae_S288C_gene854513.pdb
-0.111054 -0.929198  0.352503     3.150067
-0.307063 -0.305260 -0.901404     6.733615
 0.945188 -0.208345 -0.251422    -3.017864
>../../../../class2/ala//data/domains/Catalytic_domain/structures/AlaRS_PDB_Bact_E_coli_3HXV.pdb
-0.571715  0.820215  0.019753    -9.099083
 0.574137  0.417158 -0.704518   -12.540434
-0.586096 -0.391443 -0.709411    26.381913
>../../../../class2/pro1//data/domains/Catalytic_domain/structures/ProRS-A_AF_Arch_Candidatus_Nitrosopumilus_sediminis_gene13697692.pdb
 0.609173 -0.775651  0.165145    20.849881
-0.524101 -0.237478  0.817877    -5.250056
-0.595169 -0.584781 -0.551185   -25.796315
>../../../../class2/pro1//data/domains/Catalytic_domain/structures/ProRS-A_AF_Arch_Halogeometricum_borinquense_DSM_11551_gene9994169.pdb
 0.603040 -0.100102  0.791405    21.025164
 0.794966 -0.006818 -0.606616    -5.800828
 0.066119  0.994954  0.075466   -25.444109
>../../../../class2/pro1//data/domains/Catalytic_domain/structures/ProRS-A_AF_Arch_Picrophilus_torridus_DSM_9790_gene2845069.pdb
 0.408270  0.367544  0.835600    21.262845
 0.860034  0.152005 -0.487069    -4.338352
-0.306034  0.917500 -0.254041   -23.642098
>../../../../class2/pro1//data/domains/Catalytic_domain/structures/ProRS-A_AF_Arch_Sulfurisphaera_tokodaii_str_7_gene1459472.pdb
 0.809955 -0.048459  0.584487    21.079796
-0.585666 -0.013958  0.810432    -4.741749
-0.031115 -0.998728 -0.039686   -25.262754
>../../../../class2/pro1//data/domains/Catalytic_domain/structures/ProRS-A_AF_Bact_Bacillus_anthracis_str_Ames_Ancestor_gene45020455.pdb
-0.654247 -0.398482 -0.642785    21.151663
 0.503454  0.404757 -0.763352    -5.097911
 0.564354 -0.823033 -0.064194   -24.823576
>../../../../class2/pro1//data/domains/Catalytic_domain/structures/ProRS-A_AF_Bact_Mycoplasma_hyopneumoniae_168-L_gene57101275.pdb
 0.469354 -0.774815  0.423519    20.640453
 0.662235 -0.008387 -0.749250    -3.984865
 0.584082  0.632132  0.509173   -26.966730
>../../../../class2/pro1//data/domains/Catalytic_domain/structures/ProRS-A_AF_Bact_Porphyromonas_gingivalis_ATCC_33277_gene29256199.pdb
 0.587438 -0.054007  0.807465    20.109941
 0.808795  0.073335 -0.583501    -4.241392
-0.027703  0.995844  0.086761   -25.245174
>../../../../class2/pro1//data/domains/Catalytic_domain/structures/ProRS-A_AF_Bact_Thermus_thermophilus_HB8_gene3169620.pdb
 0.596926 -0.496432  0.630266    21.065092
 0.733940  0.020586 -0.678902    -4.014569
 0.324054  0.867831  0.376640   -26.099064
>../../../../class2/pro1//data/domains/Catalytic_domain/structures/ProRS-A_AF_Euk_Cryptococcus_gattii_WM276_gene10188341.pdb
 0.680824 -0.369578  0.632369    22.949055
 0.635495 -0.131212 -0.760874    -5.094048
 0.364177  0.919889  0.145533   -28.135096
>../../../../class2/pro1//data/domains/Catalytic_domain/structures/ProRS-A_AF_Euk_Ostreococcus_tauri_gene9837972.pdb
 0.404723 -0.763820  0.502770    27.370937
 0.648733 -0.147662 -0.746553    -3.695586
 0.644472  0.628311  0.435753   -24.119744
>../../../../class2/pro1//data/domains/Catalytic_domain/structures/ProRS-A_AF_Euk_Plasmodium_yoelii_gene3807174.pdb
-0.764146 -0.365916 -0.531212    19.199764
 0.552265  0.054387 -0.831893    -7.691608
 0.333294 -0.929058  0.160523   -24.231215
>../../../../class2/pro1//data/domains/Catalytic_domain/structures/ProRS-A_AF_Euk_Scheffersomyces_stipitis_CBS_6054_gene4840393.pdb
 0.603652  0.235266  0.761744    22.460298
 0.794287 -0.095205 -0.600037    -2.688378
-0.068646  0.967257 -0.244339   -29.859677
>../../../../class2/pro1//data/domains/Catalytic_domain/structures/ProRS-A_AF_Mito_Oryza_sativa_Japonica_Group_gene4342480.pdb
 0.565663 -0.495336  0.659294    27.170096
 0.692925 -0.147942 -0.705669    -3.325739
 0.447080  0.856011  0.259545   -25.823840
>../../../../class2/pro1//data/domains/Catalytic_domain/structures/ProRS-A_PDB_Arch_M_janacshii_1nj8.pdb
-0.365444  0.887163 -0.281766    26.727232
 0.551011  0.450147  0.702676  -108.176809
 0.750225  0.101533 -0.653340   -75.096761
