>structures/MetRS_AF_Arch_Aciduliprofundum_boonei_T469_gene8827030.pdb
-0.036075  0.066680 -0.997122     4.549283
 0.258971 -0.963064 -0.073772    -1.946410
-0.965211 -0.260887  0.017474     0.832675
>structures/MetRS_AF_Arch_Candidatus_Korarchaeum_cryptofilum_OPF8_gene6093355.pdb
 0.989002 -0.145669 -0.025599     2.100760
 0.146248  0.988994  0.022411    -3.326966
 0.022053 -0.025908  0.999421    -0.871529
>structures/MetRS_AF_Arch_Candidatus_Nitrosopumilus_sediminis_gene13696902.pdb
-0.577549  0.631696  0.517104     2.941979
 0.652888 -0.022843  0.757110    -1.174191
 0.490076  0.774880 -0.399234     0.590184
>structures/MetRS_AF_Arch_Halalkalicoccus_jeotgali_B3_gene9420443.pdb
 0.021266  0.144375 -0.989295     4.219959
 0.160613 -0.977159 -0.139151     0.812936
-0.986788 -0.155934 -0.043968    -0.644306
>structures/MetRS_AF_Bact_Bacillus_anthracis_str_Ames_Ancestor_gene45024892.pdb
-0.498379 -0.710901  0.496224     1.829967
-0.425714 -0.297941 -0.854400     0.929572
 0.755239 -0.637064 -0.154153    -1.276890
>structures/MetRS_AF_Bact_Brucella_suis_1330_gene45052047.pdb
 0.998733  0.015958 -0.047721    -1.363838
-0.016016  0.999871 -0.000831     0.483735
 0.047702  0.001594  0.998860    -0.426569
>structures/MetRS_AF_Bact_Chlamydia_psittaci_6BC_gene12243105.pdb
 0.005098  0.415371 -0.909638    -1.631664
-0.551628 -0.757558 -0.349018     5.492984
-0.834075  0.503561  0.225268    -1.066215
>structures/MetRS_AF_Bact_Mycoplasma_hyopneumoniae_168-L_gene57101263.pdb
-0.089287  0.611990 -0.785809     0.918346
-0.279079 -0.772728 -0.570093     2.944937
-0.956108  0.168401  0.239788     0.571196
>structures/MetRS_AF_Bact_Nocardia_farcinica_IFM_10152_gene61135500.pdb
 0.810981  0.549670 -0.200432    -2.756983
-0.575115  0.686007 -0.445687     1.222938
-0.107483  0.476715  0.872462    -0.086608
>structures/MetRS_AF_Bact_Prochlorococcus_marinus_subsp_marinus_str_CCMP1375_gene54200313.pdb
-0.153934  0.412788  0.897725    -0.406026
 0.579303 -0.698317  0.420431     1.970594
 0.800445  0.584773 -0.131635     0.571888
>structures/MetRS_AF_Bact_Streptobacillus_moniliformis_DSM_12112_gene29673607.pdb
-0.780733 -0.525709 -0.337766     1.761426
-0.380817  0.828866 -0.409828     0.001624
 0.495413 -0.191339 -0.847323     2.728255
>structures/MetRS_AF_Bact_Treponema_denticola_ATCC_35405_gene2740824.pdb
-0.213905  0.780702  0.587153    -0.727853
 0.692988 -0.302355  0.654484    -0.841373
 0.688486  0.546887 -0.476342     0.072799
>structures/MetRS_AF_Euk_Drosophila_melanogaster_gene37177.pdb
-0.134856 -0.335577 -0.932310     0.184559
 0.233455 -0.925178  0.299241    10.022631
-0.962971 -0.177298  0.203108     1.463348
>structures/MetRS_AF_Euk_Oryza_sativa_Japonica_Group_gene4341140.pdb
 0.125875 -0.525913 -0.841173     5.492311
 0.637707 -0.606624  0.474697     6.562077
-0.759925 -0.596174  0.259019     1.782258
>structures/MetRS_AF_Euk_Scheffersomyces_stipitis_CBS_6054_gene4836672.pdb
-0.768558  0.491616  0.409429    -6.221628
 0.583762  0.276988  0.763217     1.488032
 0.261803  0.825585 -0.499868     6.233263
>structures/MetRS_AF_Euk_Trypanosoma_brucei_brucei_TREU927_gene3662741.pdb
-0.849353 -0.517796 -0.102404    -1.546786
-0.441056  0.802818 -0.401189     1.051939
 0.289946 -0.295585 -0.910253     2.588723
>structures/MetRS_AF_Mito_Arvicanthis_niloticus_gene117706247.pdb
-0.992520  0.108182 -0.056582     0.268135
 0.070749  0.887375  0.455588     1.529245
 0.099495  0.448177 -0.888391     2.926796
>structures/MetRS_AF_Mito_Brachypodium_distachyon_gene100843706.pdb
-0.182553  0.313679 -0.931815     2.131817
 0.094489 -0.937757 -0.334191     0.870885
-0.978645 -0.149054  0.141551     1.441430
>structures/MetRS_AF_Vir_Megavirus_chiliensis_gene11256705.pdb
-0.647714  0.649639  0.398039     3.934173
 0.614938  0.137334  0.776524    -0.566683
 0.449796  0.747736 -0.488441     0.129168
>structures/MetRS_PDB_Arch_P_abyssi_1RQG.pdb
-0.734107 -0.659298 -0.162523    48.514572
-0.452938  0.653759 -0.606173    47.203797
 0.505899 -0.371383 -0.778550    73.712197
>structures/MetRS_PDB_Bact_E_coli_1PFV.pdb
 0.708569  0.635216 -0.307295     1.427664
-0.688819  0.717167 -0.105826     2.686518
 0.153160  0.286656  0.945712   -33.079138
>structures/MetRS_PDB_Bact_T_therm_1WOY.pdb
 0.943825 -0.330039  0.016372   -10.630594
 0.131456  0.329549 -0.934942   126.297806
 0.303172  0.884574  0.354422   -26.327291
