>structures/GluGlnRS_AF_Bact_Campylobacter_lari_RM2100_gene7410051.pdb
 0.551180  0.466311  0.691921     0.407201
-0.115330  0.863875 -0.490325   -14.537774
-0.826377  0.190459  0.529930    48.358086
>structures/GluRS-B_AF_Bact_Chlamydia_psittaci_6BC_gene12242467.pdb
-0.161276 -0.052175  0.985529    19.802523
 0.141733  0.987026  0.075448   -28.350384
-0.976679  0.151849 -0.151789   101.602882
>structures/GluRS-B_AF_Bact_Escherichia_coli_O157.H7_str._Sakai_gene915601.pdb
-0.753744  0.165988 -0.635860     1.798544
 0.094015 -0.930387 -0.354318   -13.826929
-0.650408 -0.326846  0.685668    52.579171
>structures/GluRS-B_AF_Bact_[Eubacterium]_eligens_ATCC_27750_gene41357084.pdb
 0.479755 -0.869797  0.115276    -1.274548
-0.803918 -0.488398 -0.339388   -13.576922
 0.351499  0.070150 -0.933556    49.300897
>structures/GluRS-B_AF_Bact_Porphyromonas_gingivalis_ATCC_33277_gene29255772.pdb
 0.267181  0.757867  0.595191    -1.152524
-0.414718  0.647951 -0.638881   -14.585778
-0.869841 -0.076140  0.487421    48.045179
>structures/GluRS-B_AF_Bact_Treponema_pallidum_subsp_pertenue_str_SamoaD_gene57879197.pdb
 0.680093 -0.651255  0.336662    -2.690388
-0.595289 -0.758589 -0.264904   -14.394873
 0.427908 -0.020252 -0.903596    52.188485
>structures/GluRS-B_AF_Euk_Cryptococcus_neoformans_var_grubii_H99_gene23890400.pdb
 0.435481  0.482006  0.760281    -2.229968
-0.281295  0.875141 -0.393703   -17.225615
-0.855120 -0.042414  0.516693    50.766886
>structures/GluRS-B_AF_Mito_Drosophila_melanogaster_gene39828.pdb
-0.665303 -0.633115 -0.395648     0.572427
 0.687270 -0.726371  0.006656   -12.182358
-0.291602 -0.267489  0.918378    48.785664
>structures/GluRS-B_PDB_Bact_T_therm_1J09.pdb
 0.624265  0.377164  0.684135   -41.595196
-0.147869  0.916951 -0.370587   -33.231692
-0.767090  0.130183  0.628192    74.906328
>structures/GlxRS-B_AF_Bact_Bifidobacterium_animalis_subsp_lactis_BLC1_gene66532600.pdb
 0.568841 -0.423529  0.705013    -1.263125
-0.486120 -0.864590 -0.127167   -14.162756
 0.663406 -0.270383 -0.697700    51.347545
>structures/GlxRS-B_AF_Bact_Mycoplasma_hyopneumoniae_168-L_gene57101016.pdb
 0.547193 -0.825397  0.138927    -1.983340
-0.776630 -0.562575 -0.283470   -13.911224
 0.312132  0.047218 -0.948865    48.703812
>structures/GlxRS-B_AF_Bact_Paracoccus_denitrificans_PD1222_gene75500422.pdb
 0.452674 -0.889486  0.062457    -2.526456
-0.798264 -0.435467 -0.416105   -15.627190
 0.397318  0.138502 -0.907169    47.549233
>structures/GlxRS-B_AF_Bact_Prochlorococcus_marinus_subsp_marinus_str_CCMP1375_gene54199839.pdb
 0.638852 -0.551600  0.536289    -0.640407
 0.538312  0.818517  0.200624   -15.070599
-0.549626  0.160521  0.819844    47.911057
>structures/GlxRS-B_AF_Euk_Arabidopsis_thaliana_gene836526.pdb
-0.275770 -0.854797 -0.439629     0.899123
 0.839465 -0.436968  0.323043   -10.961676
-0.468240 -0.279968  0.838075    50.919920
>structures/GlxRS-B_AF_Euk_Ostreococcus_tauri_proteinOUS48355.1.pdb
-0.715900 -0.072918 -0.694385    -4.390479
 0.373361 -0.880373 -0.292481   -11.496085
-0.589990 -0.468644  0.657484    50.231032
>structures/GlxRS-B_AF_Euk_Plasmodium_knowlesi_strain_H_gene7321821.pdb
 0.734371 -0.526857  0.427926    -1.298490
-0.577969 -0.815959 -0.012736   -10.794946
 0.355880 -0.237975 -0.903724    52.465688
>structures/GlxRS-B_AF_Mito_Cyanidioschyzon_merolae_strain_10D_gene16997617.pdb
-0.665649 -0.096064 -0.740056    -2.416682
 0.353496 -0.913955 -0.199318   -14.442659
-0.657230 -0.394282  0.642331    50.649023
>structures/GlxRS-B_AF_Mito_Homo_sapiens_gene124454.pdb
-0.357815 -0.832271 -0.423429    -1.834295
 0.828280 -0.492263  0.267636   -10.411053
-0.431185 -0.254954  0.865493    48.598355
>structures/GlxRS-B_PDB_Bact_S_elong_2CFO.pdb
 1.000000 -0.000000  0.000000     0.000000
 0.000000  1.000000  0.000000     0.000000
-0.000000  0.000000  1.000000     0.000000
