>structures/GluGlnRS_AF_Bact_Campylobacter_lari_RM2100_gene7410051.pdb
 0.309785 -0.203807 -0.928707    47.849746
 0.026884  0.978244 -0.205710    11.591102
 0.950426  0.038759  0.308525     3.655785
>structures/GluRS-B_AF_Bact_Chlamydia_psittaci_6BC_gene12242467.pdb
 0.999719  0.021697  0.009511    -0.002566
-0.021783  0.999722  0.009013     0.530363
-0.009313 -0.009218  0.999914     0.209241
>structures/GluRS-B_AF_Bact_[Eubacterium]_eligens_ATCC_27750_gene41357084.pdb
-0.543123 -0.042315  0.838586    56.998821
-0.722933 -0.484410 -0.492661     6.895022
 0.427067 -0.873817  0.232503   -13.900046
>structures/GluRS-B_AF_Bact_Porphyromonas_gingivalis_ATCC_33277_gene29255772.pdb
 0.741764  0.098496 -0.663389    57.942370
-0.559591  0.636098 -0.531259     5.797410
 0.369654  0.765296  0.526953   -13.684134
>structures/GluRS-B_AF_Bact_Treponema_pallidum_subsp_pertenue_str_SamoaD_gene57879197.pdb
-0.609997 -0.031554  0.791775    54.325309
-0.507035 -0.752331 -0.420611     6.663607
 0.608949 -0.658029  0.442921   -15.533589
>structures/GluRS-B_AF_Euk_Cryptococcus_neoformans_var_grubii_H99_gene23890400.pdb
 0.739182  0.129205 -0.660997    54.718653
-0.369492  0.898345 -0.237597     4.432561
 0.563104  0.419860  0.711780   -15.221116
>structures/GluRS-B_AF_Mito_Drosophila_melanogaster_gene39828.pdb
 0.878028 -0.110773 -0.465613    51.170452
-0.184032 -0.976194 -0.114794     0.955178
-0.441813  0.186480 -0.877512     5.261101
>structures/GluRS-B_PDB_Bact_T_therm_1J09.pdb
 0.669654 -0.019463 -0.742418    32.674683
-0.253674  0.933539 -0.253286    -8.993298
 0.698006  0.357946  0.620211   -56.939909
>structures/GlxRS-B_AF_Bact_Bifidobacterium_animalis_subsp_lactis_BLC1_gene66532600.pdb
-0.806314  0.160745  0.569226    55.013768
-0.347120 -0.907812 -0.235340     6.596999
 0.478921 -0.387348  0.787779   -14.079875
>structures/GlxRS-B_AF_Bact_Mycoplasma_hyopneumoniae_168-L_gene57101016.pdb
-0.520444 -0.031516  0.853314    57.367015
-0.717882 -0.524962 -0.457231     6.213521
 0.462368 -0.850542  0.250589   -14.039587
>structures/GlxRS-B_AF_Bact_Paracoccus_denitrificans_PD1222_gene75500422.pdb
-0.552825 -0.109971  0.826009    58.251025
-0.714736 -0.447044 -0.537870     5.206316
 0.428412 -0.887726  0.168537   -15.312176
>structures/GlxRS-B_AF_Bact_Prochlorococcus_marinus_subsp_marinus_str_CCMP1375_gene54199839.pdb
 0.548226  0.052651 -0.834672    58.034549
 0.449643  0.822947  0.347244     5.356675
 0.705173 -0.565673  0.427487   -13.040670
>structures/GlxRS-B_AF_Euk_Arabidopsis_thaliana_gene836526.pdb
 0.626888  0.308831 -0.715286    55.587293
 0.752832 -0.476537  0.454045    10.008953
-0.200638 -0.823126 -0.531233   -11.617379
>structures/GlxRS-B_AF_Euk_Ostreococcus_tauri_proteinOUS48355.1.pdb
 0.723619  0.325261 -0.608754    56.780704
 0.261871 -0.945431 -0.193866     9.334765
-0.638591 -0.019130 -0.769308   -17.176741
>structures/GlxRS-B_AF_Euk_Plasmodium_knowlesi_strain_H_gene7321821.pdb
-0.464734  0.281164  0.839625    52.937713
-0.601130 -0.796418 -0.066032    14.984977
 0.650127 -0.535411  0.539139   -12.229359
>structures/GlxRS-B_AF_Mito_Cyanidioschyzon_merolae_strain_10D_gene16997617.pdb
 0.780552  0.242839 -0.575992    55.843469
 0.239839 -0.967276 -0.082790     6.333724
-0.577248 -0.073523 -0.813252   -15.132170
>structures/GlxRS-B_PDB_Bact_S_elong_2CFO.pdb
-0.124776  0.174034 -0.976802   107.302556
 0.009553  0.984661  0.174214    11.769730
 0.992139  0.012406 -0.124524    -6.115286
