>structures/GluGlnRS_AF_Bact_Campylobacter_lari_RM2100_gene7410051.pdb
 0.914828 -0.398050 -0.068155     0.269683
 0.403841  0.901226  0.157174     1.200529
-0.001140 -0.171311  0.985216     1.127781
>structures/GluRS-B_AF_Bact_Chlamydia_psittaci_6BC_gene12242467.pdb
 0.734392 -0.539651  0.411637   -33.725853
 0.045188  0.644015  0.763677     1.991611
-0.677219 -0.542237  0.497346    48.573730
>structures/GluRS-B_AF_Bact_[Eubacterium]_eligens_ATCC_27750_gene41357084.pdb
 0.167779 -0.093600  0.981371    -1.542380
-0.200093 -0.977995 -0.059070     0.701324
 0.965305 -0.186455 -0.182816    -0.186980
>structures/GluRS-B_AF_Bact_Porphyromonas_gingivalis_ATCC_33277_gene29255772.pdb
 0.999984  0.004246  0.003612     0.081525
-0.004179  0.999825 -0.018261     0.492087
-0.003689  0.018246  0.999827     0.240685
>structures/GluRS-B_AF_Bact_Treponema_pallidum_subsp_pertenue_str_SamoaD_gene57879197.pdb
 0.054009  0.173069  0.983428    -3.935769
 0.093297 -0.981432  0.167594    -0.860603
 0.994172  0.082699 -0.069153     0.887336
>structures/GluRS-B_AF_Euk_Cryptococcus_neoformans_var_grubii_H99_gene23890400.pdb
 0.965885 -0.242034 -0.092116    -1.914972
 0.258934  0.908587  0.327754    -2.488833
 0.004367 -0.340425  0.940262     2.050434
>structures/GluRS-B_AF_Mito_Drosophila_melanogaster_gene39828.pdb
 0.430090  0.545117 -0.719632     5.681372
-0.438967 -0.570275 -0.694330     5.449903
-0.788879  0.614519 -0.005981    11.518184
>structures/GluRS-B_PDB_Bact_T_therm_1J09.pdb
 0.894780 -0.408935 -0.179279   -26.239582
 0.442967  0.863453  0.241308   -44.774482
 0.056120 -0.295332  0.953745     1.898563
>structures/GlxRS-B_AF_Bact_Bifidobacterium_animalis_subsp_lactis_BLC1_gene66532600.pdb
-0.226583  0.490670  0.841370    -2.894205
 0.070029 -0.853394  0.516541     0.209957
 0.971471  0.175960  0.159004     1.200303
>structures/GlxRS-B_AF_Bact_Mycoplasma_hyopneumoniae_168-L_gene57101016.pdb
 0.192524 -0.021695  0.981052    -0.811028
-0.144224 -0.989524  0.006421     0.260618
 0.970636 -0.142728 -0.193636    -0.160645
>structures/GlxRS-B_AF_Bact_Paracoccus_denitrificans_PD1222_gene75500422.pdb
 0.110087 -0.149415  0.982627     0.456254
-0.192072 -0.973199 -0.126463    -1.212122
 0.975187 -0.174813 -0.135835    -0.328495
>structures/GlxRS-B_AF_Bact_Prochlorococcus_marinus_subsp_marinus_str_CCMP1375_gene54199839.pdb
 0.413988 -0.630947 -0.656140     0.575018
 0.883064  0.103422  0.457713     0.765315
-0.220933 -0.768901  0.599983     0.761097
>structures/GlxRS-B_AF_Euk_Arabidopsis_thaliana_gene836526.pdb
-0.018360  0.150968 -0.988368    -2.579345
 0.428330 -0.892041 -0.144211     4.166478
-0.903436 -0.425995 -0.048286     1.188789
>structures/GlxRS-B_AF_Euk_Ostreococcus_tauri_proteinOUS48355.1.pdb
 0.142932  0.742875 -0.653993    -3.617538
-0.218015 -0.620915 -0.752950    -0.263334
-0.965422  0.250201  0.073210    -2.453444
>structures/GlxRS-B_AF_Euk_Plasmodium_knowlesi_strain_H_gene7321821.pdb
 0.135076  0.346980  0.928094    -4.014233
 0.104546 -0.936441  0.334885     1.598146
 0.985304  0.051793 -0.162766     0.301400
>structures/GlxRS-B_AF_Mito_Cyanidioschyzon_merolae_strain_10D_gene16997617.pdb
 0.227334  0.684208 -0.692949    -1.949708
-0.200976 -0.663297 -0.720864    -0.983056
-0.952852  0.303143 -0.013280     0.526070
>structures/GlxRS-B_AF_Mito_Homo_sapiens_gene124454.pdb
-0.111697  0.194993 -0.974424    -3.082174
 0.318537 -0.921794 -0.220974     2.980600
-0.941307 -0.335072  0.040849    -2.972129
>structures/GlxRS-B_PDB_Bact_S_elong_2CFO.pdb
 0.257063 -0.427366 -0.866762    35.820940
 0.764329  0.638757 -0.088262    14.848583
 0.591371 -0.639803  0.490849   -32.368830
