>structures/GluGlnRS_AF_Bact_Campylobacter_lari_RM2100_gene7410051.pdb
 0.040983  0.537786 -0.842085    -4.898190
-0.180583 -0.824927 -0.535617     1.411520
-0.982706  0.174017  0.063307    -2.786093
>structures/GluRS-B_AF_Bact_Chlamydia_psittaci_6BC_gene12242467.pdb
 0.736506  0.604234 -0.304073   -48.919669
 0.278298 -0.680391 -0.677952   -19.365679
-0.616530  0.414693 -0.669269    27.173295
>structures/GluRS-B_AF_Bact_[Eubacterium]_eligens_ATCC_27750_gene41357084.pdb
-0.987717 -0.099253  0.120677    -2.290618
-0.055977  0.945841  0.319767     0.533560
-0.145879  0.309084 -0.939780    -0.075534
>structures/GluRS-B_AF_Bact_Porphyromonas_gingivalis_ATCC_33277_gene29255772.pdb
-0.065979  0.322308 -0.944333    -3.542837
 0.198994 -0.923134 -0.328976     2.130361
-0.977777 -0.209623 -0.003230    -1.838173
>structures/GluRS-B_AF_Bact_Treponema_pallidum_subsp_pertenue_str_SamoaD_gene57879197.pdb
-0.890782 -0.451110  0.054845    -4.679819
-0.447540  0.891799  0.066353     2.494951
-0.078843  0.034560 -0.996288     2.461219
>structures/GluRS-B_AF_Euk_Cryptococcus_neoformans_var_grubii_H99_gene23890400.pdb
-0.012276  0.609739 -0.792507    -6.369694
-0.029377 -0.792445 -0.609236     3.651963
-0.999493  0.015803  0.027640     0.297096
>structures/GluRS-B_AF_Mito_Drosophila_melanogaster_gene39828.pdb
 0.883174 -0.395021 -0.252907    -2.739215
 0.441826  0.881637  0.165849    -0.063129
 0.157458 -0.258215  0.953170    -1.141367
>structures/GluRS-B_AF_Mito_Homo_sapiens_gene124454.pdb
 1.000000  0.000000  0.000000     0.000000
 0.000000  1.000000  0.000000     0.000000
 0.000000  0.000000  1.000000     0.000000
>structures/GluRS-B_PDB_Bact_T_therm_1J09.pdb
-0.032872  0.592075 -0.805212   -16.470821
-0.240610 -0.786641 -0.568597    37.891974
-0.970065  0.175051  0.168318    33.501328
>structures/GlxRS-B_AF_Bact_Bifidobacterium_animalis_subsp_lactis_BLC1_gene66532600.pdb
-0.866038 -0.490750 -0.095614    -5.003241
-0.426798  0.825245 -0.369883     1.138416
 0.260425 -0.279525 -0.924145    -0.077866
>structures/GlxRS-B_AF_Bact_Mycoplasma_hyopneumoniae_168-L_gene57101016.pdb
-0.981794 -0.174005  0.076182    -4.077089
-0.144280  0.943995  0.296745     2.768761
-0.123550  0.280351 -0.951913    -2.097997
>structures/GlxRS-B_AF_Bact_Paracoccus_denitrificans_PD1222_gene75500422.pdb
-0.980045 -0.197398 -0.023377    -4.156683
-0.193303  0.919028  0.343541     4.582788
-0.046331  0.341205 -0.938847    -2.355573
>structures/GlxRS-B_AF_Bact_Prochlorococcus_marinus_subsp_marinus_str_CCMP1375_gene54199839.pdb
 0.467423  0.814284 -0.344175    -4.446563
-0.644053  0.046980 -0.763537     1.968655
-0.605567  0.578562  0.546402    -2.652527
>structures/GlxRS-B_AF_Euk_Arabidopsis_thaliana_gene836526.pdb
 0.991878  0.058992  0.112684    -3.508247
-0.057268  0.998188 -0.018480    -1.722920
-0.113570  0.011877  0.993459    -0.430863
>structures/GlxRS-B_AF_Euk_Ostreococcus_tauri_proteinOUS48355.1.pdb
 0.813084 -0.531346 -0.237834    -1.620316
 0.566361  0.627516  0.534283     3.230559
-0.134645 -0.569117  0.811157     0.944527
>structures/GlxRS-B_AF_Euk_Plasmodium_knowlesi_strain_H_gene7321821.pdb
-0.941174 -0.247718  0.229842    -1.694570
-0.266260  0.962442 -0.053008    -2.783506
-0.208079 -0.111088 -0.971783     3.262394
>structures/GlxRS-B_AF_Mito_Cyanidioschyzon_merolae_strain_10D_gene16997617.pdb
 0.811732 -0.569942 -0.127500    -4.830406
 0.543380  0.656996  0.522584     2.885077
-0.214076 -0.493479  0.843000    -0.309073
>structures/GlxRS-B_PDB_Bact_S_elong_2CFO.pdb
-0.357815  0.828280 -0.431185    28.921804
-0.832271 -0.492263 -0.254954     5.738726
-0.423429  0.267636  0.865493   -40.051854
