>structures/GluRS-B_AF_Bact_Chlamydia_psittaci_6BC_gene12242467.pdb
-0.770766 -0.403606  0.492971    53.278362
 0.218846 -0.894392 -0.390089    -9.208628
 0.598352 -0.192783  0.777695   -19.152694
>structures/GluRS-B_AF_Bact_[Eubacterium]_eligens_ATCC_27750_gene41357084.pdb
 0.895843 -0.208248 -0.392553    -1.589067
 0.396413  0.773704  0.494205     0.190499
 0.200803 -0.598344  0.775670     1.163392
>structures/GluRS-B_AF_Bact_Porphyromonas_gingivalis_ATCC_33277_gene29255772.pdb
-0.211142  0.064325  0.975337    -1.750995
 0.489546 -0.856706  0.162478     1.414773
 0.846028  0.511778  0.149397     2.621834
>structures/GluRS-B_AF_Bact_Treponema_pallidum_subsp_pertenue_str_SamoaD_gene57879197.pdb
 0.958871 -0.011926 -0.283591    -0.053861
 0.112889  0.932720  0.342475     0.748463
 0.260426 -0.360404  0.895705    -1.766352
>structures/GluRS-B_AF_Euk_Cryptococcus_neoformans_var_grubii_H99_gene23890400.pdb
-0.185543 -0.222771  0.957051     0.560736
 0.291358 -0.942637 -0.162930     3.762402
 0.938448  0.248614  0.239805    -0.563870
>structures/GluRS-B_AF_Mito_Drosophila_melanogaster_gene39828.pdb
-0.819375  0.572748 -0.024174    15.547315
 0.539306  0.784458  0.306228     0.797136
 0.194355  0.237878 -0.951651    15.607641
>structures/GluRS-B_PDB_Bact_T_therm_1J09.pdb
-0.115822 -0.143277  0.982882     2.972935
 0.076506 -0.987889 -0.134992    27.187034
 0.990319  0.059562  0.125380   -42.956164
>structures/GlxRS-B_AF_Bact_Bifidobacterium_animalis_subsp_lactis_BLC1_gene66532600.pdb
 1.000000  0.000000  0.000000     0.000000
 0.000000  1.000000  0.000000     0.000000
 0.000000  0.000000  1.000000     0.000000
>structures/GlxRS-B_AF_Bact_Mycoplasma_hyopneumoniae_168-L_gene57101016.pdb
 0.877706 -0.227747 -0.421620    -1.169077
 0.427108  0.770741  0.472797     0.670996
 0.217282 -0.595054  0.773756     1.614386
>structures/GlxRS-B_AF_Bact_Paracoccus_denitrificans_PD1222_gene75500422.pdb
 0.894609 -0.203052 -0.398050    -2.193454
 0.412783  0.716667  0.562138     2.180520
 0.171126 -0.667202  0.724953     1.470150
>structures/GlxRS-B_AF_Bact_Prochlorococcus_marinus_subsp_marinus_str_CCMP1375_gene54199839.pdb
-0.261825 -0.602777  0.753729    -1.355739
-0.592853 -0.515804 -0.618443     1.298101
 0.761560 -0.608774 -0.222308     2.846747
>structures/GlxRS-B_AF_Euk_Arabidopsis_thaliana_gene836526.pdb
-0.876936 -0.453487  0.159159    -0.797015
-0.480569  0.823269 -0.302129    -3.743270
 0.005981 -0.341435 -0.939887     1.002958
>structures/GlxRS-B_AF_Euk_Ostreococcus_tauri_proteinOUS48355.1.pdb
-0.976631  0.075563  0.201204    -4.135778
 0.151950  0.904827  0.397743    -0.818500
-0.152000  0.419021 -0.895163    -2.579105
>structures/GlxRS-B_AF_Euk_Plasmodium_knowlesi_strain_H_gene7321821.pdb
 0.924253 -0.038884 -0.379796    -1.296829
 0.072254  0.994637  0.074001    -2.705660
 0.374882 -0.095837  0.922106    -1.927763
>structures/GlxRS-B_AF_Mito_Cyanidioschyzon_merolae_strain_10D_gene16997617.pdb
-0.983154  0.132807  0.125580    -1.429560
 0.168324  0.925652  0.338874     0.716844
-0.071239  0.354303 -0.932413    -0.986389
>structures/GlxRS-B_PDB_Bact_S_elong_2CFO.pdb
 0.568841 -0.486120  0.663406   -40.230555
-0.423529 -0.864590 -0.270383     1.103577
 0.705013 -0.127167 -0.697700    34.914669
