>structures/LeuRS-B_AF_Bact_Bifidobacterium_longum_subsp_longum_JCM_1217_gene69578373.pdb
-0.393979  0.790788  0.468440    -0.113636
 0.762128 -0.003810  0.647415     0.196297
 0.513753  0.612079 -0.601180     1.519548
>structures/LeuRS-B_AF_Bact_Brachyspira_pilosicoli_95_1000_gene56439070.pdb
-0.958699  0.283396  0.024135     1.764006
 0.277668  0.914179  0.295259     0.115872
 0.061611  0.289766 -0.955112    -1.357857
>structures/LeuRS-B_AF_Bact_Chlamydia_psittaci_6BC_gene12243068.pdb
 0.999484 -0.026956  0.017467    -0.457845
 0.023424  0.983770  0.177897     2.014922
-0.021979 -0.177396  0.983894    -0.920648
>structures/LeuRS-B_AF_Bact_Clostridium_botulinum_A_str_ATCC_3502_gene5187707.pdb
-0.176774  0.217010 -0.960030     1.197449
-0.095752 -0.974556 -0.202662     3.501732
-0.979583  0.056100  0.193055     0.064175
>structures/LeuRS-B_AF_Bact_Escherichia_coli_O157_H7_str._Sakai_gene917041.pdb
-0.842255  0.537045  0.046787     2.847105
 0.441420  0.637252  0.631711     1.732950
 0.309442  0.552714 -0.773791    -3.267938
>structures/LeuRS-B_AF_Bact_Mycoplasma_hyopneumoniae_168-L_gene57101518.pdb
-0.290885 -0.855646  0.428083     0.505775
-0.749428 -0.074372 -0.657896     1.051169
 0.594764 -0.512189 -0.619611     0.895803
>structures/LeuRS-B_AF_Bact_Orientia_tsutsugamushi_str_Ikeda_gene66652454.pdb
 0.971031 -0.228206  0.070858    -1.031969
 0.180236  0.894172  0.409843     1.685456
-0.156888 -0.385199  0.909400    -1.048791
>structures/LeuRS-B_AF_Bact_Porphyromonas_gingivalis_ATCC_33277_gene29256038.pdb
-0.826576  0.561909  0.032091     1.000096
 0.503820  0.713301  0.487203    -0.879346
 0.250873  0.418878 -0.872699    -1.278237
>structures/LeuRS-B_AF_Bact_Thermus_thermophilus_HB8_gene3168656.pdb
-0.152800  0.181910 -0.971371    -3.573132
 0.098390 -0.975229 -0.198109     4.702704
-0.983347 -0.125845  0.131117    -4.374411
>structures/LeuRS-B_AF_Euk_Bathycoccus_prasinos_gene19015540.pdb
 1.000000  0.000630  0.000225     0.002538
-0.000631  0.999974  0.007191    -0.095400
-0.000220 -0.007191  0.999974    -0.145172
>structures/LeuRS-B_AF_Euk_Klebsormidium_nitens_protein971510658.pdb
-0.157532 -0.868294  0.470371     0.460018
-0.700423 -0.237525 -0.673045     1.136751
 0.696126 -0.435485 -0.570755     0.083633
>structures/LeuRS-B_AF_Euk_Plasmodium_falciparum_3D7_gene2655460.pdb
-0.397595  0.698562  0.594920    -0.718348
 0.764740 -0.106005  0.635560     4.708685
 0.507042  0.707654 -0.492071    -4.690576
>structures/LeuRS-B_AF_Euk_Thalassiosira_pseudonana_CCMP1335_gene7441753.pdb
-0.955740  0.288912  0.055603    -4.623986
 0.282522  0.848472  0.447523     2.454423
 0.082117  0.443425 -0.892542    -3.292461
>structures/LeuRS-B_AF_Mito_Drosophila_melanogaster_gene38581.pdb
-0.358397 -0.902708  0.238055     4.358554
-0.885442  0.247868 -0.393134     1.997091
 0.295878 -0.351682 -0.888131    -0.162486
>structures/LeuRS-B_AF_Mito_Homo_sapiens_gene23395.pdb
 0.985773  0.047709  0.161169     3.204089
-0.050590  0.998624  0.013818     0.598708
-0.160288 -0.021775  0.986830     1.466037
>structures/LeuRS-B_PDB_Bact_T_therm_2V0C.pdb
-0.296120 -0.849357  0.436928   -33.048258
 0.663643 -0.511950 -0.545423   -18.425664
 0.686944  0.128453  0.715268   -25.449100
