>structures/LeuRS-B_AF_Bact_Bifidobacterium_longum_subsp_longum_JCM_1217_gene69578373.pdb
-0.115618  0.306520 -0.944816     1.804467
-0.062203 -0.951563 -0.301097     0.103399
-0.991344  0.023958  0.129084    -0.357058
>structures/LeuRS-B_AF_Bact_Brachyspira_pilosicoli_95_1000_gene56439070.pdb
 0.002268 -0.476008 -0.879438    -0.445824
 0.749460 -0.581422  0.316635    -0.373184
-0.662046 -0.659822  0.355430     1.705908
>structures/LeuRS-B_AF_Bact_Chlamydia_psittaci_6BC_gene12243068.pdb
-0.187044 -0.804146  0.564238    -1.014003
-0.865765 -0.136463 -0.481486     0.847308
 0.464182 -0.578557 -0.670676    -0.567437
>structures/LeuRS-B_AF_Bact_Clostridium_botulinum_A_str_ATCC_3502_gene5187707.pdb
-0.599611  0.686662  0.411051    -1.487348
 0.585733  0.026552  0.810069    -1.787961
 0.545329  0.726492 -0.418121    -1.330989
>structures/LeuRS-B_AF_Bact_Mycoplasma_hyopneumoniae_168-L_gene57101518.pdb
 0.981705 -0.183122 -0.052169     1.026665
 0.185634  0.981436  0.048199    -0.627946
 0.042374 -0.057001  0.997474    -0.755163
>structures/LeuRS-B_AF_Bact_Orientia_tsutsugamushi_str_Ikeda_gene66652454.pdb
-0.397339 -0.850778  0.343945    -0.941588
-0.819497  0.160296 -0.550209     1.806792
 0.412973 -0.500482 -0.760902    -1.051066
>structures/LeuRS-B_AF_Bact_Porphyromonas_gingivalis_ATCC_33277_gene29256038.pdb
-0.073383 -0.313335 -0.946803     0.325203
 0.482993 -0.841766  0.241139     0.666295
-0.872544 -0.439603  0.213110     3.331353
>structures/LeuRS-B_AF_Bact_Thermus_thermophilus_HB8_gene3168656.pdb
-0.735622  0.565408  0.373061    -4.920323
 0.528892  0.135303  0.837834     4.222344
 0.423242  0.813638 -0.398572    -1.663298
>structures/LeuRS-B_AF_Euk_Bathycoccus_prasinos_gene19015540.pdb
-0.150798 -0.708894  0.689006     0.739107
-0.871153 -0.234160 -0.431581     0.704090
 0.467283 -0.665311 -0.582244     0.965349
>structures/LeuRS-B_AF_Euk_Klebsormidium_nitens_protein971510658.pdb
 1.000000  0.000000  0.000000     0.000000
 0.000000  1.000000  0.000000     0.000000
 0.000000  0.000000  1.000000     0.000000
>structures/LeuRS-B_AF_Euk_Plasmodium_falciparum_3D7_gene2655460.pdb
-0.128241  0.459912 -0.878656    -5.600024
-0.026368 -0.887239 -0.460556     2.110651
-0.991392 -0.035893  0.125907    -0.292472
>structures/LeuRS-B_AF_Euk_Thalassiosira_pseudonana_CCMP1335_gene7441753.pdb
 0.010072 -0.316498 -0.948540    -2.204159
 0.737647 -0.638084  0.220741     5.331218
-0.675112 -0.701910  0.227037    -1.697984
>structures/LeuRS-B_AF_Mito_Drosophila_melanogaster_gene38581.pdb
 0.876158 -0.302182 -0.375542    -1.327113
 0.418179  0.864001  0.280407    -4.075751
 0.239735 -0.402725  0.883368     1.931103
>structures/LeuRS-B_AF_Mito_Homo_sapiens_gene23395.pdb
-0.238682 -0.725791  0.645181     0.620062
-0.777207 -0.255559 -0.575012    -2.433692
 0.582220 -0.638684 -0.503092     0.819973
>structures/LeuRS-B_PDB_Bact_T_therm_2V0C.pdb
 0.060126  0.586340  0.807830     1.345404
-0.203185  0.799540 -0.565200    45.062176
-0.977293 -0.130156  0.167208    11.864009
