>structures/AlaRS_AF_Arch_Candidatus_Korarchaeum_cryptofilum_OPF8_gene6094822.pdb
-0.103188 -0.149167 -0.983413   -11.491862
-0.625270 -0.759185  0.180764    -1.428304
-0.773557  0.633551 -0.014930    -1.713125
>structures/AlaRS_AF_Arch_Candidatus_Nitrosopumilus_koreensis_AR1_gene13725795.pdb
 0.829136 -0.558762  0.017857    -7.414414
 0.483630  0.732939  0.478439    -2.652723
-0.280422 -0.388054  0.877939     2.594882
>structures/AlaRS_AF_Arch_Sulfolobus_islandicus_YG5714_gene7807284.pdb
-0.512793 -0.043615 -0.857404   -13.339640
-0.825805  0.298102  0.478730    -4.163555
 0.234714  0.953537 -0.188882     0.953256
>structures/AlaRS_AF_Arch_Thermoplasma_acidophilum_DSM_1728_gene1456391.pdb
 0.878585 -0.469951  0.085059    -7.628142
 0.393360  0.813073  0.429162    -2.727717
-0.270844 -0.343596  0.899214     1.845747
>structures/AlaRS_AF_Bact_Brucella_melitensis_bv_1_str_16M_gene29593597.pdb
 0.999378  0.025492 -0.024348     0.207683
-0.024357  0.998652  0.045837    -0.763229
 0.025484 -0.045216  0.998652     0.939257
>structures/AlaRS_AF_Bact_Chlamydia_psittaci_6BC_gene12242512.pdb
 0.690394  0.144145  0.708927    -5.368645
-0.351486 -0.789676  0.502861     2.418601
 0.632308 -0.596350 -0.494523    -0.528752
>structures/AlaRS_AF_Bact_Lactobacillus_acidophilus_La-14_gene56942022.pdb
-0.124058  0.988654 -0.084697   -11.887016
 0.067089  0.093518  0.993355     5.065105
 0.990004  0.117552 -0.077929     2.683030
>structures/AlaRS_AF_Bact_Nocardia_farcinica_IFM_10152_gene61134339.pdb
 0.323123  0.790214  0.520724    -7.857644
 0.034066 -0.559597  0.828065     0.482589
 0.945743 -0.249828 -0.207739    -0.346489
>structures/AlaRS_AF_Bact_Porphyromonas_gingivalis_ATCC_33277_gene29256567.pdb
 0.612730  0.272846  0.741699    -8.254185
-0.176766 -0.867418  0.465123    -1.517487
 0.770270 -0.416102 -0.483263     1.206277
>structures/AlaRS_AF_Bact_Prochlorococcus_marinus_subsp_marinus_str_CCMP1375_gene54199407.pdb
-0.376314 -0.924020 -0.067643    -7.507241
 0.868375 -0.326316 -0.373420     0.371685
 0.322974 -0.199263  0.925193    -0.812128
>structures/AlaRS_AF_Bact_Streptobacillus_moniliformis_DSM_12112_gene29672963.pdb
 0.713600  0.035812  0.699637    -7.220342
-0.452248 -0.739163  0.499109     5.710391
 0.535020 -0.672574 -0.511271    -1.688190
>structures/AlaRS_AF_Bact_Treponema_pallidum_subsp_pertenue_str_SamoaD_gene57879528.pdb
-0.396965 -0.831559 -0.388495   -13.360855
-0.917818  0.357153  0.173355    -4.898321
-0.005403  0.425384 -0.904997    12.948232
>structures/AlaRS_AF_Euk_Cyanidioschyzon_merolae_strain_10D_gene16993235.pdb
-0.465192 -0.529847 -0.709125   -13.915175
-0.822499  0.554865  0.124981    -1.883647
 0.327248  0.641395 -0.693918    -2.952347
>structures/AlaRS_AF_Euk_Homo_sapiens_gene16.pdb
-0.531171 -0.838556 -0.121164    -8.229033
 0.763053 -0.411304 -0.498576     4.243032
 0.368249 -0.357284  0.858336     3.579844
>structures/AlaRS_AF_Euk_Marasmius_oreades_gene66078979.pdb
 0.956819 -0.289944 -0.020752    -9.411005
 0.269703  0.858857  0.435460     2.606493
-0.108436 -0.422253  0.899969    -0.806662
>structures/AlaRS_AF_Euk_Plasmodium_berghei_ANKA_gene55150801.pdb
 0.631315  0.695388  0.343331    -7.441373
-0.005602 -0.438607  0.898662     4.031841
 0.775506 -0.569262 -0.273003     2.363558
>structures/AlaRS_AF_Euk_Saccharomyces_cerevisiae_S288C_gene854513.pdb
 0.637486 -0.756309  0.147001   -10.011588
 0.641774  0.626824  0.441835    -2.985492
-0.426307 -0.187322  0.884970    -0.729626
>structures/AlaRS_AF_Mito_Drosophila_melanogaster_gene38595.pdb
 0.568364 -0.817882  0.089619   -12.011449
 0.153730  0.212567  0.964978     0.472136
-0.808288 -0.534682  0.246548     0.918043
>structures/AlaRS_AF_Mito_Homo_sapiens_gene57505.pdb
 0.038906 -0.975195 -0.217901     3.533188
-0.537080 -0.204298  0.818418    12.213943
-0.842634  0.085189 -0.531706    -6.607767
>structures/AlaRS_PDB_Bact_E_coli_3HXV.pdb
-0.859920  0.147853 -0.488546     9.838117
-0.354452 -0.861692  0.363112    26.396101
-0.367289  0.485413  0.793393   -12.114750
