>structures/AlaRS_AF_Arch_Candidatus_Korarchaeum_cryptofilum_OPF8_gene6094822.pdb
-0.332322  0.551002 -0.765480    -3.513270
 0.941725  0.238700 -0.237017     2.779449
 0.052123 -0.799637 -0.598217    -4.451545
>structures/AlaRS_AF_Arch_Candidatus_Nitrosopumilus_koreensis_AR1_gene13725795.pdb
 0.235908 -0.892014  0.385563     2.611385
-0.155586 -0.426313 -0.891095     1.706533
 0.959239  0.150229 -0.239355    -4.417756
>structures/AlaRS_AF_Arch_Sulfolobus_islandicus_YG5714_gene7807284.pdb
 0.077717  0.452110 -0.888570    -2.113089
 0.474687 -0.800538 -0.365801     3.219950
-0.876717 -0.393364 -0.276826    -8.667602
>structures/AlaRS_AF_Arch_Thermoplasma_acidophilum_DSM_1728_gene1456391.pdb
 0.314476 -0.831224  0.458446     1.919078
-0.083216 -0.505228 -0.858964     2.142021
 0.945611  0.231973 -0.228053    -4.212253
>structures/AlaRS_AF_Bact_Brucella_melitensis_bv_1_str_16M_gene29593597.pdb
 0.712193 -0.364264  0.600077     5.896732
 0.100737 -0.792950 -0.600901     1.716467
 0.694718  0.488408 -0.528039     3.000933
>structures/AlaRS_AF_Bact_Chlamydia_psittaci_6BC_gene12242512.pdb
 0.999390  0.034346 -0.006393     0.591460
-0.034341  0.999410  0.000858    -0.025493
 0.006418 -0.000638  0.999979     0.025337
>structures/AlaRS_AF_Bact_Lactobacillus_acidophilus_La-14_gene56942022.pdb
 0.516370  0.722053 -0.460436    -3.193857
-0.627091 -0.047338 -0.777506    -5.203258
-0.583197  0.690217  0.428349    -4.012291
>structures/AlaRS_AF_Bact_Nocardia_farcinica_IFM_10152_gene61134339.pdb
 0.808700  0.584234 -0.068368    -0.880611
-0.530476  0.674148 -0.513925     0.584996
-0.254162  0.451879  0.855106    -1.401325
>structures/AlaRS_AF_Bact_Porphyromonas_gingivalis_ATCC_33277_gene29256567.pdb
 0.973918  0.223888  0.036847     0.360384
-0.221944  0.973757 -0.050382     1.339850
-0.047160  0.040890  0.998050    -3.427102
>structures/AlaRS_AF_Bact_Prochlorococcus_marinus_subsp_marinus_str_CCMP1375_gene54199407.pdb
-0.349192 -0.644870  0.679859    -1.247628
-0.934023  0.297812 -0.197252     0.964917
-0.075268 -0.703883 -0.706317    -0.718199
>structures/AlaRS_AF_Bact_Streptobacillus_moniliformis_DSM_12112_gene29672963.pdb
 0.992725 -0.120374 -0.002602    -2.716226
 0.120297  0.992531 -0.020293    -2.565497
 0.005026  0.019833  0.999791     1.327495
>structures/AlaRS_AF_Bact_Treponema_pallidum_subsp_pertenue_str_SamoaD_gene57879528.pdb
 0.045411 -0.418289 -0.907178     5.568465
 0.726377 -0.609598  0.317439    -2.659172
-0.685795 -0.673368  0.276153   -14.713786
>structures/AlaRS_AF_Euk_Cyanidioschyzon_merolae_strain_10D_gene16993235.pdb
 0.181157 -0.144114 -0.972838    -6.114465
 0.463554 -0.859911  0.213706     3.528327
-0.867352 -0.489677 -0.088974    -5.207238
>structures/AlaRS_AF_Euk_Marasmius_oreades_gene66078979.pdb
 0.498940 -0.769920  0.397847    -2.968134
-0.062627 -0.489902 -0.869525    -0.796606
 0.864371  0.408925 -0.292650    -1.674660
>structures/AlaRS_AF_Euk_Plasmodium_berghei_ANKA_gene55150801.pdb
 0.928983  0.274066 -0.248754    -0.140992
-0.368491  0.747887 -0.552158    -3.719469
 0.034712  0.604609  0.795766    -1.137029
>structures/AlaRS_AF_Euk_Saccharomyces_cerevisiae_S288C_gene854513.pdb
-0.058778 -0.858665  0.509156    -1.426133
-0.229859 -0.484691 -0.843943     3.547335
 0.971447 -0.166639 -0.168882    -4.314506
>structures/AlaRS_PDB_Bact_E_coli_3HXV.pdb
-0.695153  0.716238  0.061361    -6.013136
 0.410105  0.465237 -0.784454   -12.630591
-0.590403 -0.520151 -0.617144    29.100261
