>../../../../class1/cys//data/domains/Catalytic_domain/structures/CysRS_AF_Arch_Aciduliprofundum_boonei_T469_gene8827372.pdb
 0.987107 -0.159347  0.015120     7.274317
 0.140933  0.910028  0.389856     3.431960
-0.075882 -0.382698  0.920752     0.558716
>../../../../class1/cys//data/domains/Catalytic_domain/structures/CysRS_AF_Arch_Candidatus_Nitrosopumilus_sediminis_gene13696907.pdb
 1.000000  0.000000  0.000000     0.000000
 0.000000  1.000000  0.000000     0.000000
 0.000000  0.000000  1.000000     0.000000
>../../../../class1/cys//data/domains/Catalytic_domain/structures/CysRS_AF_Arch_Methanospirillum_hungatei_JF-1_gene3922979.pdb
-0.116478  0.722596 -0.681386     5.504611
-0.542463 -0.620972 -0.565798     4.840656
-0.831966  0.303724  0.464311    -4.569763
>../../../../class1/cys//data/domains/Catalytic_domain/structures/CysRS_AF_Arch_Pyrobaculum_ferrireducens_gene11593896.pdb
-0.108471  0.404538 -0.908065     0.903710
-0.170645 -0.907474 -0.383890     3.572757
-0.979344  0.113315  0.167467    -0.607183
>../../../../class1/cys//data/domains/Catalytic_domain/structures/CysRS_AF_Bact_Bordetella_avium_197N_gene41394405.pdb
 0.216033  0.914078 -0.343208     1.777363
-0.474398 -0.208963 -0.855150     2.756967
-0.853391  0.347558  0.388494    -1.435983
>../../../../class1/cys//data/domains/Catalytic_domain/structures/CysRS_AF_Bact_Lactobacillus_amylovorus_GRL1118_gene66523130.pdb
-0.045424  0.727574 -0.684524     2.366892
-0.471882 -0.619591 -0.627244     4.238206
-0.880491  0.294523  0.371473    -1.210292
>../../../../class1/cys//data/domains/Catalytic_domain/structures/CysRS_AF_Bact_Mycobacterium_canettii_CIPT_140010059_gene45427568.pdb
-0.958621  0.282404 -0.035969     3.138495
 0.216313  0.804693  0.552881     2.689322
 0.185079  0.522223 -0.832484    -1.182636
>../../../../class1/cys//data/domains/Catalytic_domain/structures/CysRS_AF_Bact_Mycoplasma_hyopneumoniae_168-L_gene57101512.pdb
-0.120888  0.597639 -0.792599     3.052938
-0.256090 -0.790203 -0.556774     2.777699
-0.959064  0.135669  0.248575    -3.130976
>../../../../class1/cys//data/domains/Catalytic_domain/structures/CysRS_AF_Bact_Porphyromonas_gingivalis_ATCC_33277_gene29256960.pdb
 0.974591  0.173211  0.142025     6.339895
-0.182209  0.981835  0.052915    -0.006665
-0.130280 -0.077449  0.988448    -0.145092
>../../../../class1/cys//data/domains/Catalytic_domain/structures/CysRS_AF_Bact_Prochlorococcus_marinus_subsp_marinus_str_CCMP1375_gene54200571.pdb
-0.067462 -0.072360 -0.995094     4.139283
 0.368337 -0.928718  0.042562     3.137695
-0.927241 -0.363659  0.089306    -2.287910
>../../../../class1/cys//data/domains/Catalytic_domain/structures/CysRS_AF_Bact_Streptobacillus_moniliformis_DSM_12112_gene29673427.pdb
 0.860793 -0.504764 -0.065182     7.830178
 0.434888  0.662935  0.609417     6.343725
-0.264401 -0.552929  0.790166     0.257383
>../../../../class1/cys//data/domains/Catalytic_domain/structures/CysRS_AF_Bact_Treponema_pallidum_subsp_pertenue_str_SamoaD_gene57878631.pdb
 0.996159  0.079585  0.036505     7.529921
-0.083749  0.987693  0.132096     1.598274
-0.025543 -0.134646  0.990564    -1.682748
>../../../../class1/cys//data/domains/Catalytic_domain/structures/CysRS_AF_Euk_Arabidopsis_thaliana_gene833874.pdb
-0.091442  0.709456 -0.698792     0.590474
-0.225820 -0.698224 -0.679329     2.310570
-0.969868  0.095682  0.224057     1.656551
>../../../../class1/cys//data/domains/Catalytic_domain/structures/CysRS_AF_Euk_Cyanidioschyzon_merolae_strain_10D_gene16993418.pdb
 0.092779 -0.173711 -0.980417    -4.179157
 0.506981 -0.839221  0.196670     3.117681
-0.856949 -0.515299  0.010206     5.408219
>../../../../class1/cys//data/domains/Catalytic_domain/structures/CysRS_AF_Euk_Drosophila_melanogaster_gene36784.pdb
 0.279186 -0.618988 -0.734104     0.772114
 0.637150 -0.452545  0.623894    -1.459047
-0.718398 -0.641917  0.268044     2.565886
>../../../../class1/cys//data/domains/Catalytic_domain/structures/CysRS_AF_Euk_Micromonas_commoda_gene8246535.pdb
-0.880461 -0.240515 -0.408583    -0.059730
-0.208878  0.970412 -0.121125     1.562991
 0.425626 -0.021302 -0.904648     1.713993
>../../../../class1/cys//data/domains/Catalytic_domain/structures/CysRS_AF_Mito_Morone_saxatilis_gene118339815.pdb
 0.885662  0.397933  0.239273     1.315394
-0.406538  0.913519 -0.014474     5.994300
-0.224341 -0.084455  0.970844    -1.549603
>../../../../class1/cys//data/domains/Catalytic_domain/structures/CysRS_AF_Mito_Saccharomyces_cerevisiae_S288C_gene855474.pdb
 0.881172 -0.147223  0.449289     1.518328
-0.084371  0.886064  0.455820    -0.399992
-0.465206 -0.439563  0.768354     2.207958
>../../../../class1/cys//data/domains/Catalytic_domain/structures/CysRS_AF_Vir_Megavirus_chiliensis_gene11257271.pdb
-0.653281 -0.756575 -0.028602     0.735100
-0.622711  0.558414 -0.548092    -2.097379
 0.430645 -0.340248 -0.835929    -0.963078
>../../../../class1/cys//data/domains/Catalytic_domain/structures/CysRS_PDB_Bact_E_coli_1LI5.pdb
-0.411909 -0.207282 -0.887336   104.500526
-0.905535 -0.015539  0.423987    55.240285
-0.101673  0.978158 -0.181300   -72.189067
>../../../../class1/cys//data/domains/Catalytic_domain/structures/CysRS_PDB_Bact_M_smegmatis_3C8Z.pdb
-0.325922  0.485903  0.810971    40.238450
-0.216221 -0.873385  0.436402    31.827958
 0.920339 -0.033116  0.389718   -21.731727
>../../../../class1/lys//data/domains/Catalytic_domain/structures/LysRS-I_AF_Arch_Candidatus_Bathyarchaeota_archaeon_proteinRJS75864.1.pdb
 0.964901 -0.134595  0.225501     0.989254
 0.163233  0.980036 -0.113507    -4.980988
-0.205722  0.146333  0.967608    -0.444184
>../../../../class1/lys//data/domains/Catalytic_domain/structures/LysRS-I_AF_Arch_Candidatus_Nitrosopumilus_koreensis_AR1_gene13726042.pdb
-0.368549  0.172804 -0.913406     2.797647
 0.333415 -0.892626 -0.303402    -0.811839
-0.867759 -0.416362  0.271361    -0.558275
>../../../../class1/lys//data/domains/Catalytic_domain/structures/LysRS-I_AF_Arch_Ferroplasma_acidarmanus_Fer1_gene16025146.pdb
 0.921269 -0.261480  0.287908     5.465128
 0.280478  0.959507 -0.026064    -4.410786
-0.269435  0.104764  0.957303     1.622830
>../../../../class1/lys//data/domains/Catalytic_domain/structures/LysRS-I_AF_Arch_Halorubrum_lacusprofundi_ATCC_49239_gene7400505.pdb
-0.463060 -0.886307 -0.005912     0.869750
-0.841869  0.441909 -0.309796    -7.736862
 0.277187 -0.138477 -0.950785     0.308129
>../../../../class1/lys//data/domains/Catalytic_domain/structures/LysRS-I_AF_Bact_Cereibacter_sphaeroides_KD131_gene67447319.pdb
-0.910737  0.121608 -0.394677     1.548019
-0.110968  0.848462  0.517493    -2.036341
 0.397800  0.515096 -0.759231     3.553211
>../../../../class1/lys//data/domains/Catalytic_domain/structures/LysRS-I_AF_Bact_Cyanobacteria_bacterium_J007_proteinRMH73500.1.pdb
 0.915645  0.345501  0.205481     0.152084
-0.184591  0.815464 -0.548584    -5.766617
-0.357099  0.464378  0.810452    -1.621965
>../../../../class1/lys//data/domains/Catalytic_domain/structures/LysRS-I_AF_Bact_Streptomyces_albidoflavus_gene15147364.pdb
-0.154974  0.199611 -0.967542    -0.989708
 0.386740 -0.888954 -0.245343    -3.582730
-0.909074 -0.412210  0.060567     0.586549
>../../../../class1/lys//data/domains/Catalytic_domain/structures/LysRS-I_AF_Bact_Treponema_denticola_ATCC_35405_gene2739918.pdb
-0.080154  0.157225 -0.984305    -1.289103
 0.366919 -0.913492 -0.175793    -3.491327
-0.926793 -0.375251  0.015531     0.431065
>../../../../class1/lys//data/domains/Catalytic_domain/structures/LysRS-I_PDB_Arch_P_hori_1IRX.pdb
 0.487733 -0.848060  0.207150    -4.760298
-0.796351 -0.334983  0.503599     8.741574
-0.357690 -0.410586 -0.838735    91.483794
