>../../../../class2/gly3//data/domains/Catalytic_domain/structures/GlyRS-E_AF_Arch_Methanosalsum_zhilinae_DSM_4017_gene10821854.pdb
 0.358465  0.322252 -0.876160     1.854958
-0.933158  0.096739 -0.346204    -3.146504
-0.026806  0.941698  0.335389    11.808091
>../../../../class2/gly3//data/domains/Catalytic_domain/structures/GlyRS-E_AF_Euk_Cryptococcus_neoformans_var_neoformans_JEC21_gene3258293.pdb
-0.880010 -0.037179  0.473498     1.580216
-0.349417  0.725926 -0.592402    -2.549913
-0.321699 -0.686768 -0.651813    10.927510
>../../../../class2/gly3//data/domains/Catalytic_domain/structures/GlyRS-E_AF_Euk_Girardinichthys_multiradiatus_gene124858359.pdb
 0.372408  0.425629 -0.824713     2.565720
-0.927267  0.207571 -0.311592    -2.326329
 0.038564  0.880769  0.471973     9.763900
>../../../../class2/gly3//data/domains/Catalytic_domain/structures/GlyRS-E_AF_Euk_Plasmodium_yoelii_gene3801472.pdb
 0.335959  0.121476 -0.934010     0.535261
-0.861368 -0.361530 -0.356849    -4.404429
-0.381021  0.924413 -0.016824    11.679209
>../../../../class2/gly3//data/domains/Catalytic_domain/structures/GlyRS-E_AF_Euk_Schizosaccharomyces_pombe_gene2543181.pdb
 0.357232  0.515183 -0.779084     3.175445
-0.893921  0.430353 -0.125309    -3.003396
 0.270724  0.741203  0.614269    10.327296
>../../../../class2/gly3//data/domains/Catalytic_domain/structures/GlyRS-E_PDB_Euk_H_sapiens_2q5h.pdb
 0.753498  0.424780 -0.501799  -126.969404
 0.347948  0.389945  0.852570    76.280854
 0.557829 -0.817010  0.146021   -10.825543
>../../../../class2/thr//data/domains/Catalytic_domain/structures/ThrRS_AF_Arch_Candidatus_Methanomethylophilus_alvus_Mx1201_gene15140074.pdb
 0.049359 -0.910859  0.409756    -1.743749
 0.995852  0.076276  0.049597     2.402290
-0.076431  0.405609  0.910846     4.805031
>../../../../class2/thr//data/domains/Catalytic_domain/structures/ThrRS_AF_Arch_Candidatus_Nitrosopumilus_koreensis_AR1_gene13725077.pdb
 0.423023  0.359861 -0.831596     0.182790
-0.877502  0.391521 -0.276950    -5.628983
 0.225924  0.846883  0.481401     8.803962
>../../../../class2/thr//data/domains/Catalytic_domain/structures/ThrRS_AF_Arch_Pyrococcus_furiosus_DSM_3638_gene1469226.pdb
 0.509212  0.225230 -0.830647     1.738215
-0.860634  0.137253 -0.490378    -3.997129
 0.003561  0.964589  0.263732     8.376431
>../../../../class2/thr//data/domains/Catalytic_domain/structures/ThrRS_AF_Arch_Sulfolobus_islandicus_M164_gene7940156.pdb
-0.545558  0.399592  0.736677    -3.103704
 0.298577  0.914008 -0.274665     2.017917
-0.783082  0.070110 -0.617953    11.552606
>../../../../class2/thr//data/domains/Catalytic_domain/structures/ThrRS_AF_Bact_Bifidobacterium_longum_subsp_longum_JCM_1217_gene69578309.pdb
-0.067419  0.882521 -0.465416     0.987905
-0.427732 -0.447002 -0.785643     1.430627
-0.901388  0.146106  0.407619     1.622471
>../../../../class2/thr//data/domains/Catalytic_domain/structures/ThrRS_AF_Bact_Brachyspira_pilosicoli_95_1000_gene56439092.pdb
-0.820460  0.457372  0.343012    -1.348769
-0.200452  0.331751 -0.921824     3.332318
-0.535411 -0.825077 -0.180507     2.167527
>../../../../class2/thr//data/domains/Catalytic_domain/structures/ThrRS_AF_Bact_Brucella_abortus_2308_gene3787745.pdb
 0.442681  0.895891 -0.037582    -0.814465
 0.170400 -0.042902  0.984441     2.996926
 0.880339 -0.442197 -0.171652     1.842936
>../../../../class2/thr//data/domains/Catalytic_domain/structures/ThrRS_AF_Bact_Lactobacillus_acidophilus_La-14_gene56943112.pdb
 0.095299 -0.749982 -0.654557     0.179376
-0.988448 -0.149139  0.026971     1.892676
-0.117848  0.644426 -0.755531    -2.275530
>../../../../class2/thr//data/domains/Catalytic_domain/structures/ThrRS_AF_Bact_Mycoplasma_hyopneumoniae_168-L_gene57101460.pdb
-0.471969 -0.676145  0.565750    -0.139787
 0.870043 -0.460856  0.175037     3.087253
 0.142378  0.574839  0.805785     5.710126
>../../../../class2/thr//data/domains/Catalytic_domain/structures/ThrRS_AF_Bact_Porphyromonas_gingivalis_ATCC_33277_gene29256174.pdb
-0.988622  0.112367 -0.099998     1.465423
 0.061049 -0.307846 -0.949475     1.987578
-0.137474 -0.944777  0.297484     2.575788
>../../../../class2/thr//data/domains/Catalytic_domain/structures/ThrRS_AF_Bact_Prochlorococcus_marinus_subsp_marinus_str_CCMP1375_gene54200406.pdb
 1.000000 -0.000000  0.000000     0.000000
 0.000000  1.000000  0.000000     0.000000
-0.000000  0.000000  1.000000     0.000000
>../../../../class2/thr//data/domains/Catalytic_domain/structures/ThrRS_AF_Bact_Streptobacillus_moniliformis_DSM_12112_gene29674242.pdb
 0.333279 -0.163793 -0.928492    -0.500621
-0.928456  0.114280 -0.353426     2.270817
 0.163996  0.979853 -0.113988     1.445584
>../../../../class2/thr//data/domains/Catalytic_domain/structures/ThrRS_AF_Euk_Arabidopsis_thaliana_gene832741.pdb
 0.096665  0.425551 -0.899757     3.038692
-0.447069 -0.789101 -0.421246     1.472350
-0.889261  0.442973  0.113972     1.363353
>../../../../class2/thr//data/domains/Catalytic_domain/structures/ThrRS_AF_Euk_Cercospora_beticola_gene35433465.pdb
 0.598210 -0.232145 -0.766977     1.258579
 0.233711 -0.864965  0.444088     2.857710
-0.766501 -0.444909 -0.463176     1.023429
>../../../../class2/thr//data/domains/Catalytic_domain/structures/ThrRS_AF_Euk_Cryptococcus_gattii_WM276_gene10188143.pdb
 0.171734  0.815485 -0.552712     1.546048
-0.662488 -0.319642 -0.677450     3.177877
-0.729120  0.482507  0.485356    -0.299264
>../../../../class2/thr//data/domains/Catalytic_domain/structures/ThrRS_AF_Euk_Cyanidioschyzon_merolae_strain_10D_gene16997242.pdb
 0.552686  0.772459 -0.312802     0.381036
-0.049802  0.405279  0.912835     2.430726
 0.831900 -0.488934  0.262462    -0.399224
>../../../../class2/thr//data/domains/Catalytic_domain/structures/ThrRS_AF_Mito_Cyanidioschyzon_merolae_strain_10D_gene16995590.pdb
 0.608246  0.425227 -0.670237    -0.677324
-0.734681  0.621242 -0.272586     1.916074
 0.300468  0.658210  0.690274     1.621381
>../../../../class2/thr//data/domains/Catalytic_domain/structures/ThrRS_AF_Mito_Oryza_sativa_Japonica_Group_gene4345200.pdb
-0.140350 -0.777752  0.612702     1.910896
-0.406913 -0.518840 -0.751816     2.207765
 0.902621 -0.354834 -0.243658    -0.255681
>../../../../class2/thr//data/domains/Catalytic_domain/structures/ThrRS_PDB_Bact_E_coli_1evk.pdb
 0.630861 -0.487893 -0.603303    15.666773
 0.667051 -0.056107  0.742896   -30.151735
-0.396303 -0.871098  0.290054    67.319615
>../../../../class2/thr//data/domains/Catalytic_domain/structures/ThrRS_PDB_Bact_S_aureus_1nyr.pdb
-0.989952 -0.044825  0.134112     8.580987
 0.068552 -0.981656  0.177910    40.130587
 0.123676  0.185316  0.974865   -58.072893
