>../../../../class2/asn//data/domains/Catalytic_domain/structures/AsnRS_AF_Arch_Candidatus_Korarchaeum_cryptofilum_OPF8_gene6094562.pdb
 0.108778  0.017448  0.993913    -4.663203
 0.067918 -0.997640  0.010080     5.598221
 0.991743  0.066409 -0.109707    -3.534004
>../../../../class2/asn//data/domains/Catalytic_domain/structures/AsnRS_AF_Arch_Candidatus_Nitrososphaera_gargensis_Ga92_gene13796664.pdb
 0.299446  0.624249 -0.721558    -6.378083
-0.742270 -0.322742 -0.587259     4.116193
-0.599473  0.711443  0.366717    -4.981756
>../../../../class2/asn//data/domains/Catalytic_domain/structures/AsnRS_AF_Arch_Ferroplasma_acidarmanus_Fer1_gene16025664.pdb
 1.000000  0.000000  0.000000     0.000000
 0.000000  1.000000  0.000000     0.000000
 0.000000  0.000000  1.000000     0.000000
>../../../../class2/asn//data/domains/Catalytic_domain/structures/AsnRS_AF_Arch_Pyrococcus_sp_ST04_gene13021535.pdb
 0.995823  0.088797 -0.021241    -0.674141
-0.089070  0.995949 -0.012305    -0.455190
 0.020063  0.014146  0.999699    -0.730268
>../../../../class2/asn//data/domains/Catalytic_domain/structures/AsnRS_AF_Bact_Clostridium_acetobutylicum_DSM_1731_gene44999755.pdb
 0.215491  0.681746 -0.699132    -6.777366
-0.745196 -0.347877 -0.568915     5.584066
-0.631067  0.643587  0.433070    -3.855891
>../../../../class2/asn//data/domains/Catalytic_domain/structures/AsnRS_AF_Bact_Mycoplasma_hyopneumoniae_168-L_gene57101291.pdb
 0.919801  0.390164 -0.041678    -0.760109
-0.388038  0.888702 -0.244205    -1.480905
-0.058241  0.240792  0.968828    -1.818153
>../../../../class2/asn//data/domains/Catalytic_domain/structures/AsnRS_AF_Bact_Porphyromonas_gingivalis_ATCC_33277_gene29256423.pdb
 0.979151  0.199354  0.039016    -1.332066
-0.198787  0.979878 -0.017956     0.493315
-0.041810  0.009826  0.999077    -2.021308
>../../../../class2/asn//data/domains/Catalytic_domain/structures/AsnRS_AF_Bact_Streptobacillus_moniliformis_DSM_12112_gene29673200.pdb
 0.154719  0.679891 -0.716806    -6.578258
-0.699444 -0.437030 -0.565494     5.386218
-0.697739  0.588858  0.407929    -4.164052
>../../../../class2/asn//data/domains/Catalytic_domain/structures/AsnRS_AF_Bact_Thermus_thermophilus_HB8_gene3168522.pdb
 0.896557  0.440020 -0.050665    -1.219415
-0.425548  0.823998 -0.374080    -2.289337
-0.122855  0.356945  0.926011    -1.814355
>../../../../class2/asn//data/domains/Catalytic_domain/structures/AsnRS_AF_Bact_Treponema_pallidum_subsp_pertenue_str_SamoaD_gene57879132.pdb
 0.301930  0.681210 -0.666927    -6.951943
-0.753517 -0.258022 -0.604679     5.054788
-0.583995  0.685111  0.435399    -4.767543
>../../../../class2/asn//data/domains/Catalytic_domain/structures/AsnRS_AF_Bact_unclassified_Blastocatellia_proteinRPI49177.1.pdb
 0.775399  0.611344 -0.158160    -2.810634
-0.592229  0.617117 -0.518104    -2.152350
-0.219136  0.495404  0.840568    -3.024069
>../../../../class2/asn//data/domains/Catalytic_domain/structures/AsnRS_AF_Euk_Candida_albicans_SC5314_gene3646227.pdb
 0.977056  0.173635 -0.123341    -4.640252
-0.191079  0.970426 -0.147521    -1.801935
 0.094078  0.167704  0.981338     1.074588
>../../../../class2/asn//data/domains/Catalytic_domain/structures/AsnRS_AF_Euk_Cryptococcus_gattii_WM276_gene10190222.pdb
 0.946545  0.205027 -0.249030    -8.151030
-0.254101  0.949495 -0.184096    -1.446367
 0.198708  0.237534  0.950838     1.091100
>../../../../class2/asn//data/domains/Catalytic_domain/structures/AsnRS_AF_Euk_Encephalitozoon_intestinalis_ATCC_50506_gene9698489.pdb
 0.994890  0.096774  0.028803     0.171584
-0.099461  0.988431  0.114509     0.931882
-0.017388 -0.116789  0.993005    -0.778752
>../../../../class2/asn//data/domains/Catalytic_domain/structures/AsnRS_AF_Euk_Vitis_vinifera_gene100257593.pdb
 0.191546  0.815432 -0.546242    -7.446291
-0.596802 -0.345071 -0.724398     7.637381
-0.779190  0.464754  0.420555    -6.662482
>../../../../class2/asn//data/domains/Catalytic_domain/structures/AsnRS_AF_Mito_Homo_sapiens_gene79731.pdb
 0.022522 -0.581537  0.813208    -5.618656
-0.318524 -0.775199 -0.545535     2.780346
 0.947647 -0.246740 -0.202692    -2.635890
>../../../../class2/asn//data/domains/Catalytic_domain/structures/AsnRS_AF_Mito_Zeugodacus_cucurbitae_gene105213230.pdb
-0.988794  0.148538 -0.014901    -9.107353
 0.142826  0.970338  0.195050     2.843297
 0.043432  0.190736 -0.980680    -5.690873
>../../../../class2/asn//data/domains/Catalytic_domain/structures/AsnRS_PDB_Arch_P_horikoshii_1X54.pdb
 0.142443 -0.462157  0.875283   -29.308756
-0.989596 -0.084581  0.116386    -6.396733
 0.020244 -0.882755 -0.469397    13.387650
>../../../../class2/asn//data/domains/Catalytic_domain/structures/AsnRS_PDB_Bact_E_anophelis_6pqh.pdb
-0.008152 -0.242879 -0.970022   -60.642538
-0.283648 -0.929649  0.235154    12.909582
-0.958894  0.277062 -0.061314   -19.467520
>../../../../class2/phe3//data/domains/Catalytic_domain/structures/PheRS-Aα_AF_Arch_Candidatus_Nitrosopumilus_koreensis_AR1_gene13724458.pdb
-0.454410  0.439064 -0.775071     4.454367
 0.224556 -0.785531 -0.576642     6.369959
-0.862025 -0.436078  0.258359    -7.857100
>../../../../class2/phe3//data/domains/Catalytic_domain/structures/PheRS-Aα_AF_Arch_Haloterrigena_turkmenica_DSM_5511_gene8744248.pdb
 0.406927 -0.624285 -0.666842    -6.957222
 0.910488  0.218354  0.351188     5.983075
-0.073634 -0.750060  0.657258    -4.064831
>../../../../class2/phe3//data/domains/Catalytic_domain/structures/PheRS-Aα_AF_Arch_Thermoplasma_volcanium_GSS1_gene1441177.pdb
-0.421639  0.631811  0.650412    -8.098498
 0.486180 -0.447951  0.750313     7.121003
 0.765408  0.632578 -0.118300    -3.568217
>../../../../class2/phe3//data/domains/Catalytic_domain/structures/PheRS-Aα_AF_Arch_Thermosphaera_aggregans_DSM_11486_gene9165306.pdb
-0.040514  0.255654 -0.965919   -13.622146
 0.427566 -0.869296 -0.248014     4.620219
-0.903076 -0.423043 -0.074090    -3.110404
>../../../../class2/phe3//data/domains/Catalytic_domain/structures/PheRS-Aα_AF_Euk_Cyanidioschyzon_merolae_strain_10D_gene16993638.pdb
 0.159488 -0.108335  0.981238    -4.397622
-0.520721 -0.853673 -0.009615     1.013969
 0.838698 -0.509417 -0.192563     3.140421
>../../../../class2/phe3//data/domains/Catalytic_domain/structures/PheRS-Aα_AF_Euk_Megalobrama_amblycephala_gene125266654.pdb
-0.999805 -0.015054  0.012815   -12.663068
-0.000548  0.669064  0.743204     1.282710
-0.019762  0.743052 -0.668942    -4.438074
>../../../../class2/phe3//data/domains/Catalytic_domain/structures/PheRS-Aα_AF_Euk_Plasmodium_falciparum_3D7_gene813233.pdb
 0.668131  0.734832 -0.116719    -9.136881
-0.297841  0.120388 -0.946994    -4.671884
-0.681830  0.667479  0.299298    -3.567172
>../../../../class2/phe3//data/domains/Catalytic_domain/structures/PheRS-Aα_AF_Euk_Schizosaccharomyces_pombe_gene2543647.pdb
 0.874015 -0.445200 -0.194664    -4.439916
 0.429687  0.895216 -0.118140     0.428658
 0.226862  0.019611  0.973729     1.142196
>../../../../class2/phe3//data/domains/Catalytic_domain/structures/PheRS-Aα_PDB_Euk.B_H_sapiens_3L4G.C.pdb
 0.109323 -0.982637  0.149913   109.158288
 0.930004  0.154357  0.333567   -36.550892
-0.350915  0.102953  0.930731    28.611334
