>structures/HisRS_AF_Arch_Candidatus_Methanomassiliicoccus_intestinalis_Issoire-Mx1_gene16154026.pdb
-0.908653  0.408345  0.087199    -7.630078
 0.380630  0.724185  0.575046     1.761261
 0.171668  0.555708 -0.813461    -2.587678
>structures/HisRS_AF_Arch_Candidatus_Nitrosopumilus_koreensis_AR1_gene13725657.pdb
 0.782597  0.593008 -0.189427    -4.876299
-0.582060  0.589104 -0.560502    -0.066289
-0.220790  0.548905  0.806198    -4.046046
>structures/HisRS_AF_Arch_Desulfurococcus_amylolyticus_1221n_gene7171287.pdb
 0.592904 -0.600896 -0.536086    -2.210625
 0.749915  0.169446  0.639465     1.047024
-0.293415 -0.781161  0.551086    -3.410806
>structures/HisRS_AF_Arch_Methanoregula_formicica_SMSP_gene14310605.pdb
-0.673339  0.656136  0.340734    -6.478931
 0.642508  0.291295  0.708753     4.264446
 0.365785  0.696156 -0.617713    -2.823488
>structures/HisRS_AF_Bact_Chlamydia_muridarum_str_Nigg_gene1246198.pdb
 0.489257  0.842360 -0.225959    -4.434781
-0.378129 -0.028587 -0.925312    -0.379756
-0.785905  0.538157  0.304534    -1.710110
>structures/HisRS_AF_Bact_Lacticaseibacillus_paracasei_gene61269730.pdb
 1.000000  0.000000  0.000000     0.000000
 0.000000  1.000000  0.000000     0.000000
 0.000000  0.000000  1.000000     0.000000
>structures/HisRS_AF_Bact_Paracoccus_denitrificans_PD1222_gene75501415.pdb
 0.477937 -0.424606 -0.768951    -4.738944
 0.798307 -0.155233  0.581901     0.184293
-0.366445 -0.891971  0.264775    -3.784849
>structures/HisRS_AF_Bact_Prochlorococcus_marinus_subsp_marinus_str_CCMP1375_gene54200127.pdb
 0.328417 -0.647506 -0.687662    -3.115504
 0.767355 -0.241598  0.593967     7.417190
-0.550734 -0.722750  0.417522    -2.528001
>structures/HisRS_AF_Bact_Streptobacillus_moniliformis_DSM_12112_gene29674169.pdb
 0.999685  0.021304  0.013298     0.754168
-0.019546  0.992500 -0.120671    -1.205714
-0.015769  0.120373  0.992604    -1.822135
>structures/HisRS_AF_Bact_Streptomyces_albidoflavus_gene15149169.pdb
 0.936213  0.288170  0.201156    -4.718146
-0.275306  0.957147 -0.089865     1.462713
-0.218432  0.028753  0.975429    -2.203231
>structures/HisRS_AF_Bact_Thermus_thermophilus_HB8_gene3168691.pdb
 0.973322 -0.189894 -0.128780    -1.038028
 0.199224  0.977875  0.063801    -0.059427
 0.113816 -0.087755  0.989619     0.343928
>structures/HisRS_AF_Bact_Treponema_denticola_ATCC_35405_gene2741405.pdb
-0.015057  0.471384 -0.881800    -5.177457
-0.427046 -0.800452 -0.420605     2.276450
-0.904105  0.370236  0.213355    -1.035454
>structures/HisRS_AF_Euk_Arabidopsis_thaliana_gene823753.pdb
 0.941809  0.308626  0.133217    -4.014212
-0.307656  0.951076 -0.028324     0.865637
-0.135441 -0.014309  0.990682    -2.868749
>structures/HisRS_AF_Euk_Cryptococcus_gattii_WM276_gene10186972.pdb
-0.059921 -0.842718  0.535010    -3.023038
-0.731215 -0.327798 -0.598226     1.375009
 0.679511 -0.427053 -0.596566    -2.963286
>structures/HisRS_AF_Euk_Homo_sapiens_gene3035.pdb
 0.996562 -0.068739  0.046251     1.643934
 0.064755  0.994466  0.082724    -1.506575
-0.051681 -0.079444  0.995499     0.784507
>structures/HisRS_AF_Euk_Plasmodium_falciparum_3D7_gene812010.pdb
 0.698233  0.179555 -0.692987   -18.004116
-0.524341  0.787331 -0.324310    -1.121666
 0.487378  0.589806  0.643888    -8.360990
>structures/HisRS_AF_Euk_Platysiphonia_delicata_gene33353157.pdb
 0.999770  0.015311  0.015012     2.218652
-0.014639  0.998929 -0.043885    -0.511028
-0.015668  0.043655  0.998924    -0.529683
>structures/HisRS_AF_Mito_Homo_sapiens_gene23438.pdb
 0.985272  0.094153  0.142740    -3.485488
-0.106303  0.991109  0.080017     1.398330
-0.133937 -0.094013  0.986520    -4.573174
>structures/HisRS_AF_Mito_Selaginella_moellendorffii_gene112349720.pdb
-0.994737 -0.094229 -0.040240    -6.769274
-0.098750  0.986420  0.131240    -0.802753
 0.027327  0.134523 -0.990534    -3.989853
>structures/HisRS_PDB_Arch_T_acidophilum_1WU7.pdb
 0.113280 -0.871570 -0.477004    70.019584
-0.820593  0.188608 -0.539495    38.160971
 0.560174  0.452540 -0.693839    19.484912
>structures/HisRS_PDB_Bact_B_thailandensis_4e51.pdb
-0.682937 -0.308586  0.662096   -30.560374
 0.025667  0.895692  0.443934   -19.494878
-0.730026  0.320173 -0.603781    28.531546
>structures/HisRS_PDB_Bact_E_coli_1HTT.pdb
-0.523769  0.851775 -0.012014   -24.892964
-0.614711 -0.387683 -0.686900    15.296315
-0.589742 -0.352392  0.726652   -22.786243
