>structures/HisRS_AF_Arch_Candidatus_Methanomassiliicoccus_intestinalis_Issoire-Mx1_gene16154026.pdb
-0.994024  0.058792  0.091981    -2.704331
 0.100369  0.823567  0.558269    -0.632414
-0.042931  0.564164 -0.824546    -1.067943
>structures/HisRS_AF_Arch_Candidatus_Nitrosopumilus_koreensis_AR1_gene13725657.pdb
 0.939254  0.277208 -0.202382     0.612597
-0.343207  0.752587 -0.561980    -1.581680
-0.003475  0.597301  0.802010    -1.722876
>structures/HisRS_AF_Arch_Desulfurococcus_amylolyticus_1221n_gene7171287.pdb
 0.406835 -0.445599 -0.797450     2.704721
 0.882097 -0.035298  0.469744     0.276918
-0.237466 -0.894537  0.378701    -0.682500
>structures/HisRS_AF_Arch_Methanoregula_formicica_SMSP_gene14310605.pdb
-0.893872  0.373844  0.247453    -2.228499
 0.416795  0.489637  0.765857     2.055612
 0.165149  0.787716 -0.593489    -1.271896
>structures/HisRS_AF_Bact_Chlamydia_muridarum_str_Nigg_gene1246198.pdb
 0.734216  0.678573 -0.021586     0.692708
-0.241789  0.231642 -0.942274    -1.721071
-0.634401  0.697052  0.334147     0.691663
>structures/HisRS_AF_Bact_Lacticaseibacillus_paracasei_gene61269730.pdb
 0.936213 -0.275306 -0.218432     4.338625
 0.288170  0.957147  0.028753     0.022948
 0.201156 -0.089865  0.975429     3.229622
>structures/HisRS_AF_Bact_Paracoccus_denitrificans_PD1222_gene75501415.pdb
 0.298296 -0.159860 -0.940991     0.731881
 0.895900 -0.293153  0.333804    -1.358964
-0.329216 -0.942606  0.055772    -1.569201
>structures/HisRS_AF_Bact_Prochlorococcus_marinus_subsp_marinus_str_CCMP1375_gene54200127.pdb
 0.217719 -0.380002 -0.898998    -0.122581
 0.814082 -0.437397  0.382040     6.139036
-0.538394 -0.815036  0.214123    -0.547918
>structures/HisRS_AF_Bact_Streptobacillus_moniliformis_DSM_12112_gene29674169.pdb
 0.944876 -0.277656 -0.173540     5.727176
 0.266869  0.960139 -0.083148    -0.996083
 0.189709  0.032252  0.981310     1.719100
>structures/HisRS_AF_Bact_Streptomyces_albidoflavus_gene15149169.pdb
 1.000000  0.000000  0.000000     0.000000
 0.000000  1.000000  0.000000     0.000000
 0.000000  0.000000  1.000000     0.000000
>structures/HisRS_AF_Bact_Thermus_thermophilus_HB8_gene3168691.pdb
 0.831629 -0.426862 -0.355221     3.261096
 0.474166  0.878772  0.054098    -0.292495
 0.289066 -0.213423  0.933216     3.365076
>structures/HisRS_AF_Bact_Treponema_denticola_ATCC_35405_gene2741405.pdb
 0.303190  0.583109 -0.753697    -0.932365
-0.435398 -0.618773 -0.653871     0.619732
-0.847646  0.526406  0.066279     0.899454
>structures/HisRS_AF_Euk_Arabidopsis_thaliana_gene823753.pdb
 0.996432  0.030110 -0.078852     0.889236
-0.027113  0.998878  0.038816    -0.381609
 0.079932 -0.036539  0.996130    -0.493967
>structures/HisRS_AF_Euk_Cryptococcus_gattii_WM276_gene10186972.pdb
 0.002520 -0.600503  0.799618     1.791482
-0.705049 -0.568124 -0.424431     0.305259
 0.709154 -0.562700 -0.424816    -0.466835
>structures/HisRS_AF_Euk_Homo_sapiens_gene3035.pdb
 0.922955 -0.327800 -0.201747     6.182292
 0.354703  0.927868  0.115095    -0.989932
 0.149466 -0.177788  0.972652     4.423186
>structures/HisRS_AF_Euk_Plasmodium_falciparum_3D7_gene812010.pdb
 0.692805 -0.181943 -0.697796   -10.365786
-0.292269  0.813765 -0.502359    -6.462539
 0.659242  0.551981  0.510604    -8.622926
>structures/HisRS_AF_Euk_Platysiphonia_delicata_gene33353157.pdb
 0.943529 -0.269647 -0.192469     6.646269
 0.273980  0.961726 -0.004253     0.159763
 0.186249 -0.048719  0.981294     3.247992
>structures/HisRS_AF_Euk_Saccharomyces_cerevisiae_S288C_gene856145.pdb
 0.996032 -0.053021 -0.071476     1.929015
 0.060754  0.991989  0.110760    -0.593911
 0.065031 -0.114663  0.991274    -1.812361
>structures/HisRS_AF_Mito_Homo_sapiens_gene23438.pdb
 0.980766 -0.165483 -0.103501     1.663084
 0.178917  0.974157  0.137868     0.159342
 0.078011 -0.153734  0.985028    -2.144152
>structures/HisRS_AF_Mito_Selaginella_moellendorffii_gene112349720.pdb
-0.910782 -0.390150  0.135125    -0.947541
-0.382155  0.920466  0.081852    -2.831518
-0.156312  0.022910 -0.987442    -2.003046
>structures/HisRS_PDB_Arch_T_acidophilum_1WU7.pdb
 0.215206 -0.965752 -0.144943    54.927026
-0.738287 -0.063742 -0.671468    57.339879
 0.639233  0.251514 -0.726720    32.820591
>structures/HisRS_PDB_Bact_B_thailandensis_4e51.pdb
-0.485422 -0.607337  0.628893   -25.097664
-0.196886  0.776789  0.598194   -26.666673
-0.851822  0.166557 -0.496646    26.749634
>structures/HisRS_PDB_Bact_E_coli_1HTT.pdb
-0.187178  0.982029  0.024136   -18.208553
-0.754818 -0.128059 -0.643312     6.714920
-0.628660 -0.138632  0.765224   -25.352113
