>structures/SepRS_AF_Arch_Methanothrix_thermoacetophila_PT_gene4462697.pdb
 1.000000  0.000000  0.000000     0.000000
 0.000000  1.000000  0.000000     0.000000
 0.000000  0.000000  1.000000     0.000000
>structures/SepRS_AF_Arch_unclassified_Candidatus_Bathyarchaeota_proteinUCD26266.1.pdb
-0.941599  0.008790  0.336623    -2.876283
 0.287202  0.542869  0.789182     0.368034
-0.175805  0.839772 -0.513689    -5.142918
>structures/SepRS_AF_Arch_unclassified_Lokiarchaeota_proteinTFF69421.1.pdb
-0.504398 -0.807514  0.305784    -3.191264
-0.810405  0.320486 -0.490442    -4.873841
 0.298039 -0.495186 -0.816066    -5.754183
>structures/SepRS_AF_Arch_unclassified_Thermoprotei_proteinRLF12424.1.pdb
-0.338828  0.456958  0.822426    -3.578174
 0.573171 -0.592943  0.565591     0.289355
 0.746104  0.663029 -0.061010    -4.563663
>structures/SepRS_PDB_Arch_2DU4_A_fulgidus.pdb
 0.579829  0.774623 -0.252503   -71.852611
 0.228566  0.142817  0.962996     0.651920
 0.782020 -0.616086 -0.094243    12.520846
>structures/SepRS_PDB_Arch_2ODR_M_maripadulis.pdb
 0.195412 -0.123603  0.972901   -42.696522
-0.951598  0.216062  0.218583    56.455014
-0.237225 -0.968524 -0.075400    25.886398
