>structures/HisRS_AF_Arch_Candidatus_Methanomassiliicoccus_intestinalis_Issoire-Mx1_gene16154026.pdb
-0.492770  0.552506  0.672246    -7.808030
 0.410563 -0.533529  0.739449     1.281955
 0.767213  0.640378  0.036069     1.418268
>structures/HisRS_AF_Arch_Candidatus_Nitrosopumilus_koreensis_AR1_gene13725657.pdb
 0.351077  0.480946 -0.803390    -6.824800
-0.379010 -0.711582 -0.591610     2.451989
-0.856210  0.512194 -0.067536    -3.194281
>structures/HisRS_AF_Arch_Desulfurococcus_amylolyticus_1221n_gene7171287.pdb
 0.999851  0.002713 -0.017031    -0.106153
-0.002978  0.999875 -0.015520    -0.228497
 0.016987  0.015568  0.999734    -0.002859
>structures/HisRS_AF_Arch_Methanoregula_formicica_SMSP_gene14310605.pdb
-0.250400  0.245577  0.936479    -4.907622
 0.151942 -0.945339  0.288527     2.395523
 0.956145  0.214537  0.199399     3.067184
>structures/HisRS_AF_Bact_Chlamydia_muridarum_str_Nigg_gene1246198.pdb
 0.350629  0.287469 -0.891303    -5.126656
 0.196022 -0.953170 -0.230310     1.239229
-0.915770 -0.093962 -0.390559    -0.750236
>structures/HisRS_AF_Bact_Lacticaseibacillus_paracasei_gene61269730.pdb
 0.567676  0.728052 -0.384296    -2.231214
-0.676800  0.146956 -0.721350    -2.636671
-0.468706  0.669585  0.576169    -0.791459
>structures/HisRS_AF_Bact_Paracoccus_denitrificans_PD1222_gene75501415.pdb
 0.980761  0.060969 -0.185446    -3.818101
 0.010170  0.932728  0.360438     3.429660
 0.194946 -0.355390  0.914163    -1.102668
>structures/HisRS_AF_Bact_Prochlorococcus_marinus_subsp_marinus_str_CCMP1375_gene54200127.pdb
 0.960989 -0.244285 -0.129710     2.259195
 0.270374  0.928531  0.254419     2.625024
 0.058289 -0.279564  0.958356     4.143270
>structures/HisRS_AF_Bact_Streptobacillus_moniliformis_DSM_12112_gene29674169.pdb
 0.561402  0.674452 -0.479524    -2.208565
-0.666635  0.025243 -0.744957    -1.873118
-0.490333  0.737887  0.463785    -3.318234
>structures/HisRS_AF_Bact_Streptomyces_albidoflavus_gene15149169.pdb
 0.465966  0.827932 -0.312099    -3.622904
-0.487624 -0.054038 -0.871379     1.792654
-0.738308  0.558220  0.378540     0.269174
>structures/HisRS_AF_Bact_Thermus_thermophilus_HB8_gene3168691.pdb
 0.668655  0.600162 -0.438983    -3.660766
-0.706944  0.330099 -0.625512    -2.270270
-0.230501  0.728588  0.645003    -1.070260
>structures/HisRS_AF_Bact_Treponema_denticola_ATCC_35405_gene2741405.pdb
 0.094880 -0.417763 -0.903588    -3.613244
 0.652448 -0.659457  0.373402     1.335613
-0.751871 -0.624973  0.210000     2.496426
>structures/HisRS_AF_Euk_Arabidopsis_thaliana_gene823753.pdb
 0.499339  0.807095 -0.315053    -4.932076
-0.556948  0.020468 -0.830295     2.182852
-0.663678  0.590067  0.459731    -1.746785
>structures/HisRS_AF_Euk_Cryptococcus_gattii_WM276_gene10186972.pdb
-0.797384 -0.529426  0.289633    -4.442684
-0.548759  0.835808  0.017010     1.424189
-0.251083 -0.145375 -0.956987    -2.159052
>structures/HisRS_AF_Euk_Homo_sapiens_gene3035.pdb
 0.665305  0.613576 -0.425317    -4.325709
-0.618345  0.133637 -0.774461    -4.583471
-0.418352  0.778245  0.468311    -3.633642
>structures/HisRS_AF_Euk_Plasmodium_falciparum_3D7_gene812010.pdb
-0.138710  0.320852 -0.936917   -11.315539
-0.890708 -0.453963 -0.023593    16.424694
-0.432895  0.831247  0.348755     0.546417
>structures/HisRS_AF_Euk_Platysiphonia_delicata_gene33353157.pdb
 0.542670  0.737578 -0.401855    -0.285706
-0.659356  0.077691 -0.747806    -4.189465
-0.520344  0.670778  0.528488    -2.157471
>structures/HisRS_AF_Mito_Homo_sapiens_gene23438.pdb
 0.595524  0.709218 -0.377309    -2.839175
-0.594388  0.073042 -0.800854     3.522639
-0.540421  0.701196  0.465049    -2.266427
>structures/HisRS_AF_Mito_Selaginella_moellendorffii_gene112349720.pdb
-0.762479  0.495074  0.416567    -7.608331
 0.537496  0.126270  0.833759     3.210891
 0.360172  0.859626 -0.362379    -1.809112
>structures/HisRS_PDB_Arch_T_acidophilum_1WU7.pdb
-0.551436 -0.762005 -0.339509    58.690610
-0.583127  0.061058  0.810083   -56.041403
-0.596558  0.644686 -0.478015     7.228096
>structures/HisRS_PDB_Bact_B_thailandensis_4e51.pdb
-0.043154  0.352761  0.934718   -44.837610
 0.998410  0.049184  0.027533    -4.722452
-0.036260  0.934420 -0.354322    16.465110
>structures/HisRS_PDB_Bact_E_coli_1HTT.pdb
-0.504898  0.344458 -0.791471     3.852589
 0.695890 -0.380065 -0.609334    32.950178
-0.510701 -0.858428 -0.047811     8.174268
