>structures/HisRS_AF_Arch_Candidatus_Methanomassiliicoccus_intestinalis_Issoire-Mx1_gene16154026.pdb
 0.797647 -0.118070 -0.591455    23.585398
-0.223763  0.852730 -0.471998    52.862675
 0.560080  0.508834  0.653757    22.457247
>structures/HisRS_AF_Arch_Candidatus_Nitrosopumilus_koreensis_AR1_gene13725657.pdb
 0.319307 -0.428055 -0.845466   -22.886196
 0.836201 -0.292510  0.463903    16.623428
-0.445883 -0.855107  0.264539    24.633195
>structures/HisRS_AF_Arch_Desulfurococcus_amylolyticus_1221n_gene7171287.pdb
 0.782819  0.611110 -0.117212   -19.694943
 0.155386 -0.374383 -0.914162    10.663490
-0.602536  0.697411 -0.388032     8.218648
>structures/HisRS_AF_Arch_Methanoregula_formicica_SMSP_gene14310605.pdb
 0.020648  0.474365 -0.880086     8.607545
-0.376794 -0.811674 -0.446331    29.671460
-0.926067  0.340827  0.161978   -15.319433
>structures/HisRS_AF_Bact_Chlamydia_muridarum_str_Nigg_gene1246198.pdb
 0.400580  0.050296 -0.914880   -27.227913
-0.611103  0.758642 -0.225864    66.259988
 0.682707  0.649563  0.334633    -4.195157
>structures/HisRS_AF_Bact_Lacticaseibacillus_paracasei_gene61269730.pdb
-0.586697 -0.498577 -0.638128   -16.295932
 0.790770 -0.522577 -0.318741    21.486311
-0.174554 -0.691617  0.700854    28.600648
>structures/HisRS_AF_Bact_Paracoccus_denitrificans_PD1222_gene75501415.pdb
-0.808277 -0.510080  0.294120    13.416119
 0.566569 -0.809743  0.152697    53.065605
 0.160274  0.290061  0.943492    28.299575
>structures/HisRS_AF_Bact_Prochlorococcus_marinus_subsp_marinus_str_CCMP1375_gene54200127.pdb
-0.319080  0.923040 -0.214907   -17.082553
 0.188565 -0.160394 -0.968874    14.704987
-0.928779 -0.349672 -0.122875    18.988026
>structures/HisRS_AF_Bact_Streptobacillus_moniliformis_DSM_12112_gene29674169.pdb
-0.576027 -0.611086 -0.542924   -13.938918
 0.811777 -0.505627 -0.292165    21.821450
-0.095979 -0.609028  0.787320    27.097441
>structures/HisRS_AF_Bact_Streptomyces_albidoflavus_gene15149169.pdb
 0.546129  0.827712 -0.128980   -18.863505
-0.180029  0.266339  0.946918    72.335747
 0.818128 -0.493919  0.294468    -0.147490
>structures/HisRS_AF_Bact_Thermus_thermophilus_HB8_gene3168691.pdb
-0.769360 -0.477920 -0.423883   -11.826411
 0.638530 -0.555518 -0.532616    18.224984
 0.019073 -0.680435  0.732560    26.664612
>structures/HisRS_AF_Bact_Treponema_denticola_ATCC_35405_gene2741405.pdb
-0.681362  0.243599  0.690221    20.122586
-0.685243  0.119157 -0.718501    49.395401
-0.257271 -0.962528  0.085736    27.002846
>structures/HisRS_AF_Euk_Arabidopsis_thaliana_gene823753.pdb
-0.044458  0.582382 -0.811699   -17.313626
 0.832095 -0.428049 -0.352694    10.201369
-0.552849 -0.691090 -0.465567    18.048399
>structures/HisRS_AF_Euk_Cryptococcus_gattii_WM276_gene10186972.pdb
-0.835407  0.235364  0.496688   -19.701896
 0.197937 -0.714209  0.671362    13.657293
 0.512753  0.659174  0.550068    -0.361812
>structures/HisRS_AF_Euk_Plasmodium_falciparum_3D7_gene812010.pdb
 0.384202  0.299823  0.873210    14.441379
 0.436982  0.774098 -0.458059    31.554711
-0.813287  0.557564  0.166392    36.767236
>structures/HisRS_AF_Euk_Platysiphonia_delicata_gene33353157.pdb
-0.522213 -0.648899 -0.553375   -16.540961
 0.852438 -0.377878 -0.361327    21.190028
 0.025357 -0.660407  0.750479    25.671069
>structures/HisRS_PDB_Arch_T_acidophilum_1WU7.pdb
-0.652083 -0.383071 -0.654251    65.936749
-0.587046 -0.290958  0.755460   -16.447928
-0.479754  0.876698 -0.035152    -2.747956
>structures/HisRS_PDB_Bact_B_thailandensis_4e51.pdb
 0.714867 -0.615146 -0.332508    -0.532283
-0.353109 -0.727997  0.587651    -8.106756
-0.603556 -0.302681 -0.737634    61.720823
>structures/HisRS_PDB_Bact_E_coli_1HTT.pdb
 1.000000  0.000000  0.000000     0.000000
 0.000000  1.000000  0.000000     0.000000
 0.000000  0.000000  1.000000     0.000000
