>structures/HisRS_AF_Arch_Candidatus_Methanomassiliicoccus_intestinalis_Issoire-Mx1_gene16154026.pdb
 0.852788 -0.511456 -0.105661    -0.265329
 0.505031  0.756073  0.416291     3.647072
-0.133027 -0.408371  0.903071    -2.650338
>structures/HisRS_AF_Arch_Candidatus_Nitrosopumilus_koreensis_AR1_gene13725657.pdb
-0.767246 -0.580701  0.272250    -1.857290
-0.623509  0.575925 -0.528722    -0.594034
 0.150233 -0.575410 -0.803948     0.162566
>structures/HisRS_AF_Arch_Desulfurococcus_amylolyticus_1221n_gene7171287.pdb
-0.768438  0.540792  0.342122    -7.450544
 0.479973  0.133483  0.867068     5.322309
 0.423237  0.830497 -0.362139     0.041939
>structures/HisRS_AF_Arch_Methanoregula_formicica_SMSP_gene14310605.pdb
 0.565167 -0.643857 -0.515785    -1.851951
 0.774723  0.199341  0.600057     7.174241
-0.283533 -0.738723  0.611472    -0.674261
>structures/HisRS_AF_Bact_Chlamydia_muridarum_str_Nigg_gene1246198.pdb
-0.496393 -0.762175  0.415551    -2.657839
-0.600176 -0.044539 -0.798627     2.069644
 0.627202 -0.645837 -0.435330    -0.604790
>structures/HisRS_AF_Bact_Lacticaseibacillus_paracasei_gene61269730.pdb
-0.966031 -0.228720  0.120300    -6.877625
-0.197850  0.954038  0.225091     2.837200
-0.166254  0.193644 -0.966882    -2.712784
>structures/HisRS_AF_Bact_Paracoccus_denitrificans_PD1222_gene75501415.pdb
-0.678705  0.340954  0.650469    -2.935333
 0.634543 -0.173672  0.753122     3.007087
 0.369748  0.923898 -0.098478     1.761132
>structures/HisRS_AF_Bact_Prochlorococcus_marinus_subsp_marinus_str_CCMP1375_gene54200127.pdb
-0.560062  0.576434  0.595025    -5.478109
 0.564145 -0.260614  0.783467     9.679702
 0.606689  0.774470 -0.179232     1.771367
>structures/HisRS_AF_Bact_Streptobacillus_moniliformis_DSM_12112_gene29674169.pdb
-0.962904 -0.229057  0.142647    -7.388399
-0.219740  0.972421  0.078173     0.680794
-0.156619  0.043928 -0.986682    -1.187948
>structures/HisRS_AF_Bact_Streptomyces_albidoflavus_gene15149169.pdb
-0.887792 -0.450767 -0.092924    -3.105631
-0.457593  0.886141  0.073226     3.488315
 0.049336  0.107531 -0.992977    -0.146405
>structures/HisRS_AF_Bact_Thermus_thermophilus_HB8_gene3168691.pdb
-0.970660 -0.007280  0.240347    -5.603771
 0.058372  0.962509  0.264894     1.756890
-0.233264  0.271151 -0.933844    -2.963509
>structures/HisRS_AF_Bact_Treponema_denticola_ATCC_35405_gene2741405.pdb
 0.006642 -0.243655  0.969839    -2.763264
-0.539144 -0.817695 -0.201739     5.992342
 0.842187 -0.521543 -0.136796    -0.629898
>structures/HisRS_AF_Euk_Arabidopsis_thaliana_gene823753.pdb
-0.909419 -0.412765 -0.050820    -2.965948
-0.415236  0.894398  0.166228     1.966692
-0.023160  0.172273 -0.984777     0.420827
>structures/HisRS_AF_Euk_Cryptococcus_gattii_WM276_gene10186972.pdb
 0.248725  0.812203 -0.527695    -4.033341
-0.651856 -0.262598 -0.711426     2.094251
-0.716394  0.520931  0.464124     0.281919
>structures/HisRS_AF_Euk_Homo_sapiens_gene3035.pdb
-0.984262 -0.159957  0.075108    -7.845343
-0.149752  0.980656  0.126047     0.045387
-0.093817  0.112815 -0.989177    -4.047513
>structures/HisRS_AF_Euk_Plasmodium_falciparum_3D7_gene812010.pdb
-0.526585 -0.200258  0.826199    10.711144
-0.543241  0.826815 -0.145832     2.177827
-0.653909 -0.525618 -0.544177     8.894718
>structures/HisRS_AF_Euk_Platysiphonia_delicata_gene33353157.pdb
-0.959435 -0.264060  0.098772    -9.645252
-0.245404  0.954669  0.168474     2.315901
-0.138782  0.137401 -0.980745    -2.803751
>structures/HisRS_AF_Euk_Saccharomyces_cerevisiae_S288C_gene856145.pdb
-0.927141 -0.370624 -0.055211    -3.921311
-0.374697  0.918370  0.127275     1.814786
 0.003533  0.138689 -0.990330     1.431146
>structures/HisRS_AF_Mito_Homo_sapiens_gene23438.pdb
-0.960542 -0.277693  0.015691    -4.145349
-0.273002  0.952099  0.137755     2.705763
-0.053193  0.128035 -0.990342     2.763868
>structures/HisRS_AF_Mito_Selaginella_moellendorffii_gene112349720.pdb
 0.999861 -0.014868  0.007559    -0.308973
 0.015030  0.999649 -0.021819     0.515703
-0.007232  0.021929  0.999733     0.110060
>structures/HisRS_PDB_Arch_T_acidophilum_1WU7.pdb
-0.078940  0.838269  0.539512   -80.488763
-0.837268  0.237989 -0.492284    32.560215
-0.541065 -0.490577  0.683069   -23.006292
>structures/HisRS_PDB_Bact_B_thailandensis_4e51.pdb
 0.555140  0.106942 -0.824853    30.682545
 0.059829  0.983997  0.167841    -4.108365
 0.829602 -0.142525  0.539858   -28.539134
>structures/HisRS_PDB_Bact_E_coli_1HTT.pdb
 0.601023 -0.756232  0.258621    10.595889
-0.618911 -0.645120 -0.448073    17.262221
 0.505689  0.109239 -0.855772    27.220775
