>../../../../class2/asp1//data/domains/Catalytic_domain/structures/AspRS_AF_Arch_Candidatus_Methanomassiliicoccus_intestinalis_Issoire-Mx1_gene16154434.pdb
-0.262096 -0.867928  0.421909    40.429152
-0.497721 -0.252987 -0.829621    24.433645
 0.826789 -0.427433 -0.365679     4.153191
>../../../../class2/asp1//data/domains/Catalytic_domain/structures/AspRS_AF_Arch_unclassified_Euryarchaeota_proteinHHT76046.1.pdb
-0.066408 -0.984286  0.163617    36.633910
-0.497788 -0.109433 -0.860367    28.746747
 0.864752 -0.138582 -0.482699     0.483781
>../../../../class2/asp1//data/domains/Catalytic_domain/structures/AspRS_AF_Bact_Bacillus_anthracis_str_Ames_Ancestor_gene45024275.pdb
 0.062311  0.992007 -0.109721    35.430769
-0.946578  0.023889 -0.321590    22.278878
-0.316398  0.123898  0.940501     0.585989
>../../../../class2/asp1//data/domains/Catalytic_domain/structures/AspRS_AF_Bact_Brachyspira_pilosicoli_95_1000_gene56440011.pdb
-0.184967 -0.979225 -0.083095    38.099478
-0.521324  0.169446 -0.836367    28.401551
 0.833072 -0.111381 -0.541836     1.193210
>../../../../class2/asp1//data/domains/Catalytic_domain/structures/AspRS_AF_Bact_Chlamydia_muridarum_str_Nigg_gene1246197.pdb
-0.715990 -0.638536 -0.282188    38.322755
-0.439893  0.726533 -0.527868    28.924010
 0.542081 -0.253816 -0.801077     1.119192
>../../../../class2/asp1//data/domains/Catalytic_domain/structures/AspRS_AF_Bact_Mycoplasma_hyopneumoniae_168-L_gene57101115.pdb
 0.050015 -0.633101  0.772452    42.500224
-0.265521 -0.754016 -0.600799    27.556128
 0.962807 -0.175053 -0.205814     5.264710
>../../../../class2/asp1//data/domains/Catalytic_domain/structures/AspRS_AF_Bact_Nocardia_cyriacigeorgica_GUH-2_gene45501717.pdb
 0.186787  0.752661  0.631358    38.612970
 0.818041 -0.475028  0.324278    33.227982
 0.543984  0.455906 -0.704437     0.259499
>../../../../class2/asp1//data/domains/Catalytic_domain/structures/AspRS_AF_Bact_Porphyromonas_gingivalis_ATCC_33277_gene29255515.pdb
 0.985401  0.157991 -0.063429    39.119488
-0.105947  0.860714  0.497943    27.123372
 0.133265 -0.483953  0.864887    -0.837638
>../../../../class2/asp1//data/domains/Catalytic_domain/structures/AspRS_AF_Bact_Prochlorococcus_marinus_subsp_marinus_str_CCMP1375_gene54201182.pdb
-0.757206 -0.637271 -0.143264    35.465275
-0.380629  0.608751 -0.696092    23.509546
 0.530812 -0.472555 -0.703513     2.494411
>../../../../class2/asp1//data/domains/Catalytic_domain/structures/AspRS_AF_Bact_Xylella_fastidiosa_Temecula1_gene58016479.pdb
 0.123842  0.799984  0.587102    36.247692
 0.830715 -0.407194  0.379612    27.817715
 0.542748  0.440703 -0.714987    -1.473318
>../../../../class2/asp1//data/domains/Catalytic_domain/structures/AspRS_AF_Mito_Oryza_sativa_Japonica_Group_gene4324505.pdb
 0.224137 -0.945100 -0.237800    40.601693
 0.514748 -0.092386  0.852349    32.860527
-0.827525 -0.313450  0.465781    -2.030163
>../../../../class2/asp1//data/domains/Catalytic_domain/structures/AspRS_AF_Mito_Oryzias_melastigma_gene112147132.pdb
 0.341948 -0.545164  0.765420    35.643345
 0.182284 -0.760569 -0.623143    27.728599
 0.921870  0.352606 -0.160701     0.185149
>../../../../class2/asp1//data/domains/Catalytic_domain/structures/AspRS_PDB_Bact_E_coli_1c0a.pdb
 0.750040 -0.494599  0.439104    14.787266
-0.576722 -0.814095  0.068126    93.036723
 0.323777 -0.304338 -0.895850   -12.223134
>../../../../class2/gly2//data/domains/Catalytic_domain/structures/GlyRS-Bα_AF_Bact_Brachyspira_pilosicoli_95_1000_gene56440230.pdb
-0.814705 -0.247822  0.524252    24.012257
-0.187339  0.968082  0.166495    29.808927
-0.548780  0.037432 -0.835128     0.074640
>../../../../class2/gly2//data/domains/Catalytic_domain/structures/GlyRS-Bα_AF_Bact_Chlamydia_pneumoniae_TW-183_gene45051002.pdb
 0.936236  0.137883  0.323188    30.235814
 0.265799  0.323661 -0.908072    33.055145
-0.229811  0.936073  0.266374    20.779652
>../../../../class2/gly2//data/domains/Catalytic_domain/structures/GlyRS-Bα_AF_Bact_Lacticaseibacillus_paracasei_gene61269714.pdb
 0.613672  0.105509 -0.782480    25.241448
-0.050288 -0.983796 -0.172093    28.612303
-0.787958  0.144958 -0.598422    -0.638816
>../../../../class2/gly2//data/domains/Catalytic_domain/structures/GlyRS-Bα_AF_Bact_Prochlorococcus_marinus_subsp_marinus_str_CCMP1375_gene54200602.pdb
 0.385236  0.381060 -0.840468    25.076413
 0.700799 -0.713356 -0.002211    28.244671
-0.600395 -0.588147 -0.541856    -0.802863
>../../../../class2/gly2//data/domains/Catalytic_domain/structures/GlyRS-Bα_AF_Bact_Salmonella_enterica_subsp_enterica_serovar_Typhimurium_str_LT2_gene1255180.pdb
 0.637610 -0.260839 -0.724856    25.747939
 0.768578  0.151430  0.621577    27.539952
-0.052366 -0.953432  0.297028     0.706883
>../../../../class2/gly2//data/domains/Catalytic_domain/structures/GlyRS-Bα_AF_Bact_Streptobacillus_moniliformis_DSM_12112_gene29673275.pdb
 0.432682  0.484434 -0.760336    25.029350
 0.532305 -0.817943 -0.218220    28.411007
-0.727624 -0.310311 -0.611776    -0.344396
>../../../../class2/gly2//data/domains/Catalytic_domain/structures/GlyRS-Bα_AF_Euk_Ostreococcus_tauri_gene9837276.pdb
 0.616505 -0.729925 -0.295179    29.744755
 0.447201  0.633184 -0.631735    33.632768
 0.648022  0.257463  0.716784    19.002637
>../../../../class2/gly2//data/domains/Catalytic_domain/structures/GlyRS-Bα_AF_Mito_Nymphaea_colorata_gene116265348.pdb
 0.795396  0.315905  0.517252    28.582058
 0.523772  0.071161 -0.848881    33.116441
-0.304974  0.946119 -0.108861    21.356858
>../../../../class2/gly2//data/domains/Catalytic_domain/structures/GlyRS-Bα_PDB_Bact_A_aeolicus_5f5w.pdb
 0.387904 -0.072998 -0.918804    42.951343
-0.921452 -0.007601 -0.388418   -16.958487
 0.021370  0.997303 -0.070213   -10.957625
>../../../../class2/gly2//data/domains/Catalytic_domain/structures/GlyRS-Bα_PDB_Bact_C_jejuni_3ufg.pdb
 1.000000  0.000000  0.000000     0.000000
 0.000000  1.000000  0.000000     0.000000
 0.000000  0.000000  1.000000     0.000000
>../../../../class2/gly2//data/domains/Catalytic_domain/structures/GlyRS-Bα_PDB_Bact_T_maritima_1j5w.pdb
 0.914790  0.144806 -0.377082   -17.375168
 0.373661 -0.657939  0.653830    46.129573
-0.153418 -0.739018 -0.655984    54.342421
