>../../../../class1/ile//data/domains/Catalytic_domain/structures/IleRS_AF_Arch_Candidatus_Korarchaeum_cryptofilum_OPF8_gene6094904.pdb
 0.076769  0.774681 -0.627675    -0.859194
-0.448692 -0.535343 -0.715601     2.687728
-0.890383  0.336568  0.306495     2.682602
>../../../../class1/ile//data/domains/Catalytic_domain/structures/IleRS_AF_Arch_Candidatus_Nitrosopumilus_sediminis_gene13697091.pdb
-0.556850 -0.652152  0.514408     4.229075
-0.693593  0.024345 -0.719956     1.623974
 0.456998 -0.757697 -0.465884     3.631446
>../../../../class1/ile//data/domains/Catalytic_domain/structures/IleRS_AF_Arch_Pyrobaculum_aerophilum_str_IM2_gene1465853.pdb
 0.153303  0.018612  0.988004    -0.961732
-0.042478 -0.998774  0.025406     7.137759
 0.987266 -0.045864 -0.152324     0.910480
>../../../../class1/ile//data/domains/Catalytic_domain/structures/IleRS_AF_Arch_Thermoplasma_acidophilum_DSM_1728_gene1456418.pdb
 0.408502 -0.304983 -0.860297    -0.109439
 0.204686 -0.887912  0.411965     1.889872
-0.889511 -0.344379 -0.300288     3.081804
>../../../../class1/ile//data/domains/Catalytic_domain/structures/IleRS_AF_Bact_Chlamydia_muridarum_str_Nigg_gene1246458.pdb
 1.000000  0.000000  0.000000     0.000000
 0.000000  1.000000  0.000000     0.000000
 0.000000  0.000000  1.000000     0.000000
>../../../../class1/ile//data/domains/Catalytic_domain/structures/IleRS_AF_Bact_Lactobacillus_acidophilus_La-14_gene56942445.pdb
 0.097238  0.358633  0.928400    -1.052259
 0.434704 -0.854443  0.284534     3.581898
 0.895308  0.375912 -0.238984    -0.264141
>../../../../class1/ile//data/domains/Catalytic_domain/structures/IleRS_AF_Bact_Mycoplasma_hyopneumoniae_168-L_gene57100872.pdb
 0.098494  0.438667  0.893236    -3.022015
 0.471786 -0.810899  0.346209     3.973047
 0.876195  0.387316 -0.286825     1.670763
>../../../../class1/ile//data/domains/Catalytic_domain/structures/IleRS_AF_Bact_Orientia_tsutsugamushi_str_Ikeda_gene66653313.pdb
-0.989921  0.066310  0.125138    -0.718560
 0.112143  0.906658  0.406689     2.131097
-0.086490  0.416623 -0.904956     3.567542
>../../../../class1/ile//data/domains/Catalytic_domain/structures/IleRS_AF_Bact_Porphyromonas_gingivalis_ATCC_33277_gene29255747.pdb
-0.981222  0.158418  0.110029    -2.662643
 0.189616  0.896769  0.399814     2.459266
-0.035333  0.413169 -0.909968     5.689274
>../../../../class1/ile//data/domains/Catalytic_domain/structures/IleRS_AF_Bact_Streptobacillus_moniliformis_DSM_12112_gene29674186.pdb
 0.013245  0.368724  0.929445    -0.606476
 0.483956 -0.815764  0.316728     8.425424
 0.874992  0.445615 -0.189251     3.638409
>../../../../class1/ile//data/domains/Catalytic_domain/structures/IleRS_AF_Bact_Thermus_thermophilus_HB8_gene3168241.pdb
 0.985484  0.168044 -0.024154    -1.765723
-0.169757  0.973566 -0.152810    -0.358991
-0.002164  0.154692  0.987960     2.385630
>../../../../class1/ile//data/domains/Catalytic_domain/structures/IleRS_AF_Bact_Treponema_pallidum_subsp_pertenue_str_SamoaD_gene57878975.pdb
 0.458047  0.722415 -0.517986    -1.100686
-0.794479  0.071311 -0.603091     1.187246
-0.398743  0.687773  0.606607     1.846618
>../../../../class1/ile//data/domains/Catalytic_domain/structures/IleRS_AF_Euk_Cyanidioschyzon_merolae_strain_10D_gene16992835.pdb
 0.834200 -0.472786 -0.283873    -1.241586
 0.510434  0.467139  0.721968     2.676771
-0.208729 -0.747164  0.631014     1.512475
>../../../../class1/ile//data/domains/Catalytic_domain/structures/IleRS_AF_Euk_Ostreococcus_lucimarinus_CCE9901_gene5000489.pdb
 0.178720  0.694080 -0.697361    -0.589116
-0.773690 -0.338726 -0.535415     1.437780
-0.607835  0.635230  0.476465    -2.443128
>../../../../class1/ile//data/domains/Catalytic_domain/structures/IleRS_AF_Euk_Trypanosoma_brucei_brucei_TREU927_gene3663037.pdb
 0.049183  0.533370 -0.844451    -0.393161
-0.615695 -0.649537 -0.446118     3.069490
-0.786448  0.541866  0.296447     0.126506
>../../../../class1/ile//data/domains/Catalytic_domain/structures/IleRS_AF_Euk_Ustilago_maydis_521_gene23568123.pdb
-0.137886  0.766499  0.627270    -3.883700
 0.744562 -0.337429  0.575994     2.816264
 0.653158  0.546463 -0.524179     1.329527
>../../../../class1/ile//data/domains/Catalytic_domain/structures/IleRS_AF_Mito_Drosophila_melanogaster_gene39762.pdb
-0.934095 -0.339879 -0.109312    -4.087734
-0.329678  0.938642 -0.101312     3.284453
 0.137039 -0.058597 -0.988831     5.095123
>../../../../class1/ile//data/domains/Catalytic_domain/structures/IleRS_AF_Mito_Homo_sapiens_gene55699.pdb
 0.151461  0.382550  0.911436    -2.468707
 0.448617 -0.848242  0.281476     3.783486
 0.880796  0.366254 -0.300094     0.953081
>../../../../class1/ile//data/domains/Catalytic_domain/structures/IleRS_AF_Vir_Megavirus_chiliensis_gene11256744.pdb
-0.937979  0.298592  0.176176    -1.004312
 0.342227  0.716145  0.608290     1.506353
 0.055463  0.630856 -0.773915     3.750499
>../../../../class1/ile//data/domains/Catalytic_domain/structures/IleRS_PDB_Bact_S_aureus_1QU2.pdb
 0.721611  0.427898  0.544224   -99.459392
 0.007681 -0.791013  0.611752    20.847147
 0.692256 -0.437267 -0.574090    69.129966
>../../../../class1/ile//data/domains/Catalytic_domain/structures/IleRS_PDB_Bact_T_therm_1ILE.pdb
 0.931600  0.191006 -0.309253    12.958233
-0.334994  0.781364 -0.526544   -22.394837
 0.141067  0.594127  0.791905    30.111671
>../../../../class1/ile//data/domains/Catalytic_domain/structures/IleRS_PDB_Euk_S_cere_7D5C.pdb
-0.151611  0.432921 -0.888591    29.812549
 0.669838  0.706079  0.229714   -14.249480
 0.726864 -0.560385 -0.397036    18.262135
>../../../../class1/leu1//data/domains/Catalytic_domain/structures/LeuRS-B_AF_Bact_Bifidobacterium_longum_subsp_longum_JCM_1217_gene69578373.pdb
 0.219981 -0.447553  0.866778    -8.292009
-0.700614 -0.690760 -0.178858     0.293119
 0.678785 -0.567932 -0.465516     5.246968
>../../../../class1/leu1//data/domains/Catalytic_domain/structures/LeuRS-B_AF_Bact_Brachyspira_pilosicoli_95_1000_gene56439070.pdb
 0.231248  0.471619  0.850941    -6.779631
 0.164213 -0.881020  0.443664     1.561421
 0.958936  0.037139 -0.281180     2.399423
>../../../../class1/leu1//data/domains/Catalytic_domain/structures/LeuRS-B_AF_Bact_Chlamydia_psittaci_6BC_gene12243068.pdb
-0.046332  0.850572 -0.523813    -6.202431
-0.277967 -0.514644 -0.811096     1.873108
-0.959473  0.108024  0.260276     3.400174
>../../../../class1/leu1//data/domains/Catalytic_domain/structures/LeuRS-B_AF_Bact_Clostridium_botulinum_A_str_ATCC_3502_gene5187707.pdb
 0.624823 -0.748337 -0.222684    -5.637506
 0.764077  0.527414  0.371513    -2.347721
-0.160570 -0.402278  0.901327     4.338799
>../../../../class1/leu1//data/domains/Catalytic_domain/structures/LeuRS-B_AF_Bact_Mycoplasma_hyopneumoniae_168-L_gene57101518.pdb
-0.937919  0.340582 -0.065666    -7.937949
 0.199458  0.684480  0.701215    -0.355990
 0.283769  0.644585 -0.709919     4.131531
>../../../../class1/leu1//data/domains/Catalytic_domain/structures/LeuRS-B_AF_Bact_Orientia_tsutsugamushi_str_Ikeda_gene66652454.pdb
 0.140671  0.937772 -0.317483    -6.049207
-0.359544 -0.250391 -0.898906     1.491259
-0.922464  0.240599  0.301948     4.639135
>../../../../class1/leu1//data/domains/Catalytic_domain/structures/LeuRS-B_AF_Bact_Porphyromonas_gingivalis_ATCC_33277_gene29256038.pdb
 0.201958  0.236706  0.950360    -7.009090
-0.161575 -0.949006  0.270705     2.190520
 0.965974 -0.208225 -0.153413     4.220348
>../../../../class1/leu1//data/domains/Catalytic_domain/structures/LeuRS-B_AF_Bact_Thermus_thermophilus_HB8_gene3168656.pdb
 0.721008 -0.674802 -0.157447    -1.433850
 0.671171  0.623614  0.400793     2.900482
-0.172270 -0.394649  0.902538     6.436011
>../../../../class1/leu1//data/domains/Catalytic_domain/structures/LeuRS-B_AF_Euk_Bathycoccus_prasinos_gene19015540.pdb
-0.037311  0.738285 -0.673456    -7.583737
-0.376038 -0.634763 -0.675034     1.114601
-0.925853  0.228059  0.301307     4.612239
>../../../../class1/leu1//data/domains/Catalytic_domain/structures/LeuRS-B_AF_Euk_Klebsormidium_nitens_protein971510658.pdb
-0.982548  0.132820 -0.130228    -6.636012
 0.016631  0.760028  0.649677     0.776644
 0.185267  0.636173 -0.748973     4.666976
>../../../../class1/leu1//data/domains/Catalytic_domain/structures/LeuRS-B_AF_Euk_Plasmodium_falciparum_3D7_gene2655460.pdb
 0.195987 -0.620936  0.758965    -1.573679
-0.707356 -0.625556 -0.329130     0.266341
 0.679144 -0.472353 -0.561824     5.537436
>../../../../class1/leu1//data/domains/Catalytic_domain/structures/LeuRS-B_AF_Euk_Thalassiosira_pseudonana_CCMP1335_gene7441753.pdb
 0.208210  0.285704  0.935426    -4.035666
 0.085006 -0.958053  0.273694     2.801482
 0.974383  0.022531 -0.223763     7.784857
>../../../../class1/leu1//data/domains/Catalytic_domain/structures/LeuRS-B_AF_Mito_Drosophila_melanogaster_gene38581.pdb
-0.848046  0.462524  0.258630    -5.986231
 0.466505  0.420091  0.778393    -0.324743
 0.251377  0.780766 -0.572026     0.537167
>../../../../class1/leu1//data/domains/Catalytic_domain/structures/LeuRS-B_AF_Mito_Homo_sapiens_gene23395.pdb
 0.035164  0.781768 -0.622578    -7.413952
-0.215292 -0.602410 -0.768603     0.348097
-0.975916  0.161063  0.147126     2.007822
>../../../../class1/leu1//data/domains/Catalytic_domain/structures/LeuRS-B_PDB_Bact_T_therm_2V0C.pdb
 0.083110 -0.404476 -0.910764    -3.111670
-0.762085  0.563092 -0.319615    42.937976
 0.642121  0.720643 -0.261447    21.586880
