>structures/PylRS_AF_Arch_Candidatus_Methanomassiliicoccus_intestinalis_Issoire-Mx1_gene16153983.pdb
 1.000000  0.000000  0.000000     0.000000
 0.000000  1.000000  0.000000     0.000000
 0.000000  0.000000  1.000000     0.000000
>structures/PylRS_AF_Arch_Methanosalsum_zhilinae_DSM_4017_gene10822650.pdb
 0.315435  0.755552 -0.574144    -0.669912
-0.306386 -0.491541 -0.815178    -0.919256
-0.898125  0.433045  0.076441    -6.099553
>structures/PylRS_AF_Arch_Unclassified_Candidatus_Bathyarchaeota_proteinUCH69683.1.pdb
-0.295061 -0.807735  0.510395    -2.140847
-0.893721  0.044384 -0.446423     1.157994
 0.337939 -0.587873 -0.734985    -0.193776
>structures/PylRS_AF_Bact_Unclassified_Actinobacteria_proteinMBU2601214.1.pdb
-0.263847 -0.815061  0.515810    -2.547341
-0.895085  0.007608 -0.445831     0.457118
 0.359455 -0.579325 -0.731557     0.379786
>structures/PylRS_AF_Bact_Unclassified_Aerophobetes_proteinMCD6471581.1.pdb
-0.401460 -0.792952  0.458320    -1.832191
-0.892995  0.227736 -0.388196     1.077140
 0.203445 -0.565123 -0.799529     1.006637
>structures/PylRS_AF_Bact_unclassified_Desulfosarcina_proteinMBC2741817.pdb
-0.638848 -0.740015  0.210359     2.027850
-0.747184  0.531673 -0.398800     2.822621
 0.183276 -0.411949 -0.892585    -6.041823
>structures/PylRS_AF_Bact_unclassified_Lachnospiraceae_proteinHCE77498.1.pdb
 0.022549  0.338374 -0.940742    -4.706977
 0.174372 -0.927888 -0.329571     2.646585
-0.984422 -0.156608 -0.079926    -4.034697
>structures/PylRS_PDB_Arch_M_mazei_2Q7E.pdb
 0.203552  0.961130 -0.186537   -36.556158
-0.116377  0.212928  0.970113   -34.683801
 0.972123 -0.175760  0.155195   -14.190214
>structures/PylRS_PDB_Bact_D_hafniense_2ZNJ.pdb
-0.363389  0.915165 -0.174415     2.433516
-0.931395 -0.361144  0.045593    46.318723
-0.021264  0.179017  0.983616    30.693322
