>../../../../class2/phe5//data/domains/Catalytic_domain/structures/PheRS-M_AF_Mito_Arabidopsis_thaliana_gene824983.pdb
 0.460272  0.817251  0.346771    -2.572238
-0.619263  0.575440 -0.534212    -6.745594
-0.636132  0.031140  0.770952    -4.266079
>../../../../class2/phe5//data/domains/Catalytic_domain/structures/PheRS-M_AF_Mito_Babesia_bovis_T2Bo_gene5478469.pdb
 0.735779 -0.170462 -0.655417     0.184893
 0.634177 -0.166106  0.755135    -2.871038
-0.237590 -0.971263 -0.014114     0.658184
>../../../../class2/phe5//data/domains/Catalytic_domain/structures/PheRS-M_AF_Mito_Candida_albicans_SC5314_gene3638806.pdb
-0.439524  0.106132  0.891939    -3.682137
-0.886584  0.108133 -0.449752    -5.097452
-0.144181 -0.988455  0.046568     1.290192
>../../../../class2/phe5//data/domains/Catalytic_domain/structures/PheRS-M_AF_Mito_Crassostrea_gigas_gene105329377.pdb
-0.200897  0.960994  0.190080    -7.196338
 0.714714  0.011088  0.699329     4.485809
 0.669943  0.276346 -0.689064     0.127789
>../../../../class2/phe5//data/domains/Catalytic_domain/structures/PheRS-M_AF_Mito_Drosophila_melanogaster_gene36547.pdb
-0.506834 -0.823762  0.254037     0.568765
-0.352012 -0.071229 -0.933281    -5.922530
 0.786897 -0.562443 -0.253873     1.775107
>../../../../class2/phe5//data/domains/Catalytic_domain/structures/PheRS-M_AF_Mito_Syngnathus_acus_gene119139175.pdb
-0.644308 -0.346699 -0.681665    -4.904154
-0.420636  0.905058 -0.062734    -0.747165
 0.638696  0.246312 -0.728970    -0.034404
>../../../../class2/phe5//data/domains/Catalytic_domain/structures/PheRS-M_PDB_Mito.H_sapiens_3CMQ.pdb
-0.956927  0.244144 -0.157113    -6.580950
 0.144720 -0.068012 -0.987132    14.682556
-0.251688 -0.967351  0.029750    22.928501
>../../../../class2/pyl//data/domains/Catalytic_domain/structures/PylRS_AF_Arch_Candidatus_Methanomassiliicoccus_intestinalis_Issoire-Mx1_gene16153983.pdb
-0.274284 -0.894017  0.354263    -0.040658
-0.809996  0.016214 -0.586212    -1.803116
 0.518339 -0.447740 -0.728597     1.414202
>../../../../class2/pyl//data/domains/Catalytic_domain/structures/PylRS_AF_Arch_Methanosalsum_zhilinae_DSM_4017_gene10822650.pdb
-0.137380  0.345401  0.928345    -1.087472
 0.303995 -0.877299  0.371395     1.924821
 0.942716  0.333234  0.015523     6.007528
>../../../../class2/pyl//data/domains/Catalytic_domain/structures/PylRS_AF_Arch_Unclassified_Candidatus_Bathyarchaeota_proteinUCH69683.1.pdb
 0.999644 -0.018872 -0.018875    -0.581943
 0.019450  0.999333  0.030920    -0.181182
 0.018279 -0.031277  0.999344     0.216218
>../../../../class2/pyl//data/domains/Catalytic_domain/structures/PylRS_AF_Bact_Unclassified_Actinobacteria_proteinMBU2601214.1.pdb
 1.000000  0.000000  0.000000     0.000000
 0.000000  1.000000  0.000000     0.000000
 0.000000  0.000000  1.000000     0.000000
>../../../../class2/pyl//data/domains/Catalytic_domain/structures/PylRS_AF_Bact_Unclassified_Aerophobetes_proteinMCD6471581.1.pdb
 0.977687 -0.177671 -0.112074    -0.045614
 0.185754  0.980359  0.066273    -0.767205
 0.098097 -0.085613  0.991487     0.029847
>../../../../class2/pyl//data/domains/Catalytic_domain/structures/PylRS_AF_Bact_unclassified_Desulfosarcina_proteinMBC2741817.pdb
 0.916812 -0.399214 -0.009162    -5.289105
 0.376417  0.856346  0.353527    -0.073664
-0.133286 -0.327566  0.935380     5.611833
>../../../../class2/pyl//data/domains/Catalytic_domain/structures/PylRS_AF_Bact_unclassified_Lachnospiraceae_proteinHCE77498.1.pdb
-0.515753  0.673096  0.530038    -2.773285
 0.576124 -0.185415  0.796054     4.165470
 0.634098  0.715935 -0.292159     1.030133
>../../../../class2/pyl//data/domains/Catalytic_domain/structures/PylRS_PDB_Arch_M_mazei_2Q7E.pdb
 0.381714 -0.557225 -0.737424    37.243687
-0.768140 -0.634984  0.082204    33.882672
-0.514058  0.535066 -0.670409     8.670460
>../../../../class2/pyl//data/domains/Catalytic_domain/structures/PylRS_PDB_Bact_D_hafniense_2ZNJ.pdb
 0.922643  0.094595  0.373875   -30.241736
 0.273795 -0.843409 -0.462274   -21.631428
 0.271601  0.528879 -0.804065   -40.422692
