>../../../../class1/glu1//data/domains/Catalytic_domain/structures/GluRS-B_AF_Bact_Chlamydia_psittaci_6BC_gene12242467.pdb
 1.000000  0.000000  0.000000     0.000000
 0.000000  1.000000  0.000000     0.000000
 0.000000  0.000000  1.000000     0.000000
>../../../../class1/glu1//data/domains/Catalytic_domain/structures/GluRS-B_AF_Bact_[Eubacterium]_eligens_ATCC_27750_gene41357084.pdb
 0.843701 -0.301898 -0.443877     4.050473
 0.202087  0.944668 -0.258386     4.909077
 0.497323  0.128299  0.858027     6.744261
>../../../../class1/glu1//data/domains/Catalytic_domain/structures/GluRS-B_AF_Bact_Porphyromonas_gingivalis_ATCC_33277_gene29255772.pdb
-0.399061  0.187713  0.897504     4.942393
-0.374116 -0.926973  0.027532     4.629097
 0.837131 -0.324783  0.440145     4.710857
>../../../../class1/glu1//data/domains/Catalytic_domain/structures/GluRS-B_AF_Bact_Treponema_pallidum_subsp_pertenue_str_SamoaD_gene57879197.pdb
 0.940693 -0.116889 -0.318485     6.704843
-0.032862  0.902961 -0.428463     5.641527
 0.337663  0.413519  0.845569     4.070463
>../../../../class1/glu1//data/domains/Catalytic_domain/structures/GluRS-B_AF_Euk_Cryptococcus_neoformans_var_grubii_H99_gene23890400.pdb
-0.237268  0.081250  0.968040     7.574937
-0.588041 -0.805201 -0.076547     6.720533
 0.773248 -0.587409  0.238827     5.748690
>../../../../class1/glu1//data/domains/Catalytic_domain/structures/GluRS-B_AF_Mito_Drosophila_melanogaster_gene39828.pdb
-0.842004 -0.360166  0.401633     6.763235
-0.029146  0.773779  0.632785     1.367874
-0.538683  0.521101 -0.662022     5.113725
>../../../../class1/glu1//data/domains/Catalytic_domain/structures/GluRS-B_PDB_Bact_T_therm_1J09.pdb
-0.093786 -0.046916  0.994486     5.488781
-0.542205 -0.835354 -0.090542    52.187632
 0.834996 -0.547707  0.052907   -12.418223
>../../../../class1/glu1//data/domains/Catalytic_domain/structures/GlxRS-B_AF_Bact_Bifidobacterium_animalis_subsp_lactis_BLC1_gene66532600.pdb
 0.985296 -0.170645 -0.008463     6.208733
 0.112663  0.686157 -0.718676     4.733277
 0.128445  0.707155  0.695294     5.540466
>../../../../class1/glu1//data/domains/Catalytic_domain/structures/GlxRS-B_AF_Bact_Mycoplasma_hyopneumoniae_168-L_gene57101016.pdb
 0.843004 -0.234952 -0.483883     4.442101
 0.064143  0.937054 -0.343243     4.249511
 0.534070  0.258318  0.805010     5.044605
>../../../../class1/glu1//data/domains/Catalytic_domain/structures/GlxRS-B_AF_Bact_Paracoccus_denitrificans_PD1222_gene75500422.pdb
 0.780689 -0.274307 -0.561499     3.475120
 0.167499  0.957486 -0.234872     4.949269
 0.602054  0.089311  0.793445     6.170848
>../../../../class1/glu1//data/domains/Catalytic_domain/structures/GlxRS-B_AF_Bact_Prochlorococcus_marinus_subsp_marinus_str_CCMP1375_gene54199839.pdb
-0.252275 -0.495473  0.831182     4.937741
-0.966930  0.095822 -0.236357     4.784600
 0.037463 -0.863322 -0.503261     6.107956
>../../../../class1/glu1//data/domains/Catalytic_domain/structures/GlxRS-B_AF_Euk_Arabidopsis_thaliana_gene836526.pdb
-0.825373 -0.489696  0.280992     5.982466
-0.212078  0.730159  0.649531     4.259413
-0.523242  0.476514 -0.706507     0.317863
>../../../../class1/glu1//data/domains/Catalytic_domain/structures/GlxRS-B_AF_Euk_Ostreococcus_tauri_proteinOUS48355.1.pdb
-0.981621 -0.030026  0.188464     3.042870
 0.172875  0.278391  0.944782     7.361259
-0.080835  0.959998 -0.268083     1.631815
>../../../../class1/glu1//data/domains/Catalytic_domain/structures/GlxRS-B_AF_Euk_Plasmodium_knowlesi_strain_H_gene7321821.pdb
 0.957609 -0.079339 -0.276929     5.123105
-0.051551  0.898610 -0.435709     4.353400
 0.283420  0.431515  0.856427     4.051045
>../../../../class1/glu1//data/domains/Catalytic_domain/structures/GlxRS-B_AF_Mito_Cyanidioschyzon_merolae_strain_10D_gene16997617.pdb
-0.979528 -0.069894  0.188782     5.190139
 0.166166  0.248641  0.954236     7.521183
-0.113635  0.966071 -0.231937     3.352772
>../../../../class1/glu1//data/domains/Catalytic_domain/structures/GlxRS-B_PDB_Bact_S_elong_2CFO.pdb
 0.570640 -0.424675  0.702866   -35.719105
-0.813283 -0.410821  0.412064   -21.969522
 0.113759 -0.806769 -0.579812    20.693701
>../../../../class1/leu1//data/domains/Catalytic_domain/structures/LeuRS-B_AF_Bact_Bifidobacterium_longum_subsp_longum_JCM_1217_gene69578373.pdb
-0.877073 -0.324172  0.354479   -12.050904
 0.375309 -0.001875  0.926898    -1.407604
-0.299810  0.945996  0.123310     9.920324
>../../../../class1/leu1//data/domains/Catalytic_domain/structures/LeuRS-B_AF_Bact_Brachyspira_pilosicoli_95_1000_gene56439070.pdb
-0.344497 -0.593481  0.727394    -8.961202
-0.015375  0.778286  0.627722    -0.242424
-0.938662  0.205065 -0.277241    10.925319
>../../../../class1/leu1//data/domains/Catalytic_domain/structures/LeuRS-B_AF_Bact_Chlamydia_psittaci_6BC_gene12243068.pdb
 0.291249 -0.228658 -0.928918    -8.993673
 0.242975  0.956854 -0.159354     0.006390
 0.925277 -0.179292  0.334241     9.448195
>../../../../class1/leu1//data/domains/Catalytic_domain/structures/LeuRS-B_AF_Bact_Clostridium_botulinum_A_str_ATCC_3502_gene5187707.pdb
 0.857397  0.439077 -0.268481   -12.738779
 0.262640 -0.821921 -0.505437     2.292283
-0.442596  0.362846 -0.820031    10.641520
>../../../../class1/leu1//data/domains/Catalytic_domain/structures/LeuRS-B_AF_Bact_Mycoplasma_hyopneumoniae_168-L_gene57101518.pdb
-0.266448  0.279221  0.922519   -11.334319
-0.963730 -0.092251 -0.250429    -0.646903
 0.015178 -0.955785  0.293673    10.595846
>../../../../class1/leu1//data/domains/Catalytic_domain/structures/LeuRS-B_AF_Bact_Orientia_tsutsugamushi_str_Ikeda_gene66652454.pdb
 0.267414 -0.081866 -0.960098    -9.960931
 0.402400  0.914830  0.034073     0.408588
 0.875537 -0.395455  0.277581     8.850575
>../../../../class1/leu1//data/domains/Catalytic_domain/structures/LeuRS-B_AF_Bact_Porphyromonas_gingivalis_ATCC_33277_gene29256038.pdb
-0.599559 -0.570935  0.560858    -9.367904
 0.096937  0.643819  0.759013    -0.766390
-0.794438  0.509441 -0.330663     9.163731
>../../../../class1/leu1//data/domains/Catalytic_domain/structures/LeuRS-B_AF_Bact_Thermus_thermophilus_HB8_gene3168656.pdb
 0.818898  0.525532 -0.230698    -8.702629
 0.386642 -0.802196 -0.454961     3.437383
-0.424162  0.283369 -0.860110     5.078570
>../../../../class1/leu1//data/domains/Catalytic_domain/structures/LeuRS-B_AF_Euk_Bathycoccus_prasinos_gene19015540.pdb
 0.199762 -0.409218 -0.890301   -10.452833
 0.288245  0.892952 -0.345761    -0.938416
 0.936488 -0.187555  0.296333     9.323980
>../../../../class1/leu1//data/domains/Catalytic_domain/structures/LeuRS-B_AF_Euk_Klebsormidium_nitens_protein971510658.pdb
-0.363169  0.299297  0.882343   -10.542519
-0.906417 -0.332706 -0.260222    -0.127979
 0.215677 -0.894275  0.392116     8.996310
>../../../../class1/leu1//data/domains/Catalytic_domain/structures/LeuRS-B_AF_Euk_Plasmodium_falciparum_3D7_gene2655460.pdb
-0.876377 -0.408239  0.255547   -10.101332
 0.363462 -0.212457  0.907060     4.534384
-0.316005  0.887808  0.334572     6.702358
>../../../../class1/leu1//data/domains/Catalytic_domain/structures/LeuRS-B_AF_Euk_Thalassiosira_pseudonana_CCMP1335_gene7441753.pdb
-0.412058 -0.690596  0.594378   -10.094250
-0.011164  0.656110  0.754582     0.943494
-0.911089  0.304296 -0.278065     4.679544
>../../../../class1/leu1//data/domains/Catalytic_domain/structures/LeuRS-B_AF_Mito_Drosophila_melanogaster_gene38581.pdb
-0.004521  0.031120  0.999505    -9.151710
-0.993892  0.110077 -0.007923     1.627764
-0.110269 -0.993436  0.030433    12.995232
>../../../../class1/leu1//data/domains/Catalytic_domain/structures/LeuRS-B_AF_Mito_Homo_sapiens_gene23395.pdb
 0.372104 -0.351259 -0.859160    -9.789337
 0.297527  0.921924 -0.248060    -0.106949
 0.879214 -0.163319  0.447560    11.729284
>../../../../class1/leu1//data/domains/Catalytic_domain/structures/LeuRS-B_PDB_Bact_T_therm_2V0C.pdb
-0.935357 -0.079311 -0.344699    13.314776
 0.295763 -0.709860 -0.639236   -17.332818
-0.193990 -0.699863  0.687430   -25.033431
