>structures/SerRS-A_AF_Arch_Conexivisphaera_calida_protein1635512986.pdb
 0.374070 -0.621047 -0.688747     1.875880
 0.890812  0.034073  0.453092     0.140029
-0.257924 -0.783032  0.565982     0.151744
>structures/SerRS-A_AF_Arch_Ignisphaera_aggregans_protein304378874.pdb
 0.099807 -0.207830 -0.973060     2.540590
 0.579931 -0.782512  0.226616     1.577670
-0.808529 -0.586925  0.042427     4.406438
>structures/SerRS-A_AF_Arch_Methanosarcina_barkeri_protein805401349.pdb
 1.000000  0.000000  0.000000     0.000000
 0.000000  1.000000  0.000000     0.000000
 0.000000  0.000000  1.000000     0.000000
>structures/SerRS-A_AF_Arch_Unclassified_Thermoplasmata_protein1635512986.pdb
 0.542300 -0.663896 -0.514929    -1.618756
 0.812975  0.259928  0.521065    -3.623770
-0.212088 -0.701198  0.680690     0.443076
>structures/SerRS-A_PDB_Arch_M_barkeri_2cjb.pdb
-0.863781 -0.485209  0.135848    31.032414
-0.469977  0.678640 -0.564420    72.083997
 0.181670 -0.551381 -0.814233    56.684003
