>../../../../class2/pro2//data/domains/Catalytic_domain/structures/ProRS-B_AF_Bact_Acinetobacter_baylyi_ADP1_gene45233245.pdb
 0.402306  0.737770  0.542076     6.613924
 0.096895  0.554467 -0.826546    -0.626361
-0.910363  0.385048  0.151579    -2.958367
>../../../../class2/pro2//data/domains/Catalytic_domain/structures/ProRS-B_AF_Bact_Brachyspira_pilosicoli_95_1000_gene56438966.pdb
 0.727844 -0.562230  0.392608     7.433956
 0.665644  0.716856 -0.207450    -1.904440
-0.164809  0.412328  0.896004    -2.741732
>../../../../class2/pro2//data/domains/Catalytic_domain/structures/ProRS-B_AF_Bact_Chlamydia_psittaci_6BC_gene12242703.pdb
-0.449115  0.837616 -0.310960     3.916402
-0.019854  0.338592  0.940724    -3.418464
 0.893253  0.428667 -0.135437    -5.973261
>../../../../class2/pro2//data/domains/Catalytic_domain/structures/ProRS-B_AF_Bact_Clostridium_acetobutylicum_DSM_1731_gene44999665.pdb
 0.586115  0.585930  0.559603     6.992496
 0.087930  0.640595 -0.762828    -1.696820
-0.805442  0.496311  0.323942    -3.176071
>../../../../class2/pro2//data/domains/Catalytic_domain/structures/ProRS-B_AF_Bact_Corynebacterium_ulcerans_809_gene75260584.pdb
-0.166185  0.772099  0.613389     5.633672
 0.073303 -0.610645  0.788505    -1.706668
 0.983366  0.176001  0.044883    -4.325267
>../../../../class2/pro2//data/domains/Catalytic_domain/structures/ProRS-B_AF_Bact_Prochlorococcus_marinus_subsp_marinus_str_CCMP1375_gene54199876.pdb
 0.529738  0.710334  0.463469     6.068070
 0.071347  0.507183 -0.858880    -0.155061
-0.845155  0.488049  0.217994    -3.501869
>../../../../class2/pro2//data/domains/Catalytic_domain/structures/ProRS-B_AF_Bact_Streptobacillus_moniliformis_DSM_12112_gene29673723.pdb
-0.038772  0.998799 -0.029958     7.524338
 0.086399 -0.026517 -0.995908    -2.226684
-0.995506 -0.041201 -0.085267    -2.352663
>../../../../class2/pro2//data/domains/Catalytic_domain/structures/ProRS-B_PDB_Bact_S_aureus_5znj.pdb
 0.045471  0.323484  0.945141   -13.272466
 0.134249  0.935558 -0.326663     4.789979
-0.989904  0.141738 -0.000886    -0.666636
>../../../../class2/pro2//data/domains/Catalytic_domain/structures/ProRS_PDB_Bact_E_faecalis_2J3M.pdb
-0.171847  0.913156  0.369614    17.479956
 0.161441  0.396228 -0.903848     9.028642
-0.971805 -0.095652 -0.215511    26.186970
>../../../../class2/thr//data/domains/Catalytic_domain/structures/ThrRS_AF_Arch_Candidatus_Methanomethylophilus_alvus_Mx1201_gene15140074.pdb
-0.085242 -0.168845  0.981950     3.178790
 0.479863 -0.870664 -0.108053    -4.200159
 0.873192  0.461991  0.155239     2.034778
>../../../../class2/thr//data/domains/Catalytic_domain/structures/ThrRS_AF_Arch_Candidatus_Nitrosopumilus_koreensis_AR1_gene13725077.pdb
 0.460435  0.886966 -0.035927     8.063997
-0.137430  0.031240 -0.990019    -8.017943
-0.876991  0.460776  0.136279    -4.663357
>../../../../class2/thr//data/domains/Catalytic_domain/structures/ThrRS_AF_Arch_Pyrococcus_furiosus_DSM_3638_gene1469226.pdb
 0.327428  0.920525 -0.213129     8.345719
 0.045668 -0.240716 -0.969521    -5.876784
-0.943772  0.307715 -0.120856    -3.922188
>../../../../class2/thr//data/domains/Catalytic_domain/structures/ThrRS_AF_Arch_Sulfolobus_islandicus_M164_gene7940156.pdb
-0.967488  0.235306 -0.092725     8.048152
 0.084108  0.645092  0.759462    -8.670458
 0.238522  0.726971 -0.643910     3.881295
>../../../../class2/thr//data/domains/Catalytic_domain/structures/ThrRS_AF_Bact_Bifidobacterium_longum_subsp_longum_JCM_1217_gene69578309.pdb
-0.766447  0.630891  0.120568     2.089121
 0.213851  0.427647 -0.878286    -0.922336
-0.605662 -0.647376 -0.462685    -0.537075
>../../../../class2/thr//data/domains/Catalytic_domain/structures/ThrRS_AF_Bact_Brachyspira_pilosicoli_95_1000_gene56439092.pdb
-0.889143 -0.449594  0.085379     1.140066
-0.452896  0.891261 -0.023241    -2.202468
-0.065646 -0.059332 -0.996077     2.054716
>../../../../class2/thr//data/domains/Catalytic_domain/structures/ThrRS_AF_Bact_Brucella_abortus_2308_gene3787745.pdb
 0.968215  0.130895 -0.213135     1.165861
-0.020012  0.889941  0.455637    -1.778980
 0.249318 -0.436889  0.864273     1.488717
>../../../../class2/thr//data/domains/Catalytic_domain/structures/ThrRS_AF_Bact_Lactobacillus_acidophilus_La-14_gene56943112.pdb
 0.005215  0.129353 -0.991585    -1.666377
-0.270371 -0.954484 -0.125936     0.505695
-0.962742  0.268753  0.029995    -0.904068
>../../../../class2/thr//data/domains/Catalytic_domain/structures/ThrRS_AF_Bact_Mycoplasma_hyopneumoniae_168-L_gene57101460.pdb
-0.187285  0.125768  0.974221     4.719963
-0.080806 -0.990381  0.112320    -3.108563
 0.978976 -0.057687  0.195647     2.337950
>../../../../class2/thr//data/domains/Catalytic_domain/structures/ThrRS_AF_Bact_Porphyromonas_gingivalis_ATCC_33277_gene29256174.pdb
-0.664626 -0.707351  0.240679     3.080755
-0.670829  0.423059 -0.609106    -0.791222
 0.329030 -0.566282 -0.755688     0.045666
>../../../../class2/thr//data/domains/Catalytic_domain/structures/ThrRS_AF_Bact_Prochlorococcus_marinus_subsp_marinus_str_CCMP1375_gene54200406.pdb
 0.552686 -0.049802  0.831900     0.242575
 0.772459  0.405279 -0.488934    -1.474651
-0.312802  0.912835  0.262462    -1.994883
>../../../../class2/thr//data/domains/Catalytic_domain/structures/ThrRS_AF_Bact_Streptobacillus_moniliformis_DSM_12112_gene29674242.pdb
 0.367052  0.718240 -0.591104     1.056284
-0.201070 -0.559173 -0.804299    -1.631827
-0.908209  0.414073 -0.060829     0.607641
>../../../../class2/thr//data/domains/Catalytic_domain/structures/ThrRS_AF_Euk_Arabidopsis_thaliana_gene832741.pdb
-0.663699  0.643883 -0.380682     2.969247
 0.326590 -0.208414 -0.921902     0.775511
-0.672936 -0.736192 -0.071962    -1.248490
>../../../../class2/thr//data/domains/Catalytic_domain/structures/ThrRS_AF_Euk_Cercospora_beticola_gene35433465.pdb
-0.312877 -0.462934 -0.829337     1.728289
 0.933787 -0.309556 -0.179489     0.180107
-0.173634 -0.830582  0.529135     0.506953
>../../../../class2/thr//data/domains/Catalytic_domain/structures/ThrRS_AF_Euk_Cryptococcus_gattii_WM276_gene10188143.pdb
-0.479083  0.868037  0.130349     0.691383
 0.222010  0.263501 -0.938765     1.145478
-0.849230 -0.420807 -0.318952     0.406910
>../../../../class2/thr//data/domains/Catalytic_domain/structures/ThrRS_AF_Euk_Cyanidioschyzon_merolae_strain_10D_gene16997242.pdb
 1.000000  0.000000  0.000000     0.000000
 0.000000  1.000000  0.000000     0.000000
 0.000000  0.000000  1.000000     0.000000
>../../../../class2/thr//data/domains/Catalytic_domain/structures/ThrRS_AF_Mito_Cyanidioschyzon_merolae_strain_10D_gene16995590.pdb
 0.621400  0.753013  0.216411     1.163632
 0.024141  0.257681 -0.965928    -2.012426
-0.783122  0.605452  0.141945     0.425399
>../../../../class2/thr//data/domains/Catalytic_domain/structures/ThrRS_AF_Mito_Oryza_sativa_Japonica_Group_gene4345200.pdb
 0.693398 -0.699493  0.172943     0.991674
-0.715021 -0.638270  0.285231     1.024142
-0.089132 -0.321436 -0.942727    -0.625793
>../../../../class2/thr//data/domains/Catalytic_domain/structures/ThrRS_PDB_Bact_E_coli_1evk.pdb
-0.012350 -0.991537 -0.129234    66.370300
 0.949361  0.028951 -0.312850   -34.560287
 0.313944 -0.126553  0.940969   -16.858357
>../../../../class2/thr//data/domains/Catalytic_domain/structures/ThrRS_PDB_Bact_S_aureus_1nyr.pdb
-0.451050  0.172053  0.875758   -44.851407
-0.793840 -0.525785 -0.305562    50.199124
 0.407888 -0.833035  0.373738    16.827216
