>../../../../class2/gly3//data/domains/Catalytic_domain/structures/GlyRS-E_AF_Arch_Methanosalsum_zhilinae_DSM_4017_gene10821854.pdb
-0.084270  0.790866 -0.606160    82.239534
-0.218180 -0.608207 -0.763205     5.671978
-0.972263  0.067937  0.223804  -129.108996
>../../../../class2/gly3//data/domains/Catalytic_domain/structures/GlyRS-E_AF_Euk_Cryptococcus_neoformans_var_neoformans_JEC21_gene3258293.pdb
-0.968717 -0.137129 -0.206841    81.694242
-0.223225  0.845655  0.484808     6.530373
 0.108435  0.515814 -0.849811  -128.653964
>../../../../class2/gly3//data/domains/Catalytic_domain/structures/GlyRS-E_AF_Euk_Girardinichthys_multiradiatus_gene124858359.pdb
-0.018443  0.890650 -0.454316    81.599946
-0.287352 -0.439944 -0.850810     7.961568
-0.957647  0.114857  0.264044  -129.385699
>../../../../class2/gly3//data/domains/Catalytic_domain/structures/GlyRS-E_AF_Euk_Plasmodium_yoelii_gene3801472.pdb
-0.263068  0.444750 -0.856150    80.739534
 0.112815 -0.867138 -0.485123     4.732569
-0.958159 -0.224207  0.177942  -129.405803
>../../../../class2/gly3//data/domains/Catalytic_domain/structures/GlyRS-E_AF_Euk_Schizosaccharomyces_pombe_gene2543181.pdb
 0.079427  0.942457 -0.324755    82.690049
-0.441786 -0.258762 -0.858992     7.638758
-0.893598  0.211700  0.395811  -129.838841
>../../../../class2/gly3//data/domains/Catalytic_domain/structures/GlyRS-E_PDB_Euk_H_sapiens_2q5h.pdb
 1.000000  0.000000  0.000000     0.000000
 0.000000  1.000000  0.000000     0.000000
 0.000000  0.000000  1.000000     0.000000
>../../../../class2/ser2//data/domains/Catalytic_domain/structures/SerRS-A_AF_Arch_Conexivisphaera_calida_protein1635512986.pdb
-0.750597  0.633787  0.186863    91.740376
 0.532133  0.412156  0.739568     9.934396
 0.391712  0.654554 -0.646623  -137.221553
>../../../../class2/ser2//data/domains/Catalytic_domain/structures/SerRS-A_AF_Arch_Ignisphaera_aggregans_protein304378874.pdb
-0.097935  0.736985  0.668777    90.449997
 0.492412 -0.548098  0.676106    11.680674
 0.864835  0.395528 -0.309222  -138.015752
>../../../../class2/ser2//data/domains/Catalytic_domain/structures/SerRS-A_AF_Arch_Methanosarcina_barkeri_protein805401349.pdb
-0.796249 -0.548735 -0.254711    93.565007
-0.578675  0.813622  0.056167    11.582002
 0.176418  0.192117 -0.965385  -137.509899
>../../../../class2/ser2//data/domains/Catalytic_domain/structures/SerRS-A_AF_Arch_Unclassified_Thermoplasmata_protein1635512986.pdb
-0.883543  0.452675  0.120157    94.145759
 0.414640  0.636745  0.650100    10.015346
 0.217775  0.624213 -0.750288  -139.076134
>../../../../class2/ser2//data/domains/Catalytic_domain/structures/SerRS-A_PDB_Arch_M_barkeri_2cjb.pdb
 0.921254  0.151406  0.358285    19.054593
 0.136772  0.736208 -0.662790    60.826546
-0.364123  0.659601  0.657526  -174.093369
