>../../../../class2/asp1//data/domains/Catalytic_domain/structures/AspRS_AF_Arch_Candidatus_Methanomassiliicoccus_intestinalis_Issoire-Mx1_gene16154434.pdb
 0.749890 -0.383843  0.538823    16.512980
 0.143432  0.889428  0.433988    -1.262599
-0.645827 -0.248159  0.722028    -4.583881
>../../../../class2/asp1//data/domains/Catalytic_domain/structures/AspRS_AF_Arch_unclassified_Euryarchaeota_proteinHHT76046.1.pdb
 0.842162 -0.351123  0.409239     9.658510
-0.019881  0.738204  0.674285    -0.145851
-0.538859 -0.575993  0.614706    -5.336107
>../../../../class2/asp1//data/domains/Catalytic_domain/structures/AspRS_AF_Bact_Bacillus_anthracis_str_Ames_Ancestor_gene45024275.pdb
 0.539009  0.411982  0.734670    14.135633
 0.715343 -0.684392 -0.141041     4.651380
 0.444696  0.601563 -0.663602    -4.843839
>../../../../class2/asp1//data/domains/Catalytic_domain/structures/AspRS_AF_Bact_Brachyspira_pilosicoli_95_1000_gene56440011.pdb
 0.797254 -0.547326  0.254598    11.140877
 0.102570  0.538464  0.836382    -1.119054
-0.594866 -0.640695  0.485432    -4.816399
>../../../../class2/asp1//data/domains/Catalytic_domain/structures/AspRS_AF_Bact_Chlamydia_muridarum_str_Nigg_gene1246197.pdb
 0.391432 -0.903095 -0.176639    10.337864
 0.480370  0.036812  0.876293    -1.493706
-0.784873 -0.427861  0.448228    -4.597590
>../../../../class2/asp1//data/domains/Catalytic_domain/structures/AspRS_AF_Bact_Mycoplasma_hyopneumoniae_168-L_gene57101115.pdb
 0.767143  0.218739  0.603029    15.672923
-0.272406  0.962179 -0.002473    -5.077755
-0.580763 -0.162371  0.797715    -4.341027
>../../../../class2/asp1//data/domains/Catalytic_domain/structures/AspRS_AF_Bact_Nocardia_cyriacigeorgica_GUH-2_gene45501717.pdb
-0.232628  0.880668 -0.412684     6.845067
-0.895885 -0.359184 -0.261491    -4.182533
-0.378516  0.308887  0.872533    -4.287850
>../../../../class2/asp1//data/domains/Catalytic_domain/structures/AspRS_AF_Bact_Porphyromonas_gingivalis_ATCC_33277_gene29255515.pdb
 0.499709 -0.860283  0.101016    10.852410
-0.597922 -0.426968 -0.678371    -0.007868
 0.626722  0.278588 -0.727742    -2.162436
>../../../../class2/asp1//data/domains/Catalytic_domain/structures/AspRS_AF_Bact_Prochlorococcus_marinus_subsp_marinus_str_CCMP1375_gene54201182.pdb
 0.311277 -0.949533  0.038658    14.442795
 0.495679  0.196932  0.845884     3.125204
-0.810808 -0.244142  0.531963    -6.536686
>../../../../class2/asp1//data/domains/Catalytic_domain/structures/AspRS_AF_Bact_Xylella_fastidiosa_Temecula1_gene58016479.pdb
-0.244020  0.848804 -0.469028     9.353440
-0.853996 -0.417250 -0.310795     1.442639
-0.459506  0.324707  0.826692    -4.104946
>../../../../class2/asp1//data/domains/Catalytic_domain/structures/AspRS_AF_Mito_Oryza_sativa_Japonica_Group_gene4324505.pdb
-0.775864 -0.458451 -0.433426     6.915404
-0.124176  0.784525 -0.607537    -4.368773
 0.618559 -0.417544 -0.665613    -1.807836
>../../../../class2/asp1//data/domains/Catalytic_domain/structures/AspRS_AF_Mito_Oryzias_melastigma_gene112147132.pdb
 0.529200  0.565904  0.632218     9.987261
-0.731837  0.681475  0.002592     1.290897
-0.429374 -0.464052  0.774786    -5.716700
>../../../../class2/asp1//data/domains/Catalytic_domain/structures/AspRS_PDB_Bact_E_coli_1c0a.pdb
 0.885515  0.232758 -0.402102   -52.284887
-0.229317  0.971655  0.057440   -23.285300
 0.404074  0.041345  0.913791   -24.646782
>../../../../class2/his//data/domains/Catalytic_domain/structures/HisRS_AF_Arch_Candidatus_Methanomassiliicoccus_intestinalis_Issoire-Mx1_gene16154026.pdb
-0.739347  0.168412 -0.651923     8.640974
 0.258785  0.964922 -0.044220     7.749669
 0.621608 -0.201402 -0.756995    -4.199808
>../../../../class2/his//data/domains/Catalytic_domain/structures/HisRS_AF_Arch_Candidatus_Nitrosopumilus_koreensis_AR1_gene13725657.pdb
 0.740657  0.359479  0.567628    10.734059
-0.444387  0.895746  0.012572     5.817374
-0.503931 -0.261558  0.823189    -6.663686
>../../../../class2/his//data/domains/Catalytic_domain/structures/HisRS_AF_Arch_Desulfurococcus_amylolyticus_1221n_gene7171287.pdb
-0.129344 -0.890866 -0.435463    12.304159
 0.503311 -0.437359  0.745248     7.528273
-0.854370 -0.122780  0.504953    -8.453849
>../../../../class2/his//data/domains/Catalytic_domain/structures/HisRS_AF_Arch_Methanoregula_formicica_SMSP_gene14310605.pdb
-0.616342  0.648873 -0.446191     7.887918
 0.601965  0.753519  0.264285     9.569315
 0.507701 -0.105701 -0.855025    -6.213898
>../../../../class2/his//data/domains/Catalytic_domain/structures/HisRS_AF_Bact_Chlamydia_muridarum_str_Nigg_gene1246198.pdb
 0.169022  0.864738  0.472928    12.339226
-0.684357  0.448273 -0.575071     7.112621
-0.709286 -0.226452  0.667557    -5.332418
>../../../../class2/his//data/domains/Catalytic_domain/structures/HisRS_AF_Bact_Lacticaseibacillus_paracasei_gene61269730.pdb
 0.698233 -0.524341  0.487378    16.057895
 0.179555  0.787331  0.589806     9.047206
-0.692987 -0.324310  0.643888    -7.456846
>../../../../class2/his//data/domains/Catalytic_domain/structures/HisRS_AF_Bact_Paracoccus_denitrificans_PD1222_gene75501415.pdb
-0.267576 -0.653225 -0.708308    10.660529
 0.489544 -0.725329  0.483988     6.126333
-0.829909 -0.217244  0.513863    -6.708272
>../../../../class2/his//data/domains/Catalytic_domain/structures/HisRS_AF_Bact_Prochlorococcus_marinus_subsp_marinus_str_CCMP1375_gene54200127.pdb
-0.450746 -0.673469 -0.585891     8.728174
 0.320299 -0.734663  0.598062    12.886541
-0.833209  0.081914  0.546858    -9.341522
>../../../../class2/his//data/domains/Catalytic_domain/structures/HisRS_AF_Bact_Streptobacillus_moniliformis_DSM_12112_gene29674169.pdb
 0.695553 -0.459146  0.552622    16.418159
 0.146559  0.843659  0.516489     7.345364
-0.703368 -0.278254  0.654102    -8.723658
>../../../../class2/his//data/domains/Catalytic_domain/structures/HisRS_AF_Bact_Streptomyces_albidoflavus_gene15149169.pdb
 0.692805 -0.292269  0.659242    10.977260
-0.181943  0.813765  0.551981     8.132703
-0.697796 -0.502359  0.510604    -6.076816
>../../../../class2/his//data/domains/Catalytic_domain/structures/HisRS_AF_Bact_Thermus_thermophilus_HB8_gene3168691.pdb
 0.629502 -0.686972  0.363038    15.551801
 0.381593  0.680339  0.625720     9.227412
-0.676841 -0.255359  0.690419    -6.435599
>../../../../class2/his//data/domains/Catalytic_domain/structures/HisRS_AF_Bact_Treponema_denticola_ATCC_35405_gene2741405.pdb
-0.226050  0.933002 -0.280015    10.745445
-0.882956 -0.317664 -0.345655     9.506079
-0.411448  0.169106  0.895608    -5.269250
>../../../../class2/his//data/domains/Catalytic_domain/structures/HisRS_AF_Euk_Arabidopsis_thaliana_gene823753.pdb
 0.754212 -0.314623  0.576348    11.411632
-0.164568  0.759151  0.629768     7.561381
-0.635675 -0.569827  0.520783    -6.763963
>../../../../class2/his//data/domains/Catalytic_domain/structures/HisRS_AF_Euk_Cryptococcus_gattii_WM276_gene10186972.pdb
 0.678645 -0.615290  0.401073    11.916371
-0.177051 -0.667019 -0.723698     7.751724
 0.712807  0.420124 -0.561607    -7.772523
>../../../../class2/his//data/domains/Catalytic_domain/structures/HisRS_AF_Euk_Plasmodium_falciparum_3D7_gene812010.pdb
 1.000000  0.000000  0.000000     0.000000
 0.000000  1.000000  0.000000     0.000000
 0.000000  0.000000  1.000000     0.000000
>../../../../class2/his//data/domains/Catalytic_domain/structures/HisRS_AF_Euk_Platysiphonia_delicata_gene33353157.pdb
 0.691505 -0.508061  0.513513    17.656202
 0.154917  0.798632  0.581540     8.865823
-0.705565 -0.322585  0.630965    -9.175839
>../../../../class2/his//data/domains/Catalytic_domain/structures/HisRS_PDB_Arch_T_acidophilum_1WU7.pdb
 0.791264 -0.463674 -0.398632    53.755164
-0.295480  0.280814 -0.913146    62.019501
 0.535343  0.840327  0.085192   -57.690709
>../../../../class2/his//data/domains/Catalytic_domain/structures/HisRS_PDB_Bact_B_thailandensis_4e51.pdb
-0.831331 -0.552138 -0.063506    18.818278
-0.555776  0.826190  0.092319     6.177235
 0.001496  0.112043 -0.993702    38.510190
>../../../../class2/his//data/domains/Catalytic_domain/structures/HisRS_PDB_Bact_E_coli_1HTT.pdb
-0.331956  0.614576  0.715612   -20.606847
-0.922082 -0.371393 -0.108776     3.333465
 0.198923 -0.695962  0.689976    -9.359977
