>structures/AspRS_AF_Arch_Candidatus_Methanomassiliicoccus_intestinalis_Issoire-Mx1_gene16154434.pdb
 0.223934  0.421951  0.878528    -2.900377
-0.011926 -0.900166  0.435383     4.348195
 0.974531 -0.107975 -0.196546     2.132176
>structures/AspRS_AF_Arch_unclassified_Euryarchaeota_proteinHHT76046.1.pdb
 0.146660  0.204367  0.967846    -4.637339
 0.180267 -0.967563  0.176991    -0.724619
 0.972623  0.148513 -0.178743    -1.435142
>structures/AspRS_AF_Bact_Bacillus_anthracis_str_Ames_Ancestor_gene45024275.pdb
 1.000000  0.000000  0.000000     0.000000
 0.000000  1.000000  0.000000     0.000000
 0.000000  0.000000  1.000000     0.000000
>structures/AspRS_AF_Bact_Brachyspira_pilosicoli_95_1000_gene56440011.pdb
 0.209918 -0.141064  0.967489    -5.994484
-0.032958 -0.989996 -0.137195     2.494331
 0.977163 -0.003086 -0.212467    -2.390335
>structures/AspRS_AF_Bact_Chlamydia_muridarum_str_Nigg_gene1246197.pdb
 0.280827 -0.595140  0.752957    -6.296156
-0.605472 -0.718570 -0.342141     2.727716
 0.744674 -0.359812 -0.562135    -1.735535
>structures/AspRS_AF_Bact_Mycoplasma_hyopneumoniae_168-L_gene57101115.pdb
-0.067737  0.757890  0.648856    -6.425509
 0.139326 -0.636792  0.758343     8.323029
 0.987927  0.141770 -0.062459     1.385622
>structures/AspRS_AF_Bact_Nocardia_cyriacigeorgica_GUH-2_gene45501717.pdb
-0.926933  0.374713 -0.019631   -10.174793
 0.306033  0.785236  0.538282     3.128372
 0.217116  0.492944 -0.842536    -4.488879
>structures/AspRS_AF_Bact_Porphyromonas_gingivalis_ATCC_33277_gene29255515.pdb
-0.009302 -0.689832 -0.723909    -4.348965
 0.999279  0.020229 -0.032117     3.711936
 0.036799 -0.723686  0.689147    -3.653470
>structures/AspRS_AF_Bact_Prochlorococcus_marinus_subsp_marinus_str_CCMP1375_gene54201182.pdb
 0.147714 -0.511838  0.846288    -2.096547
-0.631313 -0.707472 -0.317690    -0.733095
 0.761331 -0.487346 -0.427633     1.678118
>structures/AspRS_AF_Bact_Xylella_fastidiosa_Temecula1_gene58016479.pdb
-0.942542  0.314237 -0.113447    -5.779223
 0.214061  0.828743  0.517071     0.777040
 0.256502  0.463077 -0.848391    -4.415870
>structures/AspRS_AF_Mito_Oryza_sativa_Japonica_Group_gene4324505.pdb
-0.105447  0.171706 -0.979489    -6.742235
 0.149145 -0.971108 -0.186293     5.631512
-0.983177 -0.165730  0.076791    -7.043890
>structures/AspRS_AF_Mito_Oryzias_melastigma_gene112147132.pdb
-0.461611  0.519736  0.718881    -4.206683
 0.434096 -0.574380  0.694009     1.354000
 0.773612  0.632426  0.039525    -3.674308
>structures/AspRS_PDB_Bact_E_coli_1c0a.pdb
 0.534079  0.807983  0.248845   -66.721737
 0.739716 -0.589114  0.325214   -16.971460
 0.409366  0.010384 -0.912311   -31.953010
