>structures/PheRS-Aα_AF_Arch_Candidatus_Nitrosopumilus_koreensis_AR1_gene13724458.pdb
 0.897732  0.034907 -0.439157     4.320003
 0.043626  0.984912  0.167467     4.765684
 0.438376 -0.169500  0.882664   -17.920670
>structures/PheRS-Aα_AF_Arch_Haloterrigena_turkmenica_DSM_5511_gene8744248.pdb
 0.452789  0.775895 -0.439283     0.596370
-0.625237 -0.074942 -0.776828     0.289219
-0.635658  0.626395  0.451185    -7.503773
>structures/PheRS-Aα_AF_Arch_Thermoplasma_volcanium_GSS1_gene1441177.pdb
-0.500711 -0.778114  0.379244     0.504478
-0.840503  0.332276 -0.427957    -0.784905
 0.206986 -0.533039 -0.820382    -6.037421
>structures/PheRS-Aα_AF_Arch_Thermosphaera_aggregans_DSM_11486_gene9165306.pdb
 1.000000  0.000000  0.000000     0.000000
 0.000000  1.000000  0.000000     0.000000
 0.000000  0.000000  1.000000     0.000000
>structures/PheRS-Aα_AF_Euk_Cyanidioschyzon_merolae_strain_10D_gene16993638.pdb
-0.982710  0.147057  0.112495    -7.952375
 0.182643  0.869621  0.458696     2.105579
-0.030374  0.471311 -0.881444    -8.446666
>structures/PheRS-Aα_AF_Euk_Megalobrama_amblycephala_gene125266654.pdb
 0.082146 -0.418393  0.904544    -0.149445
-0.406216 -0.842854 -0.352968     0.904766
 0.910077 -0.338445 -0.239195    -0.467633
>structures/PheRS-Aα_AF_Euk_Plasmodium_falciparum_3D7_gene813233.pdb
 0.505217 -0.651399 -0.566071    -2.681939
 0.787375  0.079422  0.611337     6.486736
-0.353266 -0.754567  0.553020    -0.645671
>structures/PheRS-Aα_AF_Euk_Schizosaccharomyces_pombe_gene2543647.pdb
-0.027921  0.362169 -0.931694    -6.903932
-0.192790 -0.916510 -0.350489     3.804872
-0.980843  0.169835  0.095413    -8.527868
>structures/PheRS-Aα_PDB_Euk.B_H_sapiens_3L4G.C.pdb
 0.699290  0.003123 -0.714831   -50.523084
-0.636792 -0.451628 -0.624922    56.966845
-0.324790  0.892201 -0.313831  -109.744675
