>structures/PheRS-Aβ_AF_Arch_Candidatus_Nitrosopumilus_koreensis_AR1_gene13724457.pdb
-0.240637  0.839131  0.487804    49.946567
 0.188548  0.533411 -0.824574    93.078062
-0.952126 -0.106449 -0.286575    15.823844
>structures/PheRS-Aβ_AF_Arch_Halalkalicoccus_jeotgali_B3_gene9420006.pdb
-0.700846 -0.703764  0.116323    51.872040
 0.591821 -0.664728 -0.455944    95.413555
 0.398200 -0.250704  0.882374    14.360283
>structures/PheRS-Aβ_AF_Arch_Sulfolobus_islandicus_YG5714_gene7807969.pdb
-0.174597  0.900274  0.398777    47.164495
 0.051519  0.412796 -0.909365    92.719119
-0.983291 -0.138228 -0.118454    16.139899
>structures/PheRS-Aβ_AF_Arch_Thermoplasma_volcanium_GSS1_gene1441711.pdb
-0.117017 -0.738355 -0.664183    52.336614
-0.993060  0.079047  0.087085    92.876991
-0.011798  0.669764 -0.742480    14.361333
>structures/PheRS-Aβ_AF_Euk_Astyanax_mexicanus_gene103044481.pdb
-0.183603  0.503533 -0.844242    45.953764
-0.548689  0.660103  0.513034    93.079793
 0.815616  0.557421  0.155086    19.998554
>structures/PheRS-Aβ_AF_Euk_Drosophila_melanogaster_gene42888.pdb
-0.811850  0.131721 -0.568814    45.297458
 0.370599 -0.636557 -0.676352    95.163228
-0.451172 -0.759898  0.467972    17.888493
>structures/PheRS-Aβ_AF_Euk_Plasmodium_falciparum_3D7_gene810604.pdb
-0.051205  0.793705  0.606144    46.839888
 0.271372  0.595162 -0.756399    93.705298
-0.961111  0.125759 -0.245865    12.669325
>structures/PheRS-Aβ_AF_Euk_Saccharomyces_cerevisiae_S288C_gene850749.pdb
-0.023131 -0.700588  0.713191    51.626282
 0.995306 -0.083195 -0.049444    95.014337
 0.093974  0.708700  0.699223    11.692809
>structures/PheRS-Aβ_PDB_Euk.B_H_sapiens_3L4G.pdb
 1.000000  0.000000  0.000000     0.000000
 0.000000  1.000000  0.000000     0.000000
 0.000000  0.000000  1.000000     0.000000
