>../../../../class1/arg//data/domains/Catalytic_domain/structures/ArgRS_AF_Arch_Candidatus_Korarchaeum_cryptofilum_OPF8_gene6093502.pdb
-0.089322 -0.112042  0.989681    -8.090325
 0.010067 -0.993704 -0.111588     2.042345
 0.995952 -0.000005  0.089888     0.291960
>../../../../class1/arg//data/domains/Catalytic_domain/structures/ArgRS_AF_Arch_Candidatus_Nitrosopumilus_sediminis_gene13697696.pdb
 0.051915 -0.616661  0.785515    -5.910381
-0.419112 -0.727408 -0.543345     0.818678
 0.906449 -0.301011 -0.296213    -0.081106
>../../../../class1/arg//data/domains/Catalytic_domain/structures/ArgRS_AF_Arch_Desulfurococcus_mucosus_DSM_2162_gene10153309.pdb
-0.287953 -0.251702  0.923975   -11.610845
-0.046339 -0.960049 -0.275970    -3.265590
 0.956523 -0.122282  0.264785     1.584490
>../../../../class1/arg//data/domains/Catalytic_domain/structures/ArgRS_AF_Arch_Methanothermococcus_okinawensis_IH1_gene10773248.pdb
-0.343051  0.307349  0.887611    -4.847911
 0.206896 -0.897022  0.390570     0.465998
 0.916248  0.317628  0.244135     0.172401
>../../../../class1/arg//data/domains/Catalytic_domain/structures/ArgRS_AF_Bact_Anoxybacillus_flavithermus_WK1_gene7039015.pdb
-0.354056 -0.655501  0.667055    -3.566001
-0.818015 -0.128668 -0.560621     2.606341
 0.453316 -0.744153 -0.490654     0.855682
>../../../../class1/arg//data/domains/Catalytic_domain/structures/ArgRS_AF_Bact_Brachyspira_pilosicoli_95_1000_gene56439668.pdb
-0.228631  0.171046  0.958369    -4.196232
 0.628764 -0.725625  0.279506     0.411021
 0.743225  0.666492  0.058353    -3.357473
>../../../../class1/arg//data/domains/Catalytic_domain/structures/ArgRS_AF_Bact_Chlamydia_psittaci_6BC_gene12242456.pdb
-0.053385 -0.103993  0.993144    -5.626850
 0.230806 -0.968916 -0.089050     2.195989
 0.971534  0.224470  0.075728    -1.158692
>../../../../class1/arg//data/domains/Catalytic_domain/structures/ArgRS_AF_Bact_Corynebacterium_ulcerans_809_gene75260071.pdb
-0.156848  0.153538  0.975615    -4.726546
 0.532727 -0.818657  0.214483     0.191381
 0.831625  0.553378  0.046611    -2.632538
>../../../../class1/arg//data/domains/Catalytic_domain/structures/ArgRS_AF_Bact_Cupriavidus_taiwanensis_LMG_19424_gene29762022.pdb
-0.097301  0.032146  0.994736    -4.836694
 0.242342 -0.968630  0.055008    -0.552727
 0.965299  0.246418  0.086458    -0.796259
>../../../../class1/arg//data/domains/Catalytic_domain/structures/ArgRS_AF_Bact_Mycoplasma_hyopneumoniae_168-L_gene57100855.pdb
-0.017392 -0.043062  0.998921    -7.209191
 0.101629 -0.993974 -0.041079     0.192910
 0.994670  0.100804  0.021663     0.607987
>../../../../class1/arg//data/domains/Catalytic_domain/structures/ArgRS_AF_Bact_Prochlorococcus_marinus_subsp_marinus_str_CCMP1375_gene54199571.pdb
-0.629025 -0.711741  0.312655    -5.328017
-0.738860  0.422328 -0.525095    -3.360367
 0.241689 -0.561306 -0.791532    -0.081165
>../../../../class1/arg//data/domains/Catalytic_domain/structures/ArgRS_AF_Bact_Streptobacillus_moniliformis_DSM_12112_gene29674021.pdb
 0.760894 -0.414423 -0.499293    -4.645971
 0.637089  0.331145  0.696032     0.422717
-0.123113 -0.847701  0.515991    -1.638422
>../../../../class1/arg//data/domains/Catalytic_domain/structures/ArgRS_AF_Euk_Micromonas_commoda_gene8250062.pdb
-0.051621 -0.154098 -0.986706    -4.853663
 0.091542 -0.984594  0.148978     4.052720
-0.994462 -0.082635  0.064932    -0.027982
>../../../../class1/arg//data/domains/Catalytic_domain/structures/ArgRS_AF_Euk_Paulinella_chromatophora_gene6481434.pdb
-0.798846 -0.587735  0.128111    -7.764874
-0.584815  0.708957 -0.394173    -3.082632
 0.140844 -0.389805 -0.910063    -1.405796
>../../../../class1/arg//data/domains/Catalytic_domain/structures/ArgRS_AF_Euk_Polyodon_spathula_gene121324634.pdb
-0.494144  0.645307  0.582581    -6.686674
 0.488202 -0.348510  0.800125     8.645775
 0.719361  0.679794 -0.142826     0.177436
>../../../../class1/arg//data/domains/Catalytic_domain/structures/ArgRS_AF_Euk_Thalassiosira_pseudonana_CCMP1335_gene7449555.pdb
 0.815859 -0.443651 -0.370874    -1.215940
 0.578247  0.628142  0.520642     4.157824
 0.001978 -0.639228  0.769015     3.434688
>../../../../class1/arg//data/domains/Catalytic_domain/structures/ArgRS_AF_Mito_Caenorhabditis_elegans_gene174023.pdb
-0.979573 -0.198861  0.029858    -7.746519
-0.200893  0.961207 -0.189006    -1.668480
 0.008886 -0.191143 -0.981522     3.670337
>../../../../class1/arg//data/domains/Catalytic_domain/structures/ArgRS_AF_Mito_Saccharomyces_cerevisiae_S288C_gene851942.pdb
 0.628301  0.757773 -0.176117    -3.633497
-0.598135  0.325766 -0.732196     1.881941
-0.497465  0.565381  0.657930    -2.276702
>../../../../class1/arg//data/domains/Catalytic_domain/structures/ArgRS_AF_Vir_Megavirus_chiliensis_gene11257368.pdb
 1.000000  0.000000  0.000000     0.000000
 0.000000  1.000000  0.000000     0.000000
 0.000000  0.000000  1.000000     0.000000
>../../../../class1/arg//data/domains/Catalytic_domain/structures/ArgRS_PDB_Arch_2ZUF.pdb
-0.816854  0.552406 -0.166122    17.081907
-0.403084 -0.340608  0.849417   -16.879336
 0.412641  0.760811  0.500893   -22.538344
>../../../../class1/arg//data/domains/Catalytic_domain/structures/ArgRS_PDB_Bact_1IQ0.pdb
 0.444101 -0.410023  0.796652    18.257088
-0.218058  0.812948  0.539969   -53.922622
-0.869037 -0.413517  0.271623    36.636236
>../../../../class1/arg//data/domains/Catalytic_domain/structures/ArgRS_PDB_Euk_S_cerevisiae_1BS2.pdb
-0.474067 -0.700296  0.533710    78.451287
-0.654207  0.685839  0.318809   -17.708069
-0.589299 -0.198019 -0.783272    23.549945
>../../../../class1/glu3//data/domains/Catalytic_domain/structures/GluRS-E_AF_Euk_Cyathus_striatus_proteinKAF9013924.1.pdb
-0.332499  0.389706 -0.858821   -16.027909
-0.940962 -0.198415  0.274267   -18.633935
-0.063519  0.899311  0.432672     3.094063
>../../../../class1/glu3//data/domains/Catalytic_domain/structures/GluRS-E_AF_Euk_Lichtheimia_hyalospora_proteinKAI7879902.1.pdb
 0.274923  0.950602 -0.144131    -8.398251
-0.867556  0.309885  0.388996   -11.860099
 0.414445  0.018098  0.909895    -3.338764
>../../../../class1/glu3//data/domains/Catalytic_domain/structures/GluRS-E_AF_Euk_Medicago_truncatula_gene11407510.pdb
-0.036945  0.730725 -0.681671    -8.919629
-0.963917  0.153895  0.217212   -17.283688
 0.263628  0.665099  0.698672     7.200491
>../../../../class1/glu3//data/domains/Catalytic_domain/structures/GluRS-E_AF_Euk_Xylariaceae_sp_FL0804_proteinKAI0483267.1.pdb
-0.187256  0.740948  0.644927    -9.694769
 0.914627  0.371001 -0.160674    -8.905058
-0.358320  0.559780 -0.747163    -6.675237
>../../../../class1/glu3//data/domains/Catalytic_domain/structures/GluRS-E_PDB_Euk_Gallus_gallus_7WRU.pdb
 0.426544  0.144440 -0.892859    70.725172
 0.884132  0.141561  0.445276   -57.780837
 0.190710 -0.979335 -0.067322    -7.870242
