>../../../../class1/met//data/domains/Catalytic_domain/structures/MetRS_AF_Arch_Aciduliprofundum_boonei_T469_gene8827030.pdb
 0.792850  0.032543 -0.608547    -7.420447
 0.104024 -0.991145  0.082525     0.389777
-0.600473 -0.128733 -0.789215    -1.375207
>../../../../class1/met//data/domains/Catalytic_domain/structures/MetRS_AF_Arch_Candidatus_Korarchaeum_cryptofilum_OPF8_gene6093355.pdb
 0.566607  0.228170 -0.791767    -8.027484
-0.076556  0.971317  0.225127     0.302278
 0.820424 -0.066944  0.567823    -5.281788
>../../../../class1/met//data/domains/Catalytic_domain/structures/MetRS_AF_Arch_Candidatus_Nitrosopumilus_sediminis_gene13696902.pdb
-0.494761 -0.299410  0.815822    -8.249745
 0.853374  0.009997  0.521203     3.469722
-0.164209  0.954072  0.250562    -4.081345
>../../../../class1/met//data/domains/Catalytic_domain/structures/MetRS_AF_Arch_Halalkalicoccus_jeotgali_B3_gene9420443.pdb
 0.838110 -0.027416 -0.544812    -6.096303
-0.028478 -0.999573  0.006493     3.457221
-0.544757  0.010073 -0.838533    -3.213423
>../../../../class1/met//data/domains/Catalytic_domain/structures/MetRS_AF_Bact_Bacillus_anthracis_str_Ames_Ancestor_gene45024892.pdb
-0.969329 -0.001553  0.245762    -6.813772
-0.237387 -0.252995 -0.937892     2.527611
 0.063633 -0.967466  0.244866    -3.956296
>../../../../class1/met//data/domains/Catalytic_domain/structures/MetRS_AF_Bact_Brucella_suis_1330_gene45052047.pdb
 0.543123  0.244897 -0.803146    -9.292147
-0.209478  0.965795  0.152835     4.033292
 0.813103  0.085233  0.575846    -5.800294
>../../../../class1/met//data/domains/Catalytic_domain/structures/MetRS_AF_Bact_Chlamydia_psittaci_6BC_gene12243105.pdb
 0.517056 -0.306995 -0.799004    -7.094404
-0.663356 -0.733644 -0.147393     7.763417
-0.540936  0.606234 -0.582982    -5.916045
>../../../../class1/met//data/domains/Catalytic_domain/structures/MetRS_AF_Bact_Mycoplasma_hyopneumoniae_168-L_gene57101263.pdb
 0.614961  0.034848 -0.787787    -7.968751
-0.394242 -0.851619 -0.345424     5.996503
-0.682932  0.523001 -0.509974    -3.857466
>../../../../class1/met//data/domains/Catalytic_domain/structures/MetRS_AF_Bact_Nocardia_farcinica_IFM_10152_gene61135500.pdb
 0.421437  0.123898 -0.898354   -10.171278
-0.741627  0.617195 -0.262792     5.035277
 0.521901  0.776994  0.351995    -6.587698
>../../../../class1/met//data/domains/Catalytic_domain/structures/MetRS_AF_Bact_Prochlorococcus_marinus_subsp_marinus_str_CCMP1375_gene54200313.pdb
-0.586230 -0.398914  0.705126    -9.381724
 0.699560 -0.688227  0.192249     4.931987
 0.408596  0.605980  0.682523    -5.191778
>../../../../class1/met//data/domains/Catalytic_domain/structures/MetRS_AF_Bact_Streptobacillus_moniliformis_DSM_12112_gene29673607.pdb
-0.927115  0.050393  0.371375    -9.945942
-0.138920  0.874121 -0.465418     3.657278
-0.348080 -0.483087 -0.803410    -2.100550
>../../../../class1/met//data/domains/Catalytic_domain/structures/MetRS_AF_Bact_Treponema_denticola_ATCC_35405_gene2740824.pdb
-0.494179 -0.074529  0.866160    -8.856958
 0.816297 -0.382532  0.432815     2.025613
 0.299077  0.920931  0.249877    -6.543116
>../../../../class1/met//data/domains/Catalytic_domain/structures/MetRS_AF_Euk_Drosophila_melanogaster_gene37177.pdb
 0.746234 -0.265041 -0.610646    -7.073253
 0.126489 -0.844154  0.520966    12.487598
-0.653556 -0.466002 -0.596412    -4.302188
>../../../../class1/met//data/domains/Catalytic_domain/structures/MetRS_AF_Euk_Oryza_sativa_Japonica_Group_gene4341140.pdb
 0.857194  0.061506 -0.511307    -5.508542
 0.463880 -0.523444  0.714718     8.258960
-0.223681 -0.849837 -0.477225    -0.945410
>../../../../class1/met//data/domains/Catalytic_domain/structures/MetRS_AF_Euk_Scheffersomyces_stipitis_CBS_6054_gene4836672.pdb
-0.507518 -0.298056  0.808448   -16.155751
 0.780400  0.238716  0.577919     5.546996
-0.365242  0.924217  0.111450    -6.433975
>../../../../class1/met//data/domains/Catalytic_domain/structures/MetRS_AF_Euk_Trypanosoma_brucei_brucei_TREU927_gene3662741.pdb
-0.809821  0.163198  0.563521   -12.075812
-0.201010  0.825209 -0.527849     6.185082
-0.551167 -0.540737 -0.635467    -5.491656
>../../../../class1/met//data/domains/Catalytic_domain/structures/MetRS_AF_Mito_Arvicanthis_niloticus_gene117706247.pdb
-0.621278 -0.058982  0.781368   -11.069940
 0.282245  0.913386  0.293365     5.823037
-0.730994  0.402798 -0.550819    -3.430784
>../../../../class1/met//data/domains/Catalytic_domain/structures/MetRS_AF_Mito_Brachypodium_distachyon_gene100843706.pdb
 0.715479  0.040953 -0.697433    -9.235815
-0.035318 -0.994884 -0.094651     4.801231
-0.697741  0.092353 -0.710372    -3.304858
>../../../../class1/met//data/domains/Catalytic_domain/structures/MetRS_AF_Vir_Megavirus_chiliensis_gene11256705.pdb
-0.499461 -0.266656  0.824278    -6.751386
 0.838522  0.090357  0.537323     2.357328
-0.217760  0.959547  0.178467    -3.902013
>../../../../class1/met//data/domains/Catalytic_domain/structures/MetRS_PDB_Arch_P_abyssi_1RQG.pdb
-0.930843  0.143163  0.336208   -25.939591
-0.146210  0.697288 -0.701720    54.061874
-0.334894 -0.702348 -0.628134    79.156782
>../../../../class1/met//data/domains/Catalytic_domain/structures/MetRS_PDB_Bact_E_coli_1PFV.pdb
 0.035401  0.287682 -0.957071    19.346109
-0.811534  0.567171  0.140466     0.857546
 0.583232  0.771723  0.253543   -23.165389
>../../../../class1/met//data/domains/Catalytic_domain/structures/MetRS_PDB_Bact_T_therm_1WOY.pdb
 0.331568 -0.815451 -0.474450    33.632017
 0.067121  0.522014 -0.850292   122.233857
 0.941041  0.250084  0.227817   -28.693423
>../../../../class1/trp//data/domains/Catalytic_domain/structures/TrpRS_AF_Arch_Natrialba_magadii_ATCC_43099_gene8824932.pdb
-0.968394  0.239440 -0.069871    -2.830114
 0.135120  0.739059  0.659950     2.194931
 0.209658  0.629651 -0.748053    -1.567255
>../../../../class1/trp//data/domains/Catalytic_domain/structures/TrpRS_AF_Arch_Nitrosopumilus_maritimus_SCM1_gene5773245.pdb
-0.985435  0.084899 -0.147343    -3.371682
-0.006395  0.847342  0.531009     1.712362
 0.169932  0.524217 -0.834457     0.463150
>../../../../class1/trp//data/domains/Catalytic_domain/structures/TrpRS_AF_Arch_Sulfolobus_islandicus_M1627_gene7814138.pdb
 1.000000  0.000000  0.000000     0.000000
 0.000000  1.000000  0.000000     0.000000
 0.000000  0.000000  1.000000     0.000000
>../../../../class1/trp//data/domains/Catalytic_domain/structures/TrpRS_AF_Arch_Thermoplasma_acidophilum_DSM_1728_gene1456706.pdb
 0.078308 -0.544265  0.835251    -0.526410
-0.972179 -0.227221 -0.056916     6.162835
 0.220764 -0.807556 -0.546916    -2.683085
>../../../../class1/trp//data/domains/Catalytic_domain/structures/TrpRS_AF_Bact_Anoxybacillus_flavithermus_WK1_gene7038388.pdb
 0.917611 -0.343509 -0.199982     2.687156
 0.379406  0.906945  0.183036    -2.113151
 0.118498 -0.243830  0.962551    -1.302342
>../../../../class1/trp//data/domains/Catalytic_domain/structures/TrpRS_AF_Bact_Brachyspira_pilosicoli_95_1000_gene56440833.pdb
-0.078217 -0.102527  0.991650    -1.983349
-0.087817 -0.990123 -0.109296    -1.176715
 0.993061 -0.095632  0.068440    -4.755222
>../../../../class1/trp//data/domains/Catalytic_domain/structures/TrpRS_AF_Bact_Helicobacter_cinaedi_PAGU611_gene66538868.pdb
 0.981942 -0.181878 -0.052067     2.690733
 0.178375  0.981781 -0.065491    -3.200123
 0.063030  0.055021  0.996494    -1.613728
>../../../../class1/trp//data/domains/Catalytic_domain/structures/TrpRS_AF_Bact_Mycoplasma_hyopneumoniae_168-L_gene57101461.pdb
 0.997079  0.026950 -0.071465     1.064528
-0.039140  0.983774 -0.175092    -4.520305
 0.065586  0.177378  0.981955    -2.362839
>../../../../class1/trp//data/domains/Catalytic_domain/structures/TrpRS_AF_Bact_Porphyromonas_gingivalis_ATCC_33277_gene29255389.pdb
-0.011102  0.781151 -0.624243    -2.726893
-0.200307 -0.613365 -0.763977    -1.705611
-0.979670  0.116558  0.163280    -3.670862
>../../../../class1/trp//data/domains/Catalytic_domain/structures/TrpRS_AF_Bact_Prochlorococcus_marinus_subsp_marinus_str_CCMP1375_gene54200405.pdb
-0.992710 -0.114785  0.036769    -6.426361
-0.090258  0.910124  0.404385    -2.971325
-0.079882  0.398119 -0.913849    -7.987901
>../../../../class1/trp//data/domains/Catalytic_domain/structures/TrpRS_AF_Bact_Streptomyces_albidoflavus_gene15147734.pdb
 0.276591  0.901492 -0.332881    -1.153248
-0.502384 -0.159646 -0.849778    -1.234313
-0.819211  0.402275  0.408739    -4.316559
>../../../../class1/trp//data/domains/Catalytic_domain/structures/TrpRS_AF_Bact_Thermus_thermophilus_HB8_gene3168998.pdb
-0.789257 -0.613183 -0.032870    -2.006261
-0.611821  0.789818 -0.043166    -1.082074
 0.052430 -0.013958 -0.998527    -3.891496
>../../../../class1/trp//data/domains/Catalytic_domain/structures/TrpRS_AF_Euk_Cryptococcus_neoformans_var_neoformans_JEC21_gene3254069.pdb
 0.316996 -0.753987  0.575340    -3.754655
-0.673596 -0.606032 -0.423076     1.684389
 0.667669 -0.253433 -0.699993    -1.753559
>../../../../class1/trp//data/domains/Catalytic_domain/structures/TrpRS_AF_Euk_Cyanidioschyzon_merolae_strain_10D_gene16993299.pdb
-0.797609 -0.574594 -0.183472    -3.983415
-0.580793  0.813712 -0.023483     1.249363
 0.162787  0.087829 -0.982744    -0.402862
>../../../../class1/trp//data/domains/Catalytic_domain/structures/TrpRS_AF_Euk_Drosophila_melanogaster_gene45399.pdb
-0.957200 -0.267594 -0.110280    -8.271679
-0.278363  0.955506  0.097579    -0.839110
 0.079261  0.124100 -0.989099    -3.566899
>../../../../class1/trp//data/domains/Catalytic_domain/structures/TrpRS_AF_Euk_Saccharomyces_cerevisiae_S288C_gene854056.pdb
 0.135622  0.477951  0.867854    -3.948646
 0.233054 -0.866758  0.440927     1.993473
 0.962960  0.142457 -0.228939    -2.283308
>../../../../class1/trp//data/domains/Catalytic_domain/structures/TrpRS_AF_Mito_Bufo_gargarizans_gene122922343.pdb
-0.326731 -0.884146  0.333966    -2.965498
-0.856733  0.127865 -0.499659    -1.287247
 0.399068 -0.449374 -0.799254    -3.711755
>../../../../class1/trp//data/domains/Catalytic_domain/structures/TrpRS_AF_Mito_Cyanidioschyzon_merolae_strain_10D_gene16992222.pdb
-0.007402 -0.059987  0.998172     0.729040
-0.275000 -0.959589 -0.059707    -0.313781
 0.961416 -0.274939 -0.009393     1.018871
>../../../../class1/trp//data/domains/Catalytic_domain/structures/TrpRS_AF_Vir_Megavirus_chiliensis_gene11257301.pdb
-0.943111 -0.056205 -0.327692    -2.493074
-0.195021  0.891761  0.408326     1.751981
 0.269273  0.449004 -0.851990    -1.242164
>../../../../class1/trp//data/domains/Catalytic_domain/structures/TrpRS_PDB_Arch_P_hori_3JXE.pdb
 0.938110 -0.120287  0.324778    35.888461
 0.308993 -0.132891 -0.941734    25.167701
 0.156439  0.983804 -0.087498   -22.237640
>../../../../class1/trp//data/domains/Catalytic_domain/structures/TrpRS_PDB_Bact_G_stearo_1I6M.pdb
-0.600922  0.028134  0.798812    -1.581839
 0.595462  0.682439  0.423913   -65.172091
-0.533214  0.730401 -0.426845    27.904375
>../../../../class1/trp//data/domains/Catalytic_domain/structures/TrpRS_PDB_Bact_Y_pestis_3N9I.pdb
-0.421440 -0.414188  0.806745    28.813608
-0.406094 -0.709230 -0.576265    72.923145
 0.810849 -0.570475  0.130699     7.918178
>../../../../class1/trp//data/domains/Catalytic_domain/structures/TrpRS_PDB_Euk_S_Cerevisiae_3KT3.pdb
-0.205491 -0.857385 -0.471873   -21.188822
-0.878726 -0.050617  0.474636  -122.508244
-0.430831  0.512180 -0.743005   -99.824989
