>../../../../class2/phe1//data/domains/Catalytic_domain/structures/PheRS-Bα_AF_Bact_Brachyspira_pilosicoli_95_1000_gene56440383.pdb
 0.037238  0.401317 -0.915182   -14.731615
-0.961099 -0.236434 -0.142785     4.694230
-0.273682  0.884898  0.376901    26.782530
>../../../../class2/phe1//data/domains/Catalytic_domain/structures/PheRS-Bα_AF_Bact_Chlamydia_psittaci_6BC_gene12243227.pdb
 0.181577  0.896267 -0.404642   -16.936348
-0.739861  0.395572  0.544176     2.129231
 0.647792  0.200569  0.734940    27.579441
>../../../../class2/phe1//data/domains/Catalytic_domain/structures/PheRS-Bα_AF_Bact_Ferrimonas_balearica_DSM_9799_gene67181906.pdb
-0.012428 -0.455000  0.890405   -16.667974
 0.986243  0.141212  0.085926     0.883031
-0.164832  0.879224  0.446986    30.307133
>../../../../class2/phe1//data/domains/Catalytic_domain/structures/PheRS-Bα_AF_Bact_Mycobacterium_intracellulare_ATCC_13950_gene11909689.pdb
-0.861320 -0.461986 -0.211417   -19.148921
 0.429303 -0.439249 -0.789151    -2.122246
 0.271712 -0.770473  0.576666    36.669695
>../../../../class2/phe1//data/domains/Catalytic_domain/structures/PheRS-Bα_AF_Bact_Mycoplasma_capricolum_subsp_capricolum_ATCC_27343_gene23778662.pdb
 0.171519 -0.099589  0.980134   -13.962205
 0.909123  0.399310 -0.118520     1.855408
-0.379574  0.911391  0.159028    28.363767
>../../../../class2/phe1//data/domains/Catalytic_domain/structures/PheRS-Bα_AF_Bact_Porphyromonas_gingivalis_ATCC_33277_gene29256875.pdb
 0.347052  0.565760 -0.747978   -17.522931
-0.922047  0.351607 -0.161868     6.615820
 0.171415  0.745848  0.643683    27.833829
>../../../../class2/phe1//data/domains/Catalytic_domain/structures/PheRS-Bα_AF_Bact_Prochlorococcus_marinus_subsp_marinus_str_CCMP1375_gene54200681.pdb
-0.502654  0.828997  0.245160   -18.385336
 0.126213  0.350924 -0.927859    -4.487073
-0.855225 -0.435450 -0.281023    34.148660
>../../../../class2/phe1//data/domains/Catalytic_domain/structures/PheRS-Bα_AF_Bact_Staphylococcus_argenteus_gene66839332.pdb
-0.055347  0.667289  0.742740   -17.627569
 0.365380  0.705819 -0.606891    -2.339085
-0.929211  0.237793 -0.282879    26.839604
>../../../../class2/phe1//data/domains/Catalytic_domain/structures/PheRS-Bα_PDB_Bact.A_E_coli_3PCO.pdb
 0.061179  0.922132 -0.382007     7.499596
 0.420519 -0.370911 -0.828003    63.755539
-0.905219 -0.109985 -0.410466    30.561423
>../../../../class2/phe1//data/domains/Catalytic_domain/structures/PheRS-Bα_PDB_Bact.A_T_thermophilus_1PYS.pdb
-0.832071 -0.538273  0.133863    23.677912
-0.358814  0.706393  0.610132   -34.510525
-0.422977  0.459642 -0.780909    20.910714
>../../../../class2/phe4//data/domains/Catalytic_domain/structures/PheRS-Aβ_AF_Arch_Candidatus_Nitrosopumilus_koreensis_AR1_gene13724457.pdb
-0.149205 -0.623291  0.767624     0.136935
-0.435225 -0.655674 -0.616986     2.536327
 0.887872 -0.426146 -0.173442     0.645978
>../../../../class2/phe4//data/domains/Catalytic_domain/structures/PheRS-Aβ_AF_Arch_Halalkalicoccus_jeotgali_B3_gene9420006.pdb
-0.514182  0.741037  0.431835    -2.291701
 0.829336  0.301202  0.470615     0.655529
 0.218674  0.600118 -0.769441     0.688286
>../../../../class2/phe4//data/domains/Catalytic_domain/structures/PheRS-Aβ_AF_Arch_Sulfolobus_islandicus_YG5714_gene7807969.pdb
-0.020354 -0.498439  0.866686     0.989507
-0.530885 -0.729172 -0.431821     5.650456
 0.847200 -0.468900 -0.249772     2.445219
>../../../../class2/phe4//data/domains/Catalytic_domain/structures/PheRS-Aβ_AF_Arch_Thermoplasma_volcanium_GSS1_gene1441711.pdb
 1.000000 -0.000000  0.000000     0.000000
 0.000000  1.000000  0.000000     0.000000
-0.000000  0.000000  1.000000     0.000000
>../../../../class2/phe4//data/domains/Catalytic_domain/structures/PheRS-Aβ_AF_Euk_Astyanax_mexicanus_gene103044481.pdb
 0.561913 -0.717245 -0.412084     0.630994
 0.638319  0.059124  0.767498     8.404249
-0.526120 -0.694308  0.491053     0.220882
>../../../../class2/phe4//data/domains/Catalytic_domain/structures/PheRS-Aβ_AF_Euk_Drosophila_melanogaster_gene42888.pdb
-0.270851  0.632429  0.725722    -1.495288
 0.322807 -0.650576  0.687420     8.052680
 0.906882  0.420456 -0.027943     2.248153
>../../../../class2/phe4//data/domains/Catalytic_domain/structures/PheRS-Aβ_AF_Euk_Plasmodium_falciparum_3D7_gene810604.pdb
-0.263967 -0.682332  0.681721     0.029198
-0.587800 -0.446580 -0.674580     2.931223
 0.764730 -0.578783 -0.283192     5.248177
>../../../../class2/phe4//data/domains/Catalytic_domain/structures/PheRS-Aβ_AF_Euk_Saccharomyces_cerevisiae_S288C_gene850749.pdb
-0.986888  0.157312 -0.036121    -1.844034
 0.158877  0.986247 -0.045557    -0.735436
 0.028458 -0.050699 -0.998308     2.690834
>../../../../class2/phe4//data/domains/Catalytic_domain/structures/PheRS-Aβ_PDB_Euk.B_H_sapiens_3L4G.pdb
-0.117017 -0.993060 -0.011798    98.526128
-0.738355  0.079047  0.669764    21.682614
-0.664183  0.087085 -0.742480    37.335921
