>structures/SerRS_AF_Arch_Candidatus_Methanomassiliicoccus_intestinalis_Issoire-Mx1_gene16154337.pdb
-0.607201 -0.719717  0.336622     3.578426
-0.702855  0.288961 -0.649997     1.826235
 0.370543 -0.631275 -0.681314     0.916999
>structures/SerRS_AF_Arch_Methanospirillum_hungatei_JF-1_gene3924775.pdb
-0.464882  0.765728  0.444461    -1.026121
 0.834009  0.210237  0.510126     1.811502
 0.297176  0.607833 -0.736360    -1.292141
>structures/SerRS_AF_Arch_Nitrosopumilus_maritimus_SCM1_gene5773574.pdb
 0.656227  0.744628 -0.122046     1.845962
-0.721095  0.571227 -0.392074    -2.963198
-0.222234  0.345297  0.911802    -0.120436
>structures/SerRS_AF_Arch_Thermoproteus_uzoniensis_768-20_gene10361450.pdb
 0.913748  0.406133 -0.011025     4.524920
-0.405379  0.909572 -0.091360    -3.238027
-0.027076  0.087950  0.995757    -0.098047
>structures/SerRS_AF_Bact_Bifidobacterium_longum_subsp_longum_JCM_1217_gene69578844.pdb
 0.147919 -0.214087  0.965550     1.453142
-0.134177 -0.971607 -0.194875     4.450550
 0.979855 -0.100729 -0.172444    -1.177091
>structures/SerRS_AF_Bact_Brucella_suis_1330_gene45051948.pdb
 1.000000 -0.000000  0.000000     0.000000
 0.000000  1.000000  0.000000     0.000000
-0.000000  0.000000  1.000000     0.000000
>structures/SerRS_AF_Bact_Chlamydia_psittaci_6BC_gene12242544.pdb
-0.934239  0.356028  0.021015     1.805427
 0.354149  0.919120  0.172618     0.057379
 0.042142  0.168709 -0.984765    -0.895350
>structures/SerRS_AF_Bact_Clostridium_acetobutylicum_DSM_1731_gene44996495.pdb
 0.759516  0.602781 -0.244521    -1.880066
-0.645954  0.654599 -0.392738     1.458739
-0.076672  0.456240  0.886547    -1.632875
>structures/SerRS_AF_Bact_Mycoplasma_hyopneumoniae_168-L_gene57101125.pdb
-0.842253  0.494379  0.214940     1.436389
 0.515437  0.621738  0.589717     2.134963
 0.157908  0.607479 -0.778482     0.873392
>structures/SerRS_AF_Bact_Prochlorococcus_marinus_subsp_marinus_str_CCMP1375_gene54200639.pdb
 0.995433 -0.084326  0.044736     5.518687
 0.056061  0.895742  0.441025     2.105954
-0.077262 -0.436503  0.896379     2.447695
>structures/SerRS_AF_Bact_Streptobacillus_moniliformis_DSM_12112_gene29673293.pdb
 0.991290  0.131630 -0.004316    -0.356803
-0.131672  0.989864 -0.053218     0.038762
-0.002733  0.053323  0.998574    -0.944158
>structures/SerRS_AF_Bact_Treponema_pallidum_subsp_pertenue_str_SamoaD_gene57879171.pdb
-0.603329  0.721220  0.340346     0.234033
 0.780628  0.446786  0.437037     0.337660
 0.163138  0.529361 -0.832564    -1.314999
>structures/SerRS_AF_Euk_Cyanidioschyzon_merolae_strain_10D_gene16995416.pdb
-0.018980  0.606399  0.794934    -0.410365
 0.732900 -0.532369  0.423605     2.613136
 0.680072  0.590647 -0.434326    -2.055695
>structures/SerRS_AF_Euk_Homo_sapiens_gene6301.pdb
 0.966485  0.239715  0.091888     4.842778
-0.248940  0.962561  0.107266    -0.981275
-0.062735 -0.126546  0.989975     3.530026
>structures/SerRS_AF_Euk_Thunnus_albacares_gene122982782.pdb
 0.224911 -0.152856  0.962315     0.235359
-0.005190 -0.987792 -0.155690     4.742059
 0.974366  0.030022 -0.222959     0.746073
>structures/SerRS_AF_Euk_Trichomonas_vaginalis_G3_gene4762654.pdb
-0.777142  0.623482 -0.085563     1.268057
 0.442989  0.638529  0.629319     2.220713
 0.447003  0.451166 -0.772423    -0.316233
>structures/SerRS_AF_Euk_Vitis_vinifera_gene100261399.pdb
 0.173724  0.160928  0.971556     0.487968
 0.282330 -0.953284  0.107418     3.874890
 0.943456  0.255639 -0.211043    -1.166266
>structures/SerRS_AF_Mito_Cervus_elaphus_gene122688911.pdb
 0.982266 -0.187275  0.009051     6.800524
 0.164596  0.884421  0.436701     2.480021
-0.089788 -0.427467  0.899561     3.512927
>structures/SerRS_AF_Mito_Drechmeria_coniospora_gene63718051.pdb
-0.957147  0.288452  0.025781     1.438138
 0.267832  0.847820  0.457676     2.663828
 0.110160  0.444969 -0.888745     1.459695
>structures/SerRS_AF_Mito_Homo_sapiens_gene54938.pdb
 0.997940 -0.048455  0.042039     6.415369
 0.032635  0.947664  0.317597     1.577142
-0.055228 -0.315571  0.947293     3.415908
>structures/SerRS_PDB_Bact_K_pneumoniae_6h9x.pdb
-0.388216  0.107471  0.915280     8.518355
-0.473129  0.829054 -0.298024    20.919923
-0.790846 -0.548743 -0.271005   -28.617206
>structures/SerRS_PDB_Bact_T_thermophilus_1ser.pdb
-0.914049 -0.359981 -0.186892   146.525560
 0.344360 -0.932208  0.111374     8.418539
-0.214315  0.037443  0.976047   -21.315683
>structures/SerRS_PDB_Mito_B_taurus_1wle.pdb
-0.807765 -0.310811 -0.500912   106.926905
-0.393968 -0.347474  0.850912   -17.763001
-0.438526  0.884680  0.158227   -11.664664
>structures/Slimp_AF_Euk_Lingula_anatina_gene106166201.pdb
 0.926997 -0.368454 -0.070133     4.585880
 0.342737  0.756196  0.557404     3.725712
-0.152343 -0.540749  0.827274     6.131126
>structures/Slimp_AF_Mito_Drosophila_melanogaster_proteinAAN13983.pdb
 0.897205  0.431027  0.096121     3.534594
-0.427806  0.902316 -0.052983    -1.638378
-0.109569  0.006415  0.993959     5.109147
