>structures/SerRS_AF_Arch_Candidatus_Methanomassiliicoccus_intestinalis_Issoire-Mx1_gene16154337.pdb
 0.318034  0.754481 -0.574120    -1.180371
-0.813968 -0.093205 -0.573384     2.614624
-0.486118  0.649670  0.584481    -1.155868
>structures/SerRS_AF_Arch_Methanospirillum_hungatei_JF-1_gene3924775.pdb
 0.746915 -0.612699 -0.258298     3.154393
 0.644454  0.571435  0.508077     0.597570
-0.163697 -0.545951  0.821669     0.715241
>structures/SerRS_AF_Arch_Nitrosopumilus_maritimus_SCM1_gene5773574.pdb
-0.883045 -0.469285 -0.001768    -1.298881
-0.451239  0.850110 -0.271471    -2.510442
 0.128901 -0.238923 -0.962445    -0.858823
>structures/SerRS_AF_Arch_Thermoproteus_uzoniensis_768-20_gene10361450.pdb
-0.998925 -0.044312  0.013623    -3.811957
-0.043380  0.997106  0.062436    -1.843910
-0.016350  0.061777 -0.997956    -0.968810
>structures/SerRS_AF_Bact_Bifidobacterium_longum_subsp_longum_JCM_1217_gene69578844.pdb
-0.141802 -0.163046 -0.976375     1.645950
 0.079254 -0.985046  0.152983     3.940655
-0.986717 -0.055688  0.152604     1.196414
>structures/SerRS_AF_Bact_Brucella_suis_1330_gene45051948.pdb
-0.929024  0.367651  0.041802     1.513114
 0.369600  0.916650  0.152143    -0.491069
 0.017618  0.156795 -0.987474    -0.720615
>structures/SerRS_AF_Bact_Chlamydia_psittaci_6BC_gene12242544.pdb
 0.999986  0.005236  0.000342     0.008843
-0.005240  0.999880  0.014559     0.006202
-0.000266 -0.014561  0.999894     0.104693
>structures/SerRS_AF_Bact_Clostridium_acetobutylicum_DSM_1731_gene44996495.pdb
-0.946534 -0.303637  0.108986     3.642502
-0.322600  0.892648 -0.314817    -0.079046
-0.001696 -0.333144 -0.942875     1.152409
>structures/SerRS_AF_Bact_Mycoplasma_hyopneumoniae_168-L_gene57101125.pdb
 0.975098 -0.221665 -0.006994     1.074076
 0.196309  0.848028  0.492251     2.157277
-0.103184 -0.481366  0.870425    -1.298925
>structures/SerRS_AF_Bact_Prochlorococcus_marinus_subsp_marinus_str_CCMP1375_gene54200639.pdb
-0.907683  0.390292  0.154221    -2.780634
 0.405593  0.721537  0.561140     3.859633
 0.107733  0.571888 -0.813227    -2.700504
>structures/SerRS_AF_Bact_Streptobacillus_moniliformis_DSM_12112_gene29673293.pdb
-0.971026  0.237873  0.022918     1.840112
 0.238957  0.965318  0.105175    -0.768374
 0.002896  0.107604 -0.994190     0.178788
>structures/SerRS_AF_Bact_Treponema_pallidum_subsp_pertenue_str_SamoaD_gene57879171.pdb
 0.850336 -0.496433 -0.174595     1.421868
 0.520458  0.744302  0.418496    -0.293480
-0.077804 -0.446731  0.891279     1.021907
>structures/SerRS_AF_Euk_Cyanidioschyzon_merolae_strain_10D_gene16995416.pdb
 0.317024 -0.734097 -0.600497     2.781407
 0.768768 -0.171892  0.615994     1.427242
-0.555420 -0.656928  0.509857     1.736416
>structures/SerRS_AF_Euk_Thunnus_albacares_gene122982782.pdb
-0.166148 -0.221324 -0.960942     3.090413
 0.214856 -0.959200  0.183774     4.020168
-0.962409 -0.175930  0.206922    -0.665327
>structures/SerRS_AF_Euk_Trichomonas_vaginalis_G3_gene4762654.pdb
 0.903190 -0.332172  0.271863     1.292074
 0.194203  0.881052  0.431314     1.921544
-0.382796 -0.336762  0.860266    -0.062231
>structures/SerRS_AF_Euk_Vitis_vinifera_gene100261399.pdb
-0.024864 -0.484303 -0.874547     2.471419
 0.462172 -0.781283  0.419516     3.118908
-0.886442 -0.393760  0.243257     1.133551
>structures/SerRS_AF_Mito_Cervus_elaphus_gene122688911.pdb
-0.858131  0.479617  0.183246    -3.654864
 0.494621  0.676526  0.545585     4.824965
 0.137701  0.558820 -0.817777    -3.633060
>structures/SerRS_AF_Mito_Drechmeria_coniospora_gene63718051.pdb
 0.991226  0.053360  0.120925     1.199835
-0.088128  0.948657  0.303781     2.674196
-0.098507 -0.311772  0.945037    -1.502857
>structures/SerRS_PDB_Bact_K_pneumoniae_6h9x.pdb
 0.156201  0.184823 -0.970279     0.261637
-0.689642  0.723654  0.026822    17.854946
 0.707104  0.664955  0.240497    30.914077
>structures/SerRS_PDB_Bact_T_thermophilus_1ser.pdb
 0.968110  0.003657  0.250497  -132.887301
-0.048476 -0.978262  0.201629    56.129500
 0.245789 -0.207343 -0.946888    25.513605
>structures/SerRS_PDB_Mito_B_taurus_1wle.pdb
 0.588922  0.200143  0.783016  -104.949009
-0.732185 -0.278055  0.621763    20.426883
 0.342163 -0.939483 -0.017211     9.982413
>structures/Slimp_AF_Euk_Lingula_anatina_gene106166201.pdb
-0.748294  0.590967  0.301353    -1.043890
 0.611848  0.439326  0.657750     5.957629
 0.256316  0.676573 -0.690327    -6.390351
>structures/Slimp_AF_Mito_Drosophila_melanogaster_proteinAAN13983.pdb
-0.995403 -0.070831 -0.064466    -2.137410
-0.079659  0.985973  0.146666    -0.000970
 0.053173  0.151127 -0.987083    -5.968110
