>structures/SerRS_AF_Arch_Candidatus_Methanomassiliicoccus_intestinalis_Issoire-Mx1_gene16154337.pdb
 0.318418  0.753912 -0.574653    -1.155899
-0.816760 -0.089503 -0.569993     2.598165
-0.481158  0.650850  0.587266    -1.110568
>structures/SerRS_AF_Arch_Methanospirillum_hungatei_JF-1_gene3924775.pdb
 0.747806 -0.611998 -0.257379     3.138294
 0.642540  0.569550  0.512597     0.588631
-0.167118 -0.548700  0.819146     0.773176
>structures/SerRS_AF_Arch_Nitrosopumilus_maritimus_SCM1_gene5773574.pdb
-0.884564 -0.466418  0.001376    -1.314157
-0.449335  0.851368 -0.270684    -2.493596
 0.125080 -0.240056 -0.962667    -0.906674
>structures/SerRS_AF_Arch_Thermoproteus_uzoniensis_768-20_gene10361450.pdb
-0.998959 -0.043001  0.015259    -3.827117
-0.042009  0.997299  0.060246    -1.844993
-0.017808  0.059542 -0.998067    -0.957421
>structures/SerRS_AF_Bact_Bifidobacterium_longum_subsp_longum_JCM_1217_gene69578844.pdb
-0.148119 -0.159078 -0.976092     1.797746
 0.073338 -0.986028  0.149569     3.936484
-0.986246 -0.049431  0.157716     1.219689
>structures/SerRS_AF_Bact_Brucella_suis_1330_gene45051948.pdb
-0.929930  0.365425  0.041162     1.585133
 0.367441  0.918863  0.143796    -0.521315
 0.014724  0.148845 -0.988751    -0.610587
>structures/SerRS_AF_Bact_Chlamydia_psittaci_6BC_gene12242544.pdb
 0.999975  0.007093  0.000707    -0.048444
-0.007108  0.999704  0.023264     0.041611
-0.000542 -0.023269  0.999729     0.271817
>structures/SerRS_AF_Bact_Clostridium_acetobutylicum_DSM_1731_gene44996495.pdb
-0.946609 -0.302772  0.110730     3.662674
-0.322378  0.891311 -0.318805    -0.082076
-0.002170 -0.337480 -0.941330     1.193897
>structures/SerRS_AF_Bact_Mycoplasma_hyopneumoniae_168-L_gene57101125.pdb
 0.975556 -0.219611 -0.007807     1.062379
 0.194643  0.847061  0.494573     2.145766
-0.102001 -0.484003  0.869101    -1.285092
>structures/SerRS_AF_Bact_Prochlorococcus_marinus_subsp_marinus_str_CCMP1375_gene54200639.pdb
-0.908766  0.388183  0.153159    -2.706336
 0.404113  0.727069  0.555034     3.805995
 0.104098  0.566290 -0.817606    -2.637328
>structures/SerRS_AF_Bact_Streptobacillus_moniliformis_DSM_12112_gene29673293.pdb
-0.970581  0.239751  0.022198     1.869112
 0.240769  0.965710  0.097131    -0.748533
 0.001850  0.099618 -0.995024     0.290645
>structures/SerRS_AF_Bact_Treponema_pallidum_subsp_pertenue_str_SamoaD_gene57879171.pdb
 0.851792 -0.493040 -0.177094     1.401383
 0.518553  0.745406  0.418896    -0.286293
-0.074526 -0.448644  0.890598     0.993208
>structures/SerRS_AF_Euk_Cyanidioschyzon_merolae_strain_10D_gene16995416.pdb
 0.315999 -0.732632 -0.602823     2.846503
 0.765458 -0.178528  0.618225     1.414013
-0.560552 -0.656794  0.504384     1.810269
>structures/SerRS_AF_Euk_Thunnus_albacares_gene122982782.pdb
-0.172527 -0.216200 -0.960985     3.111621
 0.211067 -0.961068  0.178325     3.991428
-0.962125 -0.172066  0.211443    -0.611101
>structures/SerRS_AF_Euk_Trichomonas_vaginalis_G3_gene4762654.pdb
 0.903885 -0.330459  0.271641     1.227198
 0.194671  0.883205  0.426675     1.879587
-0.380914 -0.332785  0.862647    -0.138334
>structures/SerRS_AF_Euk_Vitis_vinifera_gene100261399.pdb
-0.022748 -0.484699 -0.874385     2.460034
 0.460011 -0.781599  0.421298     3.113994
-0.887622 -0.392644  0.240747     1.145218
>structures/SerRS_AF_Mito_Cervus_elaphus_gene122688911.pdb
-0.856742  0.480722  0.186815    -3.614697
 0.501586  0.692342  0.518723     4.708384
 0.120022  0.538116 -0.834282    -3.513656
>structures/SerRS_AF_Mito_Drechmeria_coniospora_gene63718051.pdb
 0.990951  0.050674  0.124287     1.176895
-0.086237  0.949950  0.300263     2.683604
-0.102851 -0.308264  0.945725    -1.500604
>structures/SerRS_PDB_Bact_K_pneumoniae_6h9x.pdb
 0.152426  0.184257 -0.970987     0.171373
-0.678891  0.733514  0.032621    18.300191
 0.718244  0.654222  0.236897    30.737169
>structures/SerRS_PDB_Bact_T_thermophilus_1ser.pdb
 0.969254 -0.000105  0.246061  -132.588476
-0.045010 -0.983203  0.176880    57.146837
 0.241909 -0.182516 -0.952978    25.087161
>structures/SerRS_PDB_Mito_B_taurus_1wle.pdb
 0.583448  0.202618  0.786470  -104.811521
-0.725471 -0.305280  0.616844    21.309030
 0.365077 -0.930457 -0.031121     9.155884
>structures/Slimp_AF_Euk_Lingula_anatina_gene106166201.pdb
-0.749017  0.590477  0.300517    -1.003384
 0.610582  0.439084  0.659087     5.931016
 0.257224  0.677158 -0.689415    -6.385531
