>structures/SerRS_AF_Arch_Candidatus_Methanomassiliicoccus_intestinalis_Issoire-Mx1_gene16154337.pdb
 0.613459  0.735612  0.287303    70.437802
 0.752974 -0.435139 -0.493644    36.291045
-0.238113  0.519162 -0.820837    70.380710
>structures/SerRS_AF_Arch_Methanospirillum_hungatei_JF-1_gene3924775.pdb
-0.094536 -0.964676 -0.245892    75.140538
 0.133386  0.232497 -0.963407    35.718807
 0.986545 -0.123875  0.106695    72.435528
>structures/SerRS_AF_Arch_Nitrosopumilus_maritimus_SCM1_gene5773574.pdb
-0.143000 -0.978813 -0.146550    74.125734
-0.150193 -0.124895  0.980736    37.707564
-0.978260  0.162256 -0.129151    67.092685
>structures/SerRS_AF_Arch_Thermoproteus_uzoniensis_768-20_gene10361450.pdb
-0.559822 -0.733851 -0.384788    72.191450
-0.174426 -0.349603  0.920518    36.762136
-0.810046  0.582443  0.067713    65.460040
>structures/SerRS_AF_Bact_Bifidobacterium_longum_subsp_longum_JCM_1217_gene69578844.pdb
-0.477344  0.614732 -0.627891    71.957599
 0.877290  0.292698 -0.380381    34.107140
-0.050050 -0.732415 -0.679016    73.375112
>structures/SerRS_AF_Bact_Brucella_suis_1330_gene45051948.pdb
-0.807333 -0.407172 -0.427111    74.501627
-0.306604 -0.328985  0.893176    37.144975
-0.504189  0.852044  0.140760    70.527269
>structures/SerRS_AF_Bact_Chlamydia_psittaci_6BC_gene12242544.pdb
 0.581098 -0.739841  0.339057    73.572026
 0.208303 -0.267528 -0.940765    35.815128
 0.786724  0.617303 -0.001348    69.619590
>structures/SerRS_AF_Bact_Clostridium_acetobutylicum_DSM_1731_gene44996495.pdb
-0.321691 -0.945956 -0.041021    75.965608
-0.079658 -0.016132  0.996692    36.010746
-0.943488  0.323895 -0.070164    72.415342
>structures/SerRS_AF_Bact_Mycoplasma_hyopneumoniae_168-L_gene57101125.pdb
 0.399642 -0.914623 -0.061244    72.005679
 0.235241  0.166903 -0.957499    36.881214
 0.885973  0.368250  0.281859    71.666505
>structures/SerRS_AF_Bact_Prochlorococcus_marinus_subsp_marinus_str_CCMP1375_gene54200639.pdb
-0.790830 -0.107918 -0.602446    68.119582
-0.396158 -0.660050  0.638273    36.937916
-0.466526  0.743429  0.479235    69.865569
>structures/SerRS_AF_Bact_Streptobacillus_moniliformis_DSM_12112_gene29673293.pdb
-0.742977 -0.531913 -0.406268    75.147778
-0.266511 -0.321686  0.908565    36.423734
-0.613969  0.783317  0.097245    70.590670
>structures/SerRS_AF_Bact_Treponema_pallidum_subsp_pertenue_str_SamoaD_gene57879171.pdb
 0.095418 -0.991440 -0.089113    74.728282
 0.073596  0.096303 -0.992628    35.816922
 0.992713  0.088156  0.082155    70.525948
>structures/SerRS_AF_Euk_Cyanidioschyzon_merolae_strain_10D_gene16995416.pdb
-0.571452 -0.520702 -0.634281    74.662459
 0.379365  0.517749 -0.766824    34.520724
 0.727685 -0.678827 -0.098333    72.662556
>structures/SerRS_AF_Euk_Thunnus_albacares_gene122982782.pdb
-0.591399  0.514230 -0.621140    72.089911
 0.806174  0.394433 -0.441029    36.168865
 0.018207 -0.761571 -0.647826    74.552410
>structures/SerRS_AF_Euk_Trichomonas_vaginalis_G3_gene4762654.pdb
 0.249209 -0.957044  0.148195    72.728390
 0.480736 -0.010589 -0.876801    35.924655
 0.840707  0.289749  0.457447    71.799817
>structures/SerRS_AF_Euk_Vitis_vinifera_gene100261399.pdb
-0.660068  0.152015 -0.735664    72.966660
 0.695589  0.493486 -0.522138    34.633028
 0.283667 -0.856366 -0.431474    73.424765
>structures/SerRS_AF_Mito_Cervus_elaphus_gene122688911.pdb
-0.823107 -0.024722 -0.567348    66.483385
-0.434010 -0.616919  0.656542    37.412232
-0.366239  0.786639  0.497060    69.768426
>structures/SerRS_AF_Mito_Drechmeria_coniospora_gene63718051.pdb
 0.608761 -0.770586  0.188701    71.558577
 0.309238  0.011437 -0.950916    37.186991
 0.730604  0.637234  0.245257    72.281489
>structures/SerRS_PDB_Bact_K_pneumoniae_6h9x.pdb
 0.836899 -0.201002 -0.509115    70.799205
-0.448066 -0.785814 -0.426302     2.129972
-0.314382  0.584889 -0.747709    80.433335
>structures/SerRS_PDB_Bact_T_thermophilus_1ser.pdb
 0.689563  0.651917 -0.315447   -37.870776
-0.021795  0.454047  0.890711   -30.042522
 0.723898 -0.607326  0.327302     0.793604
>structures/SerRS_PDB_Mito_B_taurus_1wle.pdb
 0.999970  0.007692 -0.001156    -0.103570
-0.007689  0.999968  0.002339     0.336642
 0.001174 -0.002330  0.999997    -0.045021
