>structures/SerRS_AF_Arch_Candidatus_Methanomassiliicoccus_intestinalis_Issoire-Mx1_gene16154337.pdb
 0.362064 -0.763026 -0.535444     2.605372
 0.779068 -0.067698  0.623274     1.896924
-0.511823 -0.642812  0.569939     2.185444
>structures/SerRS_AF_Arch_Methanospirillum_hungatei_JF-1_gene3924775.pdb
 0.107125  0.679118 -0.726170    -0.124989
-0.743100 -0.430552 -0.512277     3.102361
-0.660550  0.594495  0.458530    -1.947866
>structures/SerRS_AF_Arch_Nitrosopumilus_maritimus_SCM1_gene5773574.pdb
-0.026935  0.373296  0.927321     1.981393
 0.580141 -0.749616  0.318611     6.939019
 0.814070  0.546559 -0.196374     1.575756
>structures/SerRS_AF_Arch_Thermoproteus_uzoniensis_768-20_gene10361450.pdb
 0.160643  0.033606  0.986440     2.358131
 0.200549 -0.979683  0.000716     6.705244
 0.966423  0.197715 -0.164118     4.265198
>structures/SerRS_AF_Bact_Bifidobacterium_longum_subsp_longum_JCM_1217_gene69578844.pdb
 0.999943 -0.010351  0.002728    -0.128801
 0.010357  0.999944 -0.002285    -0.007176
-0.002704  0.002313  0.999994     0.051969
>structures/SerRS_AF_Bact_Brucella_suis_1330_gene45051948.pdb
 0.148951 -0.125031  0.980908     1.377917
-0.214444 -0.972451 -0.091390     4.518656
 0.965312 -0.196737 -0.171659    -0.759008
>structures/SerRS_AF_Bact_Chlamydia_psittaci_6BC_gene12242544.pdb
-0.151403  0.095006 -0.983896     0.927287
-0.147715 -0.986368 -0.072514     4.120185
-0.977373  0.134358  0.163373     1.032927
>structures/SerRS_AF_Bact_Clostridium_acetobutylicum_DSM_1731_gene44996495.pdb
 0.115296  0.453594  0.883719    -0.709680
 0.468889 -0.809150  0.354145     3.604520
 0.875700  0.373534 -0.305977    -2.555817
>structures/SerRS_AF_Bact_Escherichia_coli_O157:H7_str._Sakai_gene917719.pdb
 0.311707  0.672582 -0.671172    -0.924798
-0.753728 -0.255081 -0.605664     2.915225
-0.578561  0.694671  0.427433    -1.067909
>structures/SerRS_AF_Bact_Mycoplasma_hyopneumoniae_168-L_gene57101125.pdb
-0.030767  0.583531 -0.811508     2.267247
-0.337869 -0.770172 -0.540998     2.007272
-0.940690  0.257538  0.220853    -0.007166
>structures/SerRS_AF_Bact_Prochlorococcus_marinus_subsp_marinus_str_CCMP1375_gene54200639.pdb
 0.065547 -0.552488  0.830940     4.336293
-0.260920 -0.813248 -0.520143     1.064280
 0.963133 -0.182715 -0.197461     3.733853
>structures/SerRS_AF_Bact_Streptobacillus_moniliformis_DSM_12112_gene29673293.pdb
 0.161976 -0.051109  0.985470     0.387126
-0.084453 -0.995712 -0.037759     4.643037
 0.983174 -0.077110 -0.165597    -0.945959
>structures/SerRS_AF_Bact_Treponema_pallidum_subsp_pertenue_str_SamoaD_gene57879171.pdb
-0.027031  0.569751 -0.821372     0.076807
-0.649174 -0.634836 -0.418995     4.282157
-0.760159  0.521888  0.387028    -0.465399
>structures/SerRS_AF_Euk_Cyanidioschyzon_merolae_strain_10D_gene16995416.pdb
 0.580174  0.738789 -0.342911    -1.102971
-0.760236  0.340105 -0.553506     2.214668
-0.292298  0.581824  0.758975    -1.323951
>structures/SerRS_AF_Euk_Homo_sapiens_gene6301.pdb
 0.113434 -0.209399  0.971229     5.688763
 0.040713 -0.975737 -0.215126     4.110056
 0.992711  0.063945 -0.102157     3.501739
>structures/SerRS_AF_Euk_Saccharomyces_cerevisiae_S288C_gene851587.pdb
 0.174413 -0.402559 -0.898625     1.265671
 0.537668 -0.725616  0.429411     1.543033
-0.824920 -0.558057  0.089886     1.798368
>structures/SerRS_AF_Euk_Thunnus_albacares_gene122982782.pdb
 0.989856  0.130607 -0.055925     1.553239
-0.132644  0.990567 -0.034397    -0.211628
 0.050905  0.041467  0.997842    -1.593337
>structures/SerRS_AF_Euk_Trichomonas_vaginalis_G3_gene4762654.pdb
 0.254201  0.460376 -0.850550     1.012917
-0.307495 -0.795334 -0.522389     2.070471
-0.916967  0.394332 -0.060611    -0.046329
>structures/SerRS_AF_Euk_Vitis_vinifera_gene100261399.pdb
 0.917490  0.391054 -0.072728    -0.207983
-0.394508  0.871316 -0.291844     0.693014
-0.050757  0.296456  0.953697    -0.813606
>structures/SerRS_AF_Mito_Cervus_elaphus_gene122688911.pdb
 0.036646 -0.559920  0.827736     5.543105
-0.361214 -0.779712 -0.511442     0.316317
 0.931763 -0.280247 -0.230824     4.679495
>structures/SerRS_AF_Mito_Drechmeria_coniospora_gene63718051.pdb
-0.060116  0.383793 -0.921460     2.554437
-0.069084 -0.922516 -0.379725     1.487726
-0.995798  0.040830  0.081972    -0.171625
>structures/SerRS_AF_Mito_Homo_sapiens_gene54938.pdb
 0.088533 -0.429498  0.898718     5.390435
-0.237723 -0.885299 -0.399667     1.335790
 0.967290 -0.178262 -0.180479     4.489398
>structures/SerRS_PDB_Bact_K_pneumoniae_6h9x.pdb
-0.779479 -0.620114 -0.088724   -27.922228
 0.611112 -0.783883  0.109867   -15.371514
-0.137680  0.031419  0.989978     8.265818
>structures/SerRS_PDB_Bact_T_thermophilus_1ser.pdb
-0.389540  0.092082  0.916395     1.619824
-0.125130  0.980473 -0.151710   -32.631708
-0.912470 -0.173766 -0.370411   142.755897
>structures/SerRS_PDB_Mito_B_taurus_1wle.pdb
-0.497000  0.867155 -0.032128     8.230602
 0.599415  0.316306 -0.735291     0.020698
-0.627449 -0.384697 -0.676990   107.919507
>structures/Slimp_AF_Euk_Lingula_anatina_gene106166201.pdb
-0.059264 -0.714715  0.696900     7.994335
-0.488599 -0.588017 -0.644598    -0.756197
 0.870493 -0.378707 -0.314361     1.320066
>structures/Slimp_AF_Mito_Drosophila_melanogaster_proteinAAN13983.pdb
 0.089439 -0.047782  0.994845     7.201479
 0.232523 -0.970245 -0.067505     5.002378
 0.968470  0.237362 -0.075667     1.949589
