>../../../../class1//arg/data/domains/Anticodon_binding_domain_1a//structures/ArgRS_AF_Bact_Streptobacillus_moniliformis_DSM_12112_gene29674021.pdb
-0.343312  0.641362  0.686143    -7.661649
 0.800138 -0.182850  0.571266     2.822360
 0.491849  0.745131 -0.450404     6.799983
>../../../../class1//cys/data/domains/Anticodon_binding_domain_1a//structures/CysRS_AF_Arch_Aciduliprofundum_boonei_T469_gene8827372.pdb
 1.000000  0.000000  0.000000     0.000000
 0.000000  1.000000  0.000000     0.000000
 0.000000  0.000000  1.000000     0.000000
>../../../../class1//ile/data/domains/Anticodon_binding_domain_1a//structures/IleRS_AF_Arch_Candidatus_Nitrosopumilus_sediminis_gene13697091.pdb
 0.860890 -0.503077 -0.076032     0.977630
 0.503976  0.822659  0.263135    -2.410427
-0.069829 -0.264849  0.961758     3.497478
>../../../../class1//leu1/data/domains/Anticodon_binding_domain_1a//structures/LeuRS-B_AF_Bact_Brachyspira_pilosicoli_95_1000_gene56439070.pdb
 0.652975  0.536882 -0.534211     5.060488
-0.719780  0.220416 -0.658281     4.114811
-0.235671  0.814355  0.530363    -4.566331
>../../../../class1//leu2/data/domains/Anticodon_binding_domain_1a//structures/LeuRS-A_AF_Arch_Aciduliprofundum_boonei_T469_gene8828435.pdb
 0.736365  0.570098 -0.364355     2.589347
-0.676187  0.638565 -0.367431    -0.394017
 0.023193  0.516936  0.855710    -4.337343
>../../../../class1//met/data/domains/Anticodon_binding_domain_1a//structures/MetRS_AF_Bact_Brucella_suis_1330_gene45052047.pdb
 0.809367  0.461609 -0.363102    -5.084972
-0.585237  0.582082 -0.564516     3.008319
-0.049231  0.669400  0.741269     0.167369
>../../../../class1//val/data/domains/Anticodon_binding_domain_1a//structures/ValRS_AF_Mito_Falco_naumanni_gene121082178.pdb
 0.411679 -0.403030 -0.817366     9.215438
 0.500962 -0.649148  0.572402    -2.211923
-0.761287 -0.645115 -0.065338   -11.602808
