>../../../../class2/gly1//data/domains/Catalytic_domain/structures/GlyRS-A_AF_Arch_Candidatus_Nitrosopumilus_sediminis_gene13697160.pdb
-0.374839  0.536619  0.756000    16.072688
 0.925024  0.270885  0.266367    37.154475
-0.061851  0.799163 -0.597924    25.916699
>../../../../class2/gly1//data/domains/Catalytic_domain/structures/GlyRS-A_AF_Arch_Candidatus_Woesearchaeota_archaeon_proteinMBT4248212.1.pdb
-0.842663 -0.535125  0.059669    17.996363
-0.250071  0.290810 -0.923523    36.669947
 0.476848 -0.793140 -0.378874    26.876693
>../../../../class2/gly1//data/domains/Catalytic_domain/structures/GlyRS-A_AF_Arch_Sulfolobus_islandicus_YN1551_gene7810979.pdb
 0.297406 -0.662104 -0.687872    16.001415
-0.188629 -0.747019  0.637480    38.255662
-0.935932 -0.059838 -0.347060    24.045925
>../../../../class2/gly1//data/domains/Catalytic_domain/structures/GlyRS-A_AF_Arch_Thermoplasma_acidophilum_DSM_1728_gene1455843.pdb
-0.172273  0.480998  0.859629    16.062839
 0.980227 -0.002533  0.197859    37.002355
 0.097347  0.876718 -0.471051    25.730982
>../../../../class2/gly1//data/domains/Catalytic_domain/structures/GlyRS-A_AF_Bact_Capnocytophaga_ochracea_DSM_7271_gene29675716.pdb
 0.438827 -0.579155 -0.687030    16.914979
 0.267603 -0.645656  0.715204    35.812877
-0.857799 -0.497702 -0.128348    25.575554
>../../../../class2/gly1//data/domains/Catalytic_domain/structures/GlyRS-A_AF_Bact_Corynebacterium_ulcerans_809_gene75260805.pdb
 0.117585 -0.515082  0.849037    19.353698
 0.066173 -0.849004 -0.524226    39.210246
 0.990856  0.117825 -0.065746    23.478873
>../../../../class2/gly1//data/domains/Catalytic_domain/structures/GlyRS-A_AF_Bact_Treponema_denticola_ATCC_35405_gene2741635.pdb
-0.221878  0.458060 -0.860785    20.049079
-0.761043 -0.633236 -0.140804    37.278112
-0.609577  0.623853  0.489104    25.067116
>../../../../class2/gly1//data/domains/Catalytic_domain/structures/GlyRS-A_PDB_Bact_T_thermophilus_1ati.pdb
 0.528947  0.579433  0.620059   -37.644841
-0.712857 -0.093094  0.695103    36.130626
 0.460489 -0.809686  0.363811    30.676910
>../../../../class2/pyl//data/domains/Catalytic_domain/structures/PylRS_AF_Arch_Candidatus_Methanomassiliicoccus_intestinalis_Issoire-Mx1_gene16153983.pdb
 0.247188 -0.123284  0.961093    16.960401
 0.945417  0.248036 -0.211340    39.594803
-0.212331  0.960874  0.177866    29.433158
>../../../../class2/pyl//data/domains/Catalytic_domain/structures/PylRS_AF_Arch_Methanosalsum_zhilinae_DSM_4017_gene10822650.pdb
-0.773745  0.630317  0.063395    11.340539
 0.384435  0.546724 -0.743843    40.236926
-0.503517 -0.551174 -0.665341    27.431829
>../../../../class2/pyl//data/domains/Catalytic_domain/structures/PylRS_AF_Arch_Unclassified_Candidatus_Bathyarchaeota_proteinUCH69683.1.pdb
 0.358792 -0.758588 -0.543886    16.097438
-0.557732 -0.641458  0.526751    38.208144
-0.748467  0.114349 -0.653239    30.772604
>../../../../class2/pyl//data/domains/Catalytic_domain/structures/PylRS_AF_Bact_Unclassified_Actinobacteria_proteinMBU2601214.1.pdb
 0.381714 -0.768140 -0.514058    16.267297
-0.557225 -0.634984  0.535066    37.628783
-0.737424  0.082204 -0.670409    30.491872
>../../../../class2/pyl//data/domains/Catalytic_domain/structures/PylRS_AF_Bact_Unclassified_Aerophobetes_proteinMCD6471581.1.pdb
 0.185307 -0.774222 -0.605179    16.889863
-0.609797 -0.573526  0.547006    38.184606
-0.770590  0.267672 -0.578397    30.412948
>../../../../class2/pyl//data/domains/Catalytic_domain/structures/PylRS_AF_Bact_unclassified_Desulfosarcina_proteinMBC2741817.pdb
 0.119383 -0.639920 -0.759111    11.323739
-0.829095 -0.484887  0.278364    43.466347
-0.546214  0.596143 -0.588441    30.562656
>../../../../class2/pyl//data/domains/Catalytic_domain/structures/PylRS_AF_Bact_unclassified_Lachnospiraceae_proteinHCE77498.1.pdb
-0.966437  0.031144 -0.255008    11.536839
 0.256897  0.123332 -0.958537    37.080218
 0.001599 -0.991877 -0.127194    32.184066
>../../../../class2/pyl//data/domains/Catalytic_domain/structures/PylRS_PDB_Arch_M_mazei_2Q7E.pdb
 1.000000 -0.000000  0.000000     0.000000
 0.000000  1.000000  0.000000     0.000000
-0.000000  0.000000  1.000000     0.000000
>../../../../class2/pyl//data/domains/Catalytic_domain/structures/PylRS_PDB_Bact_D_hafniense_2ZNJ.pdb
 0.005354  0.406821  0.913492    42.190499
-0.552403  0.762676 -0.336417    47.409343
-0.833560 -0.502815  0.228813    78.111234
