>structures/PheRS-Aα_AF_Arch_Candidatus_Nitrosopumilus_koreensis_AR1_gene13724458.pdb
 0.103525 -0.492559 -0.864100     5.360957
 0.976309 -0.115643  0.182887    -4.288532
-0.190010 -0.862562  0.468918    -9.795233
>structures/PheRS-Aα_AF_Arch_Haloterrigena_turkmenica_DSM_5511_gene8744248.pdb
 0.999999  0.001419  0.000052     0.029731
-0.001419  0.999998 -0.001114    -0.016049
-0.000054  0.001114  0.999999    -0.027166
>structures/PheRS-Aα_AF_Arch_Thermoplasma_volcanium_GSS1_gene1441177.pdb
 0.212345 -0.222346  0.951563     0.672268
-0.205450 -0.962163 -0.178976     0.769293
 0.955353 -0.157494 -0.249991     1.660474
>structures/PheRS-Aα_AF_Arch_Thermosphaera_aggregans_DSM_11486_gene9165306.pdb
 0.440856 -0.655580 -0.613075    -4.114785
 0.794336 -0.033085  0.606577     3.263130
-0.417943 -0.754401  0.506165     4.706818
>structures/PheRS-Aα_AF_Euk_Cyanidioschyzon_merolae_strain_10D_gene16993638.pdb
-0.490506 -0.779858  0.388877    -4.183362
-0.830038  0.282195 -0.481043    -7.863578
 0.265406 -0.558738 -0.785730     1.490908
>structures/PheRS-Aα_AF_Euk_Megalobrama_amblycephala_gene125266654.pdb
-0.386088  0.543709  0.745196    -6.416563
 0.647939 -0.415159  0.638607     3.066795
 0.656591  0.729399 -0.192002     2.160202
>structures/PheRS-Aα_AF_Euk_Plasmodium_falciparum_3D7_gene813233.pdb
 0.051916  0.340544 -0.938794   -10.763053
 0.027826 -0.940190 -0.339512    -0.998897
-0.998264 -0.008497 -0.058287    -1.781340
>structures/PheRS-Aα_AF_Euk_Saccharomyces_cerevisiae_S288C_gene850522.pdb
-0.005537  0.344730 -0.938685    -3.358944
 0.309165 -0.892120 -0.329453    -2.956285
-0.950992 -0.292033 -0.101639    -4.027377
>structures/PheRS-Aα_AF_Euk_Schizosaccharomyces_pombe_gene2543647.pdb
 0.723265  0.639380 -0.260926    -4.511298
-0.629063  0.454124 -0.630912    -6.588210
-0.284900  0.620455  0.730662    -0.006616
>structures/PheRS-Aα_PDB_Euk.B_H_sapiens_3L4G.C.pdb
 0.922615 -0.254481  0.289864     4.289140
 0.385362  0.575648 -0.721197  -106.479562
 0.016671  0.777090  0.629169   -70.482964
