>structures/PheRS-Aα_AF_Arch_Candidatus_Nitrosopumilus_koreensis_AR1_gene13724458.pdb
-0.483093 -0.040401 -0.874637     8.494796
 0.392918 -0.902705 -0.175325     1.257012
-0.782456 -0.428359  0.451964   -11.179086
>structures/PheRS-Aα_AF_Arch_Haloterrigena_turkmenica_DSM_5511_gene8744248.pdb
 0.721215 -0.629619 -0.288840    -0.916791
 0.643107  0.453638  0.616948     5.832699
-0.257413 -0.630708  0.732083    -5.328959
>structures/PheRS-Aα_AF_Arch_Thermoplasma_volcanium_GSS1_gene1441177.pdb
 0.012058  0.485063  0.874396    -1.318042
 0.636056 -0.678458  0.367597     7.719306
 0.771549  0.551732 -0.316708    -4.790173
>structures/PheRS-Aα_AF_Arch_Thermosphaera_aggregans_DSM_11486_gene9165306.pdb
-0.061315 -0.239540 -0.968948    -7.230827
 0.383475 -0.901922  0.198704     7.658460
-0.921513 -0.359384  0.147159    -2.862508
>structures/PheRS-Aα_AF_Euk_Cyanidioschyzon_merolae_strain_10D_gene16993638.pdb
 0.092409 -0.580493  0.809005     0.642678
-0.525565 -0.718520 -0.455533     0.571299
 0.845720 -0.383090 -0.371484     1.802358
>structures/PheRS-Aα_AF_Euk_Megalobrama_amblycephala_gene125266654.pdb
-0.874831  0.445633  0.189953    -8.079457
 0.452662  0.612342  0.648178     4.483598
 0.172533  0.653030 -0.737417    -3.999100
>structures/PheRS-Aα_AF_Euk_Plasmodium_falciparum_3D7_gene813233.pdb
 0.304648  0.842819 -0.443672    -7.493015
-0.572881 -0.209993 -0.792282    -2.588360
-0.760919  0.495538  0.418861    -3.171661
>structures/PheRS-Aα_AF_Euk_Schizosaccharomyces_pombe_gene2543647.pdb
 1.000000  0.000000  0.000000     0.000000
 0.000000  1.000000  0.000000     0.000000
 0.000000  0.000000  1.000000     0.000000
>structures/PheRS-Aα_PDB_Euk.B_H_sapiens_3L4G.C.pdb
 0.419158 -0.768259  0.483823    89.376856
 0.776174  0.579682  0.248038   -83.386578
-0.471021  0.271564  0.839281     9.159928
