>../../../../class1/arg//data/domains/Catalytic_domain/structures/ArgRS_AF_Arch_Candidatus_Korarchaeum_cryptofilum_OPF8_gene6093502.pdb
 0.990451 -0.116915  0.073058    -0.445960
 0.112039  0.991400  0.067621    -1.960767
-0.080336 -0.058790  0.995033    -0.606877
>../../../../class1/arg//data/domains/Catalytic_domain/structures/ArgRS_AF_Arch_Candidatus_Nitrosopumilus_sediminis_gene13697696.pdb
 0.841338 -0.399016 -0.364604    -0.732967
 0.530728  0.737600  0.417461    -1.313058
 0.102358 -0.544732  0.832340     1.656701
>../../../../class1/arg//data/domains/Catalytic_domain/structures/ArgRS_AF_Arch_Desulfurococcus_mucosus_DSM_2162_gene10153309.pdb
 0.944208 -0.248114  0.216590     0.152261
 0.186247  0.944624  0.270182     3.561995
-0.271632 -0.214768  0.938131    -4.168360
>../../../../class1/arg//data/domains/Catalytic_domain/structures/ArgRS_AF_Arch_Methanothermococcus_okinawensis_IH1_gene10773248.pdb
 0.930851  0.218685  0.292736    -0.389984
-0.082803  0.906539 -0.413920    -0.572484
-0.355895  0.361059  0.861960     2.821160
>../../../../class1/arg//data/domains/Catalytic_domain/structures/ArgRS_AF_Bact_Anoxybacillus_flavithermus_WK1_gene7039015.pdb
 0.324612 -0.756703 -0.567475     0.346432
 0.892705  0.046834  0.448202    -2.990994
-0.312579 -0.652079  0.690715     3.758919
>../../../../class1/arg//data/domains/Catalytic_domain/structures/ArgRS_AF_Bact_Brachyspira_pilosicoli_95_1000_gene56439668.pdb
 0.803141  0.591128  0.074383    -4.043598
-0.540430  0.775370 -0.326707    -0.864955
-0.250800  0.222192  0.942194     3.027360
>../../../../class1/arg//data/domains/Catalytic_domain/structures/ArgRS_AF_Bact_Chlamydia_psittaci_6BC_gene12242456.pdb
 0.990603  0.135624  0.017678    -1.942150
-0.136457  0.988793  0.060559    -2.113048
-0.009267 -0.062402  0.998008     1.097679
>../../../../class1/arg//data/domains/Catalytic_domain/structures/ArgRS_AF_Bact_Corynebacterium_ulcerans_809_gene75260071.pdb
 0.883976  0.464869  0.049828    -3.381089
-0.439240  0.862266 -0.252121    -0.621205
-0.160168  0.200983  0.966412     2.374704
>../../../../class1/arg//data/domains/Catalytic_domain/structures/ArgRS_AF_Bact_Cupriavidus_taiwanensis_LMG_19424_gene29762022.pdb
 0.987656  0.134623  0.080077    -1.587233
-0.126901  0.987377 -0.094775     0.106605
-0.091825  0.083443  0.992273     2.411156
>../../../../class1/arg//data/domains/Catalytic_domain/structures/ArgRS_AF_Bact_Mycoplasma_hyopneumoniae_168-L_gene57100855.pdb
 1.000000  0.000000  0.000000     0.000000
 0.000000  1.000000  0.000000     0.000000
 0.000000  0.000000  1.000000     0.000000
>../../../../class1/arg//data/domains/Catalytic_domain/structures/ArgRS_AF_Bact_Prochlorococcus_marinus_subsp_marinus_str_CCMP1375_gene54199571.pdb
 0.202723 -0.487339 -0.849355    -1.413938
 0.795522 -0.423812  0.433046     3.626031
-0.571007 -0.763469  0.301772     1.981079
>../../../../class1/arg//data/domains/Catalytic_domain/structures/ArgRS_AF_Bact_Streptobacillus_moniliformis_DSM_12112_gene29674021.pdb
-0.047740 -0.799692  0.598510    -2.225255
-0.686140 -0.409197 -0.601474    -0.585213
 0.725902 -0.439376 -0.529165     2.788196
>../../../../class1/arg//data/domains/Catalytic_domain/structures/ArgRS_AF_Euk_Micromonas_commoda_gene8250062.pdb
-0.978270 -0.169358  0.119604    -0.532455
-0.179337  0.980673 -0.078226    -4.039093
-0.104045 -0.097976 -0.989735     2.041459
>../../../../class1/arg//data/domains/Catalytic_domain/structures/ArgRS_AF_Euk_Paulinella_chromatophora_gene6481434.pdb
 0.138061 -0.287613 -0.947744    -2.789887
 0.645513 -0.699617  0.306348     3.460674
-0.751167 -0.654075  0.089068    -0.701271
>../../../../class1/arg//data/domains/Catalytic_domain/structures/ArgRS_AF_Euk_Polyodon_spathula_gene121324634.pdb
 0.773913  0.624834 -0.103158     0.048641
-0.398117  0.353341 -0.846554    -8.340463
-0.492506  0.696228  0.522212    -0.059802
>../../../../class1/arg//data/domains/Catalytic_domain/structures/ArgRS_AF_Euk_Thalassiosira_pseudonana_CCMP1335_gene7449555.pdb
 0.028104 -0.562815  0.826105     2.787995
-0.619896 -0.658140 -0.427294    -3.703188
 0.784180 -0.500091 -0.367384     5.861197
>../../../../class1/arg//data/domains/Catalytic_domain/structures/ArgRS_AF_Mito_Caenorhabditis_elegans_gene174023.pdb
-0.005250 -0.070711 -0.997483     2.639489
 0.218858 -0.973395  0.067852     2.393766
-0.975743 -0.217951  0.020586    -0.667658
>../../../../class1/arg//data/domains/Catalytic_domain/structures/ArgRS_AF_Mito_Saccharomyces_cerevisiae_S288C_gene851942.pdb
-0.586148  0.574873  0.570922    -3.122644
 0.496814 -0.301611  0.813761    -2.415935
 0.640006  0.760626 -0.108816     3.245702
>../../../../class1/arg//data/domains/Catalytic_domain/structures/ArgRS_AF_Vir_Megavirus_chiliensis_gene11257368.pdb
-0.017392  0.101629  0.994670    -0.749734
-0.043062 -0.993974  0.100804    -0.179980
 0.998921 -0.041079  0.021663     7.196166
>../../../../class1/arg//data/domains/Catalytic_domain/structures/ArgRS_PDB_Arch_2ZUF.pdb
 0.333823  0.733160  0.592485   -24.077044
 0.522207  0.379440 -0.763758    11.567226
-0.784769  0.564359 -0.256195    26.940847
>../../../../class1/arg//data/domains/Catalytic_domain/structures/ArgRS_PDB_Bact_1IQ0.pdb
-0.889505 -0.313616  0.332304    29.088883
 0.064972 -0.806683 -0.587402    54.494946
 0.452283 -0.500906  0.737925    32.110937
>../../../../class1/arg//data/domains/Catalytic_domain/structures/ArgRS_PDB_Euk_S_cerevisiae_1BS2.pdb
-0.631899 -0.072021 -0.771698    14.712905
 0.607519 -0.664297 -0.435465    15.555132
-0.481274 -0.743991  0.463522    87.252662
>../../../../class1/ile//data/domains/Catalytic_domain/structures/IleRS_AF_Arch_Candidatus_Korarchaeum_cryptofilum_OPF8_gene6094904.pdb
-0.281611 -0.959388  0.016419    -0.185743
-0.550596  0.147556 -0.821628     1.531414
 0.785837 -0.240419 -0.569788    -7.427750
>../../../../class1/ile//data/domains/Catalytic_domain/structures/IleRS_AF_Arch_Candidatus_Nitrosopumilus_sediminis_gene13697091.pdb
 0.017706  0.572217 -0.819911    -4.554122
-0.677236 -0.596414 -0.430862     3.586553
-0.735553  0.562902  0.376966    -7.540880
>../../../../class1/ile//data/domains/Catalytic_domain/structures/IleRS_AF_Arch_Pyrobaculum_aerophilum_str_IM2_gene1465853.pdb
-0.213766 -0.617976 -0.756577     2.724643
 0.379144 -0.766253  0.518755     3.969115
-0.900308 -0.175959  0.398101    -4.647850
>../../../../class1/ile//data/domains/Catalytic_domain/structures/IleRS_AF_Arch_Thermoplasma_acidophilum_DSM_1728_gene1456418.pdb
-0.085795 -0.275292  0.957525    -1.207457
 0.117703 -0.957139 -0.264635     1.129362
 0.989336  0.089999  0.114520    -6.830652
>../../../../class1/ile//data/domains/Catalytic_domain/structures/IleRS_AF_Bact_Chlamydia_muridarum_str_Nigg_gene1246458.pdb
-0.776805  0.628886  0.032796    -2.584977
 0.610210  0.738822  0.285984    -0.116962
 0.155621  0.242166 -0.957673    -7.308273
>../../../../class1/ile//data/domains/Catalytic_domain/structures/IleRS_AF_Bact_Lactobacillus_acidophilus_La-14_gene56942445.pdb
 0.099382 -0.841846 -0.530489     1.069746
 0.629656 -0.359609  0.688633     0.996248
-0.770491 -0.402464  0.494335    -4.283794
>../../../../class1/ile//data/domains/Catalytic_domain/structures/IleRS_AF_Bact_Mycoplasma_hyopneumoniae_168-L_gene57100872.pdb
 0.107492 -0.878144 -0.466163     2.887922
 0.682463 -0.275790  0.676893     0.446157
-0.722973 -0.390900  0.569656    -6.555658
>../../../../class1/ile//data/domains/Catalytic_domain/structures/IleRS_AF_Bact_Orientia_tsutsugamushi_str_Ikeda_gene66653313.pdb
 0.836544  0.506547  0.208816    -0.403732
-0.530776  0.843772  0.079529     1.473679
-0.135908 -0.177364  0.974716    -8.135539
>../../../../class1/ile//data/domains/Catalytic_domain/structures/IleRS_AF_Bact_Porphyromonas_gingivalis_ATCC_33277_gene29255747.pdb
 0.883613  0.393860  0.253184     0.951677
-0.425631  0.901006  0.083821     0.931377
-0.195107 -0.181828  0.963780   -10.544514
>../../../../class1/ile//data/domains/Catalytic_domain/structures/IleRS_AF_Bact_Streptobacillus_moniliformis_DSM_12112_gene29674186.pdb
 0.239257 -0.812429 -0.531710     3.302027
 0.621531 -0.292569  0.726706     6.224793
-0.745959 -0.504344  0.434951    -7.648671
>../../../../class1/ile//data/domains/Catalytic_domain/structures/IleRS_AF_Bact_Thermus_thermophilus_HB8_gene3168241.pdb
-0.875991  0.456486 -0.155755    -1.337354
 0.435716  0.887437  0.150359    -1.781945
 0.206860  0.063848 -0.976285    -7.953744
>../../../../class1/ile//data/domains/Catalytic_domain/structures/IleRS_AF_Bact_Treponema_pallidum_subsp_pertenue_str_SamoaD_gene57878975.pdb
-0.827332 -0.560367 -0.038865    -0.607679
-0.437510  0.686246 -0.581078    -0.033561
 0.352287 -0.463740 -0.812920    -6.625040
>../../../../class1/ile//data/domains/Catalytic_domain/structures/IleRS_AF_Euk_Cyanidioschyzon_merolae_strain_10D_gene16992835.pdb
-0.318813  0.740523  0.591595     0.816201
 0.796550 -0.128940  0.590663     0.457133
 0.513680  0.659546 -0.548756    -5.642839
>../../../../class1/ile//data/domains/Catalytic_domain/structures/IleRS_AF_Euk_Ostreococcus_lucimarinus_CCE9901_gene5000489.pdb
-0.638212 -0.747835  0.182835    -0.621520
-0.586351  0.318280 -0.744910     0.794179
 0.498877 -0.582616 -0.641624    -4.291639
>../../../../class1/ile//data/domains/Catalytic_domain/structures/IleRS_AF_Euk_Trypanosoma_brucei_brucei_TREU927_gene3663037.pdb
-0.393469 -0.844767  0.362700    -0.060220
-0.664182 -0.011573 -0.747481     1.316531
 0.635645 -0.535009 -0.556526    -5.154966
>../../../../class1/ile//data/domains/Catalytic_domain/structures/IleRS_AF_Euk_Ustilago_maydis_521_gene23568123.pdb
 0.550144 -0.827456 -0.112510     2.504219
 0.680247  0.365914  0.635114    -0.498801
-0.484360 -0.425939  0.764180    -7.473524
>../../../../class1/ile//data/domains/Catalytic_domain/structures/IleRS_AF_Mito_Drosophila_melanogaster_gene39762.pdb
 0.518155  0.843265  0.142895     2.913108
-0.759783  0.530545 -0.375835     0.585563
-0.392741  0.086171  0.915603    -9.761642
>../../../../class1/ile//data/domains/Catalytic_domain/structures/IleRS_AF_Mito_Homo_sapiens_gene55699.pdb
 0.071924 -0.860512 -0.504328     2.306134
 0.682053 -0.326504  0.654369     0.739655
-0.727758 -0.391043  0.563431    -5.506011
>../../../../class1/ile//data/domains/Catalytic_domain/structures/IleRS_AF_Vir_Megavirus_chiliensis_gene11256744.pdb
 0.944435  0.230939  0.233900    -0.635753
-0.298450  0.900661  0.315813     1.310458
-0.137732 -0.368072  0.919539    -9.967965
>../../../../class1/ile//data/domains/Catalytic_domain/structures/IleRS_PDB_Bact_S_aureus_1QU2.pdb
-0.555124 -0.831689 -0.011442    86.343629
 0.655966 -0.446210  0.608774   -24.934648
-0.511416  0.330440  0.793261   -88.199161
>../../../../class1/ile//data/domains/Catalytic_domain/structures/IleRS_PDB_Bact_T_therm_1ILE.pdb
-0.945057  0.290428 -0.150066   -28.653963
 0.325810  0.874350 -0.359665    -2.326650
 0.026754 -0.388797 -0.920935   -35.114278
>../../../../class1/ile//data/domains/Catalytic_domain/structures/IleRS_PDB_Euk_S_cere_7D5C.pdb
 0.525616  0.179787  0.831507   -34.158125
 0.586716  0.631160 -0.507347    14.250327
-0.616029  0.754528  0.226264   -19.276640
