>structures/EPRS-P_AF_Euk_Homo_sapiens_gene2058.pdb
 0.590274  0.779195  0.210791   -17.258219
-0.782862  0.616255 -0.085772     8.178579
-0.196734 -0.114391  0.973761     3.875243
>structures/ProRS-A_AF_Arch_Candidatus_Nitrosopumilus_sediminis_gene13697692.pdb
-0.116758 -0.858607  0.499161     0.143993
-0.884908 -0.138242 -0.444778    -1.113297
 0.450894 -0.493643 -0.743647     2.136961
>structures/ProRS-A_AF_Arch_Halogeometricum_borinquense_DSM_11551_gene9994169.pdb
 0.948462  0.312520  0.052457     0.043132
-0.274796  0.893561 -0.355015    -0.087389
-0.157823  0.322303  0.933388     2.305102
>structures/ProRS-A_AF_Arch_Picrophilus_torridus_DSM_9790_gene2845069.pdb
 0.740292  0.669285  0.063451     2.701366
-0.391231  0.505637 -0.768941    -1.455929
-0.546724  0.544416  0.636164     3.363785
>structures/ProRS-A_AF_Arch_Sulfurisphaera_tokodaii_str_7_gene1459472.pdb
 0.138716 -0.378025  0.915344     0.811650
-0.541237 -0.802972 -0.249595    -1.216067
 0.829349 -0.460796 -0.315986     2.965577
>structures/ProRS-A_AF_Bact_Bacillus_anthracis_str_Ames_Ancestor_gene45020455.pdb
 0.106323 -0.316039 -0.942770     1.633369
 0.863561 -0.440663  0.245111     0.632412
-0.492908 -0.840200  0.226066     3.086824
>structures/ProRS-A_AF_Bact_Mycoplasma_hyopneumoniae_168-L_gene57101275.pdb
 0.958190 -0.284424 -0.031233     0.690626
 0.283916  0.931521  0.227288    -0.249485
-0.035552 -0.226653  0.973326    -0.299573
>structures/ProRS-A_AF_Bact_Porphyromonas_gingivalis_ATCC_33277_gene29256199.pdb
 0.918658  0.367207  0.145692     0.341567
-0.292110  0.879679 -0.375283     0.945541
-0.265968  0.302199  0.915389     0.692161
>structures/ProRS-A_AF_Bact_Thermus_thermophilus_HB8_gene3169620.pdb
 0.999952  0.003673  0.009065     0.227883
-0.003716  0.999982  0.004640     0.064790
-0.009048 -0.004673  0.999948    -0.126424
>structures/ProRS-A_AF_Euk_Cryptococcus_gattii_WM276_gene10188341.pdb
 0.999964  0.006559 -0.005351     1.935008
-0.007746  0.963959 -0.265938    -3.101713
 0.003414  0.265970  0.963975     2.147831
>structures/ProRS-A_AF_Euk_Ostreococcus_tauri_gene9837972.pdb
 0.930869 -0.365235  0.009298     6.649693
 0.364595  0.930274  0.040762    -2.425519
-0.023538 -0.034554  0.999126     4.665451
>structures/ProRS-A_AF_Euk_Plasmodium_yoelii_gene3807174.pdb
-0.023696 -0.564249 -0.825264    -0.992315
 0.720997 -0.581490  0.376873     1.976960
-0.692533 -0.586082  0.420601     3.586049
>structures/ProRS-A_AF_Euk_Scheffersomyces_stipitis_CBS_6054_gene4840393.pdb
 0.887882  0.459932  0.011313     1.977003
-0.342583  0.677357 -0.651018    -3.972623
-0.307087  0.574152  0.758978    -0.543811
>structures/ProRS-A_AF_Mito_Oryza_sativa_Japonica_Group_gene4342480.pdb
 0.990439 -0.102995  0.091776     6.282388
 0.120020  0.971342 -0.205160    -3.973418
-0.068016  0.214213  0.974416     3.572477
>structures/ProRS-A_PDB_Arch_M_janacshii_1nj8.pdb
 0.324380  0.945679 -0.021642   -73.027726
 0.918960 -0.320474 -0.229801   -65.668125
-0.224253  0.054655 -0.972997    62.418494
