>structures/EPRS-P_AF_Euk_Homo_sapiens_gene2058.pdb
 0.853197  0.400628 -0.333993   -18.693589
-0.128362  0.781921  0.610019    -8.328096
 0.505547 -0.477594  0.718558    -7.864536
>structures/ProRS-A_AF_Arch_Candidatus_Nitrosopumilus_sediminis_gene13697692.pdb
 0.022322 -0.319282  0.947397    -1.147457
-0.303978 -0.904935 -0.297810    -2.552543
 0.952418 -0.281340 -0.117255    -0.585091
>structures/ProRS-A_AF_Arch_Halogeometricum_borinquense_DSM_11551_gene9994169.pdb
 0.899597 -0.287203 -0.328998    -1.761100
 0.396576  0.852724  0.339983    -1.984679
 0.182900 -0.436320  0.881006    -1.286204
>structures/ProRS-A_AF_Arch_Picrophilus_torridus_DSM_9790_gene2845069.pdb
 0.999936  0.009145  0.006687     0.278137
-0.009052  0.999864 -0.013774    -0.212912
-0.006812  0.013712  0.999883     0.387989
>structures/ProRS-A_AF_Arch_Sulfurisphaera_tokodaii_str_7_gene1459472.pdb
-0.129725  0.277723  0.951862    -0.985455
 0.245259 -0.921157  0.302189    -1.697589
 0.960739  0.272654  0.051383     0.042112
>structures/ProRS-A_AF_Bact_Bacillus_anthracis_str_Ames_Ancestor_gene45020455.pdb
 0.002512  0.372132 -0.928177    -0.750112
 0.272793 -0.893231 -0.357383     0.033370
-0.962069 -0.252303 -0.103759    -0.924758
>structures/ProRS-A_AF_Bact_Mycoplasma_hyopneumoniae_168-L_gene57101275.pdb
 0.626904 -0.469393 -0.621821     0.641421
 0.758716  0.186458  0.624166    -2.817184
-0.177035 -0.863078  0.473027    -2.626612
>structures/ProRS-A_AF_Bact_Porphyromonas_gingivalis_ATCC_33277_gene29256199.pdb
 0.945189 -0.230971 -0.230804    -0.883805
 0.308379  0.863788  0.398462    -1.865212
 0.107333 -0.447797  0.887670    -3.237799
>structures/ProRS-A_AF_Bact_Thermus_thermophilus_HB8_gene3169620.pdb
 0.753871 -0.383370 -0.533579    -0.309137
 0.653293  0.523786  0.546677    -2.951251
 0.069901 -0.760708  0.645320    -3.148692
>structures/ProRS-A_AF_Euk_Cryptococcus_gattii_WM276_gene10188341.pdb
 0.751100 -0.518655 -0.408466     1.226239
 0.656170  0.654642  0.375346    -2.265948
 0.072724 -0.549946  0.832028     1.044177
>structures/ProRS-A_AF_Euk_Ostreococcus_tauri_gene9837972.pdb
 0.569491 -0.638143 -0.518125     3.652669
 0.786471  0.239699  0.569217     2.582270
-0.239048 -0.731654  0.638387     2.721846
>structures/ProRS-A_AF_Euk_Plasmodium_yoelii_gene3807174.pdb
 0.053068  0.114017 -0.992060    -3.570316
-0.007489 -0.993387 -0.114570    -0.683800
-0.998563  0.013509 -0.051863    -1.813052
>structures/ProRS-A_AF_Euk_Saccharomyces_cerevisiae_S288C_gene856413.pdb
 0.962032 -0.201335  0.184278    -0.494536
 0.147202  0.951294  0.270872    -2.404088
-0.229838 -0.233462  0.944812    -2.755649
>structures/ProRS-A_AF_Euk_Scheffersomyces_stipitis_CBS_6054_gene4840393.pdb
 0.967141 -0.223498 -0.121192     3.295307
 0.233589  0.969321  0.076508    -4.036267
 0.100374 -0.102303  0.989676     0.114029
>structures/ProRS-A_AF_Mito_Oryza_sativa_Japonica_Group_gene4342480.pdb
 0.732548 -0.578316 -0.359060     4.176502
 0.676432  0.559359  0.479121     0.973461
-0.076240 -0.593859  0.800949     2.913505
>structures/ProRS-A_PDB_Arch_M_janacshii_1nj8.pdb
 0.011017  0.806057  0.591735   -63.438386
 0.582278  0.475917 -0.659132   -52.422906
-0.812915  0.351816 -0.464106    81.543051
