>structures/ProRS-A_AF_Arch_Candidatus_Nitrosopumilus_sediminis_gene13697692.pdb
-0.955405 -0.285108 -0.076902    96.412377
 0.194551 -0.803646  0.562409    45.354125
-0.222149  0.522367  0.823276    42.148184
>structures/ProRS-A_AF_Arch_Halogeometricum_borinquense_DSM_11551_gene9994169.pdb
 0.086459  0.850439 -0.518920    97.545747
 0.973351  0.038939  0.225989    45.004450
 0.212396 -0.524630 -0.824410    41.674759
>structures/ProRS-A_AF_Arch_Picrophilus_torridus_DSM_9790_gene2845069.pdb
-0.003935  0.557286 -0.830311    96.836543
 0.777625  0.523743  0.347840    48.404541
 0.628716 -0.644302 -0.435420    41.008963
>structures/ProRS-A_AF_Arch_Sulfurisphaera_tokodaii_str_7_gene1459472.pdb
-0.649101 -0.747588  0.140639    96.141079
 0.365509 -0.144370  0.919544    46.409976
-0.667136  0.648282  0.366961    41.401688
>structures/ProRS-A_AF_Bact_Bacillus_anthracis_str_Ames_Ancestor_gene45020455.pdb
 0.942143 -0.310301 -0.126808    98.341560
-0.213325 -0.263210 -0.940858    47.523192
 0.258572  0.913473 -0.314177    40.954262
>structures/ProRS-A_AF_Bact_Mycoplasma_hyopneumoniae_168-L_gene57101275.pdb
 0.571574  0.819481 -0.041880    97.642599
 0.819721 -0.572546 -0.015736    45.971679
-0.036873 -0.025336 -0.998999    44.318269
>structures/ProRS-A_AF_Bact_Porphyromonas_gingivalis_ATCC_33277_gene29256199.pdb
 0.088331  0.861253 -0.500441    98.960349
 0.938957  0.095713  0.330452    45.185007
 0.332501 -0.499081 -0.800226    43.082929
>structures/ProRS-A_AF_Bact_Thermus_thermophilus_HB8_gene3169620.pdb
 0.308608  0.922803 -0.230643    97.924709
 0.950743 -0.291834  0.104500    45.837195
 0.029123 -0.251532 -0.967411    44.083601
>structures/ProRS-A_AF_Euk_Cryptococcus_gattii_WM276_gene10188341.pdb
 0.308232  0.825704 -0.472447    95.212955
 0.951311 -0.267655  0.152865    48.121643
-0.000231 -0.496562 -0.868001    42.690777
>structures/ProRS-A_AF_Euk_Ostreococcus_tauri_gene9837972.pdb
 0.642660  0.738756 -0.203046    96.472082
 0.763676 -0.638966  0.092314    52.886958
-0.061542 -0.214388 -0.974808    40.163458
>structures/ProRS-A_AF_Euk_Plasmodium_yoelii_gene3807174.pdb
 0.816681 -0.576836 -0.017118    98.419995
-0.305083 -0.406375 -0.861268    44.076041
 0.489854  0.708604 -0.507862    40.064527
>structures/ProRS-A_AF_Euk_Scheffersomyces_stipitis_CBS_6054_gene4840393.pdb
 0.049209  0.635492 -0.770538    94.943149
 0.919340  0.272709  0.283626    48.358178
 0.390375 -0.722343 -0.570813    45.644265
>structures/ProRS-A_AF_Mito_Oryza_sativa_Japonica_Group_gene4342480.pdb
 0.448557  0.809197 -0.379469    95.617113
 0.892863 -0.386758  0.230682    52.527665
 0.039904 -0.442288 -0.895985    41.493827
>structures/ProRS-A_PDB_Arch_M_janacshii_1nj8.pdb
 0.999857 -0.014251  0.009109     0.121939
 0.014513  0.999464 -0.029341     0.412254
-0.008686  0.029469  0.999528    -0.386524
