>../../../../class1/cys//data/domains/Catalytic_domain/structures/CysRS_AF_Arch_Aciduliprofundum_boonei_T469_gene8827372.pdb
 0.991798  0.069251  0.107426     6.613380
-0.120514  0.786641  0.605535     8.736823
-0.042571 -0.613515  0.788535    -5.237944
>../../../../class1/cys//data/domains/Catalytic_domain/structures/CysRS_AF_Arch_Candidatus_Nitrosopumilus_sediminis_gene13696907.pdb
 0.970294  0.241920 -0.001814    -1.344433
-0.233830  0.939718  0.249507     6.740803
 0.062065 -0.241671  0.968371    -5.394002
>../../../../class1/cys//data/domains/Catalytic_domain/structures/CysRS_AF_Arch_Methanospirillum_hungatei_JF-1_gene3922979.pdb
-0.247997  0.530299 -0.810729     5.211966
-0.687047 -0.686276 -0.238730     9.059115
-0.682982  0.497804  0.534534   -10.733644
>../../../../class1/cys//data/domains/Catalytic_domain/structures/CysRS_AF_Arch_Pyrobaculum_ferrireducens_gene11593896.pdb
-0.143277  0.167597 -0.975389     0.475843
-0.382614 -0.918306 -0.101586     9.865843
-0.912731  0.358643  0.195697    -6.801410
>../../../../class1/cys//data/domains/Catalytic_domain/structures/CysRS_AF_Bact_Bordetella_avium_197N_gene41394405.pdb
 0.087245  0.827753 -0.554269     1.020619
-0.713540 -0.336336 -0.614604     8.856354
-0.695161  0.449114  0.561291    -7.405815
>../../../../class1/cys//data/domains/Catalytic_domain/structures/CysRS_AF_Bact_Lactobacillus_amylovorus_GRL1118_gene66523130.pdb
-0.165147  0.543925 -0.822723     1.988946
-0.657067 -0.682773 -0.319505    10.174042
-0.735520  0.487819  0.470153    -7.465967
>../../../../class1/cys//data/domains/Catalytic_domain/structures/CysRS_AF_Bact_Mycobacterium_canettii_CIPT_140010059_gene45427568.pdb
-0.870459  0.481646  0.101579     2.428870
 0.487855  0.816644  0.308366     8.534391
 0.065570  0.317976 -0.945829    -7.027207
>../../../../class1/cys//data/domains/Catalytic_domain/structures/CysRS_AF_Bact_Mycoplasma_hyopneumoniae_168-L_gene57101512.pdb
-0.183384  0.381137 -0.906148     2.352910
-0.456243 -0.849489 -0.264973     8.100455
-0.870754  0.364832  0.329674    -8.924753
>../../../../class1/cys//data/domains/Catalytic_domain/structures/CysRS_AF_Bact_Porphyromonas_gingivalis_ATCC_33277_gene29256960.pdb
 0.891242  0.425756  0.156266     4.960749
-0.453252  0.848168  0.274178     5.503196
-0.015807 -0.315187  0.948898    -5.214723
>../../../../class1/cys//data/domains/Catalytic_domain/structures/CysRS_AF_Bact_Prochlorococcus_marinus_subsp_marinus_str_CCMP1375_gene54200571.pdb
 0.038821 -0.305477 -0.951408     3.326808
 0.116712 -0.944222  0.307932     8.420749
-0.992407 -0.122995 -0.001003    -8.126253
>../../../../class1/cys//data/domains/Catalytic_domain/structures/CysRS_AF_Bact_Streptobacillus_moniliformis_DSM_12112_gene29673427.pdb
 0.943030 -0.321790  0.084532     7.933251
 0.134649  0.601462  0.787473    11.087851
-0.304243 -0.731229  0.610525    -6.260797
>../../../../class1/cys//data/domains/Catalytic_domain/structures/CysRS_AF_Bact_Treponema_pallidum_subsp_pertenue_str_SamoaD_gene57878631.pdb
 0.935168  0.349051  0.060202     6.197530
-0.345094  0.859553  0.376933     6.419827
 0.079822 -0.373271  0.924282    -6.880319
>../../../../class1/cys//data/domains/Catalytic_domain/structures/CysRS_AF_Euk_Arabidopsis_thaliana_gene833874.pdb
-0.141139  0.503836 -0.852191    -0.248476
-0.443111 -0.801918 -0.400725     9.561588
-0.885287  0.321057  0.336437    -4.442754
>../../../../class1/cys//data/domains/Catalytic_domain/structures/CysRS_AF_Euk_Cyanidioschyzon_merolae_strain_10D_gene16993418.pdb
 0.220577 -0.387445 -0.895116    -4.632457
 0.242952 -0.866969  0.435131    12.086664
-0.944627 -0.313450 -0.097103    -1.003913
>../../../../class1/cys//data/domains/Catalytic_domain/structures/CysRS_AF_Euk_Drosophila_melanogaster_gene36784.pdb
 0.440267 -0.712481 -0.546384    -0.996613
 0.340691 -0.430462  0.835842     6.036833
-0.830719 -0.554142  0.053217    -2.453934
>../../../../class1/cys//data/domains/Catalytic_domain/structures/CysRS_AF_Euk_Micromonas_commoda_gene8246535.pdb
-0.906240  0.018065 -0.422379    -1.034193
 0.133600  0.960125 -0.245583     8.978669
 0.401100 -0.278987 -0.872517    -4.228783
>../../../../class1/cys//data/domains/Catalytic_domain/structures/CysRS_AF_Mito_Morone_saxatilis_gene118339815.pdb
 0.758392  0.614924  0.216128     1.329286
-0.650174  0.737104  0.184260    11.951504
-0.046003 -0.280262  0.958821    -8.401983
>../../../../class1/cys//data/domains/Catalytic_domain/structures/CysRS_AF_Mito_Saccharomyces_cerevisiae_S288C_gene855474.pdb
 0.829946  0.096518  0.549431    -0.030821
-0.422126  0.752554  0.505443     6.705731
-0.364692 -0.651419  0.665321    -2.971453
>../../../../class1/cys//data/domains/Catalytic_domain/structures/CysRS_AF_Vir_Megavirus_chiliensis_gene11257271.pdb
-0.798440 -0.577246 -0.171116    -1.216012
-0.307027  0.634853 -0.709011     4.422119
 0.517907 -0.513566 -0.684122    -5.696120
>../../../../class1/cys//data/domains/Catalytic_domain/structures/CysRS_PDB_Bact_E_coli_1LI5.pdb
-0.635756 -0.211597 -0.742322   114.513210
-0.766096  0.290588  0.573285    13.530484
 0.094405  0.933159 -0.346846   -80.989737
>../../../../class1/cys//data/domains/Catalytic_domain/structures/CysRS_PDB_Bact_M_smegmatis_3C8Z.pdb
-0.357926  0.263751  0.895726    45.299032
 0.114449 -0.939653  0.322419    21.717903
 0.926710  0.217917  0.306140   -32.281694
>../../../../class1/glu1//data/domains/Catalytic_domain/structures/GluRS-B_AF_Bact_Chlamydia_psittaci_6BC_gene12242467.pdb
-0.981621  0.172875 -0.080835     1.846273
-0.030026  0.278391  0.959998    -3.524479
 0.188464  0.944782 -0.268083    -7.090793
>../../../../class1/glu1//data/domains/Catalytic_domain/structures/GluRS-B_AF_Bact_[Eubacterium]_eligens_ATCC_27750_gene41357084.pdb
-0.833020  0.445967  0.327399    -1.885974
 0.510628  0.392017  0.765233     4.143729
 0.212923  0.804634 -0.554281    -3.512088
>../../../../class1/glu1//data/domains/Catalytic_domain/structures/GluRS-B_AF_Bact_Porphyromonas_gingivalis_ATCC_33277_gene29255772.pdb
 0.260064 -0.321095 -0.910640    -2.579430
 0.713205 -0.571881  0.405328     2.123374
-0.650926 -0.754884  0.080281    -3.012782
>../../../../class1/glu1//data/domains/Catalytic_domain/structures/GluRS-B_AF_Bact_Treponema_pallidum_subsp_pertenue_str_SamoaD_gene57879197.pdb
-0.957310  0.235277  0.167934    -4.085262
 0.283621  0.652324  0.702875     1.727716
 0.055823  0.720499 -0.691206    -1.584687
>../../../../class1/glu1//data/domains/Catalytic_domain/structures/GluRS-B_AF_Euk_Cryptococcus_neoformans_var_grubii_H99_gene23890400.pdb
 0.076791 -0.173767 -0.981788    -5.027138
 0.584669 -0.789777  0.185513     3.718147
-0.807630 -0.588267  0.040948    -0.831720
>../../../../class1/glu1//data/domains/Catalytic_domain/structures/GluRS-B_AF_Mito_Drosophila_melanogaster_gene39828.pdb
 0.864447  0.447128 -0.229801    -4.883245
-0.500763  0.725504 -0.472103     1.538332
-0.044369  0.523183  0.851064    -5.828620
>../../../../class1/glu1//data/domains/Catalytic_domain/structures/GluRS-B_PDB_Bact_T_therm_1J09.pdb
-0.063180 -0.059207 -0.996244     6.346062
 0.660511 -0.750811  0.002733    -1.644860
-0.748153 -0.657858  0.086543    46.519913
>../../../../class1/glu1//data/domains/Catalytic_domain/structures/GlxRS-B_AF_Bact_Bifidobacterium_animalis_subsp_lactis_BLC1_gene66532600.pdb
-0.955201  0.251796 -0.155530    -4.084545
 0.150143  0.865148  0.478515     3.070304
 0.255044  0.433726 -0.864196    -2.944765
>../../../../class1/glu1//data/domains/Catalytic_domain/structures/GlxRS-B_AF_Bact_Mycoplasma_hyopneumoniae_168-L_gene57101016.pdb
-0.856030  0.368734  0.362282    -2.410025
 0.512433  0.513113  0.688569     2.453324
 0.068007  0.775081 -0.628192    -3.555855
>../../../../class1/glu1//data/domains/Catalytic_domain/structures/GlxRS-B_AF_Bact_Paracoccus_denitrificans_PD1222_gene75500422.pdb
-0.782670  0.430891  0.449178    -1.215797
 0.604562  0.354554  0.713300     3.648772
 0.148097  0.829834 -0.537999    -3.403607
>../../../../class1/glu1//data/domains/Catalytic_domain/structures/GlxRS-B_AF_Bact_Prochlorococcus_marinus_subsp_marinus_str_CCMP1375_gene54199839.pdb
 0.076248  0.576029 -0.813865    -2.663380
-0.223876 -0.785510 -0.576935     3.493988
-0.971631  0.226195  0.069065    -3.245304
>../../../../class1/glu1//data/domains/Catalytic_domain/structures/GlxRS-B_AF_Euk_Arabidopsis_thaliana_gene836526.pdb
 0.816702  0.567370 -0.105304    -3.289565
-0.535142  0.676379 -0.506098    -2.220270
-0.215919  0.469684  0.856023    -2.014745
>../../../../class1/glu1//data/domains/Catalytic_domain/structures/GlxRS-B_AF_Euk_Ostreococcus_tauri_proteinOUS48355.1.pdb
 1.000000  0.000000  0.000000     0.000000
 0.000000  1.000000  0.000000     0.000000
 0.000000  0.000000  1.000000     0.000000
>../../../../class1/glu1//data/domains/Catalytic_domain/structures/GlxRS-B_AF_Euk_Plasmodium_knowlesi_strain_H_gene7321821.pdb
-0.973311  0.195993  0.119387    -2.655300
 0.221885  0.670860  0.707611     1.379620
 0.058595  0.715216 -0.696443    -3.051812
>../../../../class1/glu1//data/domains/Catalytic_domain/structures/GlxRS-B_AF_Mito_Cyanidioschyzon_merolae_strain_10D_gene16997617.pdb
 0.999625  0.026924  0.005027    -2.018659
-0.027113  0.998731  0.042448     1.678653
-0.003877 -0.042568  0.999086     0.151336
>../../../../class1/glu1//data/domains/Catalytic_domain/structures/GlxRS-B_PDB_Bact_S_elong_2CFO.pdb
-0.709689  0.401598 -0.578845    31.473813
-0.112689 -0.875751 -0.469427    11.520106
-0.695445 -0.267918  0.666766   -39.946738
