>../../../../class2/pro3//data/domains/Catalytic_domain/structures/ProRS-M_AF_Euk_Candida_albicans_SC5314_gene3640100.pdb
-0.575882  0.590835  0.565043    12.063412
 0.790109  0.579746  0.199056    34.708463
-0.209971  0.561078 -0.800689    27.037379
>../../../../class2/pro3//data/domains/Catalytic_domain/structures/ProRS-M_AF_Mito_Drosophila_melanogaster_gene38331.pdb
-0.227356 -0.058287 -0.972066    18.346842
-0.626434 -0.755504  0.191818    35.203362
-0.745580  0.652546  0.135255    23.889624
>../../../../class2/pro3//data/domains/Catalytic_domain/structures/ProRS-M_AF_Mito_Mauremys_reevesii_gene120369760.pdb
-0.820968 -0.568873 -0.048940    15.229700
-0.063517  0.176173 -0.982308    33.281546
 0.567430 -0.803335 -0.180766    27.766722
>../../../../class2/pro3//data/domains/Catalytic_domain/structures/ProRS-M_AF_Mito_Schizosaccharomyces_pombe_gene2540642.pdb
-0.242520  0.628978  0.738628    16.092713
 0.930774  0.365552 -0.005676    35.155251
-0.273577  0.686119 -0.674090    24.856035
>../../../../class2/pyl//data/domains/Catalytic_domain/structures/PylRS_AF_Arch_Candidatus_Methanomassiliicoccus_intestinalis_Issoire-Mx1_gene16153983.pdb
 0.247188 -0.123284  0.961093    16.960401
 0.945417  0.248036 -0.211340    39.594803
-0.212331  0.960874  0.177866    29.433158
>../../../../class2/pyl//data/domains/Catalytic_domain/structures/PylRS_AF_Arch_Methanosalsum_zhilinae_DSM_4017_gene10822650.pdb
-0.773745  0.630317  0.063395    11.340539
 0.384435  0.546724 -0.743843    40.236926
-0.503517 -0.551174 -0.665341    27.431829
>../../../../class2/pyl//data/domains/Catalytic_domain/structures/PylRS_AF_Arch_Unclassified_Candidatus_Bathyarchaeota_proteinUCH69683.1.pdb
 0.358792 -0.758588 -0.543886    16.097438
-0.557732 -0.641458  0.526751    38.208144
-0.748467  0.114349 -0.653239    30.772604
>../../../../class2/pyl//data/domains/Catalytic_domain/structures/PylRS_AF_Bact_Unclassified_Actinobacteria_proteinMBU2601214.1.pdb
 0.381714 -0.768140 -0.514058    16.267297
-0.557225 -0.634984  0.535066    37.628783
-0.737424  0.082204 -0.670409    30.491872
>../../../../class2/pyl//data/domains/Catalytic_domain/structures/PylRS_AF_Bact_Unclassified_Aerophobetes_proteinMCD6471581.1.pdb
 0.185307 -0.774222 -0.605179    16.889863
-0.609797 -0.573526  0.547006    38.184606
-0.770590  0.267672 -0.578397    30.412948
>../../../../class2/pyl//data/domains/Catalytic_domain/structures/PylRS_AF_Bact_unclassified_Desulfosarcina_proteinMBC2741817.pdb
 0.119383 -0.639920 -0.759111    11.323739
-0.829095 -0.484887  0.278364    43.466347
-0.546214  0.596143 -0.588441    30.562656
>../../../../class2/pyl//data/domains/Catalytic_domain/structures/PylRS_AF_Bact_unclassified_Lachnospiraceae_proteinHCE77498.1.pdb
-0.966437  0.031144 -0.255008    11.536839
 0.256897  0.123332 -0.958537    37.080218
 0.001599 -0.991877 -0.127194    32.184066
>../../../../class2/pyl//data/domains/Catalytic_domain/structures/PylRS_PDB_Arch_M_mazei_2Q7E.pdb
 1.000000 -0.000000  0.000000     0.000000
 0.000000  1.000000  0.000000     0.000000
-0.000000  0.000000  1.000000     0.000000
>../../../../class2/pyl//data/domains/Catalytic_domain/structures/PylRS_PDB_Bact_D_hafniense_2ZNJ.pdb
 0.005354  0.406821  0.913492    42.190499
-0.552403  0.762676 -0.336417    47.409343
-0.833560 -0.502815  0.228813    78.111234
