>../../../../class2/asp2//data/domains/Catalytic_domain/structures/AspRS-E_AF_Euk_Caenorhabditis_elegans_gene176334.pdb
 0.033174  0.681174  0.731370     0.019266
 0.445923 -0.664986  0.599120     0.781880
 0.894456  0.306260 -0.325811    -3.954300
>../../../../class2/asp2//data/domains/Catalytic_domain/structures/AspRS-E_AF_Euk_Cryptococcus_neoformans_var_neoformans_JEC21_gene3258977.pdb
-0.429962 -0.612967  0.662876    -9.678589
-0.619695 -0.333584 -0.710422     7.950113
 0.656590 -0.716236 -0.236424    -6.995894
>../../../../class2/asp2//data/domains/Catalytic_domain/structures/AspRS-E_AF_Euk_Thalassiosira_pseudonana_CCMP1335_gene7443135.pdb
 0.078302  0.572121  0.816423    -0.193940
 0.372085 -0.776531  0.508480     0.237418
 0.924890  0.263964 -0.273682    -1.713734
>../../../../class2/asp2//data/domains/Catalytic_domain/structures/AspRS-E_AF_Euk_Theileria_orientalis_strain_Shintoku_gene20715543.pdb
-0.005875  0.774651  0.632361     0.312530
 0.530065 -0.533809  0.658847     0.548123
 0.847936  0.339063 -0.407480    -4.865629
>../../../../class2/asp2//data/domains/Catalytic_domain/structures/AspRS-E_PDB_Euk_S_cerevisiae_1EOV.pdb
 0.958518 -0.025011  0.283934   -12.455362
-0.088486  0.920816  0.379826   -32.663720
-0.270951 -0.389194  0.880406   -44.818365
>../../../../class2/asp2//data/domains/Catalytic_domain/structures/AsxRS_AF_Arch_Candidatus_Korarchaeum_cryptofilum_OPF8_gene6094477.pdb
 0.105619  0.053456  0.992969    -0.572136
 0.116175 -0.992379  0.041068    -0.364838
 0.987597  0.111020 -0.111024     1.053106
>../../../../class2/asp2//data/domains/Catalytic_domain/structures/AsxRS_AF_Arch_Candidatus_Methanomassiliicoccus_intestinalis_Issoire-Mx1_gene16154831.pdb
 0.138146 -0.084398  0.986809    -0.214314
-0.045636 -0.995847 -0.078782    -0.270461
 0.989360 -0.034150 -0.141424    -0.455447
>../../../../class2/asp2//data/domains/Catalytic_domain/structures/AsxRS_AF_Arch_Candidatus_Nitrosopumilus_koreensis_AR1_gene13725312.pdb
 0.085793 -0.523870  0.847467     3.352626
-0.563883 -0.726790 -0.392188    -1.987141
 0.821386 -0.444225 -0.357755     3.882903
>../../../../class2/asp2//data/domains/Catalytic_domain/structures/AsxRS_AF_Arch_Methanobacterium_lacus_gene10277817.pdb
-0.264779 -0.824016  0.500889     2.853541
-0.849586 -0.046380 -0.525407    -4.827254
 0.456175 -0.564665 -0.687792     1.672961
>../../../../class2/asp2//data/domains/Catalytic_domain/structures/AsxRS_AF_Bact_Clostridium_acetobutylicum_DSM_1731_gene45000055.pdb
-0.000132  0.642092  0.766627    -1.198857
 0.432312 -0.691250  0.579034     0.362838
 0.901724  0.331498 -0.277493    -1.288424
>../../../../class2/asp2//data/domains/Catalytic_domain/structures/AsxRS_AF_Bact_Spirochaetes_bacterium_GWE1_32_154_proteinOHD39701.1.pdb
-0.117434 -0.839807  0.530032     0.150154
-0.699113 -0.309148 -0.644723     0.174890
 0.705301 -0.446265 -0.550816     0.418888
>../../../../class2/asp2//data/domains/Catalytic_domain/structures/AsxRS_AF_Bact_Tropheryma_whipplei_TW08_27_gene67388547.pdb
 1.000000  0.000000  0.000000     0.000000
 0.000000  1.000000  0.000000     0.000000
 0.000000  0.000000  1.000000     0.000000
>../../../../class2/asp2//data/domains/Catalytic_domain/structures/AsxRS_PDB_Arch_T_kodarensis_1b8a.pdb
-0.051592 -0.845562 -0.531378    28.731513
 0.988528 -0.118873  0.093179   -35.149528
-0.141955 -0.520475  0.841994   -17.268380
>../../../../class2/asp2//data/domains/Catalytic_domain/structures/AsxRS_PDB_Bact_T_thermophilus_1n9w.pdb
-0.129210 -0.402324 -0.906334    61.041873
 0.967240  0.150280 -0.204603   -20.894606
 0.218521 -0.903079  0.369726   -34.123166
>../../../../class2/gly1//data/domains/Catalytic_domain/structures/GlyRS-A_AF_Arch_Candidatus_Nitrosopumilus_sediminis_gene13697160.pdb
-0.640279 -0.716477  0.276953     0.300984
-0.731400  0.458473 -0.504832    -1.485545
 0.234725 -0.525797 -0.817583     4.500020
>../../../../class2/gly1//data/domains/Catalytic_domain/structures/GlyRS-A_AF_Arch_Candidatus_Woesearchaeota_archaeon_proteinMBT4248212.1.pdb
-0.212222  0.309961  0.926761     0.069091
 0.397908 -0.838776  0.371651    -0.390653
 0.892542  0.447638  0.054671     2.781948
>../../../../class2/gly1//data/domains/Catalytic_domain/structures/GlyRS-A_AF_Arch_Sulfolobus_islandicus_YN1551_gene7810979.pdb
 0.802945  0.535272 -0.262227     0.684798
-0.504255  0.375441 -0.777671    -3.779653
-0.317814  0.756656  0.571372     4.284537
>../../../../class2/gly1//data/domains/Catalytic_domain/structures/GlyRS-A_AF_Arch_Thermoplasma_acidophilum_DSM_1728_gene1455843.pdb
-0.785373 -0.571161  0.238671     0.497979
-0.617715  0.698071 -0.362112    -1.803972
 0.040215 -0.431824 -0.901061     4.620180
>../../../../class2/gly1//data/domains/Catalytic_domain/structures/GlyRS-A_AF_Bact_Capnocytophaga_ochracea_DSM_7271_gene29675716.pdb
 0.425682  0.769247 -0.476503     1.711886
-0.744046 -0.002128 -0.668125    -0.933635
-0.514967  0.638949  0.571449     3.990960
>../../../../class2/gly1//data/domains/Catalytic_domain/structures/GlyRS-A_AF_Bact_Corynebacterium_ulcerans_809_gene75260805.pdb
-0.729658  0.482836  0.484220     0.778274
 0.677809  0.604304  0.418797    -4.368718
-0.090406  0.633787 -0.768206     0.986233
>../../../../class2/gly1//data/domains/Catalytic_domain/structures/GlyRS-A_AF_Bact_Treponema_denticola_ATCC_35405_gene2741635.pdb
 0.952345  0.060305 -0.299003     1.106873
 0.048011  0.938406  0.342183    -1.882162
 0.301221 -0.340231  0.890791     0.632344
>../../../../class2/gly1//data/domains/Catalytic_domain/structures/GlyRS-A_PDB_Bact_T_thermophilus_1ati.pdb
 0.230639  0.665006 -0.710332    -5.749981
 0.881972 -0.451232 -0.136069    -4.044461
-0.411011 -0.595111 -0.690589    57.955265
