>structures/AsnRS_AF_Arch_Candidatus_Korarchaeum_cryptofilum_OPF8_gene6094562.pdb
-0.966065  0.246034  0.078655   -13.524341
 0.219117  0.941837 -0.254816    -2.216174
-0.136774 -0.228934 -0.963785   -57.033651
>structures/AsnRS_AF_Arch_Candidatus_Nitrososphaera_gargensis_Ga92_gene13796664.pdb
 0.776047 -0.623005 -0.098061   -10.290758
 0.402981  0.370234  0.836979     0.045740
-0.485137 -0.689051  0.538378   -55.632709
>structures/AsnRS_AF_Arch_Ferroplasma_acidarmanus_Fer1_gene16025664.pdb
-0.025420 -0.307458 -0.951222   -15.209198
-0.222120 -0.926007  0.305244     3.278569
-0.974688  0.219044 -0.044754   -62.896848
>structures/AsnRS_AF_Arch_Pyrococcus_sp_ST04_gene13021535.pdb
-0.064448 -0.309302 -0.948777   -13.939704
-0.139432 -0.938637  0.315467     3.276037
-0.988132  0.152621  0.017367   -61.787018
>structures/AsnRS_AF_Bact_Clostridium_acetobutylicum_DSM_1731_gene44999755.pdb
 0.809622 -0.538031 -0.234596   -13.194951
 0.461258  0.336044  0.821167    -1.919791
-0.362979 -0.773044  0.520240   -54.828321
>structures/AsnRS_AF_Bact_Mycoplasma_hyopneumoniae_168-L_gene57101291.pdb
 0.133378 -0.489760 -0.861595   -13.444107
 0.088125 -0.860058  0.502528     4.128017
-0.987139 -0.142954 -0.071552   -63.035181
>structures/AsnRS_AF_Bact_Porphyromonas_gingivalis_ATCC_33277_gene29256423.pdb
 0.045841 -0.303615 -0.951692   -12.829309
-0.058759 -0.951863  0.300839     2.096467
-0.997219  0.042130 -0.061475   -60.927146
>structures/AsnRS_AF_Bact_Streptobacillus_moniliformis_DSM_12112_gene29673200.pdb
 0.862005 -0.456373 -0.220615   -12.973629
 0.421940  0.404810  0.811231    -1.943175
-0.280917 -0.792371  0.541511   -55.167556
>structures/AsnRS_AF_Bact_Thermus_thermophilus_HB8_gene3168522.pdb
 0.174129 -0.586735 -0.790835   -12.841670
 0.160749 -0.775395  0.610674     4.581049
-0.971514 -0.233462 -0.040702   -61.421616
>structures/AsnRS_AF_Bact_Treponema_pallidum_subsp_pertenue_str_SamoaD_gene57879132.pdb
 0.767174 -0.618765 -0.169041   -10.487967
 0.422778  0.289586  0.858719    -0.710156
-0.482393 -0.730254  0.483763   -54.581366
>structures/AsnRS_AF_Bact_unclassified_Blastocatellia_proteinRPI49177.1.pdb
 0.297437 -0.681619 -0.668526   -11.691493
 0.299640 -0.598194  0.743223     4.576558
-0.906503 -0.421379  0.026315   -60.096402
>structures/AsnRS_AF_Euk_Candida_albicans_SC5314_gene3646227.pdb
-0.109698 -0.399426 -0.910179   -15.842847
-0.051837 -0.912160  0.406543     5.581514
-0.992612  0.091778  0.079357   -58.652946
>structures/AsnRS_AF_Euk_Cryptococcus_gattii_WM276_gene10190222.pdb
-0.174711 -0.487391 -0.855527   -15.435975
 0.060468 -0.872561  0.484748     6.157665
-0.982761  0.032959  0.181917   -55.037422
>structures/AsnRS_AF_Euk_Encephalitozoon_intestinalis_ATCC_50506_gene9698489.pdb
-0.045383 -0.151802 -0.987369   -14.355075
-0.155040 -0.975340  0.157079     1.570268
-0.986865  0.160211  0.020729   -62.105156
>structures/AsnRS_AF_Euk_Vitis_vinifera_gene100257593.pdb
 0.904735 -0.401349 -0.142739    -9.712054
 0.260964  0.257377  0.930406    -3.930254
-0.336679 -0.879020  0.337596   -53.303749
>structures/AsnRS_AF_Mito_Homo_sapiens_gene79731.pdb
-0.795617  0.382680  0.469628   -17.524458
 0.533444  0.809959  0.243729     1.049278
-0.287110  0.444435 -0.848555   -59.729797
>structures/AsnRS_AF_Mito_Zeugodacus_cucurbitae_gene105213230.pdb
-0.056107 -0.428582  0.901759   -11.009026
 0.130836 -0.898550 -0.418916     0.743782
 0.989815  0.094478  0.106489   -53.485049
>structures/AsnRS_PDB_Arch_P_horikoshii_1X54.pdb
 0.247224  0.900816  0.356947   -24.093415
 0.899427 -0.076314 -0.430357    18.505942
-0.360432  0.427442 -0.829085   -34.791086
>structures/AsnRS_PDB_Bact_E_anophelis_6pqh.pdb
 0.999987 -0.000482  0.005161     0.392891
 0.000494  0.999997 -0.002467    -0.178501
-0.005160  0.002470  0.999984     0.048200
