>structures/AsnRS_AF_Arch_Candidatus_Korarchaeum_cryptofilum_OPF8_gene6094562.pdb
-0.966039  0.246072  0.078843   -13.528629
 0.219095  0.941811 -0.254929    -2.214501
-0.136987 -0.228997 -0.963740   -57.037974
>structures/AsnRS_AF_Arch_Candidatus_Nitrososphaera_gargensis_Ga92_gene13796664.pdb
 0.776115 -0.622903 -0.098171   -10.295142
 0.402943  0.370135  0.837041     0.047284
-0.485059 -0.689197  0.538262   -55.636180
>structures/AsnRS_AF_Arch_Ferroplasma_acidarmanus_Fer1_gene16025664.pdb
-0.025235 -0.307465 -0.951225   -15.212877
-0.222227 -0.925994  0.305205     3.278792
-0.974668  0.219090 -0.044960   -62.901705
>structures/AsnRS_AF_Arch_Pyrococcus_sp_ST04_gene13021535.pdb
-0.064283 -0.309282 -0.948795   -13.943590
-0.139537 -0.938636  0.315424     3.276115
-0.988128  0.152669  0.017182   -61.791098
>structures/AsnRS_AF_Bact_Clostridium_acetobutylicum_DSM_1731_gene44999755.pdb
 0.809679 -0.537886 -0.234730   -13.200293
 0.461245  0.335936  0.821219    -1.918497
-0.362867 -0.773192  0.520098   -54.832760
>structures/AsnRS_AF_Bact_Mycoplasma_hyopneumoniae_168-L_gene57101291.pdb
 0.133546 -0.489666 -0.861622   -13.448689
 0.088026 -0.860112  0.502452     4.127417
-0.987125 -0.142946 -0.071761   -63.039770
>structures/AsnRS_AF_Bact_Porphyromonas_gingivalis_ATCC_33277_gene29256423.pdb
 0.046037 -0.303601 -0.951686   -12.833218
-0.058886 -0.951865  0.300809     2.097486
-0.997203  0.042193 -0.061699   -60.932081
>structures/AsnRS_AF_Bact_Streptobacillus_moniliformis_DSM_12112_gene29673200.pdb
 0.862042 -0.456240 -0.220746   -12.978639
 0.421937  0.404694  0.811290    -1.941753
-0.280808 -0.792507  0.541368   -55.171795
>structures/AsnRS_AF_Bact_Thermus_thermophilus_HB8_gene3168522.pdb
 0.174303 -0.586669 -0.790846   -12.845565
 0.160618 -0.775445  0.610645     4.582009
-0.971504 -0.233461 -0.040933   -61.426926
>structures/AsnRS_AF_Bact_Treponema_pallidum_subsp_pertenue_str_SamoaD_gene57879132.pdb
 0.767276 -0.618566 -0.169304   -10.498273
 0.422875  0.289510  0.858697    -0.713301
-0.482145 -0.730452  0.483710   -54.585967
>structures/AsnRS_AF_Bact_unclassified_Blastocatellia_proteinRPI49177.1.pdb
 0.297579 -0.681518 -0.668566   -11.695864
 0.299536 -0.598281  0.743195     4.577281
-0.906491 -0.421418  0.026103   -60.101067
>structures/AsnRS_AF_Euk_Candida_albicans_SC5314_gene3646227.pdb
-0.109504 -0.399396 -0.910215   -15.847943
-0.051966 -0.912170  0.406505     5.582004
-0.992627  0.091814  0.079131   -58.658775
>structures/AsnRS_AF_Euk_Cryptococcus_gattii_WM276_gene10190222.pdb
-0.174536 -0.487362 -0.855579   -15.441292
 0.060338 -0.872577  0.484735     6.158912
-0.982800  0.032980  0.181702   -55.042989
>structures/AsnRS_AF_Euk_Encephalitozoon_intestinalis_ATCC_50506_gene9698489.pdb
-0.045195 -0.151814 -0.987375   -14.358572
-0.155206 -0.975316  0.157064     1.571633
-0.986848  0.160345  0.020517   -62.110897
>structures/AsnRS_AF_Euk_Homo_sapiens_gene4677.pdb
-0.206812 -0.167552 -0.963927   -17.261212
-0.145491 -0.969006  0.199650     2.722994
-0.967503  0.181533  0.176025   -57.543624
>structures/AsnRS_AF_Euk_Vitis_vinifera_gene100257593.pdb
 0.904784 -0.401204 -0.142833    -9.717108
 0.260952  0.257244  0.930446    -3.928297
-0.336556 -0.879125  0.337446   -53.307059
>structures/AsnRS_AF_Mito_Homo_sapiens_gene79731.pdb
-0.795296  0.382240  0.470528   -17.542181
 0.533587  0.809767  0.244054     1.040978
-0.287731  0.445163 -0.847963   -59.742714
>structures/AsnRS_AF_Mito_Zeugodacus_cucurbitae_gene105213230.pdb
-0.056882 -0.428495  0.901752   -11.032466
 0.130411 -0.898664 -0.418802     0.728962
 0.989827  0.093776  0.106998   -53.487199
>structures/AsnRS_PDB_Arch_P_horikoshii_1X54.pdb
 0.247227  0.900753  0.357104   -24.102709
 0.899406 -0.076217 -0.430419    18.507835
-0.360484  0.427592 -0.828985   -34.798184
>structures/AsnRS_PDB_Bact_E_anophelis_6pqh.pdb
 0.999988 -0.000459  0.004921     0.374665
 0.000470  0.999997 -0.002322    -0.167800
-0.004920  0.002324  0.999985     0.045538
