>structures/AsnRS_AF_Arch_Candidatus_Korarchaeum_cryptofilum_OPF8_gene6094562.pdb
-0.965975  0.246215  0.079191   -13.535749
 0.219118  0.941739 -0.255176    -2.209506
-0.137406 -0.229141 -0.963646   -57.047031
>structures/AsnRS_AF_Arch_Candidatus_Nitrososphaera_gargensis_Ga92_gene13796664.pdb
 0.776300 -0.622645 -0.098344   -10.302975
 0.402808  0.369986  0.837171     0.051606
-0.484874 -0.689510  0.538027   -55.644077
>structures/AsnRS_AF_Arch_Ferroplasma_acidarmanus_Fer1_gene16025664.pdb
-0.024856 -0.307556 -0.951205   -15.218717
-0.222395 -0.925954  0.305203     3.280390
-0.974640  0.219130 -0.045383   -62.911437
>structures/AsnRS_AF_Arch_Pyrococcus_sp_ST04_gene13021535.pdb
-0.063938 -0.309335 -0.948801   -13.949512
-0.139728 -0.938606  0.315427     3.278011
-0.988123  0.152742  0.016790   -61.799902
>structures/AsnRS_AF_Bact_Clostridium_acetobutylicum_DSM_1731_gene44999755.pdb
 0.809823 -0.537582 -0.234930   -13.209356
 0.461174  0.335796  0.821316    -1.915330
-0.362636 -0.773464  0.519854   -54.841018
>structures/AsnRS_AF_Bact_Escherichia_coli_O157:H7_str._Sakai_gene917756.pdb
 0.631812 -0.606457 -0.482724    -9.614594
 0.365600 -0.315985  0.875494     4.244192
-0.683483 -0.729632  0.022078   -58.608536
>structures/AsnRS_AF_Bact_Mycoplasma_hyopneumoniae_168-L_gene57101291.pdb
 0.133897 -0.489562 -0.861627   -13.455616
 0.087878 -0.860165  0.502388     4.127458
-0.987091 -0.142986 -0.072152   -63.048051
>structures/AsnRS_AF_Bact_Porphyromonas_gingivalis_ATCC_33277_gene29256423.pdb
 0.046419 -0.303624 -0.951660   -12.839728
-0.059071 -0.951854  0.300805     2.099596
-0.997174  0.042252 -0.062120   -60.940806
>structures/AsnRS_AF_Bact_Streptobacillus_moniliformis_DSM_12112_gene29673200.pdb
 0.862149 -0.455941 -0.220945   -12.987258
 0.421876  0.404539  0.811399    -1.938364
-0.280569 -0.792759  0.541124   -55.179864
>structures/AsnRS_AF_Bact_Thermus_thermophilus_HB8_gene3168522.pdb
 0.174678 -0.586595 -0.790819   -12.851582
 0.160436 -0.775477  0.610652     4.584253
-0.971467 -0.233543 -0.041348   -61.436058
>structures/AsnRS_AF_Bact_Treponema_pallidum_subsp_pertenue_str_SamoaD_gene57879132.pdb
 0.767542 -0.618054 -0.169967   -10.522855
 0.422744  0.288760  0.859014    -0.701169
-0.481837 -0.731181  0.482914   -54.610690
>structures/AsnRS_AF_Bact_unclassified_Blastocatellia_proteinRPI49177.1.pdb
 0.297910 -0.681356 -0.668583   -11.702865
 0.299388 -0.598358  0.743192     4.578946
-0.906431 -0.421570  0.025733   -60.109105
>structures/AsnRS_AF_Euk_Candida_albicans_SC5314_gene3646227.pdb
-0.109113 -0.399428 -0.910248   -15.855731
-0.052121 -0.912157  0.406513     5.583841
-0.992662  0.091799  0.078709   -58.668850
>structures/AsnRS_AF_Euk_Cryptococcus_gattii_WM276_gene10190222.pdb
-0.174182 -0.487360 -0.855652   -15.450135
 0.060166 -0.872579  0.484754     6.161387
-0.982874  0.032955  0.181310   -55.052633
>structures/AsnRS_AF_Euk_Encephalitozoon_intestinalis_ATCC_50506_gene9698489.pdb
-0.044870 -0.151845 -0.987385   -14.364530
-0.155375 -0.975292  0.157046     1.572749
-0.986836  0.160462  0.020168   -62.118587
>structures/AsnRS_AF_Euk_Homo_sapiens_gene4677.pdb
-0.206468 -0.167614 -0.963990   -17.268753
-0.145664 -0.968974  0.199679     2.725416
-0.967550  0.181646  0.175647   -57.553314
>structures/AsnRS_AF_Euk_Saccharomyces_cerevisiae_S288C_gene856412.pdb
 0.073543 -0.771350 -0.632147   -12.991509
 0.302858 -0.586655  0.751074     4.649544
-0.950194 -0.246687  0.190466   -50.545652
>structures/AsnRS_AF_Euk_Vitis_vinifera_gene100257593.pdb
 0.904914 -0.400873 -0.142936    -9.726091
 0.260863  0.257074  0.930518    -3.924161
-0.336274 -0.879326  0.337203   -53.313486
>structures/AsnRS_AF_Mito_Homo_sapiens_gene79731.pdb
-0.794668  0.381986  0.471793   -17.558213
 0.533777  0.809844  0.243383     1.055410
-0.289110  0.445241 -0.847453   -59.780775
>structures/AsnRS_AF_Mito_Zeugodacus_cucurbitae_gene105213230.pdb
-0.057994 -0.428270  0.901788   -11.066453
 0.130602 -0.898800 -0.418452     0.726688
 0.989737  0.093508  0.108058   -53.504810
>structures/AsnRS_PDB_Arch_P_horikoshii_1X54.pdb
 0.247344  0.900603  0.357401   -24.118574
 0.899342 -0.076130 -0.430567    18.514222
-0.360561  0.427924 -0.828780   -34.813225
>structures/AsnRS_PDB_Bact_E_anophelis_6pqh.pdb
 0.999990 -0.000432  0.004489     0.341555
 0.000442  0.999998 -0.002122    -0.153258
-0.004489  0.002124  0.999988     0.041713
