>../../../../class2/asp1//data/domains/Catalytic_domain/structures/AspRS_AF_Arch_Candidatus_Methanomassiliicoccus_intestinalis_Issoire-Mx1_gene16154434.pdb
 0.556133 -0.618684 -0.554929    10.487436
 0.706676  0.000601  0.707538     4.857324
-0.437409 -0.785640  0.437544     2.265559
>../../../../class2/asp1//data/domains/Catalytic_domain/structures/AspRS_AF_Arch_unclassified_Euryarchaeota_proteinHHT76046.1.pdb
 0.618052 -0.317023 -0.719381     8.031914
 0.743649 -0.060995  0.665782    -0.735983
-0.254947 -0.946454  0.198056    -0.535920
>../../../../class2/asp1//data/domains/Catalytic_domain/structures/AspRS_AF_Bact_Bacillus_anthracis_str_Ames_Ancestor_gene45024275.pdb
-0.613556  0.274404  0.740440     5.618067
 0.787768  0.147993  0.597929     5.293670
 0.054494  0.950158 -0.306969    -2.061178
>../../../../class2/asp1//data/domains/Catalytic_domain/structures/AspRS_AF_Bact_Brachyspira_pilosicoli_95_1000_gene56440011.pdb
 0.570667 -0.188119 -0.799344     8.578549
 0.731891 -0.324907  0.598975     0.041707
-0.372391 -0.926848 -0.047731     0.927519
>../../../../class2/asp1//data/domains/Catalytic_domain/structures/AspRS_AF_Bact_Chlamydia_muridarum_str_Nigg_gene1246197.pdb
 0.255654 -0.072830 -0.964021     8.509706
 0.494881 -0.846750  0.195211    -0.241509
-0.830503 -0.526982 -0.180433     0.992435
>../../../../class2/asp1//data/domains/Catalytic_domain/structures/AspRS_AF_Bact_Mycoplasma_hyopneumoniae_168-L_gene57101115.pdb
 0.809495 -0.514272 -0.283269    12.673547
 0.569090  0.568600  0.593996     2.809071
-0.144408 -0.642043  0.752946     4.430870
>../../../../class2/asp1//data/domains/Catalytic_domain/structures/AspRS_AF_Bact_Nocardia_cyriacigeorgica_GUH-2_gene45501717.pdb
 0.813886  0.360030 -0.456034     9.554691
-0.560509  0.693239 -0.453044    -4.704603
 0.153031  0.624338  0.766018     1.953252
>../../../../class2/asp1//data/domains/Catalytic_domain/structures/AspRS_AF_Bact_Porphyromonas_gingivalis_ATCC_33277_gene29255515.pdb
 0.237176 -0.133347  0.962271     6.521064
 0.265584 -0.943900 -0.196261     0.641218
 0.934459  0.302112 -0.188456     2.078246
>../../../../class2/asp1//data/domains/Catalytic_domain/structures/AspRS_AF_Bact_Prochlorococcus_marinus_subsp_marinus_str_CCMP1375_gene54201182.pdb
 0.246290 -0.317545 -0.915700     7.735238
 0.439295 -0.805604  0.397520     4.756472
-0.863922 -0.500168 -0.058916    -2.252643
>../../../../class2/asp1//data/domains/Catalytic_domain/structures/AspRS_AF_Bact_Xylella_fastidiosa_Temecula1_gene58016479.pdb
 0.806835  0.394160 -0.440062     5.724912
-0.585874  0.629614 -0.510234    -0.511813
 0.075955  0.669496  0.738922    -0.534753
>../../../../class2/asp1//data/domains/Catalytic_domain/structures/AspRS_AF_Mito_Oryza_sativa_Japonica_Group_gene4324505.pdb
-0.558001 -0.467105  0.685892     7.617298
-0.723191 -0.131631 -0.677988    -4.933790
 0.406976 -0.874349 -0.264356     4.161803
>../../../../class2/asp1//data/domains/Catalytic_domain/structures/AspRS_AF_Mito_Oryzias_melastigma_gene112147132.pdb
 0.965874 -0.004849 -0.258968     7.047430
 0.170459  0.764689  0.621445    -0.090235
 0.195017 -0.644381  0.739419    -1.484623
>../../../../class2/asp1//data/domains/Catalytic_domain/structures/AspRS_PDB_Bact_E_coli_1c0a.pdb
 0.222775 -0.642009 -0.733619    14.662747
 0.746965  0.595971 -0.294722   -67.806360
 0.626430 -0.482331  0.612326   -14.726654
>../../../../class2/asp2//data/domains/Catalytic_domain/structures/AspRS-E_AF_Euk_Caenorhabditis_elegans_gene176334.pdb
 0.999314 -0.010773 -0.035437    -2.256670
 0.008681  0.998241 -0.058645    -0.495400
 0.036007  0.058298  0.997650     1.986980
>../../../../class2/asp2//data/domains/Catalytic_domain/structures/AspRS-E_AF_Euk_Cryptococcus_neoformans_var_neoformans_JEC21_gene3258977.pdb
 0.322479 -0.791859 -0.518621    -1.837323
 0.373641 -0.396915  0.838362   -12.616939
-0.869713 -0.464132  0.167874    -0.522595
>../../../../class2/asp2//data/domains/Catalytic_domain/structures/AspRS-E_AF_Euk_Thalassiosira_pseudonana_CCMP1335_gene7443135.pdb
 0.994434 -0.101788 -0.027202    -0.448839
 0.103617  0.991597  0.077455     0.488605
 0.019089 -0.079843  0.996625     0.902201
>../../../../class2/asp2//data/domains/Catalytic_domain/structures/AspRS-E_AF_Euk_Theileria_orientalis_strain_Shintoku_gene20715543.pdb
 0.993889  0.076854 -0.079234    -3.146629
-0.090697  0.977717 -0.189324    -0.428281
 0.062918  0.195353  0.978713     2.349353
>../../../../class2/asp2//data/domains/Catalytic_domain/structures/AspRS-E_PDB_Euk_S_cerevisiae_1EOV.pdb
-0.284719  0.043491  0.957624   -53.558643
 0.587621 -0.781357  0.210197     1.245099
 0.757388  0.622567  0.196911   -15.859274
>../../../../class2/asp2//data/domains/Catalytic_domain/structures/AsxRS_AF_Arch_Candidatus_Korarchaeum_cryptofilum_OPF8_gene6094477.pdb
 0.942364 -0.323067 -0.087056     1.684270
 0.312770  0.758146  0.572179     1.668103
-0.118851 -0.566429  0.815495    -0.604290
>../../../../class2/asp2//data/domains/Catalytic_domain/structures/AsxRS_AF_Arch_Candidatus_Methanomassiliicoccus_intestinalis_Issoire-Mx1_gene16154831.pdb
 0.874131 -0.457980 -0.161710     0.449533
 0.445683  0.624036  0.641830     1.358705
-0.193032 -0.633114  0.749603     0.149879
>../../../../class2/asp2//data/domains/Catalytic_domain/structures/AsxRS_AF_Arch_Candidatus_Nitrosopumilus_koreensis_AR1_gene13725312.pdb
 0.502015 -0.709599 -0.494419     3.533852
 0.715918  0.020224  0.697892     6.292143
-0.485224 -0.704316  0.518167     0.697192
>../../../../class2/asp2//data/domains/Catalytic_domain/structures/AsxRS_AF_Arch_Methanobacterium_lacus_gene10277817.pdb
 0.046477 -0.527856 -0.848062     0.382821
 0.566337 -0.685424  0.457663     7.197042
-0.822862 -0.501560  0.267088    -0.761593
>../../../../class2/asp2//data/domains/Catalytic_domain/structures/AsxRS_AF_Bact_Clostridium_acetobutylicum_DSM_1731_gene45000055.pdb
 1.000000  0.000000  0.000000     0.000000
 0.000000  1.000000  0.000000     0.000000
 0.000000  0.000000  1.000000     0.000000
>../../../../class2/asp2//data/domains/Catalytic_domain/structures/AsxRS_AF_Bact_Spirochaetes_bacterium_GWE1_32_154_proteinOHD39701.1.pdb
 0.336791 -0.535645 -0.774374     1.435585
 0.642090 -0.470881  0.604973     1.551704
-0.688689 -0.700967  0.185344     0.431805
>../../../../class2/asp2//data/domains/Catalytic_domain/structures/AsxRS_AF_Bact_Tropheryma_whipplei_TW08_27_gene67388547.pdb
-0.000132  0.432312  0.901724     1.004786
 0.642092 -0.691250  0.331498     1.447699
 0.766627  0.579034 -0.277493     0.351453
>../../../../class2/asp2//data/domains/Catalytic_domain/structures/AsxRS_PDB_Arch_T_kodarensis_1b8a.pdb
 0.295470 -0.519416  0.801814   -29.795049
-0.763494 -0.632875 -0.128629    38.496132
 0.574260 -0.574174 -0.583566     6.630399
>../../../../class2/asp2//data/domains/Catalytic_domain/structures/AsxRS_PDB_Bact_T_thermophilus_1n9w.pdb
 0.615217 -0.749031  0.245888   -38.926255
-0.681057 -0.662064 -0.312780    43.416361
 0.397076  0.024964 -0.917446    44.661959
