>structures/ArgRS_AF_Arch_Candidatus_Korarchaeum_cryptofilum_OPF8_gene6093502.pdb
 0.974071 -0.212887 -0.076579     2.059526
 0.220858  0.968163  0.117824     2.328782
 0.049058 -0.131682  0.990077    -3.014668
>structures/ArgRS_AF_Arch_Candidatus_Nitrosopumilus_sediminis_gene13697696.pdb
 0.813547 -0.339238 -0.472291     0.519162
 0.562117  0.666741  0.489368     4.237814
 0.148883 -0.663607  0.733117    -0.424833
>structures/ArgRS_AF_Arch_Desulfurococcus_mucosus_DSM_2162_gene10153309.pdb
 0.958879 -0.278520  0.054568     2.692915
 0.247640  0.914981  0.318566     8.466142
-0.138656 -0.291953  0.946329    -6.963233
>structures/ArgRS_AF_Arch_Methanothermococcus_okinawensis_IH1_gene10773248.pdb
 0.978081  0.036751  0.204954     1.220529
 0.027112  0.953444 -0.300349     4.086533
-0.206451  0.299323  0.931549     0.664468
>structures/ArgRS_AF_Bact_Anoxybacillus_flavithermus_WK1_gene7039015.pdb
 0.544309  0.689011  0.478531    13.809162
 0.629484 -0.712530  0.309921     0.691745
 0.554507  0.132535 -0.821558   -50.233574
>structures/ArgRS_AF_Bact_Brachyspira_pilosicoli_95_1000_gene56439668.pdb
 0.693890  0.713712 -0.095566    -4.873951
-0.716139  0.670117 -0.195161    12.304846
-0.075249  0.203859  0.976104     0.861604
>structures/ArgRS_AF_Bact_Chlamydia_psittaci_6BC_gene12242456.pdb
 1.000000  0.000000  0.000000     0.000000
 0.000000  1.000000  0.000000     0.000000
 0.000000  0.000000  1.000000     0.000000
>structures/ArgRS_AF_Bact_Corynebacterium_ulcerans_809_gene75260071.pdb
 0.734228  0.660260 -0.158006    -5.096776
-0.678676  0.719836 -0.145723    13.653970
 0.017524  0.214229  0.976626    -1.080948
>structures/ArgRS_AF_Bact_Cupriavidus_taiwanensis_LMG_19424_gene29762022.pdb
 0.926073  0.361097 -0.109536    -3.550911
-0.365815  0.930328 -0.025864    13.085714
 0.092565  0.064022  0.993646    -1.881032
>structures/ArgRS_AF_Bact_Mycoplasma_hyopneumoniae_168-L_gene57100855.pdb
-0.050466  0.765673  0.641248    12.499743
 0.946393 -0.168451  0.275616     7.693467
 0.319050  0.620782 -0.716126   -44.557647
>structures/ArgRS_AF_Bact_Prochlorococcus_marinus_subsp_marinus_str_CCMP1375_gene54199571.pdb
 0.102410 -0.382797 -0.918139     0.027919
 0.730812 -0.597223  0.330514     8.213291
-0.674853 -0.704834  0.218591     1.948969
>structures/ArgRS_AF_Bact_Streptobacillus_moniliformis_DSM_12112_gene29674021.pdb
-0.099067 -0.737701  0.667819    -2.227497
-0.709936 -0.417864 -0.566904     2.589119
 0.697264 -0.530270 -0.482324     0.131554
>structures/ArgRS_AF_Euk_Homo_sapiens_gene5917.pdb
-0.146213  0.213130 -0.966022    -1.556991
 0.296774 -0.922087 -0.248355     3.720771
-0.943688 -0.323003  0.071570    -0.231958
>structures/ArgRS_AF_Euk_Micromonas_commoda_gene8250062.pdb
-0.917869 -0.355014  0.177429     2.802242
-0.384028  0.907304 -0.171236    -0.419007
-0.100191 -0.225311 -0.969122     3.430900
>structures/ArgRS_AF_Euk_Paulinella_chromatophora_gene6481434.pdb
 0.056865 -0.181629 -0.981722    -1.008842
 0.546003 -0.817578  0.182888     7.802900
-0.835851 -0.546423  0.052678    -0.163660
>structures/ArgRS_AF_Euk_Polyodon_spathula_gene121324634.pdb
 0.833658  0.551309  0.032738     4.252977
-0.306880  0.511701 -0.802488    -4.130726
-0.459171  0.658954  0.595769     1.584383
>structures/ArgRS_AF_Euk_Thalassiosira_pseudonana_CCMP1335_gene7449555.pdb
 0.100109 -0.439363  0.892714     5.609237
-0.502976 -0.796485 -0.335599     2.299129
 0.858483 -0.415417 -0.300724     7.481682
>structures/ArgRS_AF_Mito_Caenorhabditis_elegans_gene174023.pdb
 0.155973  0.068647 -0.985373     2.415645
 0.352462 -0.935779 -0.009401     5.230720
-0.922737 -0.345840 -0.170151    -4.006713
>structures/ArgRS_AF_Mito_Homo_sapiens_gene57038.pdb
-0.130577  0.330790  0.934627     1.397722
 0.344421 -0.868851  0.355629     7.716382
 0.929690  0.368342 -0.000480     4.724065
>structures/ArgRS_AF_Mito_Saccharomyces_cerevisiae_S288C_gene851942.pdb
-0.631662  0.588545  0.504597    -0.926593
 0.480623 -0.213408  0.850564     2.065263
 0.608280  0.779789 -0.148067     3.766334
>structures/ArgRS_AF_Vir_Megavirus_chiliensis_gene11257368.pdb
-0.159194  0.236351  0.958538    -1.767339
-0.116880 -0.968604  0.219421     1.358416
 0.980304 -0.077104  0.181821     3.325495
>structures/ArgRS_PDB_Arch_2ZUF.pdb
 0.445554  0.630856  0.635218   -26.687435
 0.497867  0.415098 -0.761461    17.027435
-0.744050  0.655526 -0.129134    19.548759
>structures/ArgRS_PDB_Bact_1IQ0.pdb
-0.943477 -0.265849  0.197928    26.653607
 0.110567 -0.815427 -0.568202    59.367453
 0.312451 -0.514201  0.798731    29.830878
>structures/ArgRS_PDB_Euk_S_cerevisiae_1BS2.pdb
-0.675944 -0.018028 -0.736732    15.052264
 0.507268 -0.736561 -0.447389    30.647946
-0.534583 -0.676131  0.507019    86.081746
