>structures/CysRS_AF_Arch_Aciduliprofundum_boonei_T469_gene8827372.pdb
 0.226659 -0.148752 -0.962548    -0.588957
 0.821416 -0.501842  0.270980     5.605850
-0.523356 -0.852072  0.008440    -2.162648
>structures/CysRS_AF_Arch_Candidatus_Nitrosopumilus_sediminis_gene13696907.pdb
 0.258317 -0.469380 -0.844367    -0.125042
 0.903153 -0.192909  0.383538    -0.353716
-0.342911 -0.861666  0.374090     3.332905
>structures/CysRS_AF_Arch_Methanospirillum_hungatei_JF-1_gene3922979.pdb
 0.931001  0.235339 -0.279021     2.541119
-0.319635  0.894758 -0.311837     1.727940
 0.176269  0.379506  0.908243    -4.560564
>structures/CysRS_AF_Arch_Pyrobaculum_ferrireducens_gene11593896.pdb
 0.893083  0.416246 -0.170708    -0.992728
-0.410808  0.599822 -0.686623    -0.604110
-0.183410  0.683340  0.706688    -0.344360
>structures/CysRS_AF_Bact_Bordetella_avium_197N_gene41394405.pdb
 1.000000  0.000000  0.000000     0.000000
 0.000000  1.000000  0.000000     0.000000
 0.000000  0.000000  1.000000     0.000000
>structures/CysRS_AF_Bact_Lactobacillus_amylovorus_GRL1118_gene66523130.pdb
 0.969916  0.175781 -0.168418    -0.913504
-0.227717  0.899716 -0.372365    -0.007901
 0.086074  0.399514  0.912677    -1.428491
>structures/CysRS_AF_Bact_Mycobacterium_canettii_CIPT_140010059_gene45427568.pdb
-0.488502 -0.755260  0.436977     0.355504
-0.837403  0.265063 -0.478014     1.460902
 0.245198 -0.599437 -0.761941    -0.533154
>structures/CysRS_AF_Bact_Mycoplasma_hyopneumoniae_168-L_gene57101512.pdb
 0.907727  0.400930 -0.123642     1.807343
-0.407558  0.772612 -0.486793     0.576917
-0.099642  0.492267  0.864723    -1.246365
>structures/CysRS_AF_Bact_Porphyromonas_gingivalis_ATCC_33277_gene29256960.pdb
 0.419686 -0.371617 -0.828109     1.355950
 0.871466 -0.090125  0.482104     5.413725
-0.253791 -0.924001  0.286028     1.121483
>structures/CysRS_AF_Bact_Prochlorococcus_marinus_subsp_marinus_str_CCMP1375_gene54200571.pdb
 0.605090  0.735604 -0.304552     1.152162
-0.458947  0.009703 -0.888410     1.688576
-0.650563  0.677342  0.343475    -1.527840
>structures/CysRS_AF_Bact_Streptobacillus_moniliformis_DSM_12112_gene29673427.pdb
 0.194568  0.036828 -0.980197    -1.828697
 0.573184 -0.815197  0.083148     5.165878
-0.795992 -0.578012 -0.179720    -4.799756
>structures/CysRS_AF_Bact_Treponema_pallidum_subsp_pertenue_str_SamoaD_gene57878631.pdb
 0.258059 -0.344483 -0.902628     1.564252
 0.914247 -0.214970  0.343423     5.281525
-0.312342 -0.913848  0.259468    -1.351770
>structures/CysRS_AF_Euk_Arabidopsis_thaliana_gene833874.pdb
 0.907994  0.418529 -0.019516    -2.761956
-0.391260  0.830330 -0.396823     0.156633
-0.149877  0.367948  0.917688     1.982562
>structures/CysRS_AF_Euk_Cyanidioschyzon_merolae_strain_10D_gene16993418.pdb
 0.523509  0.800307 -0.292314    -7.177405
-0.319167 -0.133899 -0.938192    -3.567569
-0.789982  0.584449  0.185335     4.086516
>structures/CysRS_AF_Euk_Drosophila_melanogaster_gene36784.pdb
 0.372811  0.640445 -0.671448    -1.598424
-0.151198 -0.672016 -0.724937     1.297474
-0.915506  0.371786 -0.153701     5.030393
>structures/CysRS_AF_Euk_Micromonas_commoda_gene8246535.pdb
-0.445214 -0.505884  0.738827    -2.527439
-0.610046 -0.432626 -0.663836    -0.321862
 0.655460 -0.746268 -0.116001     2.950330
>structures/CysRS_AF_Mito_Morone_saxatilis_gene118339815.pdb
 0.559141 -0.264984 -0.785586    -1.479880
 0.826265  0.100191  0.554299    -1.524315
-0.068172 -0.959034  0.274968    -3.057681
>structures/CysRS_AF_Mito_Saccharomyces_cerevisiae_S288C_gene855474.pdb
 0.604888 -0.067324 -0.793459    -1.705601
 0.668533 -0.498422  0.551942     1.501134
-0.432637 -0.864317 -0.256481     3.841085
>structures/CysRS_AF_Vir_Megavirus_chiliensis_gene11257271.pdb
-0.225120 -0.149468  0.962798     1.707033
-0.268872 -0.940263 -0.208837     0.565976
 0.936498 -0.305883  0.171484     4.239979
>structures/CysRS_PDB_Bact_E_coli_1LI5.pdb
 0.430199 -0.865424 -0.256847    58.007967
-0.204296  0.183806 -0.961498    53.993326
 0.879313  0.466108 -0.097730  -109.796885
>structures/CysRS_PDB_Bact_M_smegmatis_3C8Z.pdb
-0.731632  0.563063 -0.384285    10.302863
 0.080945  0.631483  0.771153    20.708066
 0.676877  0.533094 -0.507590   -47.040960
