>../../../../class2/gly1//data/domains/Catalytic_domain/structures/GlyRS-A_AF_Arch_Candidatus_Nitrosopumilus_sediminis_gene13697160.pdb
 0.991432  0.119819  0.052015    -3.867403
 0.099868 -0.438646 -0.893093    -1.653375
-0.084193  0.890636 -0.446854    -8.085030
>../../../../class2/gly1//data/domains/Catalytic_domain/structures/GlyRS-A_AF_Arch_Candidatus_Woesearchaeota_archaeon_proteinMBT4248212.1.pdb
-0.020479  0.423794 -0.905527    -4.860420
 0.946631  0.299621  0.118816    -3.179350
 0.321669 -0.854767 -0.407312    -6.805848
>../../../../class2/gly1//data/domains/Catalytic_domain/structures/GlyRS-A_AF_Arch_Sulfolobus_islandicus_YN1551_gene7810979.pdb
-0.270744 -0.548072  0.791401    -2.754581
-0.400197  0.811779  0.425274    -2.030485
-0.875523 -0.201575 -0.439121    -9.780403
>../../../../class2/gly1//data/domains/Catalytic_domain/structures/GlyRS-A_AF_Arch_Thermoplasma_acidophilum_DSM_1728_gene1455843.pdb
 0.991326 -0.129336 -0.023331    -3.896872
-0.061238 -0.297500 -0.952756    -1.741360
 0.116285  0.945921 -0.302840    -8.388553
>../../../../class2/gly1//data/domains/Catalytic_domain/structures/GlyRS-A_AF_Bact_Capnocytophaga_ochracea_DSM_7271_gene29675716.pdb
 0.151857 -0.482649  0.862548    -5.427619
-0.624917  0.629229  0.462114    -2.159060
-0.765779 -0.609197 -0.206063    -8.340318
>../../../../class2/gly1//data/domains/Catalytic_domain/structures/GlyRS-A_AF_Bact_Corynebacterium_ulcerans_809_gene75260805.pdb
 0.042652 -0.697245 -0.715562    -2.735822
 0.027046  0.716757 -0.696798    -5.686812
 0.998724  0.010367  0.049428    -9.897658
>../../../../class2/gly1//data/domains/Catalytic_domain/structures/GlyRS-A_AF_Bact_Treponema_denticola_ATCC_35405_gene2741635.pdb
-0.680875 -0.728840  0.072129    -4.773416
 0.306421 -0.194029  0.931912    -5.618432
-0.665219  0.656617  0.355441    -8.376522
>../../../../class2/gly1//data/domains/Catalytic_domain/structures/GlyRS-A_PDB_Bact_T_thermophilus_1ati.pdb
-0.824498 -0.220048  0.521327     7.922040
-0.264368 -0.664773 -0.698703    50.822573
 0.500313 -0.713902  0.489930   -11.893734
>../../../../class2/phe5//data/domains/Catalytic_domain/structures/PheRS-M_AF_Mito_Arabidopsis_thaliana_gene824983.pdb
-0.438048 -0.753385  0.490433    -1.529306
-0.875832  0.234741 -0.421681    -7.310204
 0.202564 -0.614254 -0.762666     2.004630
>../../../../class2/phe5//data/domains/Catalytic_domain/structures/PheRS-M_AF_Mito_Babesia_bovis_T2Bo_gene5478469.pdb
-0.903685 -0.420478  0.080949    -1.723567
 0.236073 -0.331512  0.913438    -3.642757
-0.357245  0.844570  0.398846    -3.721195
>../../../../class2/phe5//data/domains/Catalytic_domain/structures/PheRS-M_AF_Mito_Candida_albicans_SC5314_gene3638806.pdb
 0.564229 -0.738173 -0.369792     1.980198
-0.684706 -0.168099 -0.709168    -4.093185
 0.461328  0.653332 -0.600278    -1.450084
>../../../../class2/phe5//data/domains/Catalytic_domain/structures/PheRS-M_AF_Mito_Crassostrea_gigas_gene105329377.pdb
 0.253214 -0.457531 -0.852378    -0.420310
 0.878003 -0.261262  0.401064     5.567770
-0.406193 -0.849945  0.335559     1.112825
>../../../../class2/phe5//data/domains/Catalytic_domain/structures/PheRS-M_AF_Mito_Drosophila_melanogaster_gene36547.pdb
 0.975748  0.208075  0.067973    -0.082277
 0.050003  0.090445 -0.994645    -6.220928
-0.213109  0.973922  0.077847    -4.547888
>../../../../class2/phe5//data/domains/Catalytic_domain/structures/PheRS-M_AF_Mito_Syngnathus_acus_gene119139175.pdb
 1.000000  0.000000  0.000000     0.000000
 0.000000  1.000000  0.000000     0.000000
 0.000000  0.000000  1.000000     0.000000
>../../../../class2/phe5//data/domains/Catalytic_domain/structures/PheRS-M_PDB_Mito.H_sapiens_3CMQ.pdb
 0.395182 -0.746381  0.535487     9.262563
 0.404444 -0.382024 -0.830953    20.126510
 0.824776  0.544952  0.150900   -16.583032
