>../../../../class2/his//data/domains/Catalytic_domain/structures/HisRS_AF_Arch_Candidatus_Methanomassiliicoccus_intestinalis_Issoire-Mx1_gene16154026.pdb
-0.347444 -0.265648 -0.899285     8.742443
 0.931562  0.011771 -0.363392    50.942290
 0.107120 -0.963998  0.243378    71.780024
>../../../../class2/his//data/domains/Catalytic_domain/structures/HisRS_AF_Arch_Candidatus_Nitrosopumilus_koreensis_AR1_gene13725657.pdb
 0.455678 -0.125888  0.881198     9.909583
-0.888069 -0.131864  0.440393    47.168673
 0.060759 -0.983242 -0.171885    72.719409
>../../../../class2/his//data/domains/Catalytic_domain/structures/HisRS_AF_Arch_Desulfurococcus_amylolyticus_1221n_gene7171287.pdb
-0.702013 -0.640737 -0.310859     9.580173
-0.529557  0.177795  0.829432    45.636054
-0.476179  0.746890 -0.464122    70.313897
>../../../../class2/his//data/domains/Catalytic_domain/structures/HisRS_AF_Arch_Methanoregula_formicica_SMSP_gene14310605.pdb
-0.434404  0.216644 -0.874276     6.584297
 0.861528 -0.183261 -0.473481    50.284258
-0.262797 -0.958896 -0.107035    70.253463
>../../../../class2/his//data/domains/Catalytic_domain/structures/HisRS_AF_Bact_Chlamydia_muridarum_str_Nigg_gene1246198.pdb
-0.063605  0.416599  0.906862    11.400426
-0.847323 -0.502634  0.171473    48.079681
 0.527255 -0.757499  0.384964    70.844039
>../../../../class2/his//data/domains/Catalytic_domain/structures/HisRS_AF_Bact_Lacticaseibacillus_paracasei_gene61269730.pdb
 0.113280 -0.820593  0.560174    12.467847
-0.871570  0.188608  0.452540    45.011835
-0.477004 -0.539495 -0.693839    67.506675
>../../../../class2/his//data/domains/Catalytic_domain/structures/HisRS_AF_Bact_Paracoccus_denitrificans_PD1222_gene75501415.pdb
-0.800612 -0.410442 -0.436529     9.777880
-0.441829 -0.087710  0.892801    47.274446
-0.404731  0.907658 -0.111124    72.542679
>../../../../class2/his//data/domains/Catalytic_domain/structures/HisRS_AF_Bact_Prochlorococcus_marinus_subsp_marinus_str_CCMP1375_gene54200127.pdb
-0.904066 -0.274296 -0.327758     4.720817
-0.389002  0.210444  0.896879    47.971994
-0.177036  0.938336 -0.296957    66.677387
>../../../../class2/his//data/domains/Catalytic_domain/structures/HisRS_AF_Bact_Streptobacillus_moniliformis_DSM_12112_gene29674169.pdb
 0.117121 -0.752976  0.647542    12.620524
-0.882230  0.220512  0.415986    43.294150
-0.456018 -0.620002 -0.638471    68.949467
>../../../../class2/his//data/domains/Catalytic_domain/structures/HisRS_AF_Bact_Streptomyces_albidoflavus_gene15149169.pdb
 0.215206 -0.738287  0.639233     9.532627
-0.965752 -0.063742  0.251514    48.446039
-0.144943 -0.671468 -0.726720    70.314589
>../../../../class2/his//data/domains/Catalytic_domain/structures/HisRS_AF_Bact_Thermus_thermophilus_HB8_gene3168691.pdb
 0.009846 -0.881215  0.472613    12.652618
-0.775074  0.291897  0.560407    46.208763
-0.631793 -0.371828 -0.680133    67.620441
>../../../../class2/his//data/domains/Catalytic_domain/structures/HisRS_AF_Bact_Treponema_denticola_ATCC_35405_gene2741405.pdb
-0.121801  0.928457  0.350903     9.471689
-0.497535 -0.363023  0.787828    49.370439
 0.858850 -0.078628  0.506156    69.558249
>../../../../class2/his//data/domains/Catalytic_domain/structures/HisRS_AF_Euk_Arabidopsis_thaliana_gene823753.pdb
 0.314872 -0.763313  0.564100     9.763495
-0.927859 -0.122420  0.352265    47.527411
-0.199831 -0.634323 -0.746794    70.856577
>../../../../class2/his//data/domains/Catalytic_domain/structures/HisRS_AF_Euk_Cryptococcus_gattii_WM276_gene10186972.pdb
 0.970216 -0.062429  0.234059     9.696413
 0.236441  0.454211 -0.858946    46.237180
-0.052689  0.888704  0.455443    70.343847
>../../../../class2/his//data/domains/Catalytic_domain/structures/HisRS_AF_Euk_Plasmodium_falciparum_3D7_gene812010.pdb
 0.791264 -0.295480  0.535343     6.675300
-0.463674  0.280814  0.840327    55.988015
-0.398632 -0.913146  0.085192    82.976121
>../../../../class2/his//data/domains/Catalytic_domain/structures/HisRS_AF_Euk_Platysiphonia_delicata_gene33353157.pdb
 0.108977 -0.800763  0.588985    12.943505
-0.885493  0.191037  0.423566    42.646781
-0.451693 -0.567701 -0.688251    67.123812
>../../../../class2/his//data/domains/Catalytic_domain/structures/HisRS_PDB_Arch_T_acidophilum_1WU7.pdb
 1.000000  0.000000  0.000000     0.000000
 0.000000  1.000000  0.000000     0.000000
 0.000000  0.000000  1.000000     0.000000
>../../../../class2/his//data/domains/Catalytic_domain/structures/HisRS_PDB_Bact_B_thailandensis_4e51.pdb
-0.490035 -0.610025 -0.622685    40.943332
 0.268725  0.573824 -0.773636    81.169426
 0.829248 -0.546440 -0.117264    71.791242
>../../../../class2/his//data/domains/Catalytic_domain/structures/HisRS_PDB_Bact_E_coli_1HTT.pdb
 0.104530  0.209588  0.972186   -15.668937
 0.097212 -0.975014  0.199745    59.911296
 0.989759  0.073628 -0.122293    86.330260
>../../../../class2/pro1//data/domains/Catalytic_domain/structures/ProRS-A_AF_Arch_Candidatus_Nitrosopumilus_sediminis_gene13697692.pdb
 0.966715  0.250440 -0.052369    16.661171
-0.041094 -0.050041 -0.997901    47.602182
-0.252535  0.966838 -0.038083    73.849285
>../../../../class2/pro1//data/domains/Catalytic_domain/structures/ProRS-A_AF_Arch_Halogeometricum_borinquense_DSM_11551_gene9994169.pdb
-0.300505 -0.728609  0.615488    16.774107
-0.685971  0.613461  0.391292    48.298806
-0.662677 -0.304621 -0.684153    73.400131
>../../../../class2/pro1//data/domains/Catalytic_domain/structures/ProRS-A_AF_Arch_Picrophilus_torridus_DSM_9790_gene2845069.pdb
-0.145924 -0.587189  0.796188    14.761899
-0.920183  0.376090  0.108717    48.310320
-0.363276 -0.716775 -0.595202    72.489489
>../../../../class2/pro1//data/domains/Catalytic_domain/structures/ProRS-A_AF_Arch_Sulfurisphaera_tokodaii_str_7_gene1459472.pdb
 0.678975  0.698637 -0.225610    16.110407
 0.336042 -0.568965 -0.750570    47.697030
-0.652740  0.433804 -0.621084    73.407812
>../../../../class2/pro1//data/domains/Catalytic_domain/structures/ProRS-A_AF_Bact_Bacillus_anthracis_str_Ames_Ancestor_gene45020455.pdb
-0.952570  0.169161  0.252972    15.986601
 0.043093 -0.747915  0.662394    48.104765
 0.301253  0.641878  0.705152    73.138999
>../../../../class2/pro1//data/domains/Catalytic_domain/structures/ProRS-A_AF_Bact_Mycoplasma_hyopneumoniae_168-L_gene57101275.pdb
-0.604052 -0.753312  0.260079    16.878680
-0.267275  0.498938  0.824394    46.537182
-0.750790  0.428464 -0.502726    74.724019
>../../../../class2/pro1//data/domains/Catalytic_domain/structures/ProRS-A_AF_Bact_Porphyromonas_gingivalis_ATCC_33277_gene29256199.pdb
-0.237058 -0.760282  0.604793    15.374049
-0.752014  0.537729  0.381213    47.366308
-0.615044 -0.364443 -0.699215    74.084759
>../../../../class2/pro1//data/domains/Catalytic_domain/structures/ProRS-A_AF_Bact_Thermus_thermophilus_HB8_gene3169620.pdb
-0.441509 -0.807027  0.392145    16.167507
-0.485882  0.582464  0.651655    46.572213
-0.754313  0.097176 -0.649283    73.571595
>../../../../class2/pro1//data/domains/Catalytic_domain/structures/ProRS-A_AF_Euk_Cryptococcus_gattii_WM276_gene10188341.pdb
-0.335149 -0.720724  0.606821    19.154455
-0.398882  0.692043  0.601639    46.265210
-0.853562 -0.040411 -0.519421    73.482566
>../../../../class2/pro1//data/domains/Catalytic_domain/structures/ProRS-A_AF_Euk_Ostreococcus_tauri_gene9837972.pdb
-0.683591 -0.645154  0.341291    17.082786
-0.191351  0.609669  0.769213    46.511263
-0.704335  0.460521 -0.540215    67.010451
>../../../../class2/pro1//data/domains/Catalytic_domain/structures/ProRS-A_AF_Euk_Plasmodium_yoelii_gene3807174.pdb
-0.871388  0.467867  0.147593    16.372396
-0.141625 -0.527934  0.837393    51.185860
 0.469708  0.708792  0.526297    75.487282
>../../../../class2/pro1//data/domains/Catalytic_domain/structures/ProRS-A_AF_Euk_Scheffersomyces_stipitis_CBS_6054_gene4840393.pdb
-0.161790 -0.522602  0.837085    18.696056
-0.766474  0.600836  0.226967    43.461175
-0.621564 -0.604882 -0.497770    74.330547
>../../../../class2/pro1//data/domains/Catalytic_domain/structures/ProRS-A_AF_Mito_Oryza_sativa_Japonica_Group_gene4342480.pdb
-0.514288 -0.699001  0.496896    17.963649
-0.371052  0.703711  0.605897    45.183625
-0.773194  0.127231 -0.621276    67.785645
>../../../../class2/pro1//data/domains/Catalytic_domain/structures/ProRS-A_PDB_Arch_M_janacshii_1nj8.pdb
-0.998016  0.005625 -0.062702   114.754005
 0.054193 -0.430084 -0.901161   100.082390
-0.032037 -0.902771  0.428927   100.662137
