>structures/ArgRS_AF_Arch_Candidatus_Korarchaeum_cryptofilum_OPF8_gene6093502.pdb
 0.842151 -0.521260 -0.138096     3.729624
 0.537695  0.792345  0.288224    -0.569580
-0.040820 -0.316981  0.947553    -2.572272
>structures/ArgRS_AF_Arch_Candidatus_Nitrosopumilus_sediminis_gene13697696.pdb
 0.489426 -0.588084 -0.643909     2.772479
 0.872042  0.331927  0.359677     0.423730
 0.002211 -0.737551  0.675288    -0.575215
>structures/ArgRS_AF_Arch_Desulfurococcus_mucosus_DSM_2162_gene10153309.pdb
 0.811686 -0.579316 -0.074557     2.372936
 0.528184  0.673490  0.517139     3.957768
-0.249374 -0.459135  0.852648    -7.362761
>structures/ArgRS_AF_Arch_Methanothermococcus_okinawensis_IH1_gene10773248.pdb
 0.917576 -0.272602  0.289383     2.461736
 0.294226  0.955160 -0.033161     1.319906
-0.267367  0.115572  0.956639     0.459451
>structures/ArgRS_AF_Bact_Anoxybacillus_flavithermus_WK1_gene7039015.pdb
-0.053529 -0.582908 -0.810773     4.085371
 0.858625 -0.441390  0.260651    -0.043233
-0.509802 -0.682197  0.524126     2.040037
>structures/ArgRS_AF_Bact_Brachyspira_pilosicoli_95_1000_gene56439668.pdb
 0.987535  0.146663  0.057143    -0.648195
-0.142830  0.987528 -0.066235    -0.526210
-0.066145  0.057248  0.996166     0.646282
>structures/ArgRS_AF_Bact_Chlamydia_psittaci_6BC_gene12242456.pdb
 0.935915 -0.304013 -0.177877     2.134512
 0.343403  0.899895  0.268817    -1.017699
 0.078347 -0.312673  0.946624    -0.804731
>structures/ArgRS_AF_Bact_Corynebacterium_ulcerans_809_gene75260071.pdb
 1.000000  0.000000  0.000000     0.000000
 0.000000  1.000000  0.000000     0.000000
 0.000000  0.000000  1.000000     0.000000
>structures/ArgRS_AF_Bact_Cupriavidus_taiwanensis_LMG_19424_gene29762022.pdb
 0.942130 -0.330749 -0.054729     1.144939
 0.335239  0.928361  0.160504     1.489355
-0.002279 -0.169563  0.985517    -0.124894
>structures/ArgRS_AF_Bact_Mycoplasma_hyopneumoniae_168-L_gene57100855.pdb
 0.883976 -0.439240 -0.160168     3.096297
 0.464869  0.862266  0.200983     1.630133
 0.049828 -0.252121  0.966412    -2.283089
>structures/ArgRS_AF_Bact_Prochlorococcus_marinus_subsp_marinus_str_CCMP1375_gene54199571.pdb
-0.064389 -0.117190 -0.991020    -0.088777
 0.666000 -0.744606  0.044779     4.298202
-0.743167 -0.657136  0.125993    -1.471477
>structures/ArgRS_AF_Bact_Streptobacillus_moniliformis_DSM_12112_gene29674021.pdb
 0.138236 -0.450225  0.882150     0.864331
-0.465625 -0.815670 -0.343331     0.332423
 0.874119 -0.363290 -0.322391     0.356257
>structures/ArgRS_AF_Euk_Micromonas_commoda_gene8250062.pdb
-0.766403 -0.565160  0.305320     4.076122
-0.633047  0.745161 -0.209728    -1.923027
-0.108982 -0.354018 -0.928867     0.596725
>structures/ArgRS_AF_Euk_Paulinella_chromatophora_gene6481434.pdb
-0.041677  0.161897 -0.985927    -0.677301
 0.459782 -0.872984 -0.162786     2.900908
-0.887054 -0.460096 -0.038054    -3.940467
>structures/ArgRS_AF_Euk_Polyodon_spathula_gene121324634.pdb
 0.939899  0.276498  0.200348     6.942860
-0.074799  0.739227 -0.669290    -5.833241
-0.333160  0.614079  0.715480    -0.191966
>structures/ArgRS_AF_Euk_Thalassiosira_pseudonana_CCMP1335_gene7449555.pdb
 0.158234 -0.131461  0.978611     6.205739
-0.372401 -0.925851 -0.064159     0.633193
 0.914483 -0.354284 -0.195458     4.391139
>structures/ArgRS_AF_Mito_Caenorhabditis_elegans_gene174023.pdb
 0.053900  0.403241 -0.913505     4.488104
-0.016025 -0.914368 -0.404567     4.776496
-0.998418  0.036445 -0.042823    -3.436500
>structures/ArgRS_AF_Mito_Saccharomyces_cerevisiae_S288C_gene851942.pdb
-0.849422  0.501710  0.163615     0.737372
 0.282342  0.170134  0.944107    -1.444964
 0.445832  0.848140 -0.286169     1.138726
>structures/ArgRS_AF_Vir_Megavirus_chiliensis_gene11257368.pdb
-0.156848  0.532727  0.831625     1.345980
 0.153538 -0.818657  0.553378     2.339169
 0.975615  0.214483  0.046611     4.692945
>structures/ArgRS_PDB_Arch_2ZUF.pdb
 0.190946  0.379637  0.905216   -27.804879
 0.450135  0.785639 -0.424440     5.236627
-0.872306  0.488515 -0.020873    19.452887
>structures/ArgRS_PDB_Bact_1IQ0.pdb
-0.888355  0.164129  0.428822    -0.801337
-0.267901 -0.943760 -0.193770    68.533129
 0.372901 -0.287018  0.882363    15.708928
>structures/ArgRS_PDB_Euk_S_cerevisiae_1BS2.pdb
-0.744092  0.351283 -0.568267    -5.323127
 0.124770 -0.762564 -0.634766    40.323215
-0.656322 -0.543227  0.523588    78.347875
