>structures/ArgRS_AF_Arch_Candidatus_Korarchaeum_cryptofilum_OPF8_gene6093502.pdb
 1.000000  0.000000  0.000000     0.000000
 0.000000  1.000000  0.000000     0.000000
 0.000000  0.000000  1.000000     0.000000
>structures/ArgRS_AF_Arch_Candidatus_Nitrosopumilus_sediminis_gene13697696.pdb
 0.894418 -0.257171 -0.365895    -0.478267
 0.409372  0.800211  0.438266     0.907343
 0.180084 -0.541780  0.821002     2.218469
>structures/ArgRS_AF_Arch_Desulfurococcus_mucosus_DSM_2162_gene10153309.pdb
 0.981763 -0.090450  0.167215     1.844309
 0.059796  0.981843  0.180025     5.806542
-0.180463 -0.166743  0.969345    -2.890547
>structures/ArgRS_AF_Arch_Methanothermococcus_okinawensis_IH1_gene10773248.pdb
 0.942542  0.282429  0.178460    -0.187661
-0.167506  0.861683 -0.479003     1.247880
-0.289061  0.421587  0.859481     3.494541
>structures/ArgRS_AF_Bact_Anoxybacillus_flavithermus_WK1_gene7039015.pdb
 0.464492 -0.689937 -0.555189     0.447428
 0.857418  0.193533  0.476844    -1.174439
-0.221545 -0.697519  0.681459     4.442301
>structures/ArgRS_AF_Bact_Brachyspira_pilosicoli_95_1000_gene56439668.pdb
 0.753810  0.655985 -0.038134    -3.784669
-0.614937  0.683809 -0.392756     1.353836
-0.231566  0.319513  0.918852     3.467759
>structures/ArgRS_AF_Bact_Chlamydia_psittaci_6BC_gene12242456.pdb
 0.976895  0.213039 -0.017024    -1.747734
-0.213370  0.976751 -0.020770    -0.571307
 0.012203  0.023923  0.999639     2.287694
>structures/ArgRS_AF_Bact_Corynebacterium_ulcerans_809_gene75260071.pdb
 0.843104  0.536453 -0.037323    -2.912390
-0.519825  0.795264 -0.311990     1.566097
-0.137686  0.282442  0.949352     3.156191
>structures/ArgRS_AF_Bact_Cupriavidus_taiwanensis_LMG_19424_gene29762022.pdb
 0.971356  0.237438 -0.009508    -1.158070
-0.236046  0.959506 -0.153719     2.237326
-0.027376  0.151560  0.988069     3.093237
>structures/ArgRS_AF_Bact_Escherichia_coli_O157:H7_str._Sakai_gene912519.pdb
 0.004021  0.175123  0.984538    -0.232515
 0.153858 -0.972931  0.172430     2.183412
 0.988085  0.150786 -0.030857     7.153878
>structures/ArgRS_AF_Bact_Mycoplasma_hyopneumoniae_168-L_gene57100855.pdb
 0.990451  0.112039 -0.080336     0.612631
-0.116915  0.991400 -0.058790     1.856088
 0.073058  0.067621  0.995033     0.769033
>structures/ArgRS_AF_Bact_Prochlorococcus_marinus_subsp_marinus_str_CCMP1375_gene54199571.pdb
 0.279845 -0.491758 -0.824537    -0.826709
 0.803513 -0.350056  0.481485     5.033638
-0.525408 -0.797267  0.297172     3.364014
>structures/ArgRS_AF_Bact_Streptobacillus_moniliformis_DSM_12112_gene29674021.pdb
-0.178859 -0.805268  0.565290    -2.256319
-0.723352 -0.281831 -0.630343     1.116832
 0.666911 -0.521647 -0.532085     3.579093
>structures/ArgRS_AF_Euk_Homo_sapiens_gene5917.pdb
-0.027184 -0.035003 -0.999017    -3.845737
 0.494049 -0.869268  0.017013     2.843951
-0.869009 -0.493101  0.040923     0.524737
>structures/ArgRS_AF_Euk_Micromonas_commoda_gene8250062.pdb
-0.983581 -0.081830  0.160846    -0.668755
-0.087637  0.995721 -0.029328    -2.452141
-0.157758 -0.042943 -0.986544     2.832338
>structures/ArgRS_AF_Euk_Paulinella_chromatophora_gene6481434.pdb
 0.207653 -0.326360 -0.922155    -1.868191
 0.666711 -0.642609  0.377557     5.164927
-0.715805 -0.693212  0.084148     0.763170
>structures/ArgRS_AF_Euk_Polyodon_spathula_gene121324634.pdb
 0.760560  0.622327 -0.185089    -0.112304
-0.427500  0.265442 -0.864167    -6.798433
-0.488664  0.736376  0.467930     0.774397
>structures/ArgRS_AF_Euk_Thalassiosira_pseudonana_CCMP1335_gene7449555.pdb
-0.048803 -0.596044  0.801467     2.799605
-0.665113 -0.579243 -0.471278    -2.906583
 0.745147 -0.556066 -0.368167     7.070476
>structures/ArgRS_AF_Mito_Caenorhabditis_elegans_gene174023.pdb
 0.075302 -0.146434 -0.986350     3.376848
 0.311121 -0.936330  0.162760     3.495237
-0.947382 -0.319130 -0.024949     1.198125
>structures/ArgRS_AF_Mito_Homo_sapiens_gene57038.pdb
-0.031883  0.153376  0.987653     1.211909
 0.214240 -0.964140  0.156640     3.869865
 0.976261  0.216589 -0.002119     6.974031
>structures/ArgRS_AF_Mito_Saccharomyces_cerevisiae_S288C_gene851942.pdb
-0.563218  0.509418  0.650599    -2.901967
 0.512218 -0.402592  0.758652    -0.623425
 0.648397  0.760534 -0.034186     4.257591
>structures/ArgRS_AF_Vir_Megavirus_chiliensis_gene11257368.pdb
-0.089322  0.010067  0.995952    -1.033985
-0.112042 -0.993704 -0.000005     1.123035
 0.989681 -0.111588  0.089888     8.208499
>structures/ArgRS_PDB_Arch_2ZUF.pdb
 0.470532  0.718358  0.512408   -24.566863
 0.509361  0.253059 -0.822504    15.414487
-0.720521  0.648015 -0.246831    26.079001
>structures/ArgRS_PDB_Bact_1IQ0.pdb
-0.904449 -0.374034  0.205113    33.687341
 0.164334 -0.749221 -0.641609    51.716613
 0.393658 -0.546595  0.739099    36.419771
>structures/ArgRS_PDB_Euk_S_cerevisiae_1BS2.pdb
-0.555564 -0.106458 -0.824630    13.506558
 0.693593 -0.606299 -0.389011    10.131324
-0.458559 -0.788078  0.410677    89.905111
