>structures/ArgRS_AF_Arch_Candidatus_Korarchaeum_cryptofilum_OPF8_gene6093502.pdb
 0.753810 -0.614937 -0.231566     4.488460
 0.655985  0.683809  0.319513     0.448925
-0.038134 -0.392756  0.918852    -2.798952
>structures/ArgRS_AF_Arch_Candidatus_Nitrosopumilus_sediminis_gene13697696.pdb
 0.363222 -0.572283 -0.735229     3.191226
 0.931465  0.205228  0.300423     1.349008
-0.021037 -0.793961  0.607605    -1.108635
>structures/ArgRS_AF_Arch_Desulfurococcus_mucosus_DSM_2162_gene10153309.pdb
 0.740930 -0.640074 -0.203290     2.714818
 0.627621  0.552227  0.548759     4.311684
-0.238984 -0.534182  0.810886    -8.110191
>structures/ArgRS_AF_Arch_Methanothermococcus_okinawensis_IH1_gene10773248.pdb
 0.884637 -0.401783  0.236617     2.740079
 0.402955  0.914082  0.045619     2.272286
-0.234616  0.054989  0.970532    -0.004096
>structures/ArgRS_AF_Bact_Anoxybacillus_flavithermus_WK1_gene7039015.pdb
-0.136066 -0.472301 -0.870872     4.488141
 0.811298 -0.557620  0.175656     1.362008
-0.568578 -0.682636  0.459050     1.675861
>structures/ArgRS_AF_Bact_Brachyspira_pilosicoli_95_1000_gene56439668.pdb
 1.000000  0.000000  0.000000     0.000000
 0.000000  1.000000  0.000000     0.000000
 0.000000  0.000000  1.000000     0.000000
>structures/ArgRS_AF_Bact_Chlamydia_psittaci_6BC_gene12242456.pdb
 0.871706 -0.406412 -0.273784     2.839775
 0.475677  0.836015  0.273514    -0.379264
 0.117728 -0.368657  0.922080    -1.329928
>structures/ArgRS_AF_Bact_Corynebacterium_ulcerans_809_gene75260071.pdb
 0.987535 -0.142830 -0.066145     0.607705
 0.146663  0.987528  0.057248     0.577716
 0.057143 -0.066235  0.996166    -0.641618
>structures/ArgRS_AF_Bact_Cupriavidus_taiwanensis_LMG_19424_gene29762022.pdb
 0.884111 -0.445211 -0.141900     1.507763
 0.466220  0.860873  0.203806     2.216648
 0.031422 -0.246344  0.968673    -0.762869
>structures/ArgRS_AF_Bact_Mycoplasma_hyopneumoniae_168-L_gene57100855.pdb
 0.803141 -0.540430 -0.250800     3.539392
 0.591128  0.775370  0.222192     2.388287
 0.074383 -0.326707  0.942194    -2.834172
>structures/ArgRS_AF_Bact_Prochlorococcus_marinus_subsp_marinus_str_CCMP1375_gene54199571.pdb
-0.128960  0.029683 -0.991205     0.122400
 0.603561 -0.790739 -0.102206     4.563216
-0.786819 -0.611433  0.084058    -2.275754
>structures/ArgRS_AF_Bact_Streptobacillus_moniliformis_DSM_12112_gene29674021.pdb
 0.144099 -0.306752  0.940818     1.403429
-0.399012 -0.888037 -0.228429     1.003514
 0.905552 -0.342481 -0.250363    -0.194491
>structures/ArgRS_AF_Euk_Homo_sapiens_gene5917.pdb
-0.084849  0.616163 -0.783035    -0.241054
 0.083492 -0.778708 -0.621806     0.021811
-0.992890 -0.118137  0.014628    -4.204750
>structures/ArgRS_AF_Euk_Micromonas_commoda_gene8250062.pdb
-0.655030 -0.653397  0.379484     4.946318
-0.748843  0.628387 -0.210626    -0.816758
-0.100841 -0.422140 -0.900904     0.365489
>structures/ArgRS_AF_Euk_Paulinella_chromatophora_gene6481434.pdb
-0.060663  0.316597 -0.946618    -0.118675
 0.404615 -0.859154 -0.313274     3.000517
-0.912473 -0.402021 -0.075981    -4.717771
>structures/ArgRS_AF_Euk_Polyodon_spathula_gene121324634.pdb
 0.958136  0.123549  0.258286     8.444211
 0.054909  0.806071 -0.589266    -4.295873
-0.280999  0.578779  0.765542    -0.033200
>structures/ArgRS_AF_Euk_Thalassiosira_pseudonana_CCMP1335_gene7449555.pdb
 0.162891  0.025002  0.986327     6.544528
-0.293813 -0.953096  0.072683     2.242465
 0.941881 -0.301635 -0.147905     4.117082
>structures/ArgRS_AF_Mito_Caenorhabditis_elegans_gene174023.pdb
 0.110693  0.517519 -0.848482     4.502216
-0.047556 -0.849992 -0.524644     5.485221
-0.992716  0.098424 -0.069477    -3.965220
>structures/ArgRS_AF_Mito_Homo_sapiens_gene57038.pdb
-0.420178  0.626868  0.656115     1.117221
 0.423008 -0.504368  0.752780     5.928207
 0.802817  0.593843 -0.053245     1.041723
>structures/ArgRS_AF_Mito_Saccharomyces_cerevisiae_S288C_gene851942.pdb
-0.904709  0.422980  0.050890     1.333483
 0.182439  0.276706  0.943478    -0.667778
 0.384991  0.862857 -0.327506     0.759222
>structures/ArgRS_AF_Vir_Megavirus_chiliensis_gene11257368.pdb
-0.240527  0.629972  0.738432     1.255578
 0.190374 -0.715373  0.672309     3.394914
 0.951790  0.302287  0.052136     4.034790
>structures/ArgRS_PDB_Arch_2ZUF.pdb
 0.176850  0.228866  0.957259   -28.739084
 0.422792  0.860619 -0.283870     2.532331
-0.888803  0.454924  0.055438    16.941137
>structures/ArgRS_PDB_Bact_1IQ0.pdb
-0.861853  0.311725  0.400045   -10.706433
-0.371972 -0.924720 -0.080808    69.131709
 0.344740 -0.218450  0.912926    10.914198
>structures/ArgRS_PDB_Euk_S_cerevisiae_1BS2.pdb
-0.704169  0.495016 -0.509024   -16.251103
-0.017350 -0.728684 -0.684630    43.405294
-0.709820 -0.473264  0.521705    74.588259
