>structures/ArgRS_AF_Arch_Candidatus_Korarchaeum_cryptofilum_OPF8_gene6093502.pdb
 0.760560 -0.427500 -0.488664    -2.442498
 0.622327  0.265442  0.736376     1.304233
-0.185089 -0.864167  0.467930    -6.258128
>structures/ArgRS_AF_Arch_Candidatus_Nitrosopumilus_sediminis_gene13697696.pdb
 0.414942 -0.278844 -0.866065    -4.261839
 0.796558 -0.348657  0.493896     3.030049
-0.439680 -0.894809  0.077443    -5.648276
>structures/ArgRS_AF_Arch_Desulfurococcus_mucosus_DSM_2162_gene10153309.pdb
 0.806530 -0.437266 -0.397880    -2.327169
 0.476565  0.082604  0.875250     1.876026
-0.349851 -0.895530  0.275008   -12.425769
>structures/ArgRS_AF_Arch_Methanothermococcus_okinawensis_IH1_gene10773248.pdb
 0.925613 -0.369851 -0.080313    -4.909171
 0.337205  0.709552  0.618732     4.035575
-0.171853 -0.599789  0.781486    -5.514456
>structures/ArgRS_AF_Bact_Anoxybacillus_flavithermus_WK1_gene7039015.pdb
 0.089063 -0.283852 -0.954723    -3.849396
 0.333407 -0.894740  0.297120     4.859645
-0.938567 -0.344774  0.014950    -3.140560
>structures/ArgRS_AF_Bact_Brachyspira_pilosicoli_95_1000_gene56439668.pdb
 0.958136  0.054909 -0.280999    -7.864150
 0.123549  0.806071  0.578779     2.438725
 0.258286 -0.589266  0.765542    -4.687013
>structures/ArgRS_AF_Bact_Chlamydia_psittaci_6BC_gene12242456.pdb
 0.834802 -0.260836 -0.484840    -4.663059
 0.550418  0.414714  0.724605     2.033269
 0.012067 -0.871767  0.489773    -4.380618
>structures/ArgRS_AF_Bact_Corynebacterium_ulcerans_809_gene75260071.pdb
 0.939899 -0.074799 -0.333160    -7.025863
 0.276498  0.739227  0.614079     2.510281
 0.200348 -0.669290  0.715480    -5.157771
>structures/ArgRS_AF_Bact_Cupriavidus_taiwanensis_LMG_19424_gene29762022.pdb
 0.864458 -0.312098 -0.394090    -5.962961
 0.502216  0.501616  0.704387     3.850425
-0.022156 -0.806831  0.590367    -6.184690
>structures/ArgRS_AF_Bact_Escherichia_coli_O157:H7_str._Sakai_gene912519.pdb
-0.533058  0.473264  0.701335    -6.914027
 0.778555 -0.050120  0.625571     7.303903
 0.331211  0.879494 -0.341745    -4.666209
>structures/ArgRS_AF_Bact_Mycoplasma_hyopneumoniae_168-L_gene57100855.pdb
 0.773913 -0.398117 -0.492506    -3.387579
 0.624834  0.353341  0.696228     2.958267
-0.103158 -0.846554  0.522212    -7.024403
>structures/ArgRS_AF_Bact_Prochlorococcus_marinus_subsp_marinus_str_CCMP1375_gene54199571.pdb
 0.127827  0.152549 -0.979994    -6.779251
 0.011646 -0.988263 -0.152317     4.830260
-0.991728  0.008057 -0.128103    -8.919686
>structures/ArgRS_AF_Bact_Streptobacillus_moniliformis_DSM_12112_gene29674021.pdb
-0.151416 -0.243210  0.958083    -6.402538
 0.183837 -0.959276 -0.214459     2.973038
 0.971225  0.143658  0.189960    -5.136361
>structures/ArgRS_AF_Euk_Homo_sapiens_gene5917.pdb
 0.193081  0.586621 -0.786509    -6.884758
-0.523773 -0.616203 -0.588180    -0.002639
-0.829688  0.525518  0.188279    -7.753474
>structures/ArgRS_AF_Euk_Micromonas_commoda_gene8250062.pdb
-0.639501 -0.468194  0.609781    -3.274901
-0.745348  0.183204 -0.641010     2.528527
 0.188403 -0.864425 -0.466127    -2.524102
>structures/ArgRS_AF_Euk_Paulinella_chromatophora_gene6481434.pdb
 0.214046  0.355186 -0.909960    -6.367977
-0.219462 -0.890249 -0.399115     2.287969
-0.951851  0.285131 -0.112605    -9.882754
>structures/ArgRS_AF_Euk_Polyodon_spathula_gene121324634.pdb
 1.000000  0.000000  0.000000     0.000000
 0.000000  1.000000  0.000000     0.000000
 0.000000  0.000000  1.000000     0.000000
>structures/ArgRS_AF_Euk_Thalassiosira_pseudonana_CCMP1335_gene7449555.pdb
-0.121046  0.063950  0.990585    -2.578269
 0.337876 -0.935681  0.101693     7.504555
 0.933374  0.347004  0.091654    -1.067654
>structures/ArgRS_AF_Mito_Caenorhabditis_elegans_gene174023.pdb
 0.383356  0.429239 -0.817797    -1.852161
-0.567248 -0.589347 -0.575239     5.426368
-0.728881  0.684415  0.017556    -9.299219
>structures/ArgRS_AF_Mito_Homo_sapiens_gene57038.pdb
-0.585971  0.421972  0.691793    -6.405111
 0.759167 -0.012678  0.650773     8.476026
 0.283378  0.906520 -0.312918    -6.475579
>structures/ArgRS_AF_Vir_Megavirus_chiliensis_gene11257368.pdb
-0.494144  0.488202  0.719361    -7.652708
 0.645307 -0.348510  0.679794     7.207469
 0.582581  0.800125 -0.142826    -2.996825
>structures/ArgRS_PDB_Arch_2ZUF.pdb
 0.488913  0.114568  0.864777   -40.398248
-0.106084  0.991789 -0.071418     9.148512
-0.865858 -0.056822  0.497052    -2.615164
>structures/ArgRS_PDB_Bact_1IQ0.pdb
-0.948645  0.305411  0.082443   -16.994223
-0.224055 -0.832653  0.506447    62.971362
 0.223321  0.461967  0.858321   -40.146081
>structures/ArgRS_PDB_Euk_S_cerevisiae_1BS2.pdb
-0.510689  0.546097 -0.664059   -38.466821
-0.480989 -0.821665 -0.305805    79.537686
-0.712633  0.163234  0.682282    25.789150
