>../../../../class2/gly1//data/domains/Catalytic_domain/structures/GlyRS-A_AF_Arch_Candidatus_Nitrosopumilus_sediminis_gene13697160.pdb
-0.633537 -0.699619  0.330399    25.731639
 0.724302 -0.386128  0.571219    -2.710598
-0.272060  0.601198  0.751362   -27.127082
>../../../../class2/gly1//data/domains/Catalytic_domain/structures/GlyRS-A_AF_Arch_Candidatus_Woesearchaeota_archaeon_proteinMBT4248212.1.pdb
-0.268686  0.305418  0.913525    25.664106
-0.470627  0.785864 -0.401158    -3.802120
-0.840427 -0.537715 -0.067412   -25.304260
>../../../../class2/gly1//data/domains/Catalytic_domain/structures/GlyRS-A_AF_Arch_Sulfolobus_islandicus_YN1551_gene7810979.pdb
 0.831682  0.484171 -0.271815    26.220830
 0.505445 -0.457515  0.731577    -0.548582
 0.229849 -0.745827 -0.625229   -27.282593
>../../../../class2/gly1//data/domains/Catalytic_domain/structures/GlyRS-A_AF_Arch_Thermoplasma_acidophilum_DSM_1728_gene1455843.pdb
-0.765626 -0.567562  0.302805    26.018151
 0.641077 -0.634199  0.432218    -2.554150
-0.053271  0.525038  0.849410   -27.269710
>../../../../class2/gly1//data/domains/Catalytic_domain/structures/GlyRS-A_AF_Bact_Capnocytophaga_ochracea_DSM_7271_gene29675716.pdb
 0.481249  0.738457 -0.472314    27.031025
 0.769078 -0.097154  0.631728    -3.442240
 0.420617 -0.667265 -0.614686   -26.518352
>../../../../class2/gly1//data/domains/Catalytic_domain/structures/GlyRS-A_AF_Bact_Corynebacterium_ulcerans_809_gene75260805.pdb
-0.747340  0.426070  0.509851    26.485872
-0.638133 -0.674041 -0.372096     0.226265
 0.185121 -0.603434  0.775627   -23.889235
>../../../../class2/gly1//data/domains/Catalytic_domain/structures/GlyRS-A_AF_Bact_Treponema_denticola_ATCC_35405_gene2741635.pdb
 0.932455  0.035221 -0.359565    26.772538
-0.123835 -0.903789 -0.409670    -2.205361
-0.339400  0.426526 -0.838381   -23.295763
>../../../../class2/gly1//data/domains/Catalytic_domain/structures/GlyRS-A_PDB_Bact_T_thermophilus_1ati.pdb
 0.223681  0.716554 -0.660695    16.478646
-0.851360  0.473656  0.225469    -4.867007
 0.474503  0.512056  0.715993   -80.209475
>../../../../class2/phe2//data/domains/Catalytic_domain/structures/PheRS-Bβ_AF_Bact_Brachyspira_pilosicoli_95_1000_gene56440382.pdb
 0.962182 -0.261895  0.074947     4.998746
 0.251462  0.959718  0.125330    -0.503377
-0.104752 -0.101744  0.989280    -0.323002
>../../../../class2/phe2//data/domains/Catalytic_domain/structures/PheRS-Bβ_AF_Bact_Chlamydia_psittaci_6BC_gene12242429.pdb
-0.069284  0.766178 -0.638883     5.051868
-0.639740 -0.525523 -0.560855     4.721522
-0.765462  0.369861  0.526565     0.184970
>../../../../class2/phe2//data/domains/Catalytic_domain/structures/PheRS-Bβ_AF_Bact_Ferrimonas_balearica_DSM_9799_gene67181907.pdb
-0.035831 -0.576421 -0.816367     6.073448
 0.548802 -0.694043  0.465963     2.308439
-0.835184 -0.431328  0.341209     2.778410
>../../../../class2/phe2//data/domains/Catalytic_domain/structures/PheRS-Bβ_AF_Bact_Lacticaseibacillus_paracasei_gene61269867.pdb
 1.000000  0.000000  0.000000     0.000000
 0.000000  1.000000  0.000000     0.000000
 0.000000  0.000000  1.000000     0.000000
>../../../../class2/phe2//data/domains/Catalytic_domain/structures/PheRS-Bβ_AF_Bact_Mycobacterium_intracellulare_ATCC_13950_gene11909688.pdb
-0.303173  0.040346 -0.952081     4.491055
-0.068584 -0.997436 -0.020429     2.502380
-0.950464  0.059104  0.305163     1.958725
>../../../../class2/phe2//data/domains/Catalytic_domain/structures/PheRS-Bβ_AF_Bact_Mycoplasma_hyopneumoniae_168-L_gene57101148.pdb
 0.783493  0.621224 -0.014789     3.410910
-0.592806  0.740092 -0.317560    -3.562769
-0.186331  0.257573  0.948123     8.162413
>../../../../class2/phe2//data/domains/Catalytic_domain/structures/PheRS-Bβ_AF_Bact_Porphyromonas_gingivalis_ATCC_33277_gene29257179.pdb
-0.528820 -0.845470 -0.074359     8.573718
-0.762556  0.511764 -0.395735    -0.884882
 0.372636 -0.152570 -0.915350     0.330918
>../../../../class2/phe2//data/domains/Catalytic_domain/structures/PheRS-Bβ_AF_Bact_Prochlorococcus_marinus_subsp_marinus_str_CCMP1375_gene54200309.pdb
 0.114016  0.699271 -0.705706     4.712756
-0.653455 -0.482271 -0.583448     4.444214
-0.748330  0.527669  0.401955     1.508144
>../../../../class2/phe2//data/domains/Catalytic_domain/structures/PheRS-Bβ_AF_Euk_Didymosphenia_geminata_gene19740299.pdb
 0.673881  0.735765  0.067342     7.936085
-0.578890  0.582432 -0.570666     1.797873
-0.459098  0.345577  0.818416    -1.102468
>../../../../class2/phe2//data/domains/Catalytic_domain/structures/PheRS-Bβ_AF_Euk_Gracilariopsis_tenuifrons_gene68635617.pdb
-0.654664  0.737427 -0.166185    15.324168
 0.206064  0.385614  0.899355    -6.005993
 0.727292  0.554530 -0.404404     2.659587
>../../../../class2/phe2//data/domains/Catalytic_domain/structures/PheRS-Bβ_PDB_Bact.B_E_coli_3PCO.pdb
-0.307828 -0.309140  0.899819   -43.610116
-0.938905  0.251727 -0.234716    -3.752153
-0.153948 -0.917097 -0.367741     6.216677
>../../../../class2/phe2//data/domains/Catalytic_domain/structures/PheRS-Bβ_PDB_Bact.B_T_thermophilus_1PYS.pdb
 0.828719 -0.141994 -0.541352    18.819018
-0.545759  0.009248 -0.837891    24.662028
 0.123982  0.989824 -0.069831   -63.829348
