>structures/GluRS-B_AF_Bact_Chlamydia_psittaci_6BC_gene12242467.pdb
-0.832522 -0.223233 -0.507025     5.467689
-0.486026  0.733538  0.475079    -0.339110
 0.265869  0.641941 -0.719184    -4.266942
>structures/GluRS-B_AF_Bact_[Eubacterium]_eligens_ATCC_27750_gene41357084.pdb
-0.999169 -0.039378  0.010545    -2.657122
-0.030543  0.894456  0.446111     4.139288
-0.026999  0.445418 -0.894915    -4.885946
>structures/GluRS-B_AF_Bact_Porphyromonas_gingivalis_ATCC_33277_gene29255772.pdb
-0.018043  0.237179 -0.971298    -1.713149
 0.305951 -0.923547 -0.231202     2.907060
-0.951876 -0.301342 -0.055902    -3.385478
>structures/GluRS-B_AF_Bact_Treponema_pallidum_subsp_pertenue_str_SamoaD_gene57879197.pdb
-0.951745 -0.304008 -0.041951    -3.838861
-0.305698  0.927121  0.216785     3.305981
-0.027011  0.219148 -0.975318    -1.858577
>structures/GluRS-B_AF_Euk_Cryptococcus_neoformans_var_grubii_H99_gene23890400.pdb
-0.049804  0.430736 -0.901103    -5.256344
 0.065254 -0.898891 -0.433285     3.123390
-0.996625 -0.080380  0.016661    -2.366568
>structures/GluRS-B_AF_Mito_Drosophila_melanogaster_gene39828.pdb
 0.981839 -0.136026 -0.132246    -2.597196
 0.131845  0.990466 -0.039915     0.057222
 0.136414  0.021754  0.990413    -5.332800
>structures/GluRS-B_PDB_Bact_T_therm_1J09.pdb
-0.167762  0.491869 -0.854354    -7.198501
 0.009869 -0.865755 -0.500371    32.002870
-0.985778 -0.092375  0.140387    37.901027
>structures/GlxRS-B_AF_Bact_Bifidobacterium_animalis_subsp_lactis_BLC1_gene66532600.pdb
-0.907363 -0.384982 -0.168766    -3.750574
-0.349952  0.914267 -0.204082     2.488071
 0.232865 -0.126116 -0.964297    -3.386279
>structures/GlxRS-B_AF_Bact_Mycoplasma_hyopneumoniae_168-L_gene57101016.pdb
-0.986287 -0.140284  0.086937    -1.934973
-0.102182  0.932718  0.345826     3.584201
-0.129601  0.332201 -0.934262    -3.815948
>structures/GlxRS-B_AF_Bact_Paracoccus_denitrificans_PD1222_gene75500422.pdb
-0.994678 -0.051184  0.089418    -1.503383
-0.004997  0.890818  0.454333     4.566750
-0.102910  0.451469 -0.886333    -4.103153
>structures/GlxRS-B_AF_Bact_Prochlorococcus_marinus_subsp_marinus_str_CCMP1375_gene54199839.pdb
 0.421868  0.818970 -0.388994    -2.888995
-0.596783 -0.072166 -0.799151     4.210755
-0.682553  0.569281  0.458303    -4.518034
>structures/GlxRS-B_AF_Euk_Arabidopsis_thaliana_gene836526.pdb
 1.000000  0.000000  0.000000     0.000000
 0.000000  1.000000  0.000000     0.000000
 0.000000  0.000000  1.000000     0.000000
>structures/GlxRS-B_AF_Euk_Ostreococcus_tauri_proteinOUS48355.1.pdb
 0.819289 -0.513377 -0.255363     0.225820
 0.567004  0.659155  0.493985     4.773164
-0.085277 -0.549508  0.831125    -0.165195
>structures/GlxRS-B_AF_Euk_Plasmodium_knowlesi_strain_H_gene7321821.pdb
-0.943330 -0.330052 -0.034565    -3.042238
-0.330829  0.927104  0.176155     3.540466
-0.026095  0.177608 -0.983755    -3.601538
>structures/GlxRS-B_AF_Mito_Cyanidioschyzon_merolae_strain_10D_gene16997617.pdb
 0.811996 -0.532037 -0.240000    -1.443591
 0.569998  0.634385  0.522166     4.473603
-0.125559 -0.560796  0.818378     0.007157
>structures/GlxRS-B_PDB_Bact_S_elong_2CFO.pdb
-0.349120  0.837064 -0.421235    30.550509
-0.820563 -0.490167 -0.293960    10.050583
-0.452539  0.243022  0.857991   -42.021396
