>structures/ArgRS_AF_Arch_Candidatus_Korarchaeum_cryptofilum_OPF8_gene6093502.pdb
 0.288983  0.807859 -0.513666    -2.531317
-0.430088 -0.369807 -0.823570     3.485967
-0.855285  0.458920  0.240582    -4.235921
>structures/ArgRS_AF_Arch_Candidatus_Nitrosopumilus_sediminis_gene13697696.pdb
 0.559833  0.797212 -0.225921    -3.872935
-0.710299  0.321319 -0.626282     2.027684
-0.426686  0.511085  0.746144    -2.131811
>structures/ArgRS_AF_Arch_Desulfurococcus_mucosus_DSM_2162_gene10153309.pdb
 0.497777  0.837039 -0.227121     4.460341
-0.273697 -0.096886 -0.956924     3.699188
-0.822987  0.538497  0.180868    -2.878129
>structures/ArgRS_AF_Arch_Methanothermococcus_okinawensis_IH1_gene10773248.pdb
 0.296371  0.598850 -0.744005    -2.651344
-0.093748 -0.757000 -0.646654     0.308894
-0.950461  0.261399 -0.168212    -2.892337
>structures/ArgRS_AF_Bact_Anoxybacillus_flavithermus_WK1_gene7039015.pdb
 0.959252  0.235469 -0.156174    -5.854272
-0.279966  0.866697 -0.412861     0.469565
 0.038139  0.439761  0.897305    -3.643359
>structures/ArgRS_AF_Bact_Brachyspira_pilosicoli_95_1000_gene56439668.pdb
-0.106352  0.647485 -0.754621    -4.845736
 0.009975 -0.758192 -0.651955     1.848192
-0.994278 -0.076865  0.074177     0.103851
>structures/ArgRS_AF_Bact_Chlamydia_psittaci_6BC_gene12242456.pdb
 0.075250  0.853577 -0.515503    -4.030621
-0.404225 -0.446476 -0.798287     3.179237
-0.911559  0.268450  0.311440    -2.380325
>structures/ArgRS_AF_Bact_Corynebacterium_ulcerans_809_gene75260071.pdb
-0.044935  0.682769 -0.729251    -4.538327
-0.082556 -0.730029 -0.678411     1.689602
-0.995573  0.029720  0.089171    -0.535423
>structures/ArgRS_AF_Bact_Cupriavidus_taiwanensis_LMG_19424_gene29762022.pdb
 0.181198  0.798423 -0.574184    -2.536582
-0.280783 -0.517546 -0.808274     0.353191
-0.942512  0.307679  0.130405    -1.981365
>structures/ArgRS_AF_Bact_Mycoplasma_hyopneumoniae_168-L_gene57100855.pdb
 0.226036  0.816626 -0.531064    -1.245183
-0.493325 -0.374128 -0.785276     2.233786
-0.839963  0.439488  0.318296    -3.339122
>structures/ArgRS_AF_Bact_Prochlorococcus_marinus_subsp_marinus_str_CCMP1375_gene54199571.pdb
 1.000000  0.000000  0.000000     0.000000
 0.000000  1.000000  0.000000     0.000000
 0.000000  0.000000  1.000000     0.000000
>structures/ArgRS_AF_Bact_Streptobacillus_moniliformis_DSM_12112_gene29674021.pdb
-0.971050 -0.236448 -0.033971    -4.366036
-0.230570  0.890585  0.392041     1.020791
-0.062443  0.388524 -0.919320    -1.238783
>structures/ArgRS_AF_Euk_Micromonas_commoda_gene8250062.pdb
-0.298709  0.774568  0.557510    -6.121219
 0.627986 -0.280353  0.725973     2.567332
 0.718614  0.566963 -0.402673    -4.288086
>structures/ArgRS_AF_Euk_Paulinella_chromatophora_gene6481434.pdb
 0.967942 -0.249831 -0.025918     0.857062
 0.248773  0.939353  0.236066     2.319914
-0.034630 -0.234947  0.971391    -0.213160
>structures/ArgRS_AF_Euk_Polyodon_spathula_gene121324634.pdb
 0.151939  0.039366 -0.987606    -7.870730
 0.170974 -0.985190 -0.012966     5.487288
-0.973490 -0.166885 -0.156419    -7.571698
>structures/ArgRS_AF_Euk_Thalassiosira_pseudonana_CCMP1335_gene7449555.pdb
-0.934827 -0.354426  0.021943    -6.900976
-0.352201  0.933297  0.070086    -2.028622
-0.045320  0.057789 -0.997300    -5.683583
>structures/ArgRS_AF_Mito_Caenorhabditis_elegans_gene174023.pdb
 0.707468 -0.686216 -0.169107     2.297636
 0.679898  0.595499  0.427926     0.379891
-0.192946 -0.417719  0.887853    -4.511799
>structures/ArgRS_AF_Mito_Saccharomyces_cerevisiae_S288C_gene851942.pdb
-0.088289 -0.572967  0.814809    -5.679150
-0.443289 -0.709936 -0.547254     2.045848
 0.892020 -0.409512 -0.191310    -0.784380
>structures/ArgRS_AF_Vir_Megavirus_chiliensis_gene11257368.pdb
-0.645352 -0.713461  0.272937    -6.233769
-0.709671  0.427768 -0.559806    -2.346322
 0.282646 -0.554967 -0.782383    -0.925814
>structures/ArgRS_PDB_Arch_2ZUF.pdb
 0.945799  0.173079 -0.274785   -15.472998
 0.229433 -0.954957  0.188197   -10.293289
-0.229835 -0.241042 -0.942908    29.894562
>structures/ArgRS_PDB_Bact_1IQ0.pdb
-0.461604 -0.447307 -0.766054    31.497181
 0.007795  0.861483 -0.507726   -58.336748
 0.887052 -0.240339 -0.394178     5.915575
>structures/ArgRS_PDB_Euk_S_cerevisiae_1BS2.pdb
 0.669582 -0.124927 -0.732157   -35.917845
 0.370169  0.910734  0.183134   -79.018524
 0.643922 -0.393645  0.656055    14.090671
