>structures/PheRS-Aβ_AF_Arch_Candidatus_Nitrosopumilus_koreensis_AR1_gene13724457.pdb
-0.175170 -0.613486  0.770033     1.108499
-0.498143 -0.619398 -0.606794     4.834433
 0.849217 -0.489879 -0.197103    -0.019701
>structures/PheRS-Aβ_AF_Arch_Halalkalicoccus_jeotgali_B3_gene9420006.pdb
-0.506889  0.749064  0.426576    -2.685732
 0.816431  0.258397  0.516402     2.579073
 0.276592  0.610028 -0.742538    -0.161270
>structures/PheRS-Aβ_AF_Arch_Sulfolobus_islandicus_YG5714_gene7807969.pdb
-0.012600 -0.535756  0.844279     0.066215
-0.558471 -0.696609 -0.450384     5.704956
 0.829429 -0.477180 -0.290427     1.251065
>structures/PheRS-Aβ_AF_Arch_Thermoplasma_volcanium_GSS1_gene1441711.pdb
 1.000000  0.000000  0.000000     0.000000
 0.000000  1.000000  0.000000     0.000000
 0.000000  0.000000  1.000000     0.000000
>structures/PheRS-Aβ_AF_Euk_Astyanax_mexicanus_gene103044481.pdb
 0.572736 -0.735466 -0.362028     0.601234
 0.574776  0.045414  0.817050     4.938160
-0.584471 -0.676038  0.448738    -1.084963
>structures/PheRS-Aβ_AF_Euk_Drosophila_melanogaster_gene42888.pdb
-0.202312  0.537532  0.818614    -0.651992
 0.321274 -0.753209  0.573985     4.909895
 0.925123  0.379124 -0.020312     0.436914
>structures/PheRS-Aβ_AF_Euk_Plasmodium_falciparum_3D7_gene810604.pdb
-0.193403 -0.711520  0.675526    -0.852313
-0.662466 -0.413166 -0.624845     5.917952
 0.723694 -0.568360 -0.391450     2.541497
>structures/PheRS-Aβ_AF_Euk_Saccharomyces_cerevisiae_S288C_gene850749.pdb
-0.989727  0.140859 -0.024490    -1.207439
 0.140482  0.989946  0.016515     1.540696
 0.026570  0.012905 -0.999564     2.196825
>structures/PheRS-Aβ_PDB_Euk.B_H_sapiens_3L4G.pdb
-0.127127 -0.990440 -0.053553    98.548867
-0.724643  0.055873  0.686856    24.439012
-0.677297  0.126125 -0.724818    32.715369
