>../../../../class2/ala//data/domains/Catalytic_domain/structures/AlaRS_AF_Arch_Candidatus_Korarchaeum_cryptofilum_OPF8_gene6094822.pdb
 0.177578 -0.438963  0.880782    48.510895
-0.282100  0.834741  0.472892    33.136531
-0.942807 -0.332444  0.024400    10.423390
>../../../../class2/ala//data/domains/Catalytic_domain/structures/AlaRS_AF_Arch_Candidatus_Nitrosopumilus_koreensis_AR1_gene13725795.pdb
-0.431450  0.812953 -0.391098    43.452497
-0.855575 -0.231254  0.463155    34.608530
 0.286080  0.534442  0.795317    12.616686
>../../../../class2/ala//data/domains/Catalytic_domain/structures/AlaRS_AF_Arch_Sulfolobus_islandicus_YG5714_gene7807284.pdb
 0.023857 -0.283212  0.958761    47.831766
 0.741755  0.647986  0.172954    36.643173
-0.670246  0.707040  0.225533     9.985858
>../../../../class2/ala//data/domains/Catalytic_domain/structures/AlaRS_AF_Arch_Thermoplasma_acidophilum_DSM_1728_gene1456391.pdb
-0.432662  0.809802 -0.396262    44.782271
-0.863471 -0.245811  0.440449    34.005780
 0.259271  0.532726  0.805594    11.335392
>../../../../class2/ala//data/domains/Catalytic_domain/structures/AlaRS_AF_Bact_Brucella_melitensis_bv_1_str_16M_gene29593597.pdb
-0.762629  0.189422 -0.618479    40.931873
-0.646831 -0.227386  0.727946    27.342936
-0.002745  0.955204  0.295936    16.103964
>../../../../class2/ala//data/domains/Catalytic_domain/structures/AlaRS_AF_Bact_Chlamydia_psittaci_6BC_gene12242512.pdb
-0.982183  0.009508 -0.187689    45.450912
 0.180709 -0.226388 -0.957127    31.231531
-0.051591 -0.973991  0.220637    15.698018
>../../../../class2/ala//data/domains/Catalytic_domain/structures/AlaRS_AF_Bact_Lactobacillus_acidophilus_La-14_gene56942022.pdb
-0.445054 -0.817827  0.364809    48.906066
 0.824921 -0.532939 -0.188365    35.837290
 0.348470  0.217106  0.911830    21.890897
>../../../../class2/ala//data/domains/Catalytic_domain/structures/AlaRS_AF_Bact_Nocardia_farcinica_IFM_10152_gene61134339.pdb
-0.756316 -0.634023 -0.161251    46.302058
 0.579411 -0.534733 -0.615096    31.218121
 0.303759 -0.558637  0.771787    17.392653
>../../../../class2/ala//data/domains/Catalytic_domain/structures/AlaRS_AF_Bact_Porphyromonas_gingivalis_ATCC_33277_gene29256567.pdb
-0.960470 -0.158061 -0.229158    45.870989
 0.269674 -0.324009 -0.906804    32.501996
 0.069081 -0.932757  0.353826    14.948353
>../../../../class2/ala//data/domains/Catalytic_domain/structures/AlaRS_AF_Bact_Prochlorococcus_marinus_subsp_marinus_str_CCMP1375_gene54199407.pdb
 0.290678  0.777820 -0.557228    47.465250
 0.363829  0.448777  0.816228    29.748094
 0.884949 -0.439995 -0.152544    16.755241
>../../../../class2/ala//data/domains/Catalytic_domain/structures/AlaRS_AF_Bact_Streptobacillus_moniliformis_DSM_12112_gene29672963.pdb
-0.965858  0.207789 -0.154730    48.587199
 0.113543 -0.197318 -0.973742    30.932807
-0.232864 -0.958065  0.166988    18.778206
>../../../../class2/ala//data/domains/Catalytic_domain/structures/AlaRS_AF_Bact_Treponema_pallidum_subsp_pertenue_str_SamoaD_gene57879528.pdb
 0.127369  0.449629  0.884087    42.954580
 0.316004  0.826503 -0.465869    44.874132
-0.940169  0.338713 -0.036814    15.037199
>../../../../class2/ala//data/domains/Catalytic_domain/structures/AlaRS_AF_Euk_Cyanidioschyzon_merolae_strain_10D_gene16993235.pdb
-0.019063  0.171014  0.985084    53.502397
 0.653940  0.747428 -0.117102    32.165840
-0.756306  0.641954 -0.126081    13.204559
>../../../../class2/ala//data/domains/Catalytic_domain/structures/AlaRS_AF_Euk_Marasmius_oreades_gene66078979.pdb
-0.585915  0.691622 -0.422331    50.189111
-0.787205 -0.362034  0.499240    32.509183
 0.192387  0.624973  0.756569    15.736970
>../../../../class2/ala//data/domains/Catalytic_domain/structures/AlaRS_AF_Euk_Plasmodium_berghei_ANKA_gene55150801.pdb
-0.916513 -0.390289  0.087627    45.477822
 0.247403 -0.725232 -0.642519    32.232480
 0.314318 -0.567198  0.761243    19.549355
>../../../../class2/ala//data/domains/Catalytic_domain/structures/AlaRS_AF_Euk_Saccharomyces_cerevisiae_S288C_gene854513.pdb
-0.106751  0.862747 -0.494239    47.400854
-0.864973  0.164554  0.474072    32.939967
 0.490333  0.478110  0.728686    11.606741
>../../../../class2/ala//data/domains/Catalytic_domain/structures/AlaRS_PDB_Bact_E_coli_3HXV.pdb
 0.764911 -0.640364 -0.069611    50.624425
 0.392323  0.377443  0.838820     7.224991
-0.510876 -0.668933  0.539940    38.290502
>../../../../class2/thr//data/domains/Catalytic_domain/structures/ThrRS_AF_Arch_Candidatus_Methanomethylophilus_alvus_Mx1201_gene15140074.pdb
 0.727901 -0.682228 -0.068747    35.527591
-0.012150  0.087411 -0.996098    61.140678
 0.685575  0.725896  0.055338    16.499891
>../../../../class2/thr//data/domains/Catalytic_domain/structures/ThrRS_AF_Arch_Candidatus_Nitrosopumilus_koreensis_AR1_gene13725077.pdb
-0.399913  0.126885 -0.907728    30.087144
-0.351887 -0.935729  0.024230    57.127407
-0.846313  0.329108  0.418859    10.492117
>../../../../class2/thr//data/domains/Catalytic_domain/structures/ThrRS_AF_Arch_Pyrococcus_furiosus_DSM_3638_gene1469226.pdb
-0.240498 -0.176166 -0.954529    32.276200
-0.212513 -0.949978  0.228869    56.619191
-0.947100  0.257892  0.191030    10.596370
>../../../../class2/thr//data/domains/Catalytic_domain/structures/ThrRS_AF_Arch_Sulfolobus_islandicus_M164_gene7940156.pdb
 0.165850  0.836059  0.522971    31.740002
 0.931675 -0.306660  0.194787    55.940517
 0.323228  0.454934 -0.829795    19.017369
>../../../../class2/thr//data/domains/Catalytic_domain/structures/ThrRS_AF_Bact_Bifidobacterium_longum_subsp_longum_JCM_1217_gene69578309.pdb
 0.026267  0.197285 -0.979994    37.853248
 0.843261 -0.530858 -0.084266    62.615872
-0.536862 -0.824178 -0.180307    13.213724
>../../../../class2/thr//data/domains/Catalytic_domain/structures/ThrRS_AF_Bact_Brachyspira_pilosicoli_95_1000_gene56439092.pdb
-0.439037  0.835474 -0.330500    37.427131
 0.877496  0.477739  0.042012    63.180821
 0.192993 -0.271567 -0.942871    16.210586
>../../../../class2/thr//data/domains/Catalytic_domain/structures/ThrRS_AF_Bact_Brucella_abortus_2308_gene3787745.pdb
 0.045234  0.708692  0.704066    37.693400
-0.992201 -0.050074  0.114148    63.248832
 0.116151 -0.703739  0.700900    15.462290
>../../../../class2/thr//data/domains/Catalytic_domain/structures/ThrRS_AF_Bact_Lactobacillus_acidophilus_La-14_gene56943112.pdb
-0.555570 -0.825935 -0.095782    39.209243
 0.109048 -0.186579  0.976369    66.422312
-0.824288  0.531997  0.193724    12.877158
>../../../../class2/thr//data/domains/Catalytic_domain/structures/ThrRS_AF_Bact_Mycoplasma_hyopneumoniae_168-L_gene57101460.pdb
 0.231960 -0.960863  0.151450    36.721917
 0.057900 -0.141782 -0.988203    59.518317
 0.971001  0.237992  0.022746    16.269692
>../../../../class2/thr//data/domains/Catalytic_domain/structures/ThrRS_AF_Bact_Porphyromonas_gingivalis_ATCC_33277_gene29256174.pdb
-0.526051  0.237411 -0.816644    38.141020
 0.600305  0.783844 -0.158818    61.553502
 0.602416 -0.573781 -0.554860    13.599068
>../../../../class2/thr//data/domains/Catalytic_domain/structures/ThrRS_AF_Bact_Prochlorococcus_marinus_subsp_marinus_str_CCMP1375_gene54200406.pdb
 0.630861  0.667051 -0.396303    36.908194
-0.487893 -0.056107 -0.871098    64.593986
-0.603303  0.742896  0.290054    12.325083
>../../../../class2/thr//data/domains/Catalytic_domain/structures/ThrRS_AF_Bact_Streptobacillus_moniliformis_DSM_12112_gene29674242.pdb
-0.476554 -0.413479 -0.775843    37.544073
-0.254569 -0.779788  0.571948    63.463787
-0.841482  0.470070  0.266352    14.668749
>../../../../class2/thr//data/domains/Catalytic_domain/structures/ThrRS_AF_Euk_Arabidopsis_thaliana_gene832741.pdb
 0.103189 -0.437533 -0.893262    39.203904
 0.753622 -0.551718  0.357298    61.936524
-0.649158 -0.710050  0.272803    11.794531
>../../../../class2/thr//data/domains/Catalytic_domain/structures/ThrRS_AF_Euk_Cercospora_beticola_gene35433465.pdb
 0.832558 -0.553938 -0.000348    39.210936
 0.364328  0.547104  0.753620    62.981351
-0.417268 -0.627559  0.657310    13.791475
>../../../../class2/thr//data/domains/Catalytic_domain/structures/ThrRS_AF_Euk_Cryptococcus_gattii_WM276_gene10188143.pdb
-0.047076  0.103901 -0.993473    40.208333
 0.587417 -0.801544 -0.111663    63.900201
-0.807914 -0.588840 -0.023300    13.545505
>../../../../class2/thr//data/domains/Catalytic_domain/structures/ThrRS_AF_Euk_Cyanidioschyzon_merolae_strain_10D_gene16997242.pdb
-0.012350  0.949361  0.313944    38.922468
-0.991537  0.028951 -0.126553    64.675697
-0.129234 -0.312850  0.940969    13.628277
>../../../../class2/thr//data/domains/Catalytic_domain/structures/ThrRS_AF_Mito_Cyanidioschyzon_merolae_strain_10D_gene16995590.pdb
-0.229829  0.427920 -0.874107    37.106232
-0.516725 -0.814755 -0.263002    63.451436
-0.824727  0.391227  0.408371    14.545473
>../../../../class2/thr//data/domains/Catalytic_domain/structures/ThrRS_AF_Mito_Oryza_sativa_Japonica_Group_gene4345200.pdb
-0.714384 -0.699158 -0.028874    39.674822
-0.697879  0.714881 -0.043709    63.816663
 0.051201 -0.011075 -0.998627    12.566945
>../../../../class2/thr//data/domains/Catalytic_domain/structures/ThrRS_PDB_Bact_E_coli_1evk.pdb
 1.000000 -0.000000  0.000000     0.000000
 0.000000  1.000000  0.000000     0.000000
-0.000000  0.000000  1.000000     0.000000
>../../../../class2/thr//data/domains/Catalytic_domain/structures/ThrRS_PDB_Bact_S_aureus_1nyr.pdb
-0.621687 -0.762997 -0.177030    92.078287
 0.368172 -0.085170 -0.925849   108.883147
 0.691343 -0.640766  0.333863    19.542448
