>structures/AspRS-E_AF_Euk_Caenorhabditis_elegans_gene176334.pdb
 0.486970  0.668570 -0.562027    -8.649567
-0.765106  0.016164 -0.643701     3.961019
-0.421275  0.743473  0.519399    -1.489865
>structures/AspRS-E_AF_Euk_Cryptococcus_neoformans_var_neoformans_JEC21_gene3258977.pdb
 0.869787 -0.419544  0.259720   -15.660265
 0.329539  0.885674  0.327086     5.405210
-0.367254 -0.198908  0.908603   -11.471183
>structures/AspRS-E_AF_Euk_Thalassiosira_pseudonana_CCMP1335_gene7443135.pdb
 0.551208  0.696994 -0.458659    -6.332947
-0.748425  0.170036 -0.641052     3.454882
-0.368821  0.696625  0.615373    -2.158014
>structures/AspRS-E_AF_Euk_Theileria_orientalis_strain_Shintoku_gene20715543.pdb
 0.380710  0.646234 -0.661394    -8.739909
-0.789569 -0.145097 -0.596261     4.449426
-0.481290  0.749219  0.455007    -0.574282
>structures/AspRS-E_PDB_Euk_S_cerevisiae_1EOV.pdb
-0.119773 -0.836160  0.535248   -24.601740
-0.241145 -0.498481 -0.832686    54.468541
 0.963070 -0.228806 -0.141932    11.168352
>structures/AsxRS_AF_Arch_Candidatus_Korarchaeum_cryptofilum_OPF8_gene6094477.pdb
 0.752340  0.658306 -0.024848    -3.547190
-0.585123  0.650422 -0.484337     2.343311
-0.302680  0.378925  0.874529    -2.865563
>structures/AsxRS_AF_Arch_Candidatus_Methanomassiliicoccus_intestinalis_Issoire-Mx1_gene16154831.pdb
 0.834475  0.550671  0.020300    -4.443256
-0.505244  0.779301 -0.370699     3.180222
-0.219953  0.299082  0.928531    -2.121333
>structures/AsxRS_AF_Arch_Candidatus_Nitrosopumilus_koreensis_AR1_gene13725312.pdb
 1.000000  0.000000  0.000000     0.000000
 0.000000  1.000000  0.000000     0.000000
 0.000000  0.000000  1.000000     0.000000
>structures/AsxRS_AF_Arch_Methanobacterium_lacus_gene10277817.pdb
 0.841690 -0.485527 -0.236267    -0.514356
 0.536052  0.698798  0.473634     4.256848
-0.064860 -0.525304  0.848439     1.222067
>structures/AsxRS_AF_Bact_Clostridium_acetobutylicum_DSM_1731_gene45000055.pdb
 0.503630  0.702551 -0.502772    -6.197518
-0.729345  0.033836 -0.683308     3.284269
-0.463047  0.710829  0.529443    -3.168184
>structures/AsxRS_AF_Bact_Spirochaetes_bacterium_GWE1_32_154_proteinOHD39701.1.pdb
 0.964906 -0.247084 -0.088911    -4.976939
 0.259977  0.851188  0.455950     1.917520
-0.036978 -0.463064  0.885553    -2.733670
>structures/AsxRS_AF_Bact_Tropheryma_whipplei_TW08_27_gene67388547.pdb
 0.070656 -0.581229  0.810667    -4.818743
-0.491507 -0.727477 -0.478746     2.731295
 0.868003 -0.364622 -0.337079    -2.073724
>structures/AsxRS_PDB_Arch_T_kodarensis_1b8a.pdb
-0.661012 -0.408647  0.629342     0.965621
-0.637108  0.748736 -0.182996    21.652975
-0.396430 -0.521921 -0.755276    41.465329
>structures/AsxRS_PDB_Bact_T_thermophilus_1n9w.pdb
-0.353529 -0.849856  0.390849   -20.229463
-0.758185  0.505057  0.412399     5.096141
-0.547881 -0.150541 -0.822900    68.475572
