>../../../../class2/phe2//data/domains/Catalytic_domain/structures/PheRS-Bβ_AF_Bact_Brachyspira_pilosicoli_95_1000_gene56440382.pdb
 0.021770 -0.574580 -0.818159     4.504359
 0.494905 -0.704857  0.508179     1.353067
-0.868674 -0.415974  0.269018     1.915675
>../../../../class2/phe2//data/domains/Catalytic_domain/structures/PheRS-Bβ_AF_Bact_Chlamydia_psittaci_6BC_gene12242429.pdb
 0.983144  0.150034 -0.104490     0.765093
-0.140645  0.985767  0.092104    -0.953044
 0.116822 -0.075856  0.990252    -0.848605
>../../../../class2/phe2//data/domains/Catalytic_domain/structures/PheRS-Bβ_AF_Bact_Ferrimonas_balearica_DSM_9799_gene67181907.pdb
 0.262937  0.707289 -0.656206     0.568161
-0.727511 -0.301385 -0.616356     2.475680
-0.633713  0.639460  0.435315     0.877372
>../../../../class2/phe2//data/domains/Catalytic_domain/structures/PheRS-Bβ_AF_Bact_Lacticaseibacillus_paracasei_gene61269867.pdb
 0.114016 -0.653455 -0.748330     3.495349
 0.699271 -0.482271  0.527669    -1.947980
-0.705706 -0.583448  0.401955     5.312581
>../../../../class2/phe2//data/domains/Catalytic_domain/structures/PheRS-Bβ_AF_Bact_Mycobacterium_intracellulare_ATCC_13950_gene11909688.pdb
 0.718683  0.612354 -0.329420     0.930906
-0.683730  0.536143 -0.495040     1.134512
-0.126524  0.581011  0.804001     1.463549
>../../../../class2/phe2//data/domains/Catalytic_domain/structures/PheRS-Bβ_AF_Bact_Mycoplasma_hyopneumoniae_168-L_gene57101148.pdb
 0.610342 -0.607891 -0.507890     0.119783
 0.742524  0.215696  0.634140     6.023580
-0.275938 -0.764162  0.583022     8.662038
>../../../../class2/phe2//data/domains/Catalytic_domain/structures/PheRS-Bβ_AF_Bact_Porphyromonas_gingivalis_ATCC_33277_gene29257179.pdb
 0.147708 -0.317317  0.936745     4.572548
 0.190879 -0.920182 -0.341805     4.476272
 0.970437  0.229292 -0.075349    -0.134259
>../../../../class2/phe2//data/domains/Catalytic_domain/structures/PheRS-Bβ_AF_Bact_Prochlorococcus_marinus_subsp_marinus_str_CCMP1375_gene54200309.pdb
 1.000000  0.000000  0.000000     0.000000
 0.000000  1.000000  0.000000     0.000000
 0.000000  0.000000  1.000000     0.000000
>../../../../class2/phe2//data/domains/Catalytic_domain/structures/PheRS-Bβ_AF_Euk_Didymosphenia_geminata_gene19740299.pdb
 0.792190 -0.560957 -0.240338     3.868108
 0.513522  0.399939  0.759174     2.104973
-0.329743 -0.724828  0.604891    -1.807690
>../../../../class2/phe2//data/domains/Catalytic_domain/structures/PheRS-Bβ_AF_Euk_Gracilariopsis_tenuifrons_gene68635617.pdb
-0.758119 -0.580950 -0.296232     7.012373
-0.168990  0.613763 -0.771192    13.071997
 0.629840 -0.534595 -0.563480    -1.193643
>../../../../class2/phe2//data/domains/Catalytic_domain/structures/PheRS-Bβ_PDB_Bact.B_E_coli_3PCO.pdb
 0.693254  0.488857  0.529545    -3.588855
 0.153976 -0.818274  0.553823   -27.938149
 0.704053 -0.302402 -0.642544    40.857392
>../../../../class2/phe2//data/domains/Catalytic_domain/structures/PheRS-Bβ_PDB_Bact.B_T_thermophilus_1PYS.pdb
 0.354981 -0.771715  0.527679    37.834099
 0.909986  0.414597 -0.005832   -34.384397
-0.214273  0.482251  0.849424   -47.611658
>../../../../class2/pro2//data/domains/Catalytic_domain/structures/ProRS-B_AF_Bact_Acinetobacter_baylyi_ADP1_gene45233245.pdb
 0.025589 -0.293870 -0.955503    35.603334
-0.992844 -0.119000  0.010010     0.636014
-0.116647  0.948409 -0.294812   -18.864035
>../../../../class2/pro2//data/domains/Catalytic_domain/structures/ProRS-B_AF_Bact_Brachyspira_pilosicoli_95_1000_gene56438966.pdb
-0.043854  0.739933 -0.671249    34.005384
-0.601361  0.516985  0.609173     0.782504
 0.797773  0.430378  0.422295   -19.616017
>../../../../class2/pro2//data/domains/Catalytic_domain/structures/ProRS-B_AF_Bact_Chlamydia_psittaci_6BC_gene12242703.pdb
 0.055016 -0.501644  0.863323    36.474273
 0.986280 -0.107474 -0.125301    -0.093989
 0.155641  0.858372  0.488849   -23.793572
>../../../../class2/pro2//data/domains/Catalytic_domain/structures/ProRS-B_AF_Bact_Clostridium_acetobutylicum_DSM_1731_gene44999665.pdb
-0.127656 -0.146078 -0.981002    34.651516
-0.991612  0.038979  0.123233     0.515875
 0.020237  0.988505 -0.149829   -19.793060
>../../../../class2/pro2//data/domains/Catalytic_domain/structures/ProRS-B_AF_Bact_Corynebacterium_ulcerans_809_gene75260584.pdb
-0.103563 -0.992655  0.062538    35.840508
 0.911661 -0.119876 -0.393070     0.185045
 0.397679  0.016306  0.917380   -21.060112
>../../../../class2/pro2//data/domains/Catalytic_domain/structures/ProRS-B_AF_Bact_Prochlorococcus_marinus_subsp_marinus_str_CCMP1375_gene54199876.pdb
-0.086827 -0.309029 -0.947081    36.342883
-0.995573 -0.007435  0.093699     0.452824
-0.035997  0.951023 -0.307016   -19.408572
>../../../../class2/pro2//data/domains/Catalytic_domain/structures/ProRS-B_AF_Bact_Streptobacillus_moniliformis_DSM_12112_gene29673723.pdb
 0.362173 -0.707808 -0.606496    33.689484
-0.849442 -0.518523  0.097890     0.996786
-0.383770  0.479730 -0.789037   -19.743929
>../../../../class2/pro2//data/domains/Catalytic_domain/structures/ProRS-B_PDB_Bact_S_aureus_5znj.pdb
 0.354075  0.329492 -0.875252    52.034488
-0.888298 -0.174223 -0.424940    12.148030
-0.292503  0.927945  0.230999   -24.171216
>../../../../class2/pro2//data/domains/Catalytic_domain/structures/ProRS_PDB_Bact_E_faecalis_2J3M.pdb
 0.515012 -0.360121 -0.777866    25.132406
-0.769017 -0.594975 -0.233703    19.008950
-0.378650  0.718552 -0.583359     6.004418
