>../../../../class2/phe5//data/domains/Catalytic_domain/structures/PheRS-M_AF_Mito_Arabidopsis_thaliana_gene824983.pdb
-0.514675 -0.594799  0.617514    -2.884016
 0.024619 -0.730184 -0.682806     6.059726
 0.857032 -0.336221  0.390451     1.530839
>../../../../class2/phe5//data/domains/Catalytic_domain/structures/PheRS-M_AF_Mito_Babesia_bovis_T2Bo_gene5478469.pdb
-0.790013 -0.611649  0.042017    -1.671139
-0.517526  0.702047  0.489180     0.701288
-0.328704  0.364713 -0.871170    -2.589240
>../../../../class2/phe5//data/domains/Catalytic_domain/structures/PheRS-M_AF_Mito_Candida_albicans_SC5314_gene3638806.pdb
 0.422321 -0.865507 -0.269336     1.442888
 0.498809  0.470003 -0.728208     3.622512
 0.756858  0.173190  0.630215    -1.754874
>../../../../class2/phe5//data/domains/Catalytic_domain/structures/PheRS-M_AF_Mito_Crassostrea_gigas_gene105329377.pdb
 0.383272 -0.271516 -0.882826    -0.956910
-0.254440 -0.949871  0.181672     6.525433
-0.887898  0.154997 -0.433143   -11.248826
>../../../../class2/phe5//data/domains/Catalytic_domain/structures/PheRS-M_AF_Mito_Drosophila_melanogaster_gene36547.pdb
 1.000000  0.000000  0.000000     0.000000
 0.000000  1.000000  0.000000     0.000000
 0.000000  0.000000  1.000000     0.000000
>../../../../class2/phe5//data/domains/Catalytic_domain/structures/PheRS-M_AF_Mito_Syngnathus_acus_gene119139175.pdb
 0.975748  0.050003 -0.213109    -0.577849
 0.208075  0.090445  0.973922     5.009058
 0.067973 -0.994645  0.077847    -5.827986
>../../../../class2/phe5//data/domains/Catalytic_domain/structures/PheRS-M_PDB_Mito.H_sapiens_3CMQ.pdb
 0.227544 -0.864720  0.447754    13.047252
 0.922592  0.338546  0.184961    -7.371152
-0.311525  0.371007  0.874818   -26.487320
>../../../../class2/ser2//data/domains/Catalytic_domain/structures/SerRS-A_AF_Arch_Conexivisphaera_calida_protein1635512986.pdb
-0.803298 -0.569906  0.172976     6.531644
-0.370847  0.705887  0.603486     8.964477
-0.466032  0.420632 -0.778385    -8.734790
>../../../../class2/ser2//data/domains/Catalytic_domain/structures/SerRS-A_AF_Arch_Ignisphaera_aggregans_protein304378874.pdb
-0.982556  0.172461  0.069574     5.864812
 0.119889  0.301439  0.945918     8.958454
 0.142162  0.937759 -0.316857   -10.789100
>../../../../class2/ser2//data/domains/Catalytic_domain/structures/SerRS-A_AF_Arch_Methanosarcina_barkeri_protein805401349.pdb
-0.044811 -0.737911  0.673408     6.317929
-0.994166 -0.033261 -0.102603    11.424802
 0.098110 -0.674077 -0.732116    -8.995258
>../../../../class2/ser2//data/domains/Catalytic_domain/structures/SerRS-A_AF_Arch_Unclassified_Thermoplasmata_protein1635512986.pdb
-0.636426 -0.717228  0.283806     8.574077
-0.533295  0.674980  0.509900    11.186383
-0.557278  0.173161 -0.812069    -8.700755
>../../../../class2/ser2//data/domains/Catalytic_domain/structures/SerRS-A_PDB_Arch_M_barkeri_2cjb.pdb
 0.463707 -0.882399 -0.079671   -10.264589
 0.876990  0.469921 -0.100316   -22.458280
 0.125958 -0.023353  0.991761   -98.013794
