>structures/LysRS-I_AF_Arch_Candidatus_Bathyarchaeota_archaeon_proteinRJS75864.1.pdb
 0.989284  0.111521 -0.094237    -3.918380
-0.116710  0.991832 -0.051455     0.704114
 0.087729  0.061902  0.994219    -3.277345
>structures/LysRS-I_AF_Arch_Candidatus_Nitrosopumilus_koreensis_AR1_gene13726042.pdb
 0.009747  0.047168 -0.998839    -1.355859
 0.308139 -0.950419 -0.041874     3.889540
-0.951292 -0.307373 -0.023798    -3.427190
>structures/LysRS-I_AF_Arch_Ferroplasma_acidarmanus_Fer1_gene16025146.pdb
 1.000000  0.000000  0.000000    -0.000000
 0.000000  1.000000  0.000000     0.000000
 0.000000  0.000000  1.000000     0.000000
>structures/LysRS-I_AF_Arch_Halorubrum_lacusprofundi_ATCC_49239_gene7400505.pdb
-0.705600 -0.678509  0.204337    -4.757227
-0.683627  0.575911 -0.448309    -2.016010
 0.186502 -0.456017 -0.870210    -2.382984
>structures/LysRS-I_AF_Bact_Cereibacter_sphaeroides_KD131_gene67447319.pdb
-0.988638  0.137567  0.060589    -5.224504
 0.149078  0.845628  0.512532     3.255450
 0.019271  0.515740 -0.856528    -0.368833
>structures/LysRS-I_AF_Bact_Cyanobacteria_bacterium_J007_proteinRMH73500.1.pdb
 0.880389  0.414353 -0.230710    -4.733669
-0.474106  0.756869 -0.449859     0.312831
-0.011784  0.505432  0.862786    -5.166889
>structures/LysRS-I_AF_Bact_Streptomyces_albidoflavus_gene15147364.pdb
 0.196884  0.017662 -0.980268    -5.196623
 0.263624 -0.963969  0.035580     3.455153
-0.944319 -0.265427 -0.194446    -2.391475
>structures/LysRS-I_AF_Bact_Treponema_denticola_ATCC_35405_gene2739918.pdb
 0.228841  0.013340 -0.973372    -4.987486
 0.208733 -0.977322  0.035679     2.926005
-0.950822 -0.211340 -0.226436    -2.685164
>structures/LysRS-I_PDB_Arch_P_hori_1IRX.pdb
 0.372449 -0.779314  0.503937   -26.598536
-0.912958 -0.210133  0.349787    25.612696
-0.166700 -0.590351 -0.789745    83.205775
