>structures/PheRS-Bα_AF_Bact_Brachyspira_pilosicoli_95_1000_gene56440383.pdb
 0.449405 -0.627640  0.635691    15.252099
-0.818936 -0.005155  0.573862    50.623360
-0.356902 -0.778486 -0.516314    14.391857
>structures/PheRS-Bα_AF_Bact_Chlamydia_psittaci_6BC_gene12243227.pdb
-0.163327 -0.964811 -0.206066    17.567925
-0.338304 -0.141436  0.930347    50.256223
-0.926755  0.221664 -0.303299    11.886322
>structures/PheRS-Bα_AF_Bact_Ferrimonas_balearica_DSM_9799_gene67181906.pdb
-0.290788 -0.075506 -0.953804    16.756043
 0.634992  0.730462 -0.251417    50.608754
 0.715701 -0.678766 -0.164464     8.985186
>structures/PheRS-Bα_AF_Bact_Mycobacterium_intracellulare_ATCC_13950_gene11909689.pdb
 0.433307  0.876245  0.210809    17.038204
 0.895026 -0.390943 -0.214692    52.486773
-0.105709  0.281708 -0.953660     2.225392
>structures/PheRS-Bα_AF_Bact_Mycoplasma_capricolum_subsp_capricolum_ATCC_27343_gene23778662.pdb
-0.315958 -0.440496 -0.840317    14.836239
 0.382058  0.751633 -0.537661    49.211630
 0.868448 -0.490928 -0.069189    11.261966
>structures/PheRS-Bα_AF_Bact_Porphyromonas_gingivalis_ATCC_33277_gene29256875.pdb
-0.013268 -0.918765  0.394581    16.385686
-0.769843  0.261211  0.582331    54.144612
-0.638095 -0.296039 -0.710771    14.032995
>structures/PheRS-Bα_AF_Bact_Prochlorococcus_marinus_subsp_marinus_str_CCMP1375_gene54200681.pdb
 0.749963 -0.600867  0.276613    18.220710
 0.019349 -0.398067 -0.917152    49.152351
 0.661197  0.693182 -0.286909     2.862131
>structures/PheRS-Bα_AF_Bact_Staphylococcus_argenteus_gene66839332.pdb
 0.299091 -0.911397 -0.282666    20.100273
-0.132817  0.253581 -0.958153    47.741411
 0.944936  0.324118 -0.045205     9.417845
>structures/PheRS-Bα_PDB_Bact.A_E_coli_3PCO.pdb
 0.237098 -0.549305  0.801280   -25.650054
-0.133238 -0.835390 -0.533264    80.266844
 0.962306  0.019675 -0.271257    52.622743
>structures/PheRS-Bα_PDB_Bact.A_T_thermophilus_1PYS.pdb
 0.999998 -0.001184  0.001288     0.068019
 0.001186  0.999998 -0.001598     0.040094
-0.001286  0.001599  0.999998    -0.067431
