>../../../../class1/glu2//data/domains/Catalytic_domain/structures/GlxRS-A_AF_Arch_Candidatus_Korarchaeum_cryptofilum_OPF8_gene6094352.pdb
 0.526332 -0.512765  0.678268    -3.546172
-0.584256 -0.797654 -0.149640    -4.639579
 0.617753 -0.317522 -0.719417     8.357210
>../../../../class1/glu2//data/domains/Catalytic_domain/structures/GlxRS-A_AF_Arch_Methanothrix_soehngenii_GP6_gene10459943.pdb
-0.840708  0.405147 -0.359257    -5.097081
 0.104921  0.772771  0.625952    -4.740999
 0.531226  0.488550 -0.692183     5.344059
>../../../../class1/glu2//data/domains/Catalytic_domain/structures/GlxRS-A_AF_Arch_Nitrosopumilus_maritimus_SCM1_gene5773999.pdb
 0.566123 -0.824097 -0.019217    -5.254689
 0.785098  0.531933  0.317284    -3.059662
-0.251251 -0.194709  0.948136     6.655226
>../../../../class1/glu2//data/domains/Catalytic_domain/structures/GlxRS-A_AF_Arch_Sulfolobus_islandicus_LAL14_1_gene15298417.pdb
 0.382619  0.901267  0.203275    -2.783761
-0.206310  0.297807 -0.932066    -8.452640
-0.900577  0.314688  0.299887     4.057256
>../../../../class1/glu2//data/domains/Catalytic_domain/structures/GlxRS-A_PDB_Arch_M_thermau_3AII.pdb
-0.170952  0.363136  0.915919   -76.101121
-0.880218  0.361405 -0.307575    -0.801267
-0.442710 -0.858789  0.257856    23.610790
>../../../../class1/trp//data/domains/Catalytic_domain/structures/TrpRS_AF_Arch_Natrialba_magadii_ATCC_43099_gene8824932.pdb
-0.224671 -0.762193  0.607112    -2.821689
-0.809732 -0.200571 -0.551458    -2.218786
 0.542086 -0.615494 -0.572109    -2.614474
>../../../../class1/trp//data/domains/Catalytic_domain/structures/TrpRS_AF_Arch_Nitrosopumilus_maritimus_SCM1_gene5773245.pdb
-0.154800 -0.682534  0.714272    -4.770807
-0.746571 -0.392697 -0.537048    -2.045369
 0.647046 -0.616390 -0.448771    -1.575610
>../../../../class1/trp//data/domains/Catalytic_domain/structures/TrpRS_AF_Arch_Sulfolobus_islandicus_M1627_gene7814138.pdb
-0.011102 -0.200307 -0.979670    -3.968155
 0.781151 -0.613365  0.116558     1.511823
-0.624243 -0.763977  0.163280    -2.405913
>../../../../class1/trp//data/domains/Catalytic_domain/structures/TrpRS_AF_Arch_Thermoplasma_acidophilum_DSM_1728_gene1456706.pdb
-0.023934  0.842702  0.537849    -2.531459
 0.679649 -0.380832  0.626932    -2.914971
 0.733147  0.380553 -0.563627    -7.328919
>../../../../class1/trp//data/domains/Catalytic_domain/structures/TrpRS_AF_Bact_Anoxybacillus_flavithermus_WK1_gene7038388.pdb
-0.206003  0.075018 -0.975672    -2.465625
 0.495363 -0.851872 -0.170090     4.679827
-0.843907 -0.518350  0.138327    -2.670797
>../../../../class1/trp//data/domains/Catalytic_domain/structures/TrpRS_AF_Bact_Brachyspira_pilosicoli_95_1000_gene56440833.pdb
-0.958934  0.276060 -0.065083     0.856331
 0.093583  0.524575  0.846205     0.150026
 0.267744  0.805364 -0.528868    -1.046945
>../../../../class1/trp//data/domains/Catalytic_domain/structures/TrpRS_AF_Bact_Helicobacter_cinaedi_PAGU611_gene66538868.pdb
-0.111620 -0.239178 -0.964539    -1.880915
 0.662561 -0.741305  0.107148     5.384849
-0.740644 -0.627106  0.241215    -1.919702
>../../../../class1/trp//data/domains/Catalytic_domain/structures/TrpRS_AF_Bact_Mycoplasma_hyopneumoniae_168-L_gene57101461.pdb
-0.073191 -0.356282 -0.931507    -0.884792
 0.811108 -0.564729  0.152266     4.811979
-0.580299 -0.744408  0.330317    -0.037943
>../../../../class1/trp//data/domains/Catalytic_domain/structures/TrpRS_AF_Bact_Porphyromonas_gingivalis_ATCC_33277_gene29255389.pdb
 1.000000  0.000000  0.000000     0.000000
 0.000000  1.000000  0.000000     0.000000
 0.000000  0.000000  1.000000     0.000000
>../../../../class1/trp//data/domains/Catalytic_domain/structures/TrpRS_AF_Bact_Prochlorococcus_marinus_subsp_marinus_str_CCMP1375_gene54200405.pdb
 0.112960 -0.559253  0.821265     4.419398
-0.724839 -0.611723 -0.316865    -2.492523
 0.679594 -0.559492 -0.474469     2.645719
>../../../../class1/trp//data/domains/Catalytic_domain/structures/TrpRS_AF_Bact_Streptomyces_albidoflavus_gene15147734.pdb
 0.891807 -0.386383 -0.235348     0.397723
 0.445328  0.841435  0.306056     0.875458
 0.079775 -0.377750  0.922465    -1.391839
>../../../../class1/trp//data/domains/Catalytic_domain/structures/TrpRS_AF_Bact_Thermus_thermophilus_HB8_gene3168998.pdb
 0.081750 -0.122580  0.989086     0.050569
-0.237422 -0.966233 -0.100124     0.190833
 0.967961 -0.226646 -0.108093    -1.012487
>../../../../class1/trp//data/domains/Catalytic_domain/structures/TrpRS_AF_Euk_Cryptococcus_neoformans_var_neoformans_JEC21_gene3254069.pdb
-0.535524  0.372536  0.757912    -2.530844
 0.730968 -0.245007  0.636913    -2.702199
 0.422967  0.895091 -0.141105    -1.748834
>../../../../class1/trp//data/domains/Catalytic_domain/structures/TrpRS_AF_Euk_Cyanidioschyzon_merolae_strain_10D_gene16993299.pdb
-0.034628 -0.233749  0.971680    -3.883959
-0.251633 -0.938901 -0.234832    -2.440486
 0.967203 -0.252638 -0.026307    -1.056768
>../../../../class1/trp//data/domains/Catalytic_domain/structures/TrpRS_AF_Euk_Drosophila_melanogaster_gene45399.pdb
-0.018719 -0.310657  0.950338    -0.260694
-0.567389 -0.779327 -0.265931    -4.805189
 0.823237 -0.544189 -0.161675     2.798287
>../../../../class1/trp//data/domains/Catalytic_domain/structures/TrpRS_AF_Euk_Saccharomyces_cerevisiae_S288C_gene854056.pdb
-0.991352  0.032854  0.127049    -2.122128
 0.079318  0.921305  0.380665    -3.068079
-0.104545  0.387451 -0.915943    -1.891092
>../../../../class1/trp//data/domains/Catalytic_domain/structures/TrpRS_AF_Mito_Bufo_gargarizans_gene122922343.pdb
-0.226677  0.440857  0.868483    -0.041000
 0.310450 -0.812478  0.493457    -0.421875
 0.923168  0.381476  0.047306    -0.198896
>../../../../class1/trp//data/domains/Catalytic_domain/structures/TrpRS_AF_Mito_Cyanidioschyzon_merolae_strain_10D_gene16992222.pdb
-0.892345  0.451325  0.005009    -4.974102
 0.268710  0.522303  0.809317     2.389889
 0.362649  0.723536 -0.587351    -2.495966
>../../../../class1/trp//data/domains/Catalytic_domain/structures/TrpRS_AF_Vir_Megavirus_chiliensis_gene11257301.pdb
-0.209174 -0.614650  0.760560    -3.110993
-0.590218 -0.540764 -0.599347    -1.649016
 0.779672 -0.574264 -0.249664    -2.451260
>../../../../class1/trp//data/domains/Catalytic_domain/structures/TrpRS_PDB_Arch_P_hori_3JXE.pdb
-0.226174 -0.940389  0.253994    12.584154
 0.560052  0.087803  0.823792    11.805709
-0.796986  0.328570  0.506808   -47.596793
>../../../../class1/trp//data/domains/Catalytic_domain/structures/TrpRS_PDB_Bact_G_stearo_1I6M.pdb
 0.425912 -0.838033  0.341026   -20.212068
-0.890944 -0.322845  0.319357    43.270399
-0.157533 -0.439853 -0.884145    52.339774
>../../../../class1/trp//data/domains/Catalytic_domain/structures/TrpRS_PDB_Bact_Y_pestis_3N9I.pdb
-0.716298  0.696387 -0.044297   -25.493042
-0.006273  0.057052  0.998352   -19.870198
 0.697766  0.715395 -0.036498   -75.325876
>../../../../class1/trp//data/domains/Catalytic_domain/structures/TrpRS_PDB_Euk_S_Cerevisiae_3KT3.pdb
 0.604788 -0.481225  0.634550   119.189512
 0.325219 -0.578082 -0.748367    47.886861
 0.726955  0.658971 -0.193113    87.571559
