>../../../../class2/phe1//data/domains/Catalytic_domain/structures/PheRS-Bα_AF_Bact_Brachyspira_pilosicoli_95_1000_gene56440383.pdb
 0.095707 -0.988353  0.118317     5.643925
-0.188800 -0.134729 -0.972730     9.453171
 0.977341  0.070759 -0.199496    -5.488436
>../../../../class2/phe1//data/domains/Catalytic_domain/structures/PheRS-Bα_AF_Bact_Chlamydia_psittaci_6BC_gene12243227.pdb
-0.739820 -0.567464 -0.361458     5.821204
-0.390616  0.799696 -0.455967     6.343291
 0.547801 -0.196142 -0.813291    -3.778763
>../../../../class2/phe1//data/domains/Catalytic_domain/structures/PheRS-Bα_AF_Bact_Ferrimonas_balearica_DSM_9799_gene67181906.pdb
 0.274817 -0.507124 -0.816885     3.116312
 0.411045 -0.706081  0.576621     4.960435
-0.869205 -0.494241  0.014407    -3.470411
>../../../../class2/phe1//data/domains/Catalytic_domain/structures/PheRS-Bα_AF_Bact_Mycobacterium_intracellulare_ATCC_13950_gene11909689.pdb
 0.255753  0.836900 -0.483931    -1.392220
-0.682913 -0.197913 -0.703179    -0.903873
-0.684267  0.510323  0.520913    -3.109076
>../../../../class2/phe1//data/domains/Catalytic_domain/structures/PheRS-Bα_AF_Bact_Mycoplasma_capricolum_subsp_capricolum_ATCC_27343_gene23778662.pdb
 0.332296 -0.682593 -0.650881     3.496088
 0.630971 -0.352047  0.691331     8.289002
-0.701039 -0.640413  0.313712    -3.147626
>../../../../class2/phe1//data/domains/Catalytic_domain/structures/PheRS-Bα_AF_Bact_Porphyromonas_gingivalis_ATCC_33277_gene29256875.pdb
-0.434653 -0.879972 -0.191641     6.325973
-0.114349  0.264995 -0.957446     7.294767
 0.893309 -0.394243 -0.215804    -8.283399
>../../../../class2/phe1//data/domains/Catalytic_domain/structures/PheRS-Bα_AF_Bact_Prochlorococcus_marinus_subsp_marinus_str_CCMP1375_gene54200681.pdb
 1.000000  0.000000  0.000000     0.000000
 0.000000  1.000000  0.000000     0.000000
 0.000000  0.000000  1.000000     0.000000
>../../../../class2/phe1//data/domains/Catalytic_domain/structures/PheRS-Bα_AF_Bact_Staphylococcus_argenteus_gene66839332.pdb
 0.856960 -0.470605 -0.210119     6.170441
 0.505159  0.686184  0.523418     4.390012
-0.102143 -0.554692  0.825763     0.259967
>../../../../class2/phe1//data/domains/Catalytic_domain/structures/PheRS-Bα_PDB_Bact.A_E_coli_3PCO.pdb
 0.801025 -0.414064  0.432331    -0.756274
 0.588438  0.677333 -0.441544    47.611679
-0.110004  0.608088  0.786211   -55.339842
>../../../../class2/phe1//data/domains/Catalytic_domain/structures/PheRS-Bα_PDB_Bact.A_T_thermophilus_1PYS.pdb
 0.726429 -0.022751  0.686865   -14.163254
-0.638820 -0.390868  0.662670    29.743653
 0.253398 -0.920165 -0.298471    41.815279
>../../../../class2/phe3//data/domains/Catalytic_domain/structures/PheRS-Aα_AF_Arch_Candidatus_Nitrosopumilus_koreensis_AR1_gene13724458.pdb
 0.537904 -0.108020 -0.836057     8.950301
 0.811921 -0.200451  0.548274     0.672626
-0.226813 -0.973730 -0.020119   -10.844395
>../../../../class2/phe3//data/domains/Catalytic_domain/structures/PheRS-Aα_AF_Arch_Haloterrigena_turkmenica_DSM_5511_gene8744248.pdb
 0.826984  0.380396 -0.414001     2.039479
-0.286593  0.918727  0.271672     8.814460
 0.483697 -0.106019  0.868791    -5.294458
>../../../../class2/phe3//data/domains/Catalytic_domain/structures/PheRS-Aα_AF_Arch_Thermoplasma_volcanium_GSS1_gene1441177.pdb
-0.294109 -0.486709  0.822566     2.327267
 0.017565 -0.863237 -0.504493     9.819261
 0.955610 -0.133928  0.262435    -3.680817
>../../../../class2/phe3//data/domains/Catalytic_domain/structures/PheRS-Aα_AF_Arch_Thermosphaera_aggregans_DSM_11486_gene9165306.pdb
 0.841968 -0.243906 -0.481248    -1.923184
 0.483295 -0.055535  0.873694    14.407615
-0.239825 -0.968208  0.071120    -3.687701
>../../../../class2/phe3//data/domains/Catalytic_domain/structures/PheRS-Aα_AF_Euk_Cyanidioschyzon_merolae_strain_10D_gene16993638.pdb
-0.829476 -0.312225  0.463126    -4.918859
-0.551330  0.324861 -0.768441     3.168054
 0.089475 -0.892738 -0.441603    -5.110610
>../../../../class2/phe3//data/domains/Catalytic_domain/structures/PheRS-Aα_AF_Euk_Megalobrama_amblycephala_gene125266654.pdb
-0.340804 -0.004005  0.940126    -2.856865
 0.886394 -0.334617  0.319901    14.051307
 0.313301  0.942346  0.117589    -6.828310
>../../../../class2/phe3//data/domains/Catalytic_domain/structures/PheRS-Aα_AF_Euk_Plasmodium_falciparum_3D7_gene813233.pdb
 0.458676 -0.067853 -0.886009    -6.425010
-0.264344 -0.962359 -0.063148    10.416089
-0.848374  0.263175 -0.459348   -11.831102
>../../../../class2/phe3//data/domains/Catalytic_domain/structures/PheRS-Aα_AF_Euk_Schizosaccharomyces_pombe_gene2543647.pdb
 0.478298  0.446580 -0.756173    -4.160137
-0.861322  0.406540 -0.304713     4.059461
 0.171335  0.797052  0.579097    -6.794864
>../../../../class2/phe3//data/domains/Catalytic_domain/structures/PheRS-Aα_PDB_Euk.B_H_sapiens_3L4G.C.pdb
 0.903611 -0.313359 -0.292050    -5.586169
 0.099083  0.816209 -0.569198  -109.794601
 0.416738  0.485396  0.768583   -52.286758
