>../../../../class1/arg//data/domains/Catalytic_domain/structures/ArgRS_AF_Arch_Candidatus_Korarchaeum_cryptofilum_OPF8_gene6093502.pdb
 0.207653  0.666711 -0.715805    -2.509299
-0.326360 -0.642609 -0.693212     3.238365
-0.922155  0.377557  0.084148    -3.737037
>../../../../class1/arg//data/domains/Catalytic_domain/structures/ArgRS_AF_Arch_Candidatus_Nitrosopumilus_sediminis_gene13697696.pdb
 0.332575  0.870345 -0.363173    -3.641311
-0.685671 -0.041243 -0.726742     1.170483
-0.647495  0.490713  0.583054    -2.725073
>../../../../class1/arg//data/domains/Catalytic_domain/structures/ArgRS_AF_Arch_Desulfurococcus_mucosus_DSM_2162_gene10153309.pdb
 0.406759  0.739390 -0.536516     3.363953
-0.234502 -0.483108 -0.843573     1.051910
-0.882925  0.468945 -0.023120    -3.297771
>../../../../class1/arg//data/domains/Catalytic_domain/structures/ArgRS_AF_Arch_Methanothermococcus_okinawensis_IH1_gene10773248.pdb
 0.289558  0.328032 -0.899195    -4.346441
-0.010231 -0.938326 -0.345601     0.168487
-0.957106  0.109271 -0.268344    -2.554931
>../../../../class1/arg//data/domains/Catalytic_domain/structures/ArgRS_AF_Bact_Anoxybacillus_flavithermus_WK1_gene7039015.pdb
 0.842310  0.456586 -0.286433    -6.568531
-0.527016  0.586260 -0.615266     0.482516
-0.112998  0.669199  0.734441    -4.351846
>../../../../class1/arg//data/domains/Catalytic_domain/structures/ArgRS_AF_Bact_Brachyspira_pilosicoli_95_1000_gene56439668.pdb
-0.060663  0.404615 -0.912473    -5.526091
 0.316597 -0.859154 -0.402021     0.718838
-0.946618 -0.313274 -0.075981     0.469182
>../../../../class1/arg//data/domains/Catalytic_domain/structures/ArgRS_AF_Bact_Chlamydia_psittaci_6BC_gene12242456.pdb
 0.045634  0.685039 -0.727075    -4.810971
-0.181154 -0.710091 -0.680407     2.328430
-0.982395  0.162763  0.091693    -2.123625
>../../../../class1/arg//data/domains/Catalytic_domain/structures/ArgRS_AF_Bact_Corynebacterium_ulcerans_809_gene75260071.pdb
-0.041677  0.459782 -0.887054    -4.857416
 0.161897 -0.872984 -0.460096     0.829109
-0.985927 -0.162786 -0.038054    -0.345492
>../../../../class1/arg//data/domains/Catalytic_domain/structures/ArgRS_AF_Bact_Cupriavidus_taiwanensis_LMG_19424_gene29762022.pdb
 0.111500  0.600681 -0.791675    -3.939268
-0.133376 -0.780390 -0.610903    -0.378609
-0.984773  0.173706 -0.006897    -1.596492
>../../../../class1/arg//data/domains/Catalytic_domain/structures/ArgRS_AF_Bact_Mycoplasma_hyopneumoniae_168-L_gene57100855.pdb
 0.138061  0.645513 -0.751167    -2.375505
-0.287613 -0.699617 -0.654075     1.160055
-0.947744  0.306348  0.089068    -3.641808
>../../../../class1/arg//data/domains/Catalytic_domain/structures/ArgRS_AF_Bact_Prochlorococcus_marinus_subsp_marinus_str_CCMP1375_gene54199571.pdb
 0.969068  0.240586 -0.055002    -1.566166
-0.246683  0.937643 -0.244894    -2.050746
-0.007346  0.250887  0.967989    -0.731543
>../../../../class1/arg//data/domains/Catalytic_domain/structures/ArgRS_AF_Bact_Streptobacillus_moniliformis_DSM_12112_gene29674021.pdb
-0.997497  0.012298  0.069629    -4.683017
 0.050903  0.808388  0.586445     0.616994
-0.049075  0.588522 -0.806991    -0.773184
>../../../../class1/arg//data/domains/Catalytic_domain/structures/ArgRS_AF_Euk_Micromonas_commoda_gene8250062.pdb
-0.153870  0.682995  0.714032    -6.392374
 0.485821 -0.576963  0.656576     2.895241
 0.860408  0.447919 -0.243036    -3.725264
>../../../../class1/arg//data/domains/Catalytic_domain/structures/ArgRS_AF_Euk_Paulinella_chromatophora_gene6481434.pdb
 1.000000  0.000000  0.000000     0.000000
 0.000000  1.000000  0.000000     0.000000
 0.000000  0.000000  1.000000     0.000000
>../../../../class1/arg//data/domains/Catalytic_domain/structures/ArgRS_AF_Euk_Polyodon_spathula_gene121324634.pdb
 0.214046 -0.219462 -0.951851    -7.541748
 0.355186 -0.890249  0.285131     7.116556
-0.909960 -0.399115 -0.112605    -5.994283
>../../../../class1/arg//data/domains/Catalytic_domain/structures/ArgRS_AF_Euk_Thalassiosira_pseudonana_CCMP1335_gene7449555.pdb
-0.988726 -0.108780  0.102898    -8.793275
-0.075357  0.955311  0.285837    -0.645007
-0.129393  0.274861 -0.952738    -6.542763
>../../../../class1/arg//data/domains/Catalytic_domain/structures/ArgRS_AF_Mito_Caenorhabditis_elegans_gene174023.pdb
 0.901294 -0.429265 -0.058312    -0.303358
 0.430900  0.874459  0.222816    -1.074750
-0.044655 -0.225950  0.973115    -5.328488
>../../../../class1/arg//data/domains/Catalytic_domain/structures/ArgRS_AF_Mito_Saccharomyces_cerevisiae_S288C_gene851942.pdb
-0.228203 -0.711538  0.664558    -6.468185
-0.594316 -0.438843 -0.673948     1.513099
 0.771176 -0.548754 -0.322733    -0.774774
>../../../../class1/arg//data/domains/Catalytic_domain/structures/ArgRS_AF_Vir_Megavirus_chiliensis_gene11257368.pdb
-0.798846 -0.584815  0.140844    -7.807708
-0.587735  0.708957 -0.389805    -2.926224
 0.128111 -0.394173 -0.910063    -1.499685
>../../../../class1/arg//data/domains/Catalytic_domain/structures/ArgRS_PDB_Arch_2ZUF.pdb
 0.953155 -0.132312 -0.272010   -15.703494
 0.028332 -0.856253  0.515780   -16.491214
-0.301153 -0.499324 -0.812393    27.281106
>../../../../class1/arg//data/domains/Catalytic_domain/structures/ArgRS_PDB_Bact_1IQ0.pdb
-0.367131 -0.193520 -0.909816    13.374021
-0.088434  0.980950 -0.172966   -66.289898
 0.925956  0.016958 -0.377251   -12.304653
>../../../../class1/arg//data/domains/Catalytic_domain/structures/ArgRS_PDB_Euk_S_cerevisiae_1BS2.pdb
 0.672638  0.141420 -0.726332   -57.659107
 0.034818  0.974432  0.221970   -70.205135
 0.739152 -0.174595  0.650516    -6.780313
>../../../../class1/glu1//data/domains/Catalytic_domain/structures/GluRS-B_AF_Bact_Chlamydia_psittaci_6BC_gene12242467.pdb
-0.107457 -0.217278 -0.970177    13.712722
-0.994120  0.036598  0.101912    -0.831912
 0.013363  0.975423 -0.219934    -6.018484
>../../../../class1/glu1//data/domains/Catalytic_domain/structures/GluRS-B_AF_Bact_[Eubacterium]_eligens_ATCC_27750_gene41357084.pdb
-0.608069 -0.314816 -0.728795     5.588072
-0.788759  0.343715  0.509627    -4.094872
 0.090059  0.884732 -0.457316    -2.661226
>../../../../class1/glu1//data/domains/Catalytic_domain/structures/GluRS-B_AF_Bact_Porphyromonas_gingivalis_ATCC_33277_gene29255772.pdb
-0.688951  0.506313 -0.518646     7.661962
 0.447172 -0.266231 -0.853908    -4.939467
-0.570424 -0.820224 -0.042989    -2.196899
>../../../../class1/glu1//data/domains/Catalytic_domain/structures/GluRS-B_AF_Bact_Treponema_pallidum_subsp_pertenue_str_SamoaD_gene57879197.pdb
-0.437718 -0.560583 -0.702958     7.903595
-0.896928  0.217781  0.384827    -6.696705
-0.062637  0.798948 -0.598129    -1.313005
>../../../../class1/glu1//data/domains/Catalytic_domain/structures/GluRS-B_AF_Euk_Cryptococcus_neoformans_var_grubii_H99_gene23890400.pdb
-0.591225  0.754439 -0.285089     6.041554
 0.261766 -0.154845 -0.952629    -7.259808
-0.762845 -0.637844 -0.105938    -0.441163
>../../../../class1/glu1//data/domains/Catalytic_domain/structures/GluRS-B_AF_Mito_Drosophila_melanogaster_gene39828.pdb
 0.618725 -0.625280  0.475609     8.052465
 0.783669  0.448732 -0.429538    -6.886998
 0.055161  0.638486  0.767654    -5.714570
>../../../../class1/glu1//data/domains/Catalytic_domain/structures/GluRS-B_PDB_Bact_T_therm_1J09.pdb
-0.693320  0.710873 -0.118181    14.823105
 0.139712 -0.028287 -0.989788    -5.018337
-0.706957 -0.702751 -0.079706    47.533338
>../../../../class1/glu1//data/domains/Catalytic_domain/structures/GlxRS-B_AF_Bact_Bifidobacterium_animalis_subsp_lactis_BLC1_gene66532600.pdb
-0.245075 -0.826064 -0.507501     6.626026
-0.966834  0.247065  0.064740    -6.220367
 0.071906  0.506535 -0.859216    -2.635824
>../../../../class1/glu1//data/domains/Catalytic_domain/structures/GlxRS-B_AF_Bact_Mycoplasma_hyopneumoniae_168-L_gene57101016.pdb
-0.605605 -0.440615 -0.662647     7.549423
-0.794002  0.279182  0.540016    -4.552591
-0.052940  0.853180 -0.518923    -3.183180
>../../../../class1/glu1//data/domains/Catalytic_domain/structures/GlxRS-B_AF_Bact_Paracoccus_denitrificans_PD1222_gene75500422.pdb
-0.674220 -0.324345 -0.663496     6.214301
-0.738529  0.297768  0.604904    -3.321187
 0.001371  0.897850 -0.440300    -2.405185
>../../../../class1/glu1//data/domains/Catalytic_domain/structures/GlxRS-B_AF_Bact_Prochlorococcus_marinus_subsp_marinus_str_CCMP1375_gene54199839.pdb
 0.221963  0.844164  0.487976     6.447260
 0.237894  0.438451 -0.866699    -4.852693
-0.945589  0.308461 -0.103501    -2.740021
>../../../../class1/glu1//data/domains/Catalytic_domain/structures/GlxRS-B_AF_Euk_Arabidopsis_thaliana_gene836526.pdb
 0.615433 -0.589731  0.522935    12.253029
 0.781656  0.541904 -0.308794    -6.294904
-0.101275  0.598797  0.794472    -2.021095
>../../../../class1/glu1//data/domains/Catalytic_domain/structures/GlxRS-B_AF_Euk_Ostreococcus_tauri_proteinOUS48355.1.pdb
 0.096010 -0.995267  0.014991    10.237722
 0.978971  0.091693 -0.182229    -3.082427
 0.179992  0.032172  0.983142     0.719253
>../../../../class1/glu1//data/domains/Catalytic_domain/structures/GlxRS-B_AF_Euk_Plasmodium_knowlesi_strain_H_gene7321821.pdb
-0.337110 -0.615002 -0.712832     8.585992
-0.936470  0.141147  0.321096    -5.000453
-0.096860  0.775790 -0.623513    -2.657026
>../../../../class1/glu1//data/domains/Catalytic_domain/structures/GlxRS-B_AF_Mito_Cyanidioschyzon_merolae_strain_10D_gene16997617.pdb
 0.152222 -0.988220 -0.015806     8.343971
 0.972420  0.152609 -0.176381    -5.037679
 0.176716  0.011479  0.984195     0.553969
>../../../../class1/glu1//data/domains/Catalytic_domain/structures/GlxRS-B_PDB_Bact_S_elong_2CFO.pdb
 0.054705  0.910408  0.410079     1.748181
-0.567383  0.366289 -0.737502    36.337699
-0.821635 -0.192327  0.536587   -31.958307
