>../../../../class2/ala//data/domains/Catalytic_domain/structures/AlaRS_AF_Arch_Candidatus_Korarchaeum_cryptofilum_OPF8_gene6094822.pdb
 0.482691  0.146534  0.863445    22.955838
 0.385213  0.849890 -0.359579    29.280941
-0.786524  0.506176  0.353788     7.488549
>../../../../class2/ala//data/domains/Catalytic_domain/structures/AlaRS_AF_Arch_Candidatus_Nitrosopumilus_koreensis_AR1_gene13725795.pdb
-0.820618  0.268895 -0.504263    18.120591
-0.273642 -0.959540 -0.066355    31.670016
-0.501703  0.083536  0.860997    10.268964
>../../../../class2/ala//data/domains/Catalytic_domain/structures/AlaRS_AF_Arch_Sulfolobus_islandicus_YG5714_gene7807284.pdb
 0.627403 -0.320786  0.709550    24.430381
 0.747384 -0.007724 -0.664348    31.568067
 0.218594  0.947120  0.234905    10.232361
>../../../../class2/ala//data/domains/Catalytic_domain/structures/AlaRS_AF_Arch_Thermoplasma_acidophilum_DSM_1728_gene1456391.pdb
-0.810987  0.264594 -0.521815    19.496705
-0.264245 -0.961392 -0.076808    31.294152
-0.521991  0.075597  0.849594     9.054570
>../../../../class2/ala//data/domains/Catalytic_domain/structures/AlaRS_AF_Bact_Brucella_melitensis_bv_1_str_16M_gene29593597.pdb
-0.845022 -0.430051 -0.317795    11.066793
 0.260442 -0.850052  0.457801    28.744244
-0.467021  0.304084  0.830316     5.723765
>../../../../class2/ala//data/domains/Catalytic_domain/structures/AlaRS_AF_Bact_Chlamydia_psittaci_6BC_gene12242512.pdb
-0.632911  0.420053 -0.650369    16.208492
 0.748644  0.546187 -0.375782    27.500809
 0.197375 -0.724731 -0.660158     8.402176
>../../../../class2/ala//data/domains/Catalytic_domain/structures/AlaRS_AF_Bact_Lactobacillus_acidophilus_La-14_gene56942022.pdb
-0.185842 -0.942647 -0.277271    17.660243
 0.376607  0.192301 -0.906194    22.766243
 0.907541 -0.272831  0.319270    15.522050
>../../../../class2/ala//data/domains/Catalytic_domain/structures/AlaRS_AF_Bact_Nocardia_farcinica_IFM_10152_gene61134339.pdb
-0.497080 -0.399287 -0.770378    16.307344
 0.514617  0.579175 -0.632239    25.823970
 0.698628 -0.710722 -0.082417     9.287116
>../../../../class2/ala//data/domains/Catalytic_domain/structures/AlaRS_AF_Bact_Porphyromonas_gingivalis_ATCC_33277_gene29256567.pdb
-0.645674  0.226484 -0.729253    17.462286
 0.691768  0.577893 -0.433009    27.892896
 0.323361 -0.784056 -0.529805     9.670060
>../../../../class2/ala//data/domains/Catalytic_domain/structures/AlaRS_AF_Bact_Prochlorococcus_marinus_subsp_marinus_str_CCMP1375_gene54199407.pdb
-0.099098  0.994849 -0.021328    17.017661
-0.624301 -0.045468  0.779860    24.597493
 0.774873  0.090598  0.625591     8.037682
>../../../../class2/ala//data/domains/Catalytic_domain/structures/AlaRS_AF_Bact_Streptobacillus_moniliformis_DSM_12112_gene29672963.pdb
-0.571776  0.575730 -0.584471    17.491872
 0.820174  0.418231 -0.390382    23.045706
 0.019689 -0.702579 -0.711333    10.021064
>../../../../class2/ala//data/domains/Catalytic_domain/structures/AlaRS_AF_Bact_Treponema_pallidum_subsp_pertenue_str_SamoaD_gene57879528.pdb
 0.692866  0.513485  0.506231    20.486254
 0.677308 -0.222613 -0.701212    34.566538
-0.247368  0.828720 -0.502028    19.553976
>../../../../class2/ala//data/domains/Catalytic_domain/structures/AlaRS_AF_Euk_Cyanidioschyzon_merolae_strain_10D_gene16993235.pdb
 0.635072  0.088235  0.767397    24.611652
 0.760814 -0.243259 -0.601654    24.053649
 0.133589  0.965940 -0.221618     7.576752
>../../../../class2/ala//data/domains/Catalytic_domain/structures/AlaRS_AF_Euk_Marasmius_oreades_gene66078979.pdb
-0.860171  0.058948 -0.506588    20.780173
-0.046730 -0.998229 -0.036811    24.877236
-0.507861 -0.007991  0.861402     9.102563
>../../../../class2/ala//data/domains/Catalytic_domain/structures/AlaRS_AF_Euk_Plasmodium_berghei_ANKA_gene55150801.pdb
-0.758515 -0.290344 -0.583400    15.168105
 0.493040  0.329699 -0.805115    25.160842
 0.426106 -0.898331 -0.106930    12.062481
>../../../../class2/ala//data/domains/Catalytic_domain/structures/AlaRS_AF_Euk_Saccharomyces_cerevisiae_S288C_gene854513.pdb
-0.667519  0.480593 -0.568726    21.305576
-0.588847 -0.808203  0.008177    29.658918
-0.455716  0.340351  0.822487     7.435788
>../../../../class2/ala//data/domains/Catalytic_domain/structures/AlaRS_PDB_Bact_E_coli_3HXV.pdb
 1.000000 -0.000000  0.000000     0.000000
 0.000000  1.000000  0.000000     0.000000
-0.000000  0.000000  1.000000     0.000000
>../../../../class2/pro3//data/domains/Catalytic_domain/structures/ProRS-M_AF_Euk_Candida_albicans_SC5314_gene3640100.pdb
-0.008831 -0.204048 -0.978921    20.709621
 0.689352 -0.710401  0.141859    49.031915
-0.724372 -0.673569  0.146934    30.441302
>../../../../class2/pro3//data/domains/Catalytic_domain/structures/ProRS-M_AF_Mito_Drosophila_melanogaster_gene38331.pdb
-0.164923  0.722858  0.671026    14.371558
 0.535355 -0.505792  0.676439    46.332511
 0.828369  0.470798 -0.303569    31.486314
>../../../../class2/pro3//data/domains/Catalytic_domain/structures/ProRS-M_AF_Mito_Mauremys_reevesii_gene120369760.pdb
 0.951652 -0.201283  0.232043    19.540459
 0.209377  0.977778 -0.010534    45.947776
-0.224766  0.058609  0.972649    31.848901
>../../../../class2/pro3//data/domains/Catalytic_domain/structures/ProRS-M_AF_Mito_Schizosaccharomyces_pombe_gene2540642.pdb
-0.318569 -0.064787 -0.945683    16.378180
 0.511573 -0.851645 -0.113987    47.475217
-0.798002 -0.520099  0.304452    31.128175
