>structures/LysRS-I_AF_Arch_Candidatus_Bathyarchaeota_archaeon_proteinRJS75864.1.pdb
 1.000000  0.000000  0.000000     0.000000
 0.000000  1.000000  0.000000     0.000000
 0.000000  0.000000  1.000000     0.000000
>structures/LysRS-I_AF_Arch_Candidatus_Nitrosopumilus_koreensis_AR1_gene13726042.pdb
-0.131181  0.107085 -0.985558     2.390508
 0.235900 -0.962221 -0.135948     3.853677
-0.962883 -0.250327  0.100964    -0.070028
>structures/LysRS-I_AF_Arch_Ferroplasma_acidarmanus_Fer1_gene16025146.pdb
 0.994655 -0.085841  0.057376     3.448467
 0.081543  0.993959  0.073462     0.433213
-0.063336 -0.068391  0.995646     3.058487
>structures/LysRS-I_AF_Arch_Halorubrum_lacusprofundi_ATCC_49239_gene7400505.pdb
-0.642026 -0.750531  0.156544    -0.857284
-0.718858  0.518309 -0.463247    -2.345857
 0.266543 -0.409950 -0.872294     1.362092
>structures/LysRS-I_AF_Bact_Cereibacter_sphaeroides_KD131_gene67447319.pdb
-0.976844  0.135393 -0.165665     0.261544
 0.059300  0.915300  0.398382     3.970059
 0.205571  0.379333 -0.902134     4.151871
>structures/LysRS-I_AF_Bact_Cyanobacteria_bacterium_J007_proteinRMH73500.1.pdb
 0.929033  0.365267 -0.058972    -0.693843
-0.353681  0.829905 -0.431471    -0.907735
-0.108661  0.421708  0.900197    -0.898198
>structures/LysRS-I_AF_Bact_Streptomyces_albidoflavus_gene15147364.pdb
 0.107096  0.126908 -0.986116    -2.089415
 0.267633 -0.958892 -0.094338     1.955436
-0.957550 -0.253814 -0.136658     0.582150
>structures/LysRS-I_AF_Bact_Treponema_denticola_ATCC_35405_gene2739918.pdb
 0.171114  0.080015 -0.981997    -2.082966
 0.212551 -0.976225 -0.042507     2.088866
-0.962051 -0.201451 -0.184053     0.479877
>structures/LysRS-I_PDB_Arch_P_hori_1IRX.pdb
 0.427800 -0.780035  0.456653   -23.263939
-0.896789 -0.303167  0.322271    30.442716
-0.112941 -0.547389 -0.829222    85.318149
