>structures/LeuRS-B_AF_Bact_Bifidobacterium_longum_subsp_longum_JCM_1217_gene69578373.pdb
-0.408281 -0.669187  0.620883    -6.402869
-0.866269  0.069515 -0.494718     3.115493
 0.287898 -0.739836 -0.608077    -0.836236
>structures/LeuRS-B_AF_Bact_Brachyspira_pilosicoli_95_1000_gene56439070.pdb
 0.125941 -0.250140  0.959984    -3.961924
-0.445910 -0.878696 -0.170459     4.192649
 0.886173 -0.406599 -0.222204    -3.252322
>structures/LeuRS-B_AF_Bact_Chlamydia_psittaci_6BC_gene12243068.pdb
-0.055588  0.246932 -0.967437    -3.287604
 0.213683 -0.943543 -0.253111     4.151642
-0.975320 -0.220795 -0.000316    -1.876845
>structures/LeuRS-B_AF_Bact_Clostridium_botulinum_A_str_ATCC_3502_gene5187707.pdb
 0.988971 -0.131300 -0.068534    -6.088781
 0.130512  0.991320 -0.015875     0.258307
 0.070024  0.006756  0.997522    -3.570872
>structures/LeuRS-B_AF_Bact_Mycoplasma_hyopneumoniae_168-L_gene57101518.pdb
-0.606930  0.592354  0.529861    -6.141132
 0.637839 -0.034685  0.769388     3.331534
 0.474129  0.804931 -0.356775    -2.151305
>structures/LeuRS-B_AF_Bact_Orientia_tsutsugamushi_str_Ikeda_gene66652454.pdb
 0.025892  0.456700 -0.889244    -4.044006
 0.088599 -0.887090 -0.453014     2.639658
-0.995731 -0.067057 -0.063432    -1.692608
>structures/LeuRS-B_AF_Bact_Porphyromonas_gingivalis_ATCC_33277_gene29256038.pdb
-0.117920 -0.405035  0.906665    -3.701992
-0.638212 -0.668583 -0.381682     3.890125
 0.760776 -0.623653 -0.179659    -1.502730
>structures/LeuRS-B_AF_Bact_Thermus_thermophilus_HB8_gene3168656.pdb
 1.000000 -0.000000  0.000000     0.000000
 0.000000  1.000000  0.000000     0.000000
-0.000000  0.000000  1.000000     0.000000
>structures/LeuRS-B_AF_Euk_Bathycoccus_prasinos_gene19015540.pdb
-0.114245  0.101515 -0.988252    -4.914094
 0.136311 -0.983755 -0.116811     3.627191
-0.984057 -0.148055  0.098552    -0.934403
>structures/LeuRS-B_AF_Euk_Klebsormidium_nitens_protein971510658.pdb
-0.749269  0.479179  0.457146    -4.473485
 0.590194  0.169981  0.789163     2.960668
 0.300444  0.861100 -0.410170    -1.084883
>structures/LeuRS-B_AF_Euk_Plasmodium_falciparum_3D7_gene2655460.pdb
-0.443131 -0.791211  0.421449    -1.652104
-0.852274  0.226058 -0.471727    -1.392159
 0.277964 -0.568227 -0.774502    -1.633129
>structures/LeuRS-B_AF_Euk_Thalassiosira_pseudonana_CCMP1335_gene7441753.pdb
 0.044191 -0.410973  0.910576    -1.778440
-0.483823 -0.806250 -0.340407     0.844621
 0.874050 -0.425514 -0.234467     1.920417
>structures/LeuRS-B_AF_Mito_Drosophila_melanogaster_gene38581.pdb
-0.356313  0.484390  0.799004    -4.345836
 0.735220 -0.382374  0.559680     3.211961
 0.576622  0.786865 -0.219888    -6.180080
>structures/LeuRS-B_AF_Mito_Homo_sapiens_gene23395.pdb
 0.063093  0.131466 -0.989311    -5.226942
 0.232452 -0.965958 -0.113538     4.001336
-0.970559 -0.222804 -0.091505    -4.103541
>structures/LeuRS-B_PDB_Bact_T_therm_2V0C.pdb
-0.561953 -0.032323 -0.826538    23.303718
-0.784401  0.337972  0.520087    20.176391
 0.262536  0.940601 -0.215278    29.925056
