>../../../../class1/arg//data/domains/Catalytic_domain/structures/ArgRS_AF_Arch_Candidatus_Korarchaeum_cryptofilum_OPF8_gene6093502.pdb
 0.942542 -0.167506 -0.289061     1.396039
 0.282429  0.861683  0.421587    -2.495530
 0.178460 -0.479003  0.859481    -2.372265
>../../../../class1/arg//data/domains/Catalytic_domain/structures/ArgRS_AF_Arch_Candidatus_Nitrosopumilus_sediminis_gene13697696.pdb
 0.724286 -0.216338 -0.654681     0.184743
 0.681611  0.367866  0.632519    -0.720229
 0.103997 -0.904363  0.413899    -0.761877
>../../../../class1/arg//data/domains/Catalytic_domain/structures/ArgRS_AF_Arch_Desulfurococcus_mucosus_DSM_2162_gene10153309.pdb
 0.967112 -0.221405 -0.125200     2.907546
 0.251063  0.752043  0.609425     1.684923
-0.040774 -0.620815  0.782896    -7.106688
>../../../../class1/arg//data/domains/Catalytic_domain/structures/ArgRS_AF_Arch_Methanothermococcus_okinawensis_IH1_gene10773248.pdb
 1.000000  0.000000  0.000000     0.000000
 0.000000  1.000000  0.000000     0.000000
 0.000000  0.000000  1.000000     0.000000
>../../../../class1/arg//data/domains/Catalytic_domain/structures/ArgRS_AF_Bact_Anoxybacillus_flavithermus_WK1_gene7039015.pdb
 0.350025 -0.484650 -0.801622     0.705015
 0.774503 -0.331621  0.538677    -1.495646
-0.526904 -0.809409  0.259287     2.090213
>../../../../class1/arg//data/domains/Catalytic_domain/structures/ArgRS_AF_Bact_Brachyspira_pilosicoli_95_1000_gene56439668.pdb
 0.884298  0.403218 -0.235442    -3.338575
-0.403043  0.913753  0.051102    -1.020810
 0.235742  0.049704  0.970544    -0.727835
>../../../../class1/arg//data/domains/Catalytic_domain/structures/ArgRS_AF_Bact_Chlamydia_psittaci_6BC_gene12242456.pdb
 0.955446  0.047569 -0.291309    -0.685667
 0.077469  0.911916  0.402998    -2.186045
 0.284819 -0.407610  0.867601    -0.420919
>../../../../class1/arg//data/domains/Catalytic_domain/structures/ArgRS_AF_Bact_Corynebacterium_ulcerans_809_gene75260071.pdb
 0.917576  0.294226 -0.267367    -2.524339
-0.272602  0.955160  0.115572    -0.642748
 0.289383 -0.033161  0.956639    -1.108143
>../../../../class1/arg//data/domains/Catalytic_domain/structures/ArgRS_AF_Bact_Cupriavidus_taiwanensis_LMG_19424_gene29762022.pdb
 0.964476  0.016901 -0.263628    -0.964123
 0.062286  0.955267  0.289113     0.382258
 0.256722 -0.295263  0.920279    -1.040066
>../../../../class1/arg//data/domains/Catalytic_domain/structures/ArgRS_AF_Bact_Mycoplasma_hyopneumoniae_168-L_gene57100855.pdb
 0.931450 -0.085637 -0.353649     1.321755
 0.220493  0.905983  0.361355    -0.483912
 0.289455 -0.414561  0.862760    -2.503695
>../../../../class1/arg//data/domains/Catalytic_domain/structures/ArgRS_AF_Bact_Prochlorococcus_marinus_subsp_marinus_str_CCMP1375_gene54199571.pdb
 0.292641 -0.181641 -0.938812    -0.916760
 0.551542 -0.769954  0.320894     3.253930
-0.781129 -0.611701 -0.125137    -2.152615
>../../../../class1/arg//data/domains/Catalytic_domain/structures/ArgRS_AF_Bact_Streptobacillus_moniliformis_DSM_12112_gene29674021.pdb
-0.236593 -0.560577  0.793585    -1.791183
-0.378800 -0.698924 -0.606643    -0.567855
 0.894726 -0.444137 -0.046986    -0.154316
>../../../../class1/arg//data/domains/Catalytic_domain/structures/ArgRS_AF_Euk_Micromonas_commoda_gene8250062.pdb
-0.873403 -0.225890  0.431440     0.590051
-0.411964  0.815161 -0.407182    -3.426252
-0.259715 -0.533372 -0.805023     1.247235
>../../../../class1/arg//data/domains/Catalytic_domain/structures/ArgRS_AF_Euk_Paulinella_chromatophora_gene6481434.pdb
 0.289558 -0.010231 -0.957106    -1.185069
 0.328032 -0.938326  0.109271     1.863047
-0.899195 -0.345601 -0.268344    -4.535667
>../../../../class1/arg//data/domains/Catalytic_domain/structures/ArgRS_AF_Euk_Polyodon_spathula_gene121324634.pdb
 0.925613  0.337205 -0.171853     2.235505
-0.369851  0.709552 -0.599789    -7.986621
-0.080313  0.618732  0.781486     1.418257
>../../../../class1/arg//data/domains/Catalytic_domain/structures/ArgRS_AF_Euk_Thalassiosira_pseudonana_CCMP1335_gene7449555.pdb
-0.159895 -0.306884  0.938219     2.531833
-0.277746 -0.898064 -0.341084    -1.271681
 0.947254 -0.315124  0.058360     5.430187
>../../../../class1/arg//data/domains/Catalytic_domain/structures/ArgRS_AF_Mito_Caenorhabditis_elegans_gene174023.pdb
 0.303583  0.098644 -0.947685     3.608289
-0.113609 -0.983783 -0.138796     1.967054
-0.946007  0.149802 -0.287453    -2.561760
>../../../../class1/arg//data/domains/Catalytic_domain/structures/ArgRS_AF_Mito_Saccharomyces_cerevisiae_S288C_gene851942.pdb
-0.806369  0.319426  0.497730    -2.449348
 0.555021  0.118065  0.823415    -2.094505
 0.204256  0.940227 -0.272493     0.960402
>../../../../class1/arg//data/domains/Catalytic_domain/structures/ArgRS_AF_Vir_Megavirus_chiliensis_gene11257368.pdb
-0.343051  0.206896  0.916248    -1.917454
 0.307349 -0.897022  0.317628     1.853251
 0.887611  0.390570  0.244135     4.078964
>../../../../class1/arg//data/domains/Catalytic_domain/structures/ArgRS_PDB_Arch_2ZUF.pdb
 0.575615  0.437556  0.690805   -31.997151
 0.257436  0.704869 -0.660973    14.934792
-0.776141  0.558304  0.293090     7.527435
>../../../../class1/arg//data/domains/Catalytic_domain/structures/ArgRS_PDB_Bact_1IQ0.pdb
-0.993723 -0.071287  0.086216    14.257331
 0.055936 -0.984040 -0.168930    67.152661
 0.096882 -0.163047  0.981850     9.110401
>../../../../class1/arg//data/domains/Catalytic_domain/structures/ArgRS_PDB_Euk_S_cerevisiae_1BS2.pdb
-0.506999  0.220655 -0.833225   -12.879064
 0.249894 -0.887532 -0.387091    48.418801
-0.824927 -0.404473  0.394838    72.500368
>../../../../class1/cys//data/domains/Catalytic_domain/structures/CysRS_AF_Arch_Aciduliprofundum_boonei_T469_gene8827372.pdb
-0.015501  0.269532 -0.962867     2.564995
-0.781306 -0.604195 -0.156552    -2.307284
-0.623955  0.749867  0.219953    -8.034477
>../../../../class1/cys//data/domains/Catalytic_domain/structures/CysRS_AF_Arch_Candidatus_Nitrosopumilus_sediminis_gene13696907.pdb
-0.061630 -0.150121 -0.986745     4.104859
-0.651513 -0.742901  0.153716     5.103564
-0.756130  0.652351 -0.052020    -4.822409
>../../../../class1/cys//data/domains/Catalytic_domain/structures/CysRS_AF_Arch_Methanospirillum_hungatei_JF-1_gene3922979.pdb
 0.910774 -0.258786 -0.321747     7.449276
 0.342955  0.040176  0.938492    -2.804126
-0.229942 -0.965099  0.125344    -5.530044
>../../../../class1/cys//data/domains/Catalytic_domain/structures/CysRS_AF_Arch_Pyrobaculum_ferrireducens_gene11593896.pdb
 0.999288 -0.005190 -0.037379     4.194725
 0.036170  0.414231  0.909453     1.900164
 0.010763 -0.910157  0.414123    -3.284789
>../../../../class1/cys//data/domains/Catalytic_domain/structures/CysRS_AF_Bact_Bordetella_avium_197N_gene41394405.pdb
 0.893539 -0.382916 -0.234445     5.008115
 0.073440 -0.390485  0.917675     1.741423
-0.442939 -0.837196 -0.320792    -4.244844
>../../../../class1/cys//data/domains/Catalytic_domain/structures/CysRS_AF_Bact_Lactobacillus_amylovorus_GRL1118_gene66523130.pdb
 0.941218 -0.248552 -0.228758     4.526048
 0.243585  0.030201  0.969409     0.309994
-0.234040 -0.968148  0.088969    -3.696000
>../../../../class1/cys//data/domains/Catalytic_domain/structures/CysRS_AF_Bact_Mycobacterium_canettii_CIPT_140010059_gene45427568.pdb
-0.159475 -0.647407  0.745273     4.710214
 0.506897 -0.701516 -0.500930     0.745573
 0.847126  0.297891  0.440043    -5.421814
>../../../../class1/cys//data/domains/Catalytic_domain/structures/CysRS_AF_Bact_Mycoplasma_hyopneumoniae_168-L_gene57101512.pdb
 0.993338 -0.062516 -0.096810     6.567951
 0.107761  0.206170  0.972564     0.520434
-0.040841 -0.976517  0.211533    -5.004273
>../../../../class1/cys//data/domains/Catalytic_domain/structures/CysRS_AF_Bact_Porphyromonas_gingivalis_ATCC_33277_gene29256960.pdb
 0.091135 -0.079277 -0.992678     3.860597
-0.514873 -0.857005  0.021172     0.983645
-0.852408  0.509174 -0.118921    -9.585012
>../../../../class1/cys//data/domains/Catalytic_domain/structures/CysRS_AF_Bact_Prochlorococcus_marinus_subsp_marinus_str_CCMP1375_gene54200571.pdb
 0.867985  0.496086 -0.022368     5.587529
-0.372517  0.680244  0.631267    -0.222331
 0.328378 -0.539599  0.775243    -5.683462
>../../../../class1/cys//data/domains/Catalytic_domain/structures/CysRS_AF_Bact_Streptobacillus_moniliformis_DSM_12112_gene29673427.pdb
 0.134680  0.492498 -0.859830     2.476690
-0.930860 -0.234550 -0.280153    -4.789465
-0.339648  0.838112  0.426857    -6.326315
>../../../../class1/cys//data/domains/Catalytic_domain/structures/CysRS_AF_Bact_Treponema_pallidum_subsp_pertenue_str_SamoaD_gene57878631.pdb
-0.042593 -0.019001 -0.998912     4.941549
-0.589908 -0.806454  0.040493    -1.296941
-0.806346  0.590991  0.023140    -9.211846
>../../../../class1/cys//data/domains/Catalytic_domain/structures/CysRS_AF_Euk_Arabidopsis_thaliana_gene833874.pdb
 0.996705 -0.038799 -0.071229     2.092485
 0.073864  0.071344  0.994713     3.368988
-0.033512 -0.996697  0.073974    -3.697926
>../../../../class1/cys//data/domains/Catalytic_domain/structures/CysRS_AF_Euk_Cyanidioschyzon_merolae_strain_10D_gene16993418.pdb
 0.764206  0.644489  0.024963    -1.433340
-0.572443  0.659928  0.486625     6.429828
 0.297150 -0.386172  0.873254     0.161888
>../../../../class1/cys//data/domains/Catalytic_domain/structures/CysRS_AF_Euk_Drosophila_melanogaster_gene36784.pdb
 0.597722  0.745926 -0.293808     1.719859
-0.767609  0.638224  0.058717     5.942592
 0.231314  0.190434  0.954059    -6.248536
>../../../../class1/cys//data/domains/Catalytic_domain/structures/CysRS_AF_Euk_Micromonas_commoda_gene8246535.pdb
-0.326875 -0.109451  0.938708     2.165257
 0.795088 -0.568776  0.210546     4.342246
 0.510871  0.815177  0.272941    -3.829735
>../../../../class1/cys//data/domains/Catalytic_domain/structures/CysRS_AF_Mito_Morone_saxatilis_gene118339815.pdb
 0.215484 -0.076468 -0.973509     4.791221
-0.318833 -0.947803  0.003876    -0.509647
-0.922991  0.309552 -0.228617    -1.675331
>../../../../class1/cys//data/domains/Catalytic_domain/structures/CysRS_AF_Mito_Saccharomyces_cerevisiae_S288C_gene855474.pdb
 0.394017  0.330463 -0.857639     1.775595
-0.588005 -0.626544 -0.511559     4.682955
-0.706400  0.705859 -0.052556    -6.107676
>../../../../class1/cys//data/domains/Catalytic_domain/structures/CysRS_AF_Vir_Megavirus_chiliensis_gene11257271.pdb
-0.286074  0.301556  0.909520     5.412824
 0.955755  0.021934  0.293344     6.045164
 0.068510  0.953196 -0.294488    -6.783926
>../../../../class1/cys//data/domains/Catalytic_domain/structures/CysRS_PDB_Bact_E_coli_1LI5.pdb
 0.259118 -0.948212  0.183718    59.874565
 0.922132  0.299451  0.244951  -115.600429
-0.287279  0.105941  0.951970   -43.561816
>../../../../class1/cys//data/domains/Catalytic_domain/structures/CysRS_PDB_Bact_M_smegmatis_3C8Z.pdb
-0.852519  0.120827 -0.508539    18.016268
 0.519339  0.305902 -0.797942   -48.324478
 0.059150 -0.944365 -0.323537   -12.491391
