>structures/GlyRS-E_AF_Arch_Methanosalsum_zhilinae_DSM_4017_gene10821854.pdb
 1.000000  0.000000  0.000000     0.000000
 0.000000  1.000000  0.000000     0.000000
 0.000000  0.000000  1.000000     0.000000
>structures/GlyRS-E_AF_Euk_Cryptococcus_neoformans_var_neoformans_JEC21_gene3258293.pdb
 0.018531 -0.674338  0.738191    -0.750289
-0.621117 -0.586334 -0.520024    -0.835924
 0.783498 -0.448866 -0.429708    -0.329415
>structures/GlyRS-E_AF_Euk_Girardinichthys_multiradiatus_gene124858359.pdb
 0.997798 -0.062071 -0.023375    -0.598395
 0.064841  0.987035  0.146828    -1.635498
 0.013958 -0.148020  0.988886    -1.636334
>structures/GlyRS-E_AF_Euk_Plasmodium_yoelii_gene3801472.pdb
 0.928250  0.371228  0.023283     0.871220
-0.334341  0.860170 -0.385128    -0.944940
-0.162998  0.349710  0.922569     1.156903
>structures/GlyRS-E_AF_Euk_Schizosaccharomyces_pombe_gene2543181.pdb
 0.954353 -0.243925 -0.172369     0.315282
 0.286748  0.909751  0.300214    -0.980816
 0.083583 -0.335937  0.938169    -1.980065
>structures/GlyRS-E_PDB_Euk_H_sapiens_2q5h.pdb
-0.066290 -0.197155 -0.978129  -119.921692
 0.799999 -0.596362  0.065987   -54.017905
-0.596328 -0.778128  0.197257    78.638203
