>../../../../class2/his//data/domains/Catalytic_domain/structures/HisRS_AF_Arch_Candidatus_Methanomassiliicoccus_intestinalis_Issoire-Mx1_gene16154026.pdb
 0.588312 -0.808616 -0.005338    -3.594427
 0.390467  0.289854 -0.873797    -0.323308
 0.708113  0.511981  0.486262    10.902285
>../../../../class2/his//data/domains/Catalytic_domain/structures/HisRS_AF_Arch_Candidatus_Nitrosopumilus_koreensis_AR1_gene13725657.pdb
-0.391248 -0.916909  0.078752    -4.969137
-0.356932  0.230064  0.905357    -2.217287
-0.848248  0.326110 -0.417286     8.035330
>../../../../class2/his//data/domains/Catalytic_domain/structures/HisRS_AF_Arch_Desulfurococcus_amylolyticus_1221n_gene7171287.pdb
-0.681864  0.731215  0.019636    -7.715262
-0.554729 -0.534414  0.637713    -2.921637
 0.476799  0.423941  0.770024     8.017016
>../../../../class2/his//data/domains/Catalytic_domain/structures/HisRS_AF_Arch_Methanoregula_formicica_SMSP_gene14310605.pdb
 0.237962 -0.910538 -0.338076    -5.553801
 0.474323  0.412688 -0.777629    -1.388947
 0.847580  0.024689  0.530093    12.471221
>../../../../class2/his//data/domains/Catalytic_domain/structures/HisRS_AF_Bact_Chlamydia_muridarum_str_Nigg_gene1246198.pdb
 0.023673 -0.907526  0.419328    -6.034809
-0.848712  0.203422  0.488167    -0.147324
-0.528325 -0.367445 -0.765413     7.782761
>../../../../class2/his//data/domains/Catalytic_domain/structures/HisRS_AF_Bact_Lacticaseibacillus_paracasei_gene61269730.pdb
-0.846791 -0.376810 -0.375445   -10.535160
-0.363302 -0.105850  0.925639    -0.415434
-0.388530  0.920223 -0.047263     6.176950
>../../../../class2/his//data/domains/Catalytic_domain/structures/HisRS_AF_Bact_Paracoccus_denitrificans_PD1222_gene75501415.pdb
-0.557068  0.744005  0.368961    -5.035711
-0.617717 -0.668167  0.414703    -2.198114
 0.555069  0.003104  0.831799     8.247346
>../../../../class2/his//data/domains/Catalytic_domain/structures/HisRS_AF_Bact_Prochlorococcus_marinus_subsp_marinus_str_CCMP1375_gene54200127.pdb
-0.350846  0.915610  0.196383    -9.709997
-0.719040 -0.397755  0.569887    -2.415319
 0.599907  0.058735  0.797911    14.358650
>../../../../class2/his//data/domains/Catalytic_domain/structures/HisRS_AF_Bact_Streptobacillus_moniliformis_DSM_12112_gene29674169.pdb
-0.838340 -0.427377 -0.338432   -10.074347
-0.367598 -0.015260  0.929859    -2.121647
-0.402565  0.903945 -0.144310     4.863512
>../../../../class2/his//data/domains/Catalytic_domain/structures/HisRS_AF_Bact_Streptomyces_albidoflavus_gene15149169.pdb
-0.608165 -0.618951 -0.497026    -6.256799
-0.498993 -0.188870  0.845774    -0.785133
-0.617367  0.762383 -0.193988     9.586851
>../../../../class2/his//data/domains/Catalytic_domain/structures/HisRS_AF_Bact_Thermus_thermophilus_HB8_gene3168691.pdb
-0.935860 -0.182341 -0.301526    -9.778395
-0.276752 -0.149323  0.949269     0.578197
-0.218116  0.971830  0.089282     6.754255
>../../../../class2/his//data/domains/Catalytic_domain/structures/HisRS_AF_Bact_Treponema_denticola_ATCC_35405_gene2741405.pdb
 0.488316 -0.257702  0.833749    -6.596555
-0.776108  0.308587  0.549937     0.277445
-0.399004 -0.915622 -0.049316    10.141132
>../../../../class2/his//data/domains/Catalytic_domain/structures/HisRS_AF_Euk_Arabidopsis_thaliana_gene823753.pdb
-0.646094 -0.612080 -0.455982    -6.380484
-0.397470 -0.240202  0.885619    -1.579181
-0.651598  0.753432 -0.088090     8.620888
>../../../../class2/his//data/domains/Catalytic_domain/structures/HisRS_AF_Euk_Cryptococcus_gattii_WM276_gene10186972.pdb
 0.068989  0.997014 -0.034689    -7.550929
 0.764867 -0.075186 -0.639786    -2.094446
-0.640484  0.017606 -0.767770     8.640864
>../../../../class2/his//data/domains/Catalytic_domain/structures/HisRS_AF_Euk_Plasmodium_falciparum_3D7_gene812010.pdb
-0.585058 -0.658942  0.472761     8.248086
 0.290844  0.373685  0.880778    -1.586255
-0.757045  0.652805 -0.026978    12.119445
>../../../../class2/his//data/domains/Catalytic_domain/structures/HisRS_AF_Euk_Platysiphonia_delicata_gene33353157.pdb
-0.831030 -0.399584 -0.386940   -11.974532
-0.385623 -0.087445  0.918503    -1.635132
-0.400855  0.912516 -0.081419     4.767294
>../../../../class2/his//data/domains/Catalytic_domain/structures/HisRS_PDB_Arch_T_acidophilum_1WU7.pdb
 0.006000  0.534382  0.845222   -91.608373
 0.610036  0.667781 -0.426527    -9.015809
-0.792351  0.518175 -0.321985    14.500423
>../../../../class2/his//data/domains/Catalytic_domain/structures/HisRS_PDB_Bact_B_thailandensis_4e51.pdb
 0.849774 -0.183584 -0.494147    11.640786
-0.435057  0.285097 -0.854076    39.625294
 0.297674  0.940753  0.162399    -0.405022
>../../../../class2/his//data/domains/Catalytic_domain/structures/HisRS_PDB_Bact_E_coli_1HTT.pdb
 0.899119 -0.437703 -0.000720    13.337303
-0.291801 -0.600635  0.744372   -13.928583
-0.326246 -0.669069 -0.667765    31.161981
>../../../../class2/thr//data/domains/Catalytic_domain/structures/ThrRS_AF_Arch_Candidatus_Methanomethylophilus_alvus_Mx1201_gene15140074.pdb
 1.000000  0.000000  0.000000     0.000000
 0.000000  1.000000  0.000000     0.000000
 0.000000  0.000000  1.000000     0.000000
>../../../../class2/thr//data/domains/Catalytic_domain/structures/ThrRS_AF_Arch_Candidatus_Nitrosopumilus_koreensis_AR1_gene13725077.pdb
-0.870727  0.339133 -0.356124    -8.146698
-0.364653  0.040614  0.930257    -0.715291
 0.329944  0.939861  0.088302     3.978017
>../../../../class2/thr//data/domains/Catalytic_domain/structures/ThrRS_AF_Arch_Pyrococcus_furiosus_DSM_3638_gene1469226.pdb
-0.828643  0.076610 -0.554511    -6.531299
-0.532865  0.195503  0.823306    -2.177252
 0.171482  0.977706 -0.121180     4.269115
>../../../../class2/thr//data/domains/Catalytic_domain/structures/ThrRS_AF_Arch_Sulfolobus_islandicus_M164_gene7940156.pdb
 0.330253  0.924573 -0.189995    -0.964458
 0.201827 -0.265804 -0.942663     3.945158
-0.922062  0.272972 -0.274386     5.562504
>../../../../class2/thr//data/domains/Catalytic_domain/structures/ThrRS_AF_Bact_Bifidobacterium_longum_subsp_longum_JCM_1217_gene69578309.pdb
-0.360449 -0.412654 -0.836536    -0.589608
-0.336594 -0.778856  0.529233    -3.850125
-0.869931  0.472335  0.141841    -1.823808
>../../../../class2/thr//data/domains/Catalytic_domain/structures/ThrRS_AF_Bact_Brachyspira_pilosicoli_95_1000_gene56439092.pdb
-0.199603  0.415843 -0.887261     1.141495
 0.514600 -0.726078 -0.456067    -1.360567
-0.833874 -0.547617 -0.069066    -2.210060
>../../../../class2/thr//data/domains/Catalytic_domain/structures/ThrRS_AF_Bact_Brucella_abortus_2308_gene3787745.pdb
 0.124020  0.035118  0.991658     0.868903
-0.032939 -0.998677  0.039486    -2.008610
 0.991733 -0.037561 -0.122700    -2.291030
>../../../../class2/thr//data/domains/Catalytic_domain/structures/ThrRS_AF_Bact_Lactobacillus_acidophilus_La-14_gene56943112.pdb
-0.970975 -0.234207  0.048534     0.062386
-0.210446  0.932978  0.292002    -4.626151
-0.113670  0.273313 -0.955185    -5.749336
>../../../../class2/thr//data/domains/Catalytic_domain/structures/ThrRS_AF_Bact_Mycoplasma_hyopneumoniae_168-L_gene57101460.pdb
 0.832195 -0.535985  0.142031     0.663315
 0.554002  0.814403 -0.172709    -1.057512
-0.023101  0.222413  0.974679     1.459846
>../../../../class2/thr//data/domains/Catalytic_domain/structures/ThrRS_AF_Bact_Porphyromonas_gingivalis_ATCC_33277_gene29256174.pdb
 0.020622 -0.229953 -0.972983    -0.096476
 0.848815 -0.510206  0.138572    -3.851708
-0.528287 -0.828741  0.184666    -0.775156
>../../../../class2/thr//data/domains/Catalytic_domain/structures/ThrRS_AF_Bact_Prochlorococcus_marinus_subsp_marinus_str_CCMP1375_gene54200406.pdb
 0.049359  0.995852 -0.076431    -1.939005
-0.910859  0.076276  0.405609    -3.720509
 0.409756  0.049597  0.910846    -3.781277
>../../../../class2/thr//data/domains/Catalytic_domain/structures/ThrRS_AF_Bact_Streptobacillus_moniliformis_DSM_12112_gene29674242.pdb
-0.920654  0.030928 -0.389153     0.185640
-0.307868  0.555403  0.772493    -2.505585
 0.240028  0.831006 -0.501812    -2.558856
>../../../../class2/thr//data/domains/Catalytic_domain/structures/ThrRS_AF_Euk_Arabidopsis_thaliana_gene832741.pdb
-0.373610 -0.797275 -0.474097    -0.465358
-0.482979 -0.269155  0.833239    -5.799428
-0.791926  0.540285 -0.284509    -1.254282
>../../../../class2/thr//data/domains/Catalytic_domain/structures/ThrRS_AF_Euk_Cercospora_beticola_gene35433465.pdb
 0.320996 -0.840206  0.437052     0.830490
-0.837240 -0.036033  0.545647    -4.198812
-0.442708 -0.541068 -0.715021    -2.238299
>../../../../class2/thr//data/domains/Catalytic_domain/structures/ThrRS_AF_Euk_Cryptococcus_gattii_WM276_gene10188143.pdb
-0.594845 -0.316164 -0.739053     1.344523
-0.504554 -0.568876  0.649466    -5.040486
-0.625767  0.759224  0.178871    -3.267957
>../../../../class2/thr//data/domains/Catalytic_domain/structures/ThrRS_AF_Euk_Cyanidioschyzon_merolae_strain_10D_gene16997242.pdb
-0.085242  0.479863  0.873192     0.509715
-0.168845 -0.870664  0.461991    -4.060255
 0.981950 -0.108053  0.155239    -3.891129
>../../../../class2/thr//data/domains/Catalytic_domain/structures/ThrRS_AF_Mito_Cyanidioschyzon_merolae_strain_10D_gene16995590.pdb
-0.724448  0.589552 -0.357215    -0.190625
-0.488337 -0.073186  0.869581    -2.298513
 0.486520  0.804408  0.340920    -2.483290
>../../../../class2/thr//data/domains/Catalytic_domain/structures/ThrRS_AF_Mito_Oryza_sativa_Japonica_Group_gene4345200.pdb
-0.481021 -0.528131 -0.699783     0.370784
 0.462968  0.524805 -0.714311    -5.397054
 0.744499 -0.667576 -0.007935    -3.124264
>../../../../class2/thr//data/domains/Catalytic_domain/structures/ThrRS_PDB_Bact_E_coli_1evk.pdb
 0.727901 -0.012150  0.685575   -36.429612
-0.682228  0.087411  0.725896     6.916313
-0.068747 -0.996098  0.055338    62.431455
>../../../../class2/thr//data/domains/Catalytic_domain/structures/ThrRS_PDB_Bact_S_aureus_1nyr.pdb
 0.011110 -0.993995  0.108859    42.884529
 0.956957  0.042144  0.287153   -32.089442
-0.290016  0.100984  0.951679   -51.073600
