>structures/TyrRS_AF_Arch_Candidatus_Korarchaeum_cryptofilum_OPF8_gene6094625.pdb
 0.632033  0.774793  0.015184     0.714491
-0.429258  0.366343 -0.825549     0.990025
-0.645192  0.515256  0.564126     1.366752
>structures/TyrRS_AF_Arch_Desulfurococcus_amylolyticus_1221n_gene7171652.pdb
 0.995307  0.094693  0.019932     0.227881
-0.073183  0.871345 -0.485184     1.149712
-0.063311  0.481448  0.874185     2.625562
>structures/TyrRS_AF_Arch_Methanothermococcus_okinawensis_IH1_gene10772133.pdb
-0.198530 -0.249958 -0.947685     1.563120
 0.806836 -0.590626 -0.013243     1.994219
-0.556418 -0.767256  0.318932     5.762951
>structures/TyrRS_AF_Arch_Thermoplasma_acidophilum_DSM_1728_gene1456112.pdb
-0.920982 -0.363685  0.139735    -3.190870
-0.217629  0.777709  0.589751    -1.690552
-0.323157  0.512739 -0.795404    -1.023358
>structures/TyrRS_AF_Bact_Bifidobacterium_animalis_subsp_lactis_BLC1_gene66533077.pdb
 0.983531  0.170874  0.058902     4.644098
-0.167326  0.984031 -0.060695     0.226522
-0.068332  0.049840  0.996417    -1.944904
>structures/TyrRS_AF_Bact_Brachyspira_pilosicoli_95_1000_gene56440491.pdb
-0.985631  0.165068  0.035818    -2.786321
 0.137190  0.658627  0.739857     2.255262
 0.098536  0.734141 -0.671810    -1.477833
>structures/TyrRS_AF_Bact_Chlamydia_psittaci_6BC_gene12242888.pdb
 1.000000  0.000000  0.000000     0.000000
 0.000000  1.000000  0.000000     0.000000
 0.000000  0.000000  1.000000     0.000000
>structures/TyrRS_AF_Bact_Lactococcus_lactis_subsp_cremoris_KW2_gene61108704.pdb
 0.999124 -0.027309  0.031712     4.081282
 0.026359  0.999203  0.029989     1.208904
-0.032506 -0.029126  0.999047    -2.135493
>structures/TyrRS_AF_Bact_Porphyromonas_gingivalis_ATCC_33277_gene29255602.pdb
-0.983524 -0.033989 -0.177555    -0.977063
-0.096926  0.928208  0.359215    -0.883054
 0.152599  0.370506 -0.916209    -4.018935
>structures/TyrRS_AF_Bact_Prochlorococcus_marinus_subsp_marinus_str_CCMP1375_gene54200747.pdb
 0.558122 -0.470692 -0.683336     1.250763
 0.792206  0.057326  0.607556    -0.457095
-0.246798 -0.880433  0.404880     0.817652
>structures/TyrRS_AF_Bact_Serratia_plymuthica_AS9_gene57666950.pdb
 0.344738 -0.865126 -0.364296     5.792052
 0.855417  0.129721  0.501432    -0.714871
-0.386545 -0.484488  0.784763    -1.869610
>structures/TyrRS_AF_Bact_Streptobacillus_moniliformis_DSM_12112_gene29673957.pdb
 0.636356 -0.748493 -0.186572     6.391165
 0.728143  0.502990  0.465627     4.729872
-0.254675 -0.432156  0.865091     3.220992
>structures/TyrRS_AF_Euk_Cryptococcus_neoformans_var_neoformans_JEC21_gene3254328.pdb
 0.967543 -0.240769 -0.076750     3.572329
 0.251563  0.946525  0.202004    -0.134726
 0.024009 -0.214755  0.976373    -1.461672
>structures/TyrRS_AF_Euk_Drosophila_melanogaster_gene39829.pdb
-0.682584 -0.636910  0.358364    -4.702414
 0.491583 -0.037303  0.870031     2.948999
-0.540763  0.770035  0.338557    -6.075991
>structures/TyrRS_AF_Euk_Plasmodium_falciparum_3D7_gene2655248.pdb
 0.920278  0.295997  0.255880     0.669944
 0.075148  0.508090 -0.858020    -0.512555
-0.383981  0.808845  0.445340     3.960057
>structures/TyrRS_AF_Euk_Seriola_dumerili_gene111223086.pdb
-0.689495 -0.457585 -0.561438    -6.439587
 0.377683 -0.888571  0.260379     4.325527
-0.618023 -0.032515  0.785487    -5.838419
>structures/TyrRS_AF_Mito_Aspergillus_fumigatus_Af293_gene3509181.pdb
-0.370517  0.808722  0.456822    -1.270660
-0.847385 -0.495714  0.190280    -6.518565
 0.380337 -0.316602  0.868969     8.560245
>structures/TyrRS_AF_Mito_Cyanidioschyzon_merolae_strain_10D_gene16996209.pdb
 0.985942 -0.150518 -0.072541     3.907105
 0.165817  0.934835  0.313987     0.197600
 0.020553 -0.321602  0.946652     0.020180
>structures/TyrRS_AF_Vir_Megavirus_chiliensis_gene11257765.pdb
-0.527796 -0.198776 -0.825784    -0.715052
 0.426795 -0.902643 -0.055507    -0.848297
-0.734355 -0.381737  0.561248     8.122749
>structures/TyrRS_PDB_Arch_M_jannashii_1U7D.pdb
-0.149230  0.961130  0.232291   -48.956368
 0.988485  0.139057  0.059663    -9.331414
 0.025042  0.238520 -0.970815    10.610729
>structures/TyrRS_PDB_E_coli_Bact_1WQ4.pdb
 0.381219  0.385951  0.840068   -61.086851
-0.918720  0.056840  0.390797     3.833833
 0.103079 -0.920767  0.376249   -10.311098
>structures/TyrRS_PDB_Vir_Acanthamoeba_polyphaga_mimivirus_2J5B.pdb
 0.689871 -0.330997  0.643832   -43.329906
-0.045149  0.867951  0.494594   -83.769829
-0.722523 -0.370274  0.583829    39.994382
