>structures/AspRS_AF_Arch_Candidatus_Methanomassiliicoccus_intestinalis_Issoire-Mx1_gene16154434.pdb
 0.998339 -0.052739  0.023191     4.021043
 0.056951  0.842560 -0.535583    -3.011014
 0.008707  0.536014  0.844164     1.257081
>structures/AspRS_AF_Arch_unclassified_Euryarchaeota_proteinHHT76046.1.pdb
 0.989556  0.143988  0.006858    -0.501224
-0.136304  0.950109 -0.280561     2.099799
-0.046913  0.276696  0.959812     0.125680
>structures/AspRS_AF_Bact_Bacillus_anthracis_str_Ames_Ancestor_gene45024275.pdb
 0.185325 -0.067922  0.980327     3.540348
-0.169628 -0.984844 -0.036168     1.629277
 0.967926 -0.159589 -0.194037     5.768753
>structures/AspRS_AF_Bact_Brachyspira_pilosicoli_95_1000_gene56440011.pdb
 1.000000  0.000000  0.000000     0.000000
 0.000000  1.000000  0.000000     0.000000
 0.000000  0.000000  1.000000     0.000000
>structures/AspRS_AF_Bact_Chlamydia_muridarum_str_Nigg_gene1246197.pdb
 0.802269 -0.469285 -0.368965     0.201132
 0.573912  0.776421  0.260374    -0.005977
 0.164283 -0.420644  0.892228    -0.584456
>structures/AspRS_AF_Bact_Mycoplasma_hyopneumoniae_168-L_gene57101115.pdb
 0.942062  0.335270 -0.010625     3.514969
-0.190626  0.509031 -0.839374    -4.861024
-0.276009  0.792768  0.543450    -1.882723
>structures/AspRS_AF_Bact_Nocardia_cyriacigeorgica_GUH-2_gene45501717.pdb
 0.020928  0.493447 -0.869524    -2.832604
-0.135395 -0.860304 -0.491473     0.227970
-0.990571  0.128015  0.048806    -3.591846
>structures/AspRS_AF_Bact_Porphyromonas_gingivalis_ATCC_33277_gene29255515.pdb
 0.005093 -0.869063  0.494676    -0.796292
-0.995069  0.044597  0.088595    -0.889361
-0.099056 -0.492688 -0.864550     1.587386
>structures/AspRS_AF_Bact_Prochlorococcus_marinus_subsp_marinus_str_CCMP1375_gene54201182.pdb
 0.781677 -0.579386 -0.230853     4.282435
 0.616387  0.774116  0.144262     1.512341
 0.095123 -0.255061  0.962235     4.024116
>structures/AspRS_AF_Bact_Xylella_fastidiosa_Temecula1_gene58016479.pdb
 0.028698  0.451613 -0.891752    -1.199911
-0.048017 -0.890467 -0.452507     1.865077
-0.998434  0.055806 -0.003870     1.837138
>structures/AspRS_AF_Mito_Homo_sapiens_gene55157.pdb
 0.035042 -0.825151  0.563824    -0.729722
-0.973252 -0.156352 -0.168332     0.025961
 0.227054 -0.542844 -0.808559     3.143217
>structures/AspRS_AF_Mito_Oryza_sativa_Japonica_Group_gene4324505.pdb
-0.998872 -0.043850 -0.018204    -5.278136
-0.047402  0.942808  0.329949    -1.288178
 0.002695  0.330440 -0.943823    -2.132047
>structures/AspRS_AF_Mito_Oryzias_melastigma_gene112147132.pdb
 0.624265  0.779701  0.048570     0.177148
-0.423887  0.390296 -0.817305     2.416836
-0.656211  0.489627  0.574154     1.610682
>structures/AspRS_PDB_Bact_E_coli_1c0a.pdb
 0.445549  0.219909 -0.867828   -39.149988
-0.849900  0.408535 -0.332821    32.811518
 0.281347  0.885855  0.368923   -47.047152
