>structures/AspRS_AF_Arch_Candidatus_Methanomassiliicoccus_intestinalis_Issoire-Mx1_gene16154434.pdb
 1.000000  0.000000  0.000000     0.000000
 0.000000  1.000000  0.000000     0.000000
 0.000000  0.000000  1.000000     0.000000
>structures/AspRS_AF_Arch_unclassified_Euryarchaeota_proteinHHT76046.1.pdb
 0.979768  0.200133  0.001062    -4.193119
-0.192579  0.941315  0.277198     3.885395
 0.054477 -0.271794  0.960812    -3.801232
>structures/AspRS_AF_Bact_Bacillus_anthracis_str_Ames_Ancestor_gene45024275.pdb
 0.183948 -0.127007  0.974696    -0.195409
 0.363682 -0.912451 -0.187531     6.341476
 0.913180  0.388976 -0.121653     1.292840
>structures/AspRS_AF_Bact_Brachyspira_pilosicoli_95_1000_gene56440011.pdb
 0.998325  0.057183  0.008753    -3.846909
-0.052957  0.842492  0.536100     2.068475
 0.023282 -0.535666  0.844109    -2.765012
>structures/AspRS_AF_Bact_Chlamydia_muridarum_str_Nigg_gene1246197.pdb
 0.835837 -0.426770 -0.345317    -3.670092
 0.528256  0.454055  0.717481     1.754678
-0.149407 -0.782113  0.604960    -3.267673
>structures/AspRS_AF_Bact_Mycoplasma_hyopneumoniae_168-L_gene57101115.pdb
 0.923246  0.380786 -0.051179    -0.700277
-0.365947  0.830942 -0.419068    -3.236799
-0.117048  0.405631  0.906511    -1.754025
>structures/AspRS_AF_Bact_Nocardia_cyriacigeorgica_GUH-2_gene45501717.pdb
 0.006696  0.441029 -0.897468    -6.726653
-0.642637 -0.685721 -0.341767     0.486719
-0.766142  0.579034  0.278830    -6.105026
>structures/AspRS_AF_Bact_Porphyromonas_gingivalis_ATCC_33277_gene29255515.pdb
-0.053527 -0.867235  0.495014    -4.702304
-0.891979 -0.181324 -0.414119     2.256058
 0.448896 -0.463709 -0.763850    -1.022488
>structures/AspRS_AF_Bact_Prochlorococcus_marinus_subsp_marinus_str_CCMP1375_gene54201182.pdb
 0.817151 -0.534792 -0.215085     0.537420
 0.529182  0.548059  0.647763     5.220359
-0.228539 -0.643140  0.730850    -0.087445
>structures/AspRS_AF_Bact_Xylella_fastidiosa_Temecula1_gene58016479.pdb
 0.015342  0.398698 -0.916954    -4.949896
-0.576897 -0.745498 -0.333799     4.712090
-0.816673  0.534109  0.218570    -2.257456
>structures/AspRS_AF_Mito_Oryza_sativa_Japonica_Group_gene4324505.pdb
-0.999752  0.016990 -0.014410    -9.249619
 0.019832  0.973410 -0.228210     0.141629
 0.010149 -0.228439 -0.973505    -4.007791
>structures/AspRS_AF_Mito_Oryzias_melastigma_gene112147132.pdb
 0.591337  0.806421 -0.002567    -3.614786
-0.743690  0.544101 -0.388433     4.985077
-0.311843  0.231604  0.921474    -2.750881
>structures/AspRS_PDB_Bact_E_coli_1c0a.pdb
 0.397024  0.250742 -0.882893   -41.420689
-0.592108  0.804979 -0.037648     6.865294
 0.701270  0.537715  0.468062   -61.086611
