>structures/IleRS_AF_Arch_Candidatus_Korarchaeum_cryptofilum_OPF8_gene6094904.pdb
-0.057887 -0.842711  0.535246    -0.137160
-0.756153 -0.313052 -0.574658    -0.035054
 0.651830 -0.437993 -0.619097     0.903400
>structures/IleRS_AF_Arch_Candidatus_Nitrosopumilus_sediminis_gene13697091.pdb
 0.440019  0.715957 -0.542023    -4.984222
-0.495619 -0.309711 -0.811444    -0.460032
-0.748829  0.625687  0.218563    -0.026830
>structures/IleRS_AF_Arch_Pyrobaculum_aerophilum_str_IM2_gene1465853.pdb
-0.277919 -0.133672 -0.951259     1.427423
 0.371686 -0.928102  0.021827     2.967080
-0.885782 -0.347503  0.307621     4.191193
>structures/IleRS_AF_Arch_Thermoplasma_acidophilum_DSM_1728_gene1456418.pdb
-0.259642  0.258665  0.930418    -0.343036
-0.117454 -0.964766  0.235437    -0.908222
 0.958536 -0.048152  0.280875     0.908277
>structures/IleRS_AF_Bact_Chlamydia_muridarum_str_Nigg_gene1246458.pdb
-0.992124  0.125032 -0.007550    -0.622219
 0.108280  0.886379  0.450120    -2.909305
 0.062972  0.445757 -0.892936     0.472532
>structures/IleRS_AF_Bact_Lactobacillus_acidophilus_La-14_gene56942445.pdb
-0.145288 -0.478861 -0.865785     0.298385
 0.720857 -0.650615  0.238884    -0.127999
-0.677684 -0.589400  0.439717     4.417692
>structures/IleRS_AF_Bact_Mycoplasma_hyopneumoniae_168-L_gene57100872.pdb
-0.140123 -0.608818 -0.780836     2.966791
 0.777916 -0.555570  0.293579     1.177801
-0.612546 -0.566288  0.551458     2.803803
>structures/IleRS_AF_Bact_Orientia_tsutsugamushi_str_Ikeda_gene66653313.pdb
 0.999996  0.002142  0.001863     0.027337
-0.002138  0.999996 -0.001941     0.015992
-0.001867  0.001937  0.999996     0.032845
>structures/IleRS_AF_Bact_Porphyromonas_gingivalis_ATCC_33277_gene29255747.pdb
 0.987091 -0.148496  0.060006     1.564822
 0.145953  0.988278  0.044760     0.380579
-0.065950 -0.035424  0.997194    -1.861166
>structures/IleRS_AF_Bact_Streptobacillus_moniliformis_DSM_12112_gene29674186.pdb
 0.000585 -0.477281 -0.878750     0.283798
 0.756505 -0.574481  0.312526     6.087985
-0.653988 -0.664962  0.360729     1.560082
>structures/IleRS_AF_Bact_Thermus_thermophilus_HB8_gene3168241.pdb
-0.987427 -0.125868 -0.095629     1.326882
-0.145187  0.961396  0.233747    -3.912597
 0.062516  0.244693 -0.967583     0.256064
>structures/IleRS_AF_Bact_Treponema_pallidum_subsp_pertenue_str_SamoaD_gene57878975.pdb
-0.506157 -0.772764  0.382938     0.624482
-0.854871  0.390844 -0.341227    -2.060489
 0.114019 -0.500077 -0.858442     1.425777
>structures/IleRS_AF_Euk_Cyanidioschyzon_merolae_strain_10D_gene16992835.pdb
-0.743223  0.610340  0.274052     0.352418
 0.453859  0.158988  0.876775    -0.599362
 0.491560  0.776020 -0.395172     2.774249
>structures/IleRS_AF_Euk_Ostreococcus_lucimarinus_CCE9901_gene5000489.pdb
-0.286112 -0.717481  0.635107    -0.260482
-0.911514 -0.000563 -0.411269    -1.746729
 0.295435 -0.696578 -0.653833     3.832111
>structures/IleRS_AF_Euk_Trypanosoma_brucei_brucei_TREU927_gene3663037.pdb
-0.052278 -0.622479  0.780889     0.036840
-0.871498 -0.353371 -0.340031    -0.855878
 0.487605 -0.698319 -0.524015     3.237916
>structures/IleRS_AF_Euk_Ustilago_maydis_521_gene23568123.pdb
 0.146926 -0.831856 -0.535191     2.794011
 0.929164 -0.069482  0.363080    -0.225907
-0.339216 -0.550626  0.762721     0.260424
>structures/IleRS_AF_Mito_Drosophila_melanogaster_gene39762.pdb
 0.892594  0.383641  0.236844     2.665405
-0.287168  0.888736 -0.357328     1.145744
-0.347578  0.250935  0.903450    -1.472133
>structures/IleRS_AF_Mito_Homo_sapiens_gene55699.pdb
-0.209709 -0.492151 -0.844872     1.765522
 0.710711 -0.670155  0.213967     0.466322
-0.671500 -0.555589  0.490315     2.615183
>structures/IleRS_AF_Vir_Megavirus_chiliensis_gene11256744.pdb
 0.968196 -0.233238 -0.090531    -0.103736
 0.248448  0.938945  0.238024     0.227392
 0.029487 -0.252947  0.967031    -1.354726
>structures/IleRS_PDB_Bact_S_aureus_1QU2.pdb
-0.695552 -0.593621 -0.404748   101.165363
 0.386015 -0.783888  0.486324    20.907999
-0.605970  0.182025  0.774382   -63.902849
>structures/IleRS_PDB_Bact_T_therm_1ILE.pdb
-0.962400 -0.207830  0.174908   -18.288826
-0.237835  0.955783 -0.172957   -12.940600
-0.131229 -0.208053 -0.969275   -31.456557
>structures/IleRS_PDB_Euk_S_cere_7D5C.pdb
 0.204850 -0.282110  0.937257   -33.905557
 0.871134  0.489144 -0.043167    -4.704997
-0.446276  0.825319  0.345957   -16.438101
