>structures/IleRS_AF_Arch_Candidatus_Korarchaeum_cryptofilum_OPF8_gene6094904.pdb
-0.057945 -0.842647  0.535340    -0.138420
-0.756125 -0.313097 -0.574670    -0.035480
 0.651857 -0.438083 -0.619004     0.901865
>structures/IleRS_AF_Arch_Candidatus_Nitrosopumilus_sediminis_gene13697091.pdb
 0.440231  0.715867 -0.541971    -4.986728
-0.495635 -0.309567 -0.811488    -0.461482
-0.748694  0.625862  0.218528    -0.029918
>structures/IleRS_AF_Arch_Pyrobaculum_aerophilum_str_IM2_gene1465853.pdb
-0.277944 -0.133538 -0.951270     1.426112
 0.371585 -0.928145  0.021721     2.966101
-0.885817 -0.347440  0.307593     4.190917
>structures/IleRS_AF_Arch_Thermoplasma_acidophilum_DSM_1728_gene1456418.pdb
-0.259727  0.258717  0.930380    -0.344093
-0.117416 -0.964756  0.235498    -0.908707
 0.958517 -0.048076  0.280950     0.906911
>structures/IleRS_AF_Bact_Chlamydia_muridarum_str_Nigg_gene1246458.pdb
-0.992139  0.124914 -0.007485    -0.623594
 0.108209  0.886428  0.450041    -2.909620
 0.062852  0.445693 -0.892977     0.470791
>structures/IleRS_AF_Bact_Lactobacillus_acidophilus_La-14_gene56942445.pdb
-0.145342 -0.478746 -0.865839     0.297182
 0.720790 -0.650717  0.238806    -0.129086
-0.677744 -0.589380  0.439652     4.416938
>structures/IleRS_AF_Bact_Mycoplasma_hyopneumoniae_168-L_gene57100872.pdb
-0.140178 -0.608760 -0.780872     2.966248
 0.777969 -0.555562  0.293453     1.176141
-0.612465 -0.566359  0.551474     2.806184
>structures/IleRS_AF_Bact_Orientia_tsutsugamushi_str_Ikeda_gene66653313.pdb
 0.999996  0.002092  0.001772     0.026347
-0.002089  0.999996 -0.001892     0.015417
-0.001776  0.001889  0.999997     0.031547
>structures/IleRS_AF_Bact_Porphyromonas_gingivalis_ATCC_33277_gene29255747.pdb
 0.987086 -0.148576  0.059881     1.563236
 0.146030  0.988261  0.044884     0.380473
-0.065847 -0.035560  0.997196    -1.863390
>structures/IleRS_AF_Bact_Streptobacillus_moniliformis_DSM_12112_gene29674186.pdb
 0.000518 -0.477165 -0.878814     0.281699
 0.756448 -0.574604  0.312436     6.086808
-0.654053 -0.664939  0.360653     1.558581
>structures/IleRS_AF_Bact_Thermus_thermophilus_HB8_gene3168241.pdb
-0.987422 -0.125965 -0.095549     1.325744
-0.145256  0.961409  0.233651    -3.912731
 0.062430  0.244592 -0.967614     0.254665
>structures/IleRS_AF_Bact_Treponema_pallidum_subsp_pertenue_str_SamoaD_gene57878975.pdb
-0.506113 -0.772735  0.383054     0.623081
-0.854896  0.390758 -0.341263    -2.060764
 0.114025 -0.500189 -0.858376     1.424280
>structures/IleRS_AF_Euk_Cyanidioschyzon_merolae_strain_10D_gene16992835.pdb
-0.743352  0.610250  0.273903     0.350209
 0.453798  0.159255  0.876759    -0.599504
 0.491421  0.776037 -0.395312     2.772138
>structures/IleRS_AF_Euk_Homo_sapiens_gene3376.pdb
-0.812849 -0.576428 -0.083715    -2.599931
-0.524606  0.786945 -0.324817    -2.123096
 0.253113 -0.220110 -0.942065     2.479731
>structures/IleRS_AF_Euk_Ostreococcus_lucimarinus_CCE9901_gene5000489.pdb
-0.286109 -0.717407  0.635192    -0.261835
-0.911513 -0.000618 -0.411271    -1.747158
 0.295442 -0.696654 -0.653749     3.830833
>structures/IleRS_AF_Euk_Trypanosoma_brucei_brucei_TREU927_gene3663037.pdb
-0.052307 -0.622385  0.780962     0.035382
-0.871480 -0.353419 -0.340026    -0.856294
 0.487634 -0.698378 -0.523910     3.236547
>structures/IleRS_AF_Euk_Ustilago_maydis_521_gene23568123.pdb
 0.146747 -0.831798 -0.535330     2.791694
 0.929135 -0.069764  0.363098    -0.226157
-0.339371 -0.550678  0.762615     0.258476
>structures/IleRS_AF_Mito_Drosophila_melanogaster_gene39762.pdb
 0.892670  0.383421  0.236914     2.662866
-0.287053  0.888901 -0.357008     1.146837
-0.347478  0.250684  0.903558    -1.476524
>structures/IleRS_AF_Mito_Homo_sapiens_gene55699.pdb
-0.209804 -0.491964 -0.844958     1.762925
 0.710546 -0.670359  0.213877     0.466345
-0.671645 -0.555509  0.490207     2.612986
>structures/IleRS_AF_Vir_Megavirus_chiliensis_gene11256744.pdb
 0.968202 -0.233160 -0.090670    -0.103857
 0.248406  0.938970  0.237971     0.226229
 0.029651 -0.252927  0.967031    -1.355006
>structures/IleRS_PDB_Bact_S_aureus_1QU2.pdb
-0.695568 -0.593527 -0.404858   101.165205
 0.385873 -0.783952  0.486334    20.914875
-0.606042  0.182054  0.774319   -63.899590
>structures/IleRS_PDB_Bact_T_therm_1ILE.pdb
-0.962374 -0.207865  0.175008   -18.286270
-0.237900  0.955754 -0.173028   -12.944466
-0.131298 -0.208152 -0.969244   -31.458898
>structures/IleRS_PDB_Euk_S_cere_7D5C.pdb
 0.204889 -0.282206  0.937219   -33.904446
 0.871139  0.489137 -0.043159    -4.706185
-0.446249  0.825291  0.346060   -16.442673
