>structures/IleRS_AF_Arch_Candidatus_Korarchaeum_cryptofilum_OPF8_gene6094904.pdb
-0.068565 -0.491443  0.868207    -3.194054
-0.538051 -0.714627 -0.447001    -1.818984
 0.840119 -0.497788 -0.215423     1.566958
>structures/IleRS_AF_Arch_Candidatus_Nitrosopumilus_sediminis_gene13697091.pdb
 0.799336  0.503021 -0.328682    -6.912884
-0.457544  0.154950 -0.875582    -4.024830
-0.389507  0.850271  0.354012    -0.157142
>structures/IleRS_AF_Arch_Pyrobaculum_aerophilum_str_IM2_gene1465853.pdb
-0.028455  0.282617 -0.958811    -3.918005
 0.008210 -0.959101 -0.282946     2.231368
-0.999561 -0.015924  0.024971     3.832105
>structures/IleRS_AF_Arch_Thermoplasma_acidophilum_DSM_1728_gene1456418.pdb
-0.546617  0.528951  0.649170    -3.123212
 0.022495 -0.765681  0.642827    -2.675300
 0.837081  0.365983  0.406635     1.827369
>structures/IleRS_AF_Bact_Chlamydia_muridarum_str_Nigg_gene1246458.pdb
-0.930719 -0.313144  0.188951    -2.621465
-0.279891  0.942399  0.183154    -4.665168
-0.235421  0.117580 -0.964755     2.079284
>structures/IleRS_AF_Bact_Escherichia_coli_O157:H7_str._Sakai_gene913425.pdb
 0.320614 -0.514920 -0.795025    -4.765475
 0.853070 -0.207823  0.478624    -0.335214
-0.411678 -0.831665  0.372632     5.069090
>structures/IleRS_AF_Bact_Lactobacillus_acidophilus_La-14_gene56942445.pdb
-0.090902 -0.014989 -0.995747    -4.079445
 0.420163 -0.907112 -0.024702    -0.898733
-0.902884 -0.420622  0.088756     4.860543
>structures/IleRS_AF_Bact_Mycoplasma_hyopneumoniae_168-L_gene57100872.pdb
-0.130075 -0.183748 -0.974329    -1.292722
 0.485647 -0.868535  0.098961     1.215159
-0.864423 -0.460308  0.202212     3.799841
>structures/IleRS_AF_Bact_Orientia_tsutsugamushi_str_Ikeda_gene66653313.pdb
 0.884086 -0.292083 -0.364801    -2.745268
 0.391809  0.888743  0.237954    -1.918110
 0.254712 -0.353304  0.900166     0.807993
>structures/IleRS_AF_Bact_Porphyromonas_gingivalis_ATCC_33277_gene29255747.pdb
 0.852938 -0.407855 -0.325807    -0.796441
 0.502633  0.810153  0.301682    -1.438429
 0.140911 -0.421077  0.896012    -0.627207
>structures/IleRS_AF_Bact_Streptobacillus_moniliformis_DSM_12112_gene29674186.pdb
 0.021396 -0.016411 -0.999636    -4.710106
 0.510953 -0.859244  0.025043     4.043369
-0.859342 -0.511303 -0.009999     0.024998
>structures/IleRS_AF_Bact_Thermus_thermophilus_HB8_gene3168241.pdb
-0.852096 -0.482834  0.201998    -0.526452
-0.503034  0.862088 -0.061327    -4.839115
-0.144529 -0.153868 -0.977464     2.740756
>structures/IleRS_AF_Bact_Treponema_pallidum_subsp_pertenue_str_SamoaD_gene57878975.pdb
-0.237992 -0.613388  0.753071    -2.118729
-0.930905 -0.077137 -0.357022    -3.192055
 0.277083 -0.786006 -0.552648     2.953898
>structures/IleRS_AF_Euk_Cyanidioschyzon_merolae_strain_10D_gene16992835.pdb
-0.969726  0.206978  0.129584    -3.287507
 0.226877  0.567350  0.791607    -1.687780
 0.090325  0.797041 -0.597132     3.568282
>structures/IleRS_AF_Euk_Homo_sapiens_gene3376.pdb
-0.656676 -0.658943  0.366839    -5.333215
-0.725366  0.418689 -0.546392    -4.264367
 0.206449 -0.624895 -0.752918     3.100710
>structures/IleRS_AF_Euk_Ostreococcus_lucimarinus_CCE9901_gene5000489.pdb
-0.093715 -0.377612  0.921209    -3.875927
-0.850973 -0.449900 -0.270989    -2.685304
 0.516781 -0.809320 -0.279175     4.775242
>structures/IleRS_AF_Euk_Trypanosoma_brucei_brucei_TREU927_gene3663037.pdb
 0.030465 -0.189680  0.981373    -3.656249
-0.677352 -0.725924 -0.119280    -1.919587
 0.735028 -0.661101 -0.150596     4.000691
>structures/IleRS_AF_Euk_Ustilago_maydis_521_gene23568123.pdb
-0.018603 -0.511497 -0.859083    -0.319889
 0.801380 -0.521422  0.293101    -0.995424
-0.597866 -0.683000  0.419604     1.801619
>structures/IleRS_AF_Mito_Drosophila_melanogaster_gene39762.pdb
 0.999914 -0.003778 -0.012557    -0.092803
 0.003756  0.999991 -0.001765    -0.048010
 0.012563  0.001718  0.999920    -0.222925
>structures/IleRS_AF_Mito_Homo_sapiens_gene55699.pdb
-0.147270 -0.033607 -0.988525    -2.293731
 0.387377 -0.921544 -0.026381    -0.223005
-0.910083 -0.386817  0.148735     3.410130
>structures/IleRS_AF_Vir_Megavirus_chiliensis_gene11256744.pdb
 0.769796 -0.389428 -0.505727    -2.399257
 0.612261  0.674465  0.412594    -2.051749
 0.180420 -0.627250  0.757632    -0.592337
>structures/IleRS_PDB_Bact_S_aureus_1QU2.pdb
-0.504646 -0.360621 -0.784401   103.860572
-0.076784 -0.886231  0.456836    41.239807
-0.859905  0.290770  0.419543   -38.243058
>structures/IleRS_PDB_Bact_T_therm_1ILE.pdb
-0.731659 -0.387461  0.560847    -3.557899
-0.621797  0.716528 -0.316158   -28.161520
-0.279364 -0.580052 -0.765177   -27.574621
>structures/IleRS_PDB_Euk_S_cere_7D5C.pdb
 0.089111 -0.695224  0.713248   -25.275904
 0.747090  0.520248  0.413762   -23.415653
-0.658723  0.495990  0.565755   -20.985786
