>structures/IleRS_AF_Arch_Candidatus_Korarchaeum_cryptofilum_OPF8_gene6094904.pdb
-0.058241 -0.842785  0.535090    -0.131211
-0.755814 -0.312943 -0.575162    -0.030382
 0.652191 -0.437927 -0.618763     0.897116
>structures/IleRS_AF_Arch_Candidatus_Nitrosopumilus_sediminis_gene13697091.pdb
 0.439976  0.715746 -0.542337    -4.978741
-0.496128 -0.309655 -0.811154    -0.455282
-0.748517  0.625957  0.218861    -0.034526
>structures/IleRS_AF_Arch_Pyrobaculum_aerophilum_str_IM2_gene1465853.pdb
-0.277674 -0.133855 -0.951304     1.431269
 0.371280 -0.928255  0.022240     2.972265
-0.886029 -0.347025  0.307450     4.182307
>structures/IleRS_AF_Arch_Thermoplasma_acidophilum_DSM_1728_gene1456418.pdb
-0.259815  0.258271  0.930480    -0.337390
-0.116880 -0.964897  0.235188    -0.903182
 0.958559 -0.047649  0.280881     0.902166
>structures/IleRS_AF_Bact_Chlamydia_muridarum_str_Nigg_gene1246458.pdb
-0.992093  0.125292 -0.007290    -0.617737
 0.108660  0.886563  0.449666    -2.904580
 0.062803  0.445318 -0.893167     0.467260
>structures/IleRS_AF_Bact_Escherichia_coli_O157:H7_str._Sakai_gene913425.pdb
 0.517364 -0.749282 -0.413415     0.038152
 0.806971  0.266364  0.527113     0.513879
-0.284837 -0.606322  0.742456     5.010755
>structures/IleRS_AF_Bact_Lactobacillus_acidophilus_La-14_gene56942445.pdb
-0.145028 -0.479051 -0.865724     0.304591
 0.720605 -0.650719  0.239360    -0.123395
-0.678008 -0.589131  0.439579     4.412694
>structures/IleRS_AF_Bact_Mycoplasma_hyopneumoniae_168-L_gene57100872.pdb
-0.139775 -0.608993 -0.780763     2.974277
 0.777828 -0.555465  0.294012     1.178550
-0.612737 -0.566203  0.551332     2.801102
>structures/IleRS_AF_Bact_Orientia_tsutsugamushi_str_Ikeda_gene66653313.pdb
 0.999995  0.002538  0.001757     0.033546
-0.002535  0.999996 -0.001453     0.020325
-0.001761  0.001449  0.999997     0.026501
>structures/IleRS_AF_Bact_Porphyromonas_gingivalis_ATCC_33277_gene29255747.pdb
 0.987157 -0.148078  0.059955     1.571995
 0.145508  0.988324  0.045197     0.383274
-0.065947 -0.035892  0.997177    -1.867025
>structures/IleRS_AF_Bact_Streptobacillus_moniliformis_DSM_12112_gene29674186.pdb
 0.001777 -0.475360 -0.879790     0.253718
 0.755601 -0.575652  0.312557     6.095739
-0.655030 -0.665326  0.358159     1.527925
>structures/IleRS_AF_Bact_Thermus_thermophilus_HB8_gene3168241.pdb
-0.987491 -0.125488 -0.095472     1.332132
-0.144753  0.961560  0.233343    -3.908935
 0.062520  0.244244 -0.967696     0.252268
>structures/IleRS_AF_Bact_Treponema_pallidum_subsp_pertenue_str_SamoaD_gene57878975.pdb
-0.506477 -0.772569  0.382908     0.629317
-0.854631  0.390867 -0.341802    -2.055673
 0.114399 -0.500360 -0.858226     1.420269
>structures/IleRS_AF_Euk_Cyanidioschyzon_merolae_strain_10D_gene16992835.pdb
-0.743115  0.610339  0.274346     0.357929
 0.454327  0.159179  0.876498    -0.594967
 0.491291  0.775982 -0.395582     2.768747
>structures/IleRS_AF_Euk_Homo_sapiens_gene3376.pdb
 0.827397  0.558274 -0.061184    -1.417930
-0.401825  0.512350 -0.758969     0.229839
-0.392365  0.652555  0.648245     2.596952
>structures/IleRS_AF_Euk_Ostreococcus_lucimarinus_CCE9901_gene5000489.pdb
-0.286497 -0.717395  0.635031    -0.255820
-0.911257 -0.000637 -0.411837    -1.740365
 0.295855 -0.696667 -0.653548     3.826331
>structures/IleRS_AF_Euk_Trypanosoma_brucei_brucei_TREU927_gene3663037.pdb
-0.052678 -0.622527  0.780824     0.041930
-0.871235 -0.353477 -0.340594    -0.849904
 0.488032 -0.698222 -0.523746     3.231721
>structures/IleRS_AF_Euk_Ustilago_maydis_521_gene23568123.pdb
 0.147178 -0.831829 -0.535163     2.798881
 0.928963 -0.069547  0.363580    -0.223827
-0.339656 -0.550658  0.762503     0.254853
>structures/IleRS_AF_Mito_Drosophila_melanogaster_gene39762.pdb
 0.892562  0.383846  0.236632     2.671244
-0.287643  0.888805 -0.356774     1.148239
-0.347266  0.250377  0.903724    -1.482009
>structures/IleRS_AF_Mito_Homo_sapiens_gene55699.pdb
-0.209481 -0.492289 -0.844849     1.770783
 0.710451 -0.670288  0.214416     0.469652
-0.671846 -0.555307  0.490160     2.609483
>structures/IleRS_AF_Vir_Megavirus_chiliensis_gene11256744.pdb
 0.972447 -0.209346 -0.102577     0.077733
 0.228928  0.940650  0.250539     0.370257
 0.044040 -0.267119  0.962657    -1.564743
>structures/IleRS_PDB_Bact_S_aureus_1QU2.pdb
-0.695404 -0.593878 -0.404626   101.180947
 0.385981 -0.783623  0.486779    20.851416
-0.606162  0.182330  0.774160   -63.912242
>structures/IleRS_PDB_Bact_T_therm_1ILE.pdb
-0.962494 -0.207419  0.174880   -18.285642
-0.237489  0.955776 -0.173467   -12.943010
-0.131166 -0.208493 -0.969188   -31.457018
>structures/IleRS_PDB_Euk_S_cere_7D5C.pdb
 0.205226 -0.282045  0.937194   -33.899582
 0.870848  0.489637 -0.043344    -4.696569
-0.446660  0.825049  0.346105   -16.446899
