>../../../../class2/phe4//data/domains/Catalytic_domain/structures/PheRS-Aβ_AF_Arch_Candidatus_Nitrosopumilus_koreensis_AR1_gene13724457.pdb
 0.987281 -0.007252  0.158819    -0.022742
-0.015407  0.989893  0.140976     3.018526
-0.158236 -0.141630  0.977191     0.907616
>../../../../class2/phe4//data/domains/Catalytic_domain/structures/PheRS-Aβ_AF_Arch_Halalkalicoccus_jeotgali_B3_gene9420006.pdb
-0.235387  0.337244 -0.911515     1.021654
-0.442855 -0.872065 -0.208287     5.563700
-0.865143  0.354640  0.354623    -0.403008
>../../../../class2/phe4//data/domains/Catalytic_domain/structures/PheRS-Aβ_AF_Arch_Sulfolobus_islandicus_YG5714_gene7807969.pdb
 1.000000 -0.000000  0.000000     0.000000
 0.000000  1.000000  0.000000     0.000000
-0.000000  0.000000  1.000000     0.000000
>../../../../class2/phe4//data/domains/Catalytic_domain/structures/PheRS-Aβ_AF_Arch_Thermoplasma_volcanium_GSS1_gene1441711.pdb
-0.020354 -0.530885  0.847200     0.948292
-0.498439 -0.729172 -0.468900     5.759926
 0.866686 -0.431821 -0.249772     2.193141
>../../../../class2/phe4//data/domains/Catalytic_domain/structures/PheRS-Aβ_AF_Euk_Astyanax_mexicanus_gene103044481.pdb
-0.796327 -0.604544  0.019736    -3.429753
-0.502170  0.642584 -0.578715    -1.128414
 0.337177 -0.470757 -0.815291    -1.156456
>../../../../class2/phe4//data/domains/Catalytic_domain/structures/PheRS-Aβ_AF_Euk_Drosophila_melanogaster_gene42888.pdb
 0.604666  0.690382 -0.397180    -1.325567
-0.516024 -0.040289 -0.855626    -0.875311
-0.606711  0.722322  0.331892    -3.217083
>../../../../class2/phe4//data/domains/Catalytic_domain/structures/PheRS-Aβ_AF_Euk_Plasmodium_falciparum_3D7_gene810604.pdb
 0.966437 -0.239712  0.092398     3.495335
 0.206227  0.938359  0.277403     0.749118
-0.153199 -0.249037  0.956300    -0.635437
>../../../../class2/phe4//data/domains/Catalytic_domain/structures/PheRS-Aβ_AF_Euk_Saccharomyces_cerevisiae_S288C_gene850749.pdb
-0.035070 -0.571785 -0.819653     3.561850
 0.375730 -0.767531  0.519349     5.503829
-0.926065 -0.289755  0.241754     0.143555
>../../../../class2/phe4//data/domains/Catalytic_domain/structures/PheRS-Aβ_PDB_Euk.B_H_sapiens_3L4G.pdb
-0.174597  0.051519 -0.983291    19.328229
 0.900274  0.412796 -0.138228   -78.504023
 0.398777 -0.909365 -0.118454    67.419276
>../../../../class2/pyl//data/domains/Catalytic_domain/structures/PylRS_AF_Arch_Candidatus_Methanomassiliicoccus_intestinalis_Issoire-Mx1_gene16153983.pdb
-0.298729 -0.949788 -0.093078    22.495260
 0.951717 -0.289266 -0.102760    -5.182927
 0.070676 -0.119281  0.990342   -25.305822
>../../../../class2/pyl//data/domains/Catalytic_domain/structures/PylRS_AF_Arch_Methanosalsum_zhilinae_DSM_4017_gene10822650.pdb
 0.271350  0.171397  0.947097    24.141644
 0.452611  0.845701 -0.282723    -4.618438
-0.849419  0.505383  0.151905   -31.087360
>../../../../class2/pyl//data/domains/Catalytic_domain/structures/PylRS_AF_Arch_Unclassified_Candidatus_Bathyarchaeota_proteinUCH69683.1.pdb
 0.908160  0.253069  0.333469    21.994661
-0.041520 -0.738205  0.673297    -7.200650
 0.416560 -0.625307 -0.659901   -25.789922
>../../../../class2/pyl//data/domains/Catalytic_domain/structures/PylRS_AF_Bact_Unclassified_Actinobacteria_proteinMBU2601214.1.pdb
 0.899006  0.281298  0.335648    22.554748
-0.037369 -0.714361  0.698779    -7.511289
 0.436339 -0.640749 -0.631703   -25.552981
>../../../../class2/pyl//data/domains/Catalytic_domain/structures/PylRS_AF_Bact_Unclassified_Aerophobetes_proteinMCD6471581.1.pdb
 0.964984  0.083754  0.248579    22.318376
-0.102828 -0.751021  0.652222    -6.982950
 0.241314 -0.654945 -0.716111   -25.164242
>../../../../class2/pyl//data/domains/Catalytic_domain/structures/PylRS_AF_Bact_unclassified_Desulfosarcina_proteinMBC2741817.pdb
 0.892782 -0.227835  0.388628    19.730921
-0.388293 -0.826578  0.407428    -3.308499
 0.228405 -0.514646 -0.826421   -31.539505
>../../../../class2/pyl//data/domains/Catalytic_domain/structures/PylRS_AF_Bact_unclassified_Lachnospiraceae_proteinHCE77498.1.pdb
-0.090959  0.797728  0.596118    21.430014
 0.046312  0.601340 -0.797650    -9.697900
-0.994777 -0.044946 -0.091642   -30.035744
>../../../../class2/pyl//data/domains/Catalytic_domain/structures/PylRS_PDB_Arch_M_mazei_2Q7E.pdb
-0.035950 -0.505747 -0.861932    68.580543
 0.163166  0.847946 -0.504346   -26.690091
 0.985943 -0.158769  0.052037   -37.313487
>../../../../class2/pyl//data/domains/Catalytic_domain/structures/PylRS_PDB_Bact_D_hafniense_2ZNJ.pdb
 0.997324  0.030913 -0.066256   -24.466990
-0.046495  0.967531 -0.248439   -18.975896
 0.056424  0.250854  0.966379     0.565998
