>structures/ProRS-M_AF_Euk_Candida_albicans_SC5314_gene3640100.pdb
 0.931065  0.250709  0.265072    -0.036623
-0.218903  0.965079 -0.143887    -1.139828
-0.291889  0.075943  0.953432    -4.811291
>structures/ProRS-M_AF_Mito_Drosophila_melanogaster_gene38331.pdb
-0.316177 -0.877197  0.361327     0.268401
-0.885469  0.136143 -0.444308     1.015581
 0.340553 -0.460424 -0.819776     2.096187
>structures/ProRS-M_AF_Mito_Mauremys_reevesii_gene120369760.pdb
-0.037363  0.514727 -0.856540    -2.233816
-0.121740 -0.853098 -0.507348     0.792723
-0.991859  0.085320  0.094537    -2.963407
>structures/ProRS-M_AF_Mito_Schizosaccharomyces_pombe_gene2540642.pdb
 1.000000  0.000000  0.000000     0.000000
 0.000000  1.000000  0.000000     0.000000
 0.000000  0.000000  1.000000     0.000000
