>structures/TrpRS_AF_Arch_Natrialba_magadii_ATCC_43099_gene8824932.pdb
 0.288568  0.553930 -0.780955     3.419156
-0.025046 -0.811007 -0.584500    -3.260806
-0.957132  0.188227 -0.220157    -0.901532
>structures/TrpRS_AF_Arch_Nitrosopumilus_maritimus_SCM1_gene5773245.pdb
 0.256863  0.450975 -0.854777     5.485411
 0.114516 -0.892424 -0.436424    -2.897567
-0.959639  0.014215 -0.280874    -1.504832
>structures/TrpRS_AF_Arch_Sulfolobus_islandicus_M1627_gene7814138.pdb
-0.089512 -0.067736  0.993680     4.875256
-0.133768 -0.987828 -0.079387    -1.505086
 0.986962 -0.140029  0.079361     2.113483
>structures/TrpRS_AF_Arch_Thermoplasma_acidophilum_DSM_1728_gene1456706.pdb
 0.268077 -0.737101 -0.620336     1.847967
 0.938584  0.345023 -0.004359    -7.358798
 0.217243 -0.581069  0.784324     0.643655
>structures/TrpRS_AF_Bact_Anoxybacillus_flavithermus_WK1_gene7038388.pdb
 0.000863 -0.267822  0.963468     3.334350
-0.474179 -0.848375 -0.235404     0.265579
 0.880428 -0.456653 -0.127727     4.998382
>structures/TrpRS_AF_Bact_Brachyspira_pilosicoli_95_1000_gene56440833.pdb
 1.000000  0.000000  0.000000     0.000000
 0.000000  1.000000  0.000000     0.000000
 0.000000  0.000000  1.000000     0.000000
>structures/TrpRS_AF_Bact_Helicobacter_cinaedi_PAGU611_gene66538868.pdb
-0.051038  0.004750  0.998685     3.014920
-0.276723 -0.960902 -0.009572     1.281673
 0.959593 -0.276848  0.050357     5.148210
>structures/TrpRS_AF_Bact_Mycoplasma_hyopneumoniae_168-L_gene57101461.pdb
-0.020475  0.107510  0.993993     2.545366
-0.063236 -0.992350  0.106030     2.969466
 0.997789 -0.060685  0.027117     3.499896
>structures/TrpRS_AF_Bact_Porphyromonas_gingivalis_ATCC_33277_gene29255389.pdb
-0.960338  0.099987  0.260296     1.117740
 0.272663  0.532121  0.801563     0.404616
-0.058362  0.840744 -0.538278    -0.713088
>structures/TrpRS_AF_Bact_Prochlorococcus_marinus_subsp_marinus_str_CCMP1375_gene54200405.pdb
 0.023318  0.334767 -0.942012    -2.346502
 0.196980 -0.925335 -0.323965     2.590353
-0.980130 -0.178004 -0.087520    -4.471962
>structures/TrpRS_AF_Bact_Streptomyces_albidoflavus_gene15147734.pdb
-0.809306  0.320253  0.492404     0.687690
 0.532958  0.047936  0.844783     0.057800
 0.246940  0.946118 -0.209476     0.824559
>structures/TrpRS_AF_Bact_Thermus_thermophilus_HB8_gene3168998.pdb
 0.172129 -0.030402 -0.984605     0.882933
 0.680730 -0.718797  0.141200    -0.233946
-0.712024 -0.694555 -0.103030     0.229158
>structures/TrpRS_AF_Euk_Cryptococcus_neoformans_var_neoformans_JEC21_gene3254069.pdb
 0.666113 -0.149163 -0.730783     3.456198
 0.582645  0.715758  0.384987    -2.360566
 0.465638 -0.682232  0.563685    -2.031733
>structures/TrpRS_AF_Euk_Cyanidioschyzon_merolae_strain_10D_gene16993299.pdb
 0.265025  0.088192 -0.960200     4.774305
 0.665752 -0.737093  0.116054    -2.114595
-0.697521 -0.670012 -0.254062    -2.105751
>structures/TrpRS_AF_Euk_Drosophila_melanogaster_gene45399.pdb
 0.178576  0.076778 -0.980926     2.055289
 0.396535 -0.918020  0.000334     0.782127
-0.900484 -0.389031 -0.194381    -6.328457
>structures/TrpRS_AF_Euk_Saccharomyces_cerevisiae_S288C_gene854056.pdb
 0.931235  0.151454 -0.331456     2.870522
-0.317607  0.783278 -0.534417    -2.736226
 0.178683  0.602941  0.777518    -2.312219
>structures/TrpRS_AF_Mito_Bufo_gargarizans_gene122922343.pdb
 0.483982 -0.387206 -0.784750     1.260836
 0.850040 -0.004955  0.526694     0.122228
-0.207828 -0.921980  0.326743    -0.987893
>structures/TrpRS_AF_Mito_Cyanidioschyzon_merolae_strain_10D_gene16992222.pdb
 0.975758 -0.191233 -0.106422     5.582843
 0.187678  0.981308 -0.042563    -1.577337
 0.112572  0.021559  0.993410     3.128134
>structures/TrpRS_AF_Vir_Megavirus_chiliensis_gene11257301.pdb
 0.351992  0.383749 -0.853720     3.680805
 0.288150 -0.912222 -0.291241    -2.838010
-0.890545 -0.143485 -0.431672    -0.796751
>structures/TrpRS_PDB_Arch_P_hori_3JXE.pdb
 0.057688  0.997648 -0.037032   -22.129971
-0.436665  0.058572  0.897715   -28.904696
 0.897773 -0.035617  0.439017    32.737037
>structures/TrpRS_PDB_Bact_G_stearo_1I6M.pdb
-0.519406  0.670244 -0.530085    37.493697
-0.479673 -0.742059 -0.468255    60.701719
-0.707200  0.011053  0.706928    10.184189
>structures/TrpRS_PDB_Bact_Y_pestis_3N9I.pdb
 0.881284 -0.465760  0.080035     3.877160
 0.367340  0.781670  0.504037   -76.960475
-0.297321 -0.414800  0.859966    26.235915
>structures/TrpRS_PDB_Euk_S_Cerevisiae_3KT3.pdb
-0.352674  0.585749 -0.729739   -84.512182
 0.928765  0.124033 -0.349302   130.060159
-0.114091 -0.800945 -0.587767    -9.546779
