>../../../../class1/lys//data/domains/Catalytic_domain/structures/LysRS-I_AF_Arch_Candidatus_Bathyarchaeota_archaeon_proteinRJS75864.1.pdb
 0.705924 -0.673529  0.219156     5.728921
 0.649189  0.739005  0.180070    -7.419194
-0.283240  0.015158  0.958929     1.715388
>../../../../class1/lys//data/domains/Catalytic_domain/structures/LysRS-I_AF_Arch_Candidatus_Nitrosopumilus_koreensis_AR1_gene13726042.pdb
-0.494905  0.630566 -0.597876     4.817351
-0.056064 -0.709784 -0.702185    -3.141132
-0.867137 -0.313995  0.386628     0.872870
>../../../../class1/lys//data/domains/Catalytic_domain/structures/LysRS-I_AF_Arch_Ferroplasma_acidarmanus_Fer1_gene16025146.pdb
 0.632924 -0.721296  0.281316     9.052879
 0.669665  0.692383  0.268617    -4.437825
-0.388531  0.018374  0.921253     3.070923
>../../../../class1/lys//data/domains/Catalytic_domain/structures/LysRS-I_AF_Arch_Halorubrum_lacusprofundi_ATCC_49239_gene7400505.pdb
 0.069647 -0.988717  0.132617     7.079605
-0.902995 -0.118984 -0.412848    -9.556214
 0.423969 -0.090999 -0.901093     2.680163
>../../../../class1/lys//data/domains/Catalytic_domain/structures/LysRS-I_AF_Bact_Cereibacter_sphaeroides_KD131_gene67447319.pdb
-0.700039 -0.387375 -0.599905     4.434291
-0.539492  0.837286  0.088885    -4.219175
 0.467860  0.385867 -0.795119     5.000663
>../../../../class1/lys//data/domains/Catalytic_domain/structures/LysRS-I_AF_Bact_Cyanobacteria_bacterium_J007_proteinRMH73500.1.pdb
 0.866953 -0.164461  0.470473     5.544745
 0.297216  0.928365 -0.223163    -8.775321
-0.400069  0.333304  0.853729     0.483902
>../../../../class1/lys//data/domains/Catalytic_domain/structures/LysRS-I_AF_Bact_Streptomyces_albidoflavus_gene15147364.pdb
-0.352472  0.633001 -0.689255     3.290351
 0.108244 -0.704003 -0.701899    -7.128801
-0.929541 -0.322007  0.179623     2.580849
>../../../../class1/lys//data/domains/Catalytic_domain/structures/LysRS-I_AF_Bact_Treponema_denticola_ATCC_35405_gene2739918.pdb
-0.291232  0.623692 -0.725391     3.324963
 0.117433 -0.729218 -0.674130    -7.230147
-0.949418 -0.281513  0.139129     2.310366
>../../../../class1/lys//data/domains/Catalytic_domain/structures/LysRS-I_PDB_Arch_P_hori_1IRX.pdb
 0.850696 -0.511700 -0.120332    -5.828927
-0.433916 -0.812789  0.388705    15.759698
-0.296705 -0.278455 -0.913471    90.994764
>../../../../class1/met//data/domains/Catalytic_domain/structures/MetRS_AF_Arch_Aciduliprofundum_boonei_T469_gene8827030.pdb
-0.076116  0.107937 -0.991240     5.331138
 0.256608 -0.958518 -0.124078    -2.458602
-0.963514 -0.263804  0.045261     0.666728
>../../../../class1/met//data/domains/Catalytic_domain/structures/MetRS_AF_Arch_Candidatus_Korarchaeum_cryptofilum_OPF8_gene6093355.pdb
 0.989152 -0.143664 -0.030631     1.823503
 0.144959  0.988397  0.045362    -3.059798
 0.023759 -0.049310  0.998501    -1.125483
>../../../../class1/met//data/domains/Catalytic_domain/structures/MetRS_AF_Arch_Candidatus_Nitrosopumilus_sediminis_gene13696902.pdb
-0.568275  0.622320  0.538314     2.328108
 0.684809 -0.005002  0.728706    -0.047227
 0.456181  0.782747 -0.423327     0.273641
>../../../../class1/met//data/domains/Catalytic_domain/structures/MetRS_AF_Arch_Halalkalicoccus_jeotgali_B3_gene9420443.pdb
 0.042020  0.198336 -0.979233     3.922938
 0.148400 -0.970466 -0.190192     0.484120
-0.988034 -0.137326 -0.070212    -0.950576
>../../../../class1/met//data/domains/Catalytic_domain/structures/MetRS_AF_Bact_Bacillus_anthracis_str_Ames_Ancestor_gene45024892.pdb
-0.426901 -0.728352  0.535965     3.192614
-0.465348 -0.331251 -0.820807    -0.292274
 0.775376 -0.599813 -0.197526    -1.155646
>../../../../class1/met//data/domains/Catalytic_domain/structures/MetRS_AF_Bact_Brucella_suis_1330_gene45052047.pdb
 1.000000  0.000000  0.000000     0.000000
 0.000000  1.000000  0.000000     0.000000
 0.000000  0.000000  1.000000     0.000000
>../../../../class1/met//data/domains/Catalytic_domain/structures/MetRS_AF_Bact_Chlamydia_psittaci_6BC_gene12243105.pdb
-0.032444  0.479922 -0.876711     0.373908
-0.546095 -0.743175 -0.386614     4.458477
-0.837095  0.466225  0.286194    -1.016718
>../../../../class1/met//data/domains/Catalytic_domain/structures/MetRS_AF_Bact_Mycoplasma_hyopneumoniae_168-L_gene57101263.pdb
-0.116403  0.616745 -0.778509     1.871279
-0.279041 -0.772574 -0.570321     2.412899
-0.953198  0.150849  0.262027     0.481778
>../../../../class1/met//data/domains/Catalytic_domain/structures/MetRS_AF_Bact_Nocardia_farcinica_IFM_10152_gene61135500.pdb
 0.819864  0.549705 -0.160147    -1.682821
-0.556835  0.700426 -0.446474     0.744803
-0.133258  0.455223  0.880349     0.313209
>../../../../class1/met//data/domains/Catalytic_domain/structures/MetRS_AF_Bact_Prochlorococcus_marinus_subsp_marinus_str_CCMP1375_gene54200313.pdb
-0.142677  0.429442  0.891753     0.118392
 0.561028 -0.707163  0.430312     1.144045
 0.815409  0.561693 -0.140034     0.482650
>../../../../class1/met//data/domains/Catalytic_domain/structures/MetRS_AF_Bact_Streptobacillus_moniliformis_DSM_12112_gene29673607.pdb
-0.763798 -0.534559 -0.361745     2.689723
-0.384813  0.827084 -0.409697    -0.203931
 0.518201 -0.173722 -0.837430     2.584753
>../../../../class1/met//data/domains/Catalytic_domain/structures/MetRS_AF_Bact_Treponema_denticola_ATCC_35405_gene2740824.pdb
-0.178067  0.788600  0.588560     0.011881
 0.674916 -0.337384  0.656248    -1.541087
 0.716087  0.514084 -0.472161    -0.705204
>../../../../class1/met//data/domains/Catalytic_domain/structures/MetRS_AF_Euk_Drosophila_melanogaster_gene37177.pdb
-0.158078 -0.355227 -0.921317     0.805706
 0.267521 -0.913560  0.306335     9.108551
-0.950497 -0.198047  0.239444     0.880820
>../../../../class1/met//data/domains/Catalytic_domain/structures/MetRS_AF_Euk_Oryza_sativa_Japonica_Group_gene4341140.pdb
 0.162245 -0.547601 -0.820859     4.970855
 0.660757 -0.557542  0.502541     5.807102
-0.732855 -0.623923  0.271372     0.749878
>../../../../class1/met//data/domains/Catalytic_domain/structures/MetRS_AF_Euk_Scheffersomyces_stipitis_CBS_6054_gene4836672.pdb
-0.737301  0.542112  0.403115    -4.585373
 0.587663  0.220340  0.778526    -0.207107
 0.333226  0.810904 -0.481036     5.724262
>../../../../class1/met//data/domains/Catalytic_domain/structures/MetRS_AF_Euk_Trypanosoma_brucei_brucei_TREU927_gene3662741.pdb
-0.844890 -0.521193 -0.120492    -1.179313
-0.433042  0.798616 -0.417956     1.431891
 0.314063 -0.300948 -0.900441     2.745099
>../../../../class1/met//data/domains/Catalytic_domain/structures/MetRS_AF_Mito_Arvicanthis_niloticus_gene117706247.pdb
-0.990573  0.107093 -0.085412     0.834381
 0.059522  0.898096  0.435753     1.526956
 0.123375  0.426562 -0.896004     3.129266
>../../../../class1/met//data/domains/Catalytic_domain/structures/MetRS_AF_Mito_Brachypodium_distachyon_gene100843706.pdb
-0.191341  0.295595 -0.935955     2.190168
 0.091089 -0.944111 -0.316792     1.165581
-0.977288 -0.145870  0.153722     1.419674
>../../../../class1/met//data/domains/Catalytic_domain/structures/MetRS_AF_Vir_Megavirus_chiliensis_gene11256705.pdb
-0.618099  0.638900  0.457995     3.354454
 0.653223  0.093321  0.751392    -0.458106
 0.437324  0.763608 -0.475026    -0.890117
>../../../../class1/met//data/domains/Catalytic_domain/structures/MetRS_PDB_Arch_P_abyssi_1RQG.pdb
-0.746839 -0.639061 -0.183938    49.903619
-0.410093  0.660331 -0.629116    49.662517
 0.523503 -0.394417 -0.755235    71.484345
>../../../../class1/met//data/domains/Catalytic_domain/structures/MetRS_PDB_Bact_E_coli_1PFV.pdb
 0.679602  0.654446 -0.331424     1.796643
-0.714500  0.692893 -0.096898     3.243019
 0.166227  0.302654  0.938493   -33.482261
>../../../../class1/met//data/domains/Catalytic_domain/structures/MetRS_PDB_Bact_T_therm_1WOY.pdb
 0.924819 -0.360337  0.121929   -22.406287
 0.243480  0.314434 -0.917523   122.532468
 0.292279  0.878230  0.378529   -29.121236
