>structures/TrpRS_AF_Arch_Natrialba_magadii_ATCC_43099_gene8824932.pdb
-0.815628  0.571334  0.091264    -3.502093
 0.397577  0.438854  0.805816     5.825170
 0.420338  0.693530 -0.585091     1.478748
>structures/TrpRS_AF_Arch_Nitrosopumilus_maritimus_SCM1_gene5773245.pdb
-0.886211  0.462149 -0.032395    -3.901862
 0.293378  0.613946  0.732802     5.121834
 0.358552  0.639913 -0.679670     3.592093
>structures/TrpRS_AF_Arch_Sulfolobus_islandicus_M1627_gene7814138.pdb
 0.917611  0.379406  0.118498    -1.509696
-0.343509  0.906945 -0.243830     2.522022
-0.199982  0.183036  0.962551     2.177736
>structures/TrpRS_AF_Arch_Thermoplasma_acidophilum_DSM_1728_gene1456706.pdb
-0.273060 -0.683449  0.677005     0.110807
-0.961767  0.178553 -0.207662     8.977298
 0.021045 -0.707825 -0.706074     0.708509
>structures/TrpRS_AF_Bact_Anoxybacillus_flavithermus_WK1_gene7038388.pdb
 1.000000  0.000000  0.000000     0.000000
 0.000000  1.000000  0.000000     0.000000
 0.000000  0.000000  1.000000     0.000000
>structures/TrpRS_AF_Bact_Brachyspira_pilosicoli_95_1000_gene56440833.pdb
 0.020579 -0.476859  0.878739    -4.283843
-0.292468 -0.843349 -0.450805     3.285464
 0.956054 -0.247726 -0.156821    -2.241890
>structures/TrpRS_AF_Bact_Helicobacter_cinaedi_PAGU611_gene66538868.pdb
 0.976588  0.209735  0.047821    -0.401230
-0.188078  0.940371 -0.283425    -0.919065
-0.104414  0.267796  0.957801    -0.504568
>structures/TrpRS_AF_Bact_Mycoplasma_hyopneumoniae_168-L_gene57101461.pdb
 0.907628  0.419653 -0.010107    -2.490811
-0.392261  0.839320 -0.376395    -1.410224
-0.149472  0.345591  0.926404    -1.152197
>structures/TrpRS_AF_Bact_Porphyromonas_gingivalis_ATCC_33277_gene29255389.pdb
-0.206003  0.495363 -0.843907    -5.080041
 0.075018 -0.851872 -0.518350     2.787170
-0.975672 -0.170090  0.138327    -1.240206
>structures/TrpRS_AF_Bact_Prochlorococcus_marinus_subsp_marinus_str_CCMP1375_gene54200405.pdb
-0.954400  0.289399  0.073274    -9.500321
 0.276890  0.766385  0.579642     3.876675
 0.111591  0.573500 -0.811570    -4.659638
>structures/TrpRS_AF_Bact_Streptomyces_albidoflavus_gene15147734.pdb
-0.033617  0.813936 -0.579981    -3.575721
-0.345980 -0.553906 -0.757288     2.764526
-0.937639  0.175204  0.300226    -1.925317
>structures/TrpRS_AF_Bact_Thermus_thermophilus_HB8_gene3168998.pdb
-0.951564 -0.260063 -0.163989    -4.146171
-0.291888  0.931707  0.216157     3.168585
 0.096575  0.253554 -0.962488    -1.449139
>structures/TrpRS_AF_Euk_Cryptococcus_neoformans_var_neoformans_JEC21_gene3254069.pdb
 0.115179 -0.951946  0.283782    -4.521709
-0.881595 -0.229606 -0.412398     5.764210
 0.457738 -0.202681 -0.865677     1.515830
>structures/TrpRS_AF_Euk_Cyanidioschyzon_merolae_strain_10D_gene16993299.pdb
-0.933353 -0.207051 -0.293228    -4.707623
-0.292031  0.913001  0.284863     5.131572
 0.208736  0.351509 -0.912618     2.818682
>structures/TrpRS_AF_Euk_Drosophila_melanogaster_gene45399.pdb
-0.973641  0.131029 -0.186696    -9.843891
 0.055216  0.929584  0.364452     5.456355
 0.221304  0.344537 -0.912315     0.223385
>structures/TrpRS_AF_Euk_Saccharomyces_cerevisiae_S288C_gene854056.pdb
 0.328164  0.124103  0.936433    -4.647588
-0.072427 -0.985108  0.155935     6.293280
 0.941840 -0.118995 -0.314288     1.118276
>structures/TrpRS_AF_Mito_Bufo_gargarizans_gene122922343.pdb
-0.579230 -0.814868  0.021954    -5.111896
-0.757410  0.528040 -0.384063     3.286104
 0.301368 -0.239089 -0.923046    -1.091014
>structures/TrpRS_AF_Mito_Cyanidioschyzon_merolae_strain_10D_gene16992222.pdb
 0.011960 -0.447069  0.894420    -0.822175
-0.481834 -0.786362 -0.386614     1.686746
 0.876181 -0.426338 -0.224818     2.909793
>structures/TrpRS_AF_Vir_Megavirus_chiliensis_gene11257301.pdb
-0.907843  0.339709 -0.245803    -3.222774
 0.082467  0.719410  0.689673     5.288679
 0.411121  0.605844 -0.681126     1.724346
>structures/TrpRS_PDB_Arch_P_hori_3JXE.pdb
 0.996249 -0.044187 -0.074402    38.377633
-0.084468 -0.309847 -0.947027    18.112915
 0.018793  0.949759 -0.312417   -22.075060
>structures/TrpRS_PDB_Bact_G_stearo_1I6M.pdb
-0.394468  0.382768  0.835395   -23.857320
 0.875083  0.433889  0.214406   -62.887377
-0.280400  0.815616 -0.506109    17.888920
>structures/TrpRS_PDB_Bact_Y_pestis_3N9I.pdb
-0.442663 -0.723717  0.529419    54.232663
-0.421571 -0.353126 -0.835212    56.161621
 0.791409 -0.592905 -0.148782    17.207759
>structures/TrpRS_PDB_Euk_S_Cerevisiae_3KT3.pdb
-0.577597 -0.741690 -0.340995   -79.953186
-0.621140  0.128267  0.773132   -76.996210
-0.529686  0.658364 -0.534780  -111.523403
