>structures/TrpRS_AF_Arch_Natrialba_magadii_ATCC_43099_gene8824932.pdb
 0.544101 -0.031994  0.838409    56.704235
 0.213624  0.971623 -0.101558    24.312165
-0.811368  0.234362  0.535496    40.174608
>structures/TrpRS_AF_Arch_Nitrosopumilus_maritimus_SCM1_gene5773245.pdb
 0.492316  0.179762  0.851652    55.588622
 0.091050  0.962438 -0.255779    25.542339
-0.865641  0.203467  0.457456    38.732015
>structures/TrpRS_AF_Arch_Sulfolobus_islandicus_M1627_gene7814138.pdb
-0.600119  0.597156 -0.532223    52.746129
 0.029117  0.681220  0.731499    24.130151
 0.799381  0.423490 -0.426201    40.795383
>structures/TrpRS_AF_Arch_Thermoplasma_acidophilum_DSM_1728_gene1456706.pdb
-0.743422  0.623004 -0.243288    58.172491
-0.501301 -0.759839 -0.413934    26.404198
-0.442742 -0.185767  0.877194    44.164146
>structures/TrpRS_AF_Bact_Anoxybacillus_flavithermus_WK1_gene7038388.pdb
-0.396074  0.875025 -0.278309    50.655114
 0.385962  0.433674  0.814224    21.813290
 0.833162  0.215076 -0.509493    42.417898
>structures/TrpRS_AF_Bact_Brachyspira_pilosicoli_95_1000_gene56440833.pdb
-0.533721 -0.475234 -0.699496    55.831790
 0.655477 -0.755105  0.012880    19.742412
-0.534314 -0.451629  0.714521    40.684128
>structures/TrpRS_AF_Bact_Escherichia_coli_O157:H7_str._Sakai_gene915919.pdb
 0.653136  0.233121  0.720464    59.792155
-0.002920  0.952201 -0.305457    17.647630
-0.757235  0.197401  0.622598    37.456007
>structures/TrpRS_AF_Bact_Helicobacter_cinaedi_PAGU611_gene66538868.pdb
-0.515886  0.665410 -0.539529    50.080922
 0.207299  0.708057  0.675043    20.849645
 0.831197  0.236402 -0.503216    42.242724
>structures/TrpRS_AF_Bact_Mycoplasma_hyopneumoniae_168-L_gene57101461.pdb
-0.656187  0.471971 -0.588780    50.689624
 0.050276  0.805867  0.589958    19.343128
 0.752921  0.357521 -0.552529    40.730616
>structures/TrpRS_AF_Bact_Porphyromonas_gingivalis_ATCC_33277_gene29255389.pdb
 0.426255 -0.890668 -0.158170    55.396281
-0.838907 -0.323792 -0.437486    20.075114
 0.338440  0.319171 -0.885205    39.374423
>structures/TrpRS_AF_Bact_Prochlorococcus_marinus_subsp_marinus_str_CCMP1375_gene54200405.pdb
 0.582500  0.395531  0.710105    58.993601
-0.154855  0.911620 -0.380749    16.054732
-0.797943  0.111823  0.592269    37.733582
>structures/TrpRS_AF_Bact_Streptomyces_albidoflavus_gene15147734.pdb
-0.030263 -0.855494 -0.516927    55.042701
-0.928404  0.215671 -0.302575    20.098807
 0.370337  0.470761 -0.800771    41.028056
>structures/TrpRS_AF_Bact_Thermus_thermophilus_HB8_gene3168998.pdb
 0.093142  0.846023  0.524947    55.429082
-0.418309  0.511700 -0.750453    20.390496
-0.903516 -0.149691  0.401561    40.344504
>structures/TrpRS_AF_Euk_Cryptococcus_neoformans_var_neoformans_JEC21_gene3254069.pdb
-0.948169  0.225352 -0.224034    56.963664
 0.037882 -0.619840 -0.783813    23.864148
-0.315499 -0.751674  0.579177    39.296844
>structures/TrpRS_AF_Euk_Cyanidioschyzon_merolae_strain_10D_gene16993299.pdb
 0.047164  0.778262  0.626165    56.093666
-0.301739  0.608679 -0.733801    24.626537
-0.952223 -0.154329  0.263540    38.296068
>structures/TrpRS_AF_Euk_Drosophila_melanogaster_gene45399.pdb
 0.357416  0.667279  0.653446    59.108262
-0.158737  0.732885 -0.661575    20.709275
-0.920357  0.132731  0.367867    35.404083
>structures/TrpRS_AF_Euk_Homo_sapiens_gene7453.pdb
-0.389334  0.813098 -0.432771    52.468666
 0.214815  0.537041  0.815746    25.925897
 0.895697  0.224632 -0.383754    42.257894
>structures/TrpRS_AF_Mito_Bufo_gargarizans_gene122922343.pdb
-0.523321  0.848308 -0.080675    55.797321
-0.304785 -0.274748 -0.911932    20.426765
-0.795764 -0.452644  0.402334    39.462212
>structures/TrpRS_AF_Mito_Cyanidioschyzon_merolae_strain_10D_gene16992222.pdb
-0.676585 -0.390888 -0.624050    51.552214
 0.508294 -0.861104 -0.011713    24.586945
-0.532794 -0.325126  0.781296    40.758454
>structures/TrpRS_AF_Mito_Homo_sapiens_gene10352.pdb
-0.077741  0.973636  0.214452    52.112424
-0.449419  0.157784 -0.879276    17.742243
-0.889932 -0.164735  0.425304    36.212172
>structures/TrpRS_AF_Vir_Megavirus_chiliensis_gene11257301.pdb
 0.304300  0.323335  0.896022    55.994886
 0.032961  0.936493 -0.349133    24.348477
-0.952006  0.135775  0.274317    40.176711
>structures/TrpRS_PDB_Arch_P_hori_3JXE.pdb
-0.464103 -0.524932 -0.713481    57.966526
 0.354699  0.627949 -0.692726    26.024327
 0.811663 -0.574567 -0.105240    89.677978
>structures/TrpRS_PDB_Bact_G_stearo_1I6M.pdb
 1.000000 -0.000000  0.000000     0.000000
 0.000000  1.000000  0.000000     0.000000
-0.000000  0.000000  1.000000     0.000000
>structures/TrpRS_PDB_Bact_Y_pestis_3N9I.pdb
-0.399327  0.135197 -0.906786    73.868056
 0.291476 -0.919029 -0.265381    81.180794
-0.869241 -0.370280  0.327586    90.643425
>structures/TrpRS_PDB_Euk_S_Cerevisiae_3KT3.pdb
-0.170404  0.210547  0.962618    45.861261
-0.920562  0.314431 -0.231732  -133.007280
-0.351467 -0.925637  0.140241    14.872930
