>structures/TrpRS_AF_Arch_Natrialba_magadii_ATCC_43099_gene8824932.pdb
-0.158039 -0.567605 -0.807990     3.919191
 0.327939 -0.801999  0.499253     1.377768
-0.931386 -0.186070  0.312887    -2.259224
>structures/TrpRS_AF_Arch_Nitrosopumilus_maritimus_SCM1_gene5773245.pdb
-0.035095 -0.703484 -0.709844     4.799854
 0.400611 -0.660620  0.634895     0.003095
-0.915576 -0.262089  0.305008    -3.833224
>structures/TrpRS_AF_Arch_Sulfolobus_islandicus_M1627_gene7814138.pdb
 0.078308 -0.972179  0.220764     6.624926
-0.544265 -0.227221 -0.807556    -1.052923
 0.835251 -0.056916 -0.546916    -0.676971
>structures/TrpRS_AF_Arch_Thermoplasma_acidophilum_DSM_1728_gene1456706.pdb
 1.000000  0.000000  0.000000     0.000000
 0.000000  1.000000  0.000000     0.000000
 0.000000  0.000000  1.000000     0.000000
>structures/TrpRS_AF_Bact_Anoxybacillus_flavithermus_WK1_gene7038388.pdb
-0.273060 -0.961767  0.021045     8.649414
-0.683449  0.178553 -0.707825    -1.025693
 0.677005 -0.207662 -0.706074     2.289483
>structures/TrpRS_AF_Bact_Brachyspira_pilosicoli_95_1000_gene56440833.pdb
 0.289653  0.937152  0.194542     6.595045
-0.739245  0.348151 -0.576462     4.095287
-0.607963  0.023159  0.793628     0.261801
>structures/TrpRS_AF_Bact_Helicobacter_cinaedi_PAGU611_gene66538868.pdb
-0.081427 -0.957373  0.277140     9.604314
-0.627225 -0.166875 -0.760750    -0.463180
 0.774570 -0.235775 -0.586900     2.625358
>structures/TrpRS_AF_Bact_Mycoplasma_hyopneumoniae_168-L_gene57101461.pdb
 0.130042 -0.917142  0.376749    10.656268
-0.587206 -0.377410 -0.716066     1.284694
 0.798923 -0.128111 -0.587630     1.695023
>structures/TrpRS_AF_Bact_Porphyromonas_gingivalis_ATCC_33277_gene29255389.pdb
-0.024518  0.679831  0.732959     7.288091
 0.842772 -0.380302  0.380927     3.809157
 0.537712  0.627057 -0.563618    -0.942340
>structures/TrpRS_AF_Bact_Prochlorococcus_marinus_subsp_marinus_str_CCMP1375_gene54200405.pdb
-0.003393 -0.807265 -0.590180     7.257514
 0.626739 -0.461603  0.627790     9.617533
-0.779222 -0.367759  0.507511    -1.548759
>structures/TrpRS_AF_Bact_Streptomyces_albidoflavus_gene15147734.pdb
 0.328224  0.315763  0.890260     6.835492
 0.623270 -0.780589  0.047075     3.324276
 0.709792  0.539421 -0.453013     0.723448
>structures/TrpRS_AF_Bact_Thermus_thermophilus_HB8_gene3168998.pdb
 0.545511 -0.819257 -0.176737     6.681278
 0.528909  0.172937  0.830872     3.350285
-0.650133 -0.546727  0.527651    -0.173260
>structures/TrpRS_AF_Euk_Cryptococcus_neoformans_var_neoformans_JEC21_gene3254069.pdb
 0.828243  0.473050  0.300394     4.279351
-0.556877  0.754575  0.347138     2.012119
-0.062456 -0.454797  0.888402    -2.936191
>structures/TrpRS_AF_Euk_Cyanidioschyzon_merolae_strain_10D_gene16993299.pdb
 0.538837 -0.815078 -0.212844     5.005318
 0.436220  0.053821  0.898229     1.089663
-0.720671 -0.576846  0.384554    -3.917334
>structures/TrpRS_AF_Euk_Drosophila_melanogaster_gene45399.pdb
 0.211284 -0.922510 -0.323009     5.987014
 0.518192 -0.174483  0.837277     6.499905
-0.828756 -0.344284  0.441172    -5.583775
>structures/TrpRS_AF_Euk_Homo_sapiens_gene7453.pdb
-0.209969 -0.973935  0.085812     5.383890
-0.574752  0.051953 -0.816677    -2.895716
 0.790932 -0.220797 -0.570680    -0.176266
>structures/TrpRS_AF_Euk_Saccharomyces_cerevisiae_S288C_gene854056.pdb
-0.001084  0.912850 -0.408295     3.833170
-0.904156 -0.175319 -0.389571     2.480457
-0.427201  0.368740  0.825548    -2.814056
>structures/TrpRS_AF_Mito_Bufo_gargarizans_gene122922343.pdb
 0.894547 -0.292459  0.338012     6.826425
 0.050471  0.817481  0.573741     3.877036
-0.444114 -0.496178  0.746036    -1.044516
>structures/TrpRS_AF_Mito_Cyanidioschyzon_merolae_strain_10D_gene16992222.pdb
 0.477762  0.869103  0.128076     7.299446
-0.709671  0.467759 -0.526848    -2.196179
-0.517794  0.160816  0.840255    -0.757819
>structures/TrpRS_AF_Mito_Homo_sapiens_gene10352.pdb
 0.673553 -0.733381  0.092081    12.202996
 0.460322  0.513679  0.724043     4.451542
-0.578299 -0.445295  0.683581    -1.892436
>structures/TrpRS_AF_Vir_Megavirus_chiliensis_gene11257301.pdb
 0.175499 -0.771054 -0.612107     4.427587
 0.340408 -0.535878  0.772630     0.910664
-0.923755 -0.343962  0.168427    -2.136867
>structures/TrpRS_PDB_Arch_P_hori_3JXE.pdb
-0.189983  0.334791  0.922942   -19.837370
-0.707383 -0.698564  0.107788    -8.355357
 0.680820 -0.632395  0.369541    40.141073
>structures/TrpRS_PDB_Bact_G_stearo_1I6M.pdb
-0.743652 -0.500476 -0.443290    76.050663
 0.622363 -0.760419 -0.185544    -7.938557
-0.244226 -0.413868  0.876965   -13.608022
>structures/TrpRS_PDB_Bact_Y_pestis_3N9I.pdb
 0.539648  0.525118  0.658051   -59.829085
-0.327131  0.851005 -0.410822   -40.159916
-0.775735  0.006430  0.631026    15.067339
>structures/TrpRS_PDB_Euk_S_Cerevisiae_3KT3.pdb
 0.742020  0.093815 -0.663781   101.860852
 0.661002  0.062632  0.747766   119.201097
 0.111725 -0.993618 -0.015538    42.832067
