>structures/ArgRS_AF_Arch_Candidatus_Korarchaeum_cryptofilum_OPF8_gene6093502.pdb
 0.017604  0.654816 -0.755583    16.595906
 0.584459  0.606404  0.539149    -2.214025
 0.811232 -0.451099 -0.372038    42.222230
>structures/ArgRS_AF_Arch_Candidatus_Nitrosopumilus_sediminis_gene13697696.pdb
 0.484668  0.687438 -0.540856    20.252786
 0.802938 -0.104381  0.586853    -4.638060
 0.346970 -0.718702 -0.602560    31.392168
>structures/ArgRS_AF_Arch_Desulfurococcus_mucosus_DSM_2162_gene10153309.pdb
 0.063931  0.957350 -0.281767    10.036777
 0.739813  0.144027  0.657215     4.748210
 0.669768 -0.250472 -0.699053    50.698863
>structures/ArgRS_AF_Arch_Methanothermococcus_okinawensis_IH1_gene10773248.pdb
 0.442593  0.188926 -0.876595    19.782005
 0.387639  0.841187  0.377014    -1.489999
 0.808608 -0.506667  0.299069    33.849818
>structures/ArgRS_AF_Bact_Anoxybacillus_flavithermus_WK1_gene7039015.pdb
 0.674561  0.460814 -0.576730    18.330520
 0.682043 -0.687960  0.248051     0.628028
-0.282462 -0.560680 -0.778366    34.120155
>structures/ArgRS_AF_Bact_Brachyspira_pilosicoli_95_1000_gene56439668.pdb
 0.177408  0.401100 -0.898691    18.287241
-0.037195  0.915256  0.401151    -7.636085
 0.983434 -0.037741  0.177292    29.649320
>structures/ArgRS_AF_Bact_Chlamydia_psittaci_6BC_gene12242456.pdb
 0.088958  0.686506 -0.721662    18.127490
 0.374495  0.648319  0.662899    -7.427827
 0.922952 -0.329229 -0.199420    35.765950
>structures/ArgRS_AF_Bact_Corynebacterium_ulcerans_809_gene75260071.pdb
 0.243594  0.312912 -0.918013    19.943437
 0.153430  0.922174  0.355042    -3.515628
 0.957664 -0.227337  0.176626    29.411882
>structures/ArgRS_AF_Bact_Cupriavidus_taiwanensis_LMG_19424_gene29762022.pdb
 0.200032  0.516221 -0.832768    19.806787
 0.363270  0.750294  0.552354    -3.789237
 0.909957 -0.413008 -0.037444    34.734605
>structures/ArgRS_AF_Bact_Mycoplasma_hyopneumoniae_168-L_gene57100855.pdb
 0.098021  0.577667 -0.810366    20.843950
 0.538812  0.653808  0.531240    -2.964019
 0.836704 -0.488708 -0.247167    38.491585
>structures/ArgRS_AF_Bact_Prochlorococcus_marinus_subsp_marinus_str_CCMP1375_gene54199571.pdb
 0.940612  0.282365 -0.188465    21.728029
 0.297274 -0.953173  0.055590    -1.148501
-0.163943 -0.108314 -0.980505    30.828494
>structures/ArgRS_AF_Bact_Streptobacillus_moniliformis_DSM_12112_gene29674021.pdb
-0.966411 -0.062516  0.249281    18.959855
-0.041310 -0.919564 -0.390763    -7.041659
 0.253658 -0.387936  0.886094    31.314283
>structures/ArgRS_AF_Euk_Micromonas_commoda_gene8250062.pdb
-0.215578  0.598739  0.771387    15.890669
-0.618127  0.527870 -0.582471    -8.072624
-0.755940 -0.602383  0.256299    37.752162
>structures/ArgRS_AF_Euk_Paulinella_chromatophora_gene6481434.pdb
 0.992695 -0.050390 -0.109628    23.780573
-0.073113 -0.974019 -0.214342    -5.963475
-0.095979  0.220791 -0.970587    31.008987
>structures/ArgRS_AF_Euk_Polyodon_spathula_gene121324634.pdb
 0.194602 -0.170799 -0.965897    14.335881
-0.203039  0.956381 -0.210023   -12.246885
 0.959638  0.236986  0.151435    41.942434
>structures/ArgRS_AF_Euk_Thalassiosira_pseudonana_CCMP1335_gene7449555.pdb
-0.955113 -0.103481  0.277582    15.756442
 0.041860 -0.974748 -0.219350    -3.948112
 0.293271 -0.197884  0.935326    37.434106
>structures/ArgRS_AF_Mito_Caenorhabditis_elegans_gene174023.pdb
-0.850375  0.471659  0.233239   -38.416732
-0.125358  0.248904 -0.960381   -19.227963
-0.511026 -0.845923 -0.152535    16.479288
>structures/ArgRS_AF_Mito_Saccharomyces_cerevisiae_S288C_gene851942.pdb
-0.657025 -0.336662  0.674519    17.521950
 0.387700  0.616455  0.685326    -7.547374
-0.646534  0.711788 -0.274503    23.895677
>structures/ArgRS_AF_Vir_Megavirus_chiliensis_gene11257368.pdb
-0.756870 -0.465301  0.458959    18.057488
 0.645674 -0.423539  0.635390    -2.599888
-0.101260  0.777245  0.620996    29.884356
>structures/ArgRS_PDB_Arch_2ZUF.pdb
 0.999821 -0.003286  0.018658    -0.534898
 0.003511  0.999921 -0.012043     0.373889
-0.018617  0.012107  0.999753     0.422881
>structures/ArgRS_PDB_Bact_1IQ0.pdb
-0.356973 -0.315580 -0.879192    42.683944
 0.056972 -0.946807  0.316718    54.451146
-0.932376  0.062971  0.355964    44.257258
>structures/ArgRS_PDB_Euk_S_cerevisiae_1BS2.pdb
 0.272964  0.353697 -0.894644   -35.967099
-0.252747 -0.870925 -0.421436    62.112009
-0.928229  0.341156 -0.148335    34.736816
