>structures/ArgRS_AF_Arch_Candidatus_Korarchaeum_cryptofilum_OPF8_gene6093502.pdb
 0.999943  0.008341  0.006610     0.346673
-0.008372  0.999954  0.004763    -0.352890
-0.006570 -0.004818  0.999967    -0.462937
>structures/ArgRS_AF_Arch_Candidatus_Nitrosopumilus_sediminis_gene13697696.pdb
 0.766953 -0.623144 -0.153216    -9.584727
 0.639251  0.721066  0.267249     5.699092
-0.056056 -0.302911  0.951369     0.098540
>structures/ArgRS_AF_Arch_Desulfurococcus_mucosus_DSM_2162_gene10153309.pdb
 0.979327 -0.109834 -0.169870    10.891005
 0.183282  0.837132  0.515382    -3.928661
 0.085597 -0.535861  0.839956     4.937046
>structures/ArgRS_AF_Arch_Methanothermococcus_okinawensis_IH1_gene10773248.pdb
 0.884241  0.083844  0.459443    -6.331736
 0.178791  0.848040 -0.498860     6.753524
-0.431453  0.523257  0.734882     1.467694
>structures/ArgRS_AF_Bact_Anoxybacillus_flavithermus_WK1_gene7039015.pdb
 0.203806 -0.856458 -0.474281    -4.058208
 0.978419  0.161340  0.129093     5.938858
-0.034042 -0.490356  0.870857     2.819748
>structures/ArgRS_AF_Bact_Brachyspira_pilosicoli_95_1000_gene56439668.pdb
 0.786261  0.470776  0.400204   -14.275455
-0.301017  0.857473 -0.417287     5.100025
-0.539613  0.207628  0.815909     0.772499
>structures/ArgRS_AF_Bact_Chlamydia_psittaci_6BC_gene12242456.pdb
 0.971919  0.032018  0.233125    -9.961954
-0.032662  0.999466 -0.001099     3.838915
-0.233036 -0.006546  0.972446    -0.774304
>structures/ArgRS_AF_Bact_Corynebacterium_ulcerans_809_gene75260071.pdb
 0.864861  0.367935  0.341525   -10.801643
-0.176963  0.860089 -0.478467     7.249713
-0.469786  0.353370  0.808969     1.581983
>structures/ArgRS_AF_Bact_Cupriavidus_taiwanensis_LMG_19424_gene29762022.pdb
 0.949377  0.112958  0.293128    -6.895853
-0.051110  0.976223 -0.210658     4.802072
-0.309954  0.185012  0.932577    -0.536920
>structures/ArgRS_AF_Bact_Mycoplasma_hyopneumoniae_168-L_gene57100855.pdb
 0.993622 -0.003531  0.112704    -3.406446
 0.015210  0.994572 -0.102930     4.184347
-0.111729  0.103988  0.988283    -2.716646
>structures/ArgRS_AF_Bact_Prochlorococcus_marinus_subsp_marinus_str_CCMP1375_gene54199571.pdb
-0.000713 -0.640138 -0.768259    -9.796594
 0.887208 -0.354856  0.294854    11.111355
-0.461369 -0.681396  0.568189     1.540022
>structures/ArgRS_AF_Bact_Streptobacillus_moniliformis_DSM_12112_gene29674021.pdb
 0.232265 -0.830728  0.505908   -13.039943
-0.782125 -0.468721 -0.410586     5.793459
 0.578215 -0.300319 -0.758601     0.454308
>structures/ArgRS_AF_Euk_Homo_sapiens_gene5917.pdb
-0.301847 -0.090198 -0.949080   -13.095117
 0.496484 -0.864737 -0.075720     5.103136
-0.813875 -0.494059  0.305800    -3.209766
>structures/ArgRS_AF_Euk_Micromonas_commoda_gene8250062.pdb
-0.963839 -0.223104 -0.145737    -7.832743
-0.233119  0.970864  0.055479     0.147900
 0.129114  0.087447 -0.987767    -0.787957
>structures/ArgRS_AF_Euk_Paulinella_chromatophora_gene6481434.pdb
-0.131918 -0.400306 -0.906837   -11.685038
 0.668800 -0.711177  0.216645     8.158336
-0.731645 -0.577912  0.361542    -3.020546
>structures/ArgRS_AF_Euk_Polyodon_spathula_gene121324634.pdb
 0.675870  0.735735  0.043522    -6.699971
-0.371295  0.390905 -0.842219    -5.017761
-0.636663  0.553071  0.537376    -3.465194
>structures/ArgRS_AF_Euk_Thalassiosira_pseudonana_CCMP1335_gene7449555.pdb
 0.235337 -0.739942  0.630161    -4.194313
-0.731892 -0.561531 -0.386027     0.159634
 0.639493 -0.370363 -0.673706     1.314378
>structures/ArgRS_AF_Mito_Caenorhabditis_elegans_gene174023.pdb
-0.556335 -0.660465  0.504259   -44.547635
 0.202937  0.480474  0.853207   -41.883656
-0.805796  0.577002 -0.133272   -12.289474
>structures/ArgRS_AF_Mito_Homo_sapiens_gene57038.pdb
 0.418714  0.501212  0.757275   -14.232202
 0.196274 -0.864133  0.463413     8.324508
 0.886654 -0.045404 -0.460199    -3.899797
>structures/ArgRS_AF_Mito_Saccharomyces_cerevisiae_S288C_gene851942.pdb
-0.294370  0.929473  0.222322   -16.853238
 0.084344 -0.206455  0.974814     5.225026
 0.951962  0.305708 -0.017621     3.463631
>structures/ArgRS_AF_Vir_Megavirus_chiliensis_gene11257368.pdb
 0.277775  0.378463  0.882954    -9.891739
-0.061952 -0.910154  0.409612     6.524142
 0.958647 -0.168480 -0.229371     3.529488
>structures/ArgRS_PDB_Arch_2ZUF.pdb
 0.022766  0.617481  0.786257   -31.340578
 0.674497  0.571013 -0.467971     8.981092
-0.737926  0.540982 -0.403489    30.081779
>structures/ArgRS_PDB_Bact_1IQ0.pdb
-0.722895 -0.530211  0.443058    37.515301
 0.229470 -0.789052 -0.569860    48.561871
 0.651741 -0.310280  0.692069    11.204410
>structures/ArgRS_PDB_Euk_S_cerevisiae_1BS2.pdb
-0.882665 -0.242872 -0.402387    31.952537
 0.469859 -0.434871 -0.768192     5.340913
 0.011586 -0.867122  0.497962    77.003990
