>structures/ArgRS_AF_Arch_Candidatus_Korarchaeum_cryptofilum_OPF8_gene6093502.pdb
 0.020589  0.676965 -0.735727    17.010341
 0.579815  0.591410  0.560400    -3.087572
 0.814488 -0.438124 -0.380338    42.678747
>structures/ArgRS_AF_Arch_Candidatus_Nitrosopumilus_sediminis_gene13697696.pdb
 0.493842  0.688849 -0.530668    20.602752
 0.791579 -0.103551  0.602229    -5.109239
 0.359894 -0.717471 -0.596416    31.626636
>structures/ArgRS_AF_Arch_Desulfurococcus_mucosus_DSM_2162_gene10153309.pdb
 0.074325  0.960187 -0.269289    10.484305
 0.733460  0.130323  0.667123     4.109369
 0.675657 -0.247096 -0.694572    50.969018
>structures/ArgRS_AF_Arch_Methanothermococcus_okinawensis_IH1_gene10773248.pdb
 0.456381  0.190353 -0.869185    20.222360
 0.383308  0.839500  0.385115    -1.757420
 0.802989 -0.508925  0.310168    33.562953
>structures/ArgRS_AF_Bact_Anoxybacillus_flavithermus_WK1_gene7039015.pdb
 0.685231  0.459298 -0.565247    18.575511
 0.677501 -0.686799  0.263246     0.130762
-0.267302 -0.563340 -0.781791    34.749891
>structures/ArgRS_AF_Bact_Brachyspira_pilosicoli_95_1000_gene56439668.pdb
 0.169338  0.417116 -0.892938    18.614368
-0.039378  0.908163  0.416760    -8.193833
 0.984771 -0.035411  0.170212    29.867805
>structures/ArgRS_AF_Bact_Chlamydia_psittaci_6BC_gene12242456.pdb
 0.105517  0.687612 -0.718370    18.514088
 0.374086  0.641890  0.669355    -7.792761
 0.921372 -0.339361 -0.189496    35.522574
>structures/ArgRS_AF_Bact_Corynebacterium_ulcerans_809_gene75260071.pdb
 0.234235  0.337843 -0.911590    20.471202
 0.139290  0.916339  0.375394    -4.333506
 0.962150 -0.214906  0.167581    29.983866
>structures/ArgRS_AF_Bact_Cupriavidus_taiwanensis_LMG_19424_gene29762022.pdb
 0.197046  0.527433 -0.826430    20.056291
 0.360561  0.744894  0.561364    -4.203423
 0.911685 -0.408593 -0.043393    34.973102
>structures/ArgRS_AF_Bact_Escherichia_coli_O157:H7_str._Sakai_gene912519.pdb
-0.611461 -0.670354  0.420406    17.413761
 0.765055 -0.365217  0.530384    -4.327611
-0.202005  0.645943  0.736174    33.452219
>structures/ArgRS_AF_Bact_Mycoplasma_hyopneumoniae_168-L_gene57100855.pdb
 0.106383  0.590994 -0.799630    21.323160
 0.537162  0.642586  0.546389    -3.619959
 0.836744 -0.487657 -0.249099    38.565158
>structures/ArgRS_AF_Bact_Prochlorococcus_marinus_subsp_marinus_str_CCMP1375_gene54199571.pdb
 0.942747  0.278451 -0.183558    21.909148
 0.292368 -0.954827  0.053155    -1.361827
-0.160465 -0.103778 -0.981571    30.920706
>structures/ArgRS_AF_Bact_Streptobacillus_moniliformis_DSM_12112_gene29674021.pdb
-0.968091 -0.076243  0.238719    19.367978
-0.026460 -0.916171 -0.399914    -7.573638
 0.249198 -0.393470  0.884919    31.574991
>structures/ArgRS_AF_Euk_Homo_sapiens_gene5917.pdb
 0.941569 -0.218741 -0.256127    21.582795
-0.311052 -0.856409 -0.412080    -9.660967
-0.129211  0.467671 -0.874408    32.192535
>structures/ArgRS_AF_Euk_Micromonas_commoda_gene8250062.pdb
-0.222443  0.612910  0.758196    16.221888
-0.612750  0.517000 -0.597703    -8.565349
-0.758325 -0.597539  0.260558    37.921967
>structures/ArgRS_AF_Euk_Paulinella_chromatophora_gene6481434.pdb
 0.990599 -0.061817 -0.122032    24.207695
-0.086816 -0.973494 -0.211596    -6.500980
-0.105717  0.220201 -0.969709    30.744372
>structures/ArgRS_AF_Euk_Polyodon_spathula_gene121324634.pdb
 0.196986 -0.159574 -0.967333    14.633890
-0.202292  0.958818 -0.199364   -12.498134
 0.959309  0.234956  0.156594    41.866773
>structures/ArgRS_AF_Euk_Thalassiosira_pseudonana_CCMP1335_gene7449555.pdb
-0.963486 -0.109405  0.244388    15.558924
 0.053389 -0.972884 -0.225048    -4.270020
 0.262382 -0.203783  0.943201    38.276088
>structures/ArgRS_AF_Mito_Caenorhabditis_elegans_gene174023.pdb
-0.862914  0.452775  0.224442   -38.791098
-0.138827  0.214651 -0.966774   -19.495058
-0.485908 -0.865402 -0.122368    16.678001
>structures/ArgRS_AF_Mito_Homo_sapiens_gene57038.pdb
-0.501345 -0.542757  0.673845    25.312483
 0.859325 -0.221374  0.461035    -8.646094
-0.101059  0.810190  0.577389    28.188806
>structures/ArgRS_AF_Mito_Saccharomyces_cerevisiae_S288C_gene851942.pdb
-0.649474 -0.319085  0.690194    18.082482
 0.408561  0.619094  0.670672    -8.285924
-0.641297  0.717570 -0.271720    24.015244
>structures/ArgRS_AF_Vir_Megavirus_chiliensis_gene11257368.pdb
-0.749243 -0.471482  0.465123    18.452956
 0.654772 -0.421765  0.627207    -2.874256
-0.099544  0.774480  0.624718    30.016359
>structures/ArgRS_PDB_Arch_2ZUF.pdb
 0.999876  0.015594 -0.002143     0.440620
-0.015623  0.999772 -0.014522     0.159071
 0.001916  0.014553  0.999892     0.595105
>structures/ArgRS_PDB_Bact_1IQ0.pdb
-0.349043 -0.323569 -0.879472    43.288938
 0.050392 -0.943621  0.327171    54.117586
-0.935751  0.069879  0.345670    43.836318
>structures/ArgRS_PDB_Euk_S_cerevisiae_1BS2.pdb
 0.271693  0.330247 -0.903947   -33.794319
-0.255072 -0.880977 -0.398520    62.611831
-0.927966  0.338846 -0.155119    34.999125
