>structures/ArgRS_AF_Arch_Candidatus_Korarchaeum_cryptofilum_OPF8_gene6093502.pdb
 0.008066  0.679180 -0.733928    16.816881
 0.586052  0.591481  0.553799    -2.837166
 0.810233 -0.434587 -0.393264    42.800220
>structures/ArgRS_AF_Arch_Candidatus_Nitrosopumilus_sediminis_gene13697696.pdb
 0.487225  0.697886 -0.524945    20.460290
 0.798966 -0.113585  0.590552    -4.998351
 0.352512 -0.707145 -0.612928    31.743748
>structures/ArgRS_AF_Arch_Desulfurococcus_mucosus_DSM_2162_gene10153309.pdb
 0.067679  0.963139 -0.260352    10.252520
 0.726207  0.131381  0.674805     3.644913
 0.684136 -0.234739 -0.690547    51.538691
>structures/ArgRS_AF_Arch_Methanothermococcus_okinawensis_IH1_gene10773248.pdb
 0.445844  0.193005 -0.874055    20.063518
 0.388863  0.837755  0.383343    -1.657401
 0.806231 -0.510799  0.298456    33.748576
>structures/ArgRS_AF_Bact_Anoxybacillus_flavithermus_WK1_gene7039015.pdb
 0.685578  0.473717 -0.552788    18.162155
 0.684291 -0.678471  0.267249     0.108826
-0.248450 -0.561488 -0.789306    35.533699
>structures/ArgRS_AF_Bact_Brachyspira_pilosicoli_95_1000_gene56439668.pdb
 0.168314  0.415116 -0.894063    18.619444
-0.038907  0.909094  0.414771    -8.070536
 0.984965 -0.035026  0.169164    29.903769
>structures/ArgRS_AF_Bact_Chlamydia_psittaci_6BC_gene12242456.pdb
 0.102056  0.690685 -0.715918    18.522585
 0.370363  0.641557  0.671741    -7.889586
 0.923264 -0.333705 -0.190330    35.759382
>structures/ArgRS_AF_Bact_Corynebacterium_ulcerans_809_gene75260071.pdb
 0.212118  0.352002 -0.911647    20.402930
 0.130104  0.914399  0.383337    -4.910707
 0.968545 -0.199921  0.148163    30.844993
>structures/ArgRS_AF_Bact_Cupriavidus_taiwanensis_LMG_19424_gene29762022.pdb
 0.193765  0.520375 -0.831664    19.851258
 0.361876  0.750039  0.553613    -4.006929
 0.911867 -0.408231 -0.042980    35.091245
>structures/ArgRS_AF_Bact_Escherichia_coli_O157:H7_str._Sakai_gene912519.pdb
-0.612018 -0.669849  0.420399    17.451108
 0.763288 -0.361221  0.535640    -4.247683
-0.206941  0.648707  0.732362    33.409178
>structures/ArgRS_AF_Bact_Mycoplasma_hyopneumoniae_168-L_gene57100855.pdb
 0.102011  0.595916 -0.796541    21.312477
 0.540570  0.638973  0.547264    -3.602865
 0.835092 -0.486413 -0.256952    38.707299
>structures/ArgRS_AF_Bact_Prochlorococcus_marinus_subsp_marinus_str_CCMP1375_gene54199571.pdb
 0.941921  0.276539 -0.190554    21.977750
 0.292065 -0.954618  0.058323    -1.434564
-0.165778 -0.110589 -0.979943    30.864820
>structures/ArgRS_AF_Bact_Streptobacillus_moniliformis_DSM_12112_gene29674021.pdb
-0.962369 -0.077207  0.260548    19.390428
-0.033443 -0.917852 -0.395511    -7.369009
 0.269680 -0.389341  0.880730    31.124159
>structures/ArgRS_AF_Euk_Homo_sapiens_gene5917.pdb
 0.941830 -0.227666 -0.247234    21.541074
-0.314833 -0.855102 -0.411924    -9.835943
-0.117629  0.465800 -0.877037    32.590989
>structures/ArgRS_AF_Euk_Micromonas_commoda_gene8250062.pdb
-0.225574  0.599793  0.767700    16.247611
-0.615250  0.523282 -0.589613    -8.402975
-0.755370 -0.605329  0.250984    37.707260
>structures/ArgRS_AF_Euk_Paulinella_chromatophora_gene6481434.pdb
 0.991886 -0.056362 -0.113956    24.015084
-0.079440 -0.974594 -0.209418    -6.334542
-0.099258  0.216772 -0.971163    31.086396
>structures/ArgRS_AF_Euk_Polyodon_spathula_gene121324634.pdb
 0.200061 -0.161194 -0.966433    14.703076
-0.198103  0.959346 -0.201021   -12.470360
 0.959547  0.231670  0.159995    41.710513
>structures/ArgRS_AF_Euk_Thalassiosira_pseudonana_CCMP1335_gene7449555.pdb
-0.962065 -0.106537  0.251158    15.564419
 0.048995 -0.973104 -0.225096    -4.368425
 0.268384 -0.204251  0.941409    38.392820
>structures/ArgRS_AF_Mito_Caenorhabditis_elegans_gene174023.pdb
-0.865041  0.457806  0.205227   -38.273057
-0.110206  0.225678 -0.967948   -18.661903
-0.489448 -0.859932 -0.144768    17.080122
>structures/ArgRS_AF_Mito_Homo_sapiens_gene57038.pdb
-0.550443 -0.511714  0.659667    24.489192
 0.829693 -0.247411  0.500397    -7.021579
-0.092851  0.822762  0.560751    27.409072
>structures/ArgRS_AF_Vir_Megavirus_chiliensis_gene11257368.pdb
-0.752294 -0.486437  0.444334    17.855252
 0.650306 -0.440134  0.619181    -3.477287
-0.105626  0.754759  0.647443    31.285771
>structures/ArgRS_PDB_Arch_2ZUF.pdb
 0.999696  0.009963  0.022555    -0.066822
-0.010065  0.999940  0.004385    -0.121024
-0.022510 -0.004610  0.999736    -0.014512
>structures/ArgRS_PDB_Bact_1IQ0.pdb
-0.346465 -0.317027 -0.882868    42.617434
 0.057425 -0.946563  0.317364    54.182788
-0.936304  0.059257  0.346156    44.928206
>structures/ArgRS_PDB_Euk_S_cerevisiae_1BS2.pdb
 0.273631  0.354309 -0.894198   -35.949915
-0.256619 -0.869087 -0.422887    61.888927
-0.926969  0.345184 -0.146887    34.480452
