>structures/GlnRS_AF_Bact_Anaerostipes_hadrus_gene15230984.pdb
 0.971517 -0.124675  0.201522     0.233449
 0.165711  0.965337 -0.201655    -1.692613
-0.169396  0.229305  0.958501     3.637005
>structures/GlnRS_AF_Bact_Cutibacterium_avidum_44067_gene29843447.pdb
 0.872098 -0.487953 -0.036708    -0.502308
 0.470664  0.815941  0.335732    -1.353721
-0.133869 -0.310068  0.941242     3.537529
>structures/GlnRS_AF_Bact_Pasteurella_multocida_subsp_multocida_str_Pm70_gene1243875.pdb
 0.831311 -0.471006 -0.295084     0.153211
 0.511931  0.855613  0.076503    -2.905597
 0.216444 -0.214660  0.952404     3.591627
>structures/GlnRS_AF_Bact_Porphyromonas_gingivalis_ATCC_33277_gene29257033.pdb
 0.961860  0.206155  0.179791     0.036247
-0.086481  0.852742 -0.515123     0.013286
-0.259511  0.479928  0.838047     3.212205
>structures/GlnRS_AF_Bact_Thermus_thermophilus_HB8_gene3168786.pdb
-0.710058  0.609248  0.353036     0.399700
 0.245816 -0.255351  0.935078     1.702971
 0.659842  0.750742  0.031551     3.163355
>structures/GlnRS_AF_Euk_Candida_dubliniensis_CD36_gene8049124.pdb
 0.999994 -0.002731 -0.002241     0.010688
 0.002733  0.999996  0.001008    -0.073940
 0.002239 -0.001014  0.999997    -0.035308
>structures/GlnRS_AF_Euk_Dictyostelium_discoideum_AX4_gene8627167.pdb
-0.949500  0.225428 -0.218247     2.399388
 0.035757  0.768780  0.638513     0.351152
 0.311723  0.598465 -0.738017    -2.449035
>structures/GlnRS_AF_Euk_Encephalitozoon_romaleae_SJ-2008_gene20564565.pdb
-0.962991  0.227464  0.144599     0.471625
 0.230271  0.415471  0.879977    -0.626490
 0.140086  0.880707 -0.452473     0.008461
>structures/GlnRS_AF_Euk_Myodes_glareolus_gene125393344.pdb
 0.046053 -0.152533 -0.987225     4.748897
 0.418235 -0.894541  0.157723    -5.311847
-0.907171 -0.420156  0.022599     3.755155
>structures/GlnRS_AF_Mito_Cyanidioschyzon_merolae_strain_10D_gene16997184.pdb
-0.764632  0.615115  0.192279    -1.838068
 0.249976  0.008081  0.968218     0.408804
 0.594012  0.788396 -0.159943    -0.910352
>structures/GlnRS_Bact_D_radio_2HZ7.pdb
-0.897497  0.377171  0.228562    -7.380341
-0.088071  0.354536 -0.930885    50.248028
-0.432137 -0.855597 -0.284977    74.989218
>structures/GlnRS_Bact_E_coli_1QTQ.pdb
 0.404558  0.612155 -0.679411   -16.098999
 0.845884  0.031884  0.532413   -42.801157
 0.347582 -0.790095 -0.504913     9.944083
>structures/GlnRS_PDB_Euk_T_gondii_4P2B.pdb
-0.843253  0.504524 -0.185419    58.546640
 0.536366  0.767241 -0.351644   -70.352888
-0.035152 -0.395977 -0.917587    75.824899
