>structures/ArgRS_AF_Arch_Candidatus_Korarchaeum_cryptofilum_OPF8_gene6093502.pdb
 0.427134  0.891333 -0.151925     3.735616
-0.709355  0.226140 -0.667590     4.509400
-0.560689  0.392919  0.728864    -2.960954
>structures/ArgRS_AF_Arch_Candidatus_Nitrosopumilus_sediminis_gene13697696.pdb
 0.750455  0.653868 -0.096297    -1.151771
-0.657670  0.724362 -0.206807     2.577876
-0.065471  0.218531  0.973631    -0.811644
>structures/ArgRS_AF_Arch_Desulfurococcus_mucosus_DSM_2162_gene10153309.pdb
 0.568655  0.802219  0.181866     9.824777
-0.485982  0.506031 -0.712569     6.853204
-0.663666  0.316823  0.677621    -3.016943
>structures/ArgRS_AF_Arch_Methanothermococcus_okinawensis_IH1_gene10773248.pdb
 0.373139  0.838740 -0.396588     3.228910
-0.511922 -0.170370 -0.841968     3.788739
-0.773759  0.517193  0.365798     0.775187
>structures/ArgRS_AF_Bact_Anoxybacillus_flavithermus_WK1_gene7039015.pdb
 0.999893 -0.011607 -0.008877    -0.237747
 0.011764  0.999773  0.017788     0.567391
 0.008669 -0.017890  0.999802    -0.058348
>structures/ArgRS_AF_Bact_Brachyspira_pilosicoli_95_1000_gene56439668.pdb
-0.142200  0.784190 -0.604007     0.011313
-0.477684 -0.588816 -0.652007     5.129296
-0.866947  0.195809  0.458325     2.805239
>structures/ArgRS_AF_Bact_Chlamydia_psittaci_6BC_gene12242456.pdb
 0.191958  0.970498 -0.145895     3.258848
-0.817890  0.076036 -0.570329     7.129445
-0.542410  0.228806  0.808356    -0.796354
>structures/ArgRS_AF_Bact_Corynebacterium_ulcerans_809_gene75260071.pdb
-0.002159  0.852425 -0.522845     0.194133
-0.616939 -0.412621 -0.670172     5.101946
-0.787008  0.321117  0.526784     2.103557
>structures/ArgRS_AF_Bact_Cupriavidus_taiwanensis_LMG_19424_gene29762022.pdb
 0.215464  0.920619 -0.325632     4.155299
-0.722169 -0.074236 -0.687722     3.692549
-0.657304  0.383340  0.648847     1.586453
>structures/ArgRS_AF_Bact_Mycoplasma_hyopneumoniae_168-L_gene57100855.pdb
 0.365244  0.880433 -0.302383     3.057294
-0.757056  0.091901 -0.646854     3.646162
-0.541722  0.465180  0.700104    -1.130428
>structures/ArgRS_AF_Bact_Prochlorococcus_marinus_subsp_marinus_str_CCMP1375_gene54199571.pdb
 0.912747 -0.406490  0.040721     8.080181
 0.319798  0.772976  0.547939     5.599983
-0.254208 -0.487107  0.835527     1.709657
>structures/ArgRS_AF_Bact_Streptobacillus_moniliformis_DSM_12112_gene29674021.pdb
-0.837810 -0.496875 -0.226253     3.387682
-0.455969  0.864724 -0.210579     4.913102
 0.300278 -0.073261 -0.951034     1.456849
>structures/ArgRS_AF_Euk_Micromonas_commoda_gene8250062.pdb
-0.471683  0.853876  0.220026     0.375221
 0.808081  0.318734  0.495392     3.706184
 0.352873  0.411467 -0.840342    -1.786705
>structures/ArgRS_AF_Euk_Paulinella_chromatophora_gene6481434.pdb
 0.802009 -0.595046 -0.051976     8.116050
 0.443175  0.534453  0.719691     7.526122
-0.400471 -0.600233  0.692346     0.440561
>structures/ArgRS_AF_Euk_Polyodon_spathula_gene121324634.pdb
-0.038859  0.394871 -0.917914    -1.250943
-0.356576 -0.863610 -0.356415     3.725276
-0.933458  0.313457  0.174360    -4.674183
>structures/ArgRS_AF_Euk_Thalassiosira_pseudonana_CCMP1335_gene7449555.pdb
-0.707543 -0.702631 -0.075444     3.121231
-0.585734  0.642833 -0.493641    -1.093229
 0.395346 -0.305083 -0.866387    -0.022201
>structures/ArgRS_AF_Mito_Caenorhabditis_elegans_gene174023.pdb
 0.355761 -0.920362 -0.162384    11.460654
 0.597139  0.090194  0.797051     4.178074
-0.718929 -0.380525  0.581671    -2.702558
>structures/ArgRS_AF_Mito_Saccharomyces_cerevisiae_S288C_gene851942.pdb
 0.092570 -0.262454  0.960494     0.653782
 0.202002 -0.939626 -0.276221     6.583563
 0.975000  0.219592 -0.033965     1.749863
>structures/ArgRS_AF_Vir_Megavirus_chiliensis_gene11257368.pdb
-0.207500 -0.906159  0.368537     5.811421
-0.595090 -0.182082 -0.782761     1.385748
 0.776410 -0.381736 -0.501464     4.082539
>structures/ArgRS_PDB_Arch_2ZUF.pdb
 0.827778  0.421087 -0.370769    -3.826784
 0.346461 -0.903433 -0.252533    -2.065633
-0.441303  0.080584 -0.893732    35.761916
>structures/ArgRS_PDB_Bact_1IQ0.pdb
-0.363873 -0.633745 -0.682615    49.734090
 0.405241  0.552149 -0.728637   -39.751782
 0.838675 -0.541755  0.055908    30.121774
>structures/ArgRS_PDB_Euk_S_cerevisiae_1BS2.pdb
 0.468188 -0.467503 -0.749827     4.797671
 0.869766  0.393541  0.297712   -54.246368
 0.155906 -0.791560  0.590869    65.438897
