>../../../../class1/gln//data/domains/Catalytic_domain/structures/GlnRS_AF_Bact_Anaerostipes_hadrus_gene15230984.pdb
-0.488043 -0.031540 -0.872250    -1.554565
-0.629180 -0.679916  0.376626    53.343579
-0.604935  0.732611  0.311984    27.099731
>../../../../class1/gln//data/domains/Catalytic_domain/structures/GlnRS_AF_Bact_Cutibacterium_avidum_44067_gene29843447.pdb
-0.443918  0.616199 -0.650565    -0.486860
-0.831956 -0.553110  0.043800    53.653832
-0.332844  0.560685  0.758186    27.043146
>../../../../class1/gln//data/domains/Catalytic_domain/structures/GlnRS_AF_Bact_Pasteurella_multocida_subsp_multocida_str_Pm70_gene1243875.pdb
-0.678152  0.530264 -0.508851    -0.994792
-0.731527 -0.553516  0.398107    54.761051
-0.070555  0.642215  0.763271    25.617142
>../../../../class1/gln//data/domains/Catalytic_domain/structures/GlnRS_AF_Bact_Porphyromonas_gingivalis_ATCC_33277_gene29257033.pdb
-0.447665 -0.422244 -0.788229    -0.525038
-0.479476 -0.630707  0.610174    52.492724
-0.754784  0.651091  0.079889    26.628995
>../../../../class1/gln//data/domains/Catalytic_domain/structures/GlnRS_AF_Bact_Thermus_thermophilus_HB8_gene3168786.pdb
 0.015539 -0.982519 -0.185514     0.043787
 0.390290  0.176778 -0.903561    51.759935
 0.920561 -0.058364  0.386214    27.051860
>../../../../class1/gln//data/domains/Catalytic_domain/structures/GlnRS_AF_Euk_Candida_dubliniensis_CD36_gene8049124.pdb
-0.671333  0.086841 -0.736051     2.218801
-0.475370 -0.812383  0.337725    51.382697
-0.568626  0.576622  0.586661    25.000298
>../../../../class1/gln//data/domains/Catalytic_domain/structures/GlnRS_AF_Euk_Dictyostelium_discoideum_AX4_gene8627167.pdb
 0.393984 -0.542419  0.741996     1.942318
 0.528126 -0.527113 -0.665759    49.296454
 0.752236  0.654166  0.078791    22.514363
>../../../../class1/gln//data/domains/Catalytic_domain/structures/GlnRS_AF_Euk_Encephalitozoon_romaleae_SJ-2008_gene20564565.pdb
 0.533512 -0.790561  0.300630     0.808338
 0.298622 -0.156485 -0.941455    51.755064
 0.791322  0.592052  0.152592    24.661772
>../../../../class1/gln//data/domains/Catalytic_domain/structures/GlnRS_AF_Euk_Myodes_glareolus_gene125393344.pdb
 0.718662  0.327635  0.613335    -5.747668
-0.631968  0.675691  0.379550    55.018025
-0.290071 -0.660376  0.692648    21.553718
>../../../../class1/gln//data/domains/Catalytic_domain/structures/GlnRS_AF_Mito_Cyanidioschyzon_merolae_strain_10D_gene16997184.pdb
 0.073356 -0.995112  0.066119     3.699102
 0.333107 -0.038043 -0.942121    51.343418
 0.940031  0.091135  0.328688    26.494241
>../../../../class1/gln//data/domains/Catalytic_domain/structures/GlnRS_Bact_D_radio_2HZ7.pdb
 0.936632  0.348829 -0.032222   -39.205025
 0.296247 -0.739626  0.604311    35.534296
 0.186969 -0.575562 -0.796097   104.263102
>../../../../class1/gln//data/domains/Catalytic_domain/structures/GlnRS_Bact_E_coli_1QTQ.pdb
-0.490982  0.178815  0.852620     3.700553
-0.748370 -0.587581 -0.307720    97.079437
 0.445958 -0.789161  0.422311    15.791574
>../../../../class1/gln//data/domains/Catalytic_domain/structures/GlnRS_PDB_Euk_T_gondii_4P2B.pdb
 0.552398  0.092048  0.828483  -100.760122
 0.012536 -0.994689  0.102155    99.774090
 0.833486 -0.046044 -0.550618   -15.800471
>../../../../class1/tyr//data/domains/Catalytic_domain/structures/TyrRS_AF_Arch_Candidatus_Korarchaeum_cryptofilum_OPF8_gene6094625.pdb
-0.537552  0.219199 -0.814242     2.181175
 0.364045  0.931324  0.010380    46.905079
 0.760598 -0.290841 -0.580433    20.948658
>../../../../class1/tyr//data/domains/Catalytic_domain/structures/TyrRS_AF_Arch_Desulfurococcus_amylolyticus_1221n_gene7171652.pdb
-0.239994  0.840277 -0.486145     2.549525
 0.926635  0.347575  0.143316    46.800303
 0.289397 -0.416084 -0.862046    19.513657
>../../../../class1/tyr//data/domains/Catalytic_domain/structures/TyrRS_AF_Arch_Methanothermococcus_okinawensis_IH1_gene10772133.pdb
 0.828033 -0.540416  0.149369     3.326872
-0.189628 -0.520638 -0.832452    48.998910
 0.527638  0.660974 -0.533584    16.923157
>../../../../class1/tyr//data/domains/Catalytic_domain/structures/TyrRS_AF_Arch_Thermoplasma_acidophilum_DSM_1728_gene1456112.pdb
-0.080385  0.832509  0.548148     0.208342
-0.992257 -0.119069  0.035326    42.077345
 0.094677 -0.541064  0.835635    22.159850
>../../../../class1/tyr//data/domains/Catalytic_domain/structures/TyrRS_AF_Bact_Bifidobacterium_animalis_subsp_lactis_BLC1_gene66533077.pdb
-0.400778  0.913330 -0.072145     0.104692
 0.890500  0.406848  0.203675    51.029273
 0.215375  0.017383 -0.976377    23.959880
>../../../../class1/tyr//data/domains/Catalytic_domain/structures/TyrRS_AF_Bact_Brachyspira_pilosicoli_95_1000_gene56440491.pdb
 0.296611  0.599814  0.743132     4.461362
-0.896147  0.443757 -0.000490    43.322133
-0.330063 -0.665810  0.669145    22.462551
>../../../../class1/tyr//data/domains/Catalytic_domain/structures/TyrRS_AF_Bact_Chlamydia_psittaci_6BC_gene12242888.pdb
-0.215883  0.976126 -0.023945     1.443897
 0.959698  0.216641  0.179018    46.487886
 0.179931  0.015667 -0.983554    21.451006
>../../../../class1/tyr//data/domains/Catalytic_domain/structures/TyrRS_AF_Bact_Lactococcus_lactis_subsp_cremoris_KW2_gene61108704.pdb
-0.211237  0.977376 -0.010694     1.634572
 0.951322  0.208094  0.227339    50.560351
 0.224422  0.037849 -0.973757    24.529881
>../../../../class1/tyr//data/domains/Catalytic_domain/structures/TyrRS_AF_Bact_Porphyromonas_gingivalis_ATCC_33277_gene29255602.pdb
 0.151445  0.902872  0.402351     0.384432
-0.930841  0.267216 -0.249262    44.830844
-0.332566 -0.336775  0.880899    25.570866
>../../../../class1/tyr//data/domains/Catalytic_domain/structures/TyrRS_AF_Bact_Prochlorococcus_marinus_subsp_marinus_str_CCMP1375_gene54200747.pdb
 0.674262  0.152496  0.722575     0.854265
 0.631993 -0.625330 -0.457764    47.411442
 0.382041  0.765316 -0.518013    20.671135
>../../../../class1/tyr//data/domains/Catalytic_domain/structures/TyrRS_AF_Bact_Serratia_plymuthica_AS9_gene57666950.pdb
 0.745572  0.348563  0.568003    -0.931737
 0.461911 -0.884655 -0.063433    51.395766
 0.480376  0.309660 -0.820579    24.481607
>../../../../class1/tyr//data/domains/Catalytic_domain/structures/TyrRS_AF_Bact_Streptobacillus_moniliformis_DSM_12112_gene29673957.pdb
 0.610997  0.639886  0.466078     5.207550
 0.688443 -0.720149  0.086203    53.687910
 0.390805  0.268198 -0.880534    19.298846
>../../../../class1/tyr//data/domains/Catalytic_domain/structures/TyrRS_AF_Euk_Cryptococcus_neoformans_var_neoformans_JEC21_gene3254328.pdb
 0.037480  0.966529  0.253807     0.089695
 0.993459 -0.063454  0.094937    50.385815
 0.107865  0.248588 -0.962585    23.148695
>../../../../class1/tyr//data/domains/Catalytic_domain/structures/TyrRS_AF_Euk_Drosophila_melanogaster_gene39829.pdb
 0.640140  0.062721  0.765694     5.454969
-0.670988 -0.439754  0.596986    40.765031
 0.374160 -0.895925 -0.239419    26.592130
>../../../../class1/tyr//data/domains/Catalytic_domain/structures/TyrRS_AF_Euk_Plasmodium_falciparum_3D7_gene2655248.pdb
-0.089920  0.449611 -0.888687     0.632957
 0.807523  0.555189  0.199178    47.399016
 0.582941 -0.699725 -0.412994    18.139478
>../../../../class1/tyr//data/domains/Catalytic_domain/structures/TyrRS_AF_Euk_Seriola_dumerili_gene111223086.pdb
 0.530087 -0.778014  0.337199     7.158779
-0.721843 -0.622697 -0.301980    39.351073
 0.444917 -0.083329 -0.891687    25.981657
>../../../../class1/tyr//data/domains/Catalytic_domain/structures/TyrRS_AF_Mito_Aspergillus_fumigatus_Af293_gene3509181.pdb
-0.742282 -0.668135  0.051131    -4.966688
-0.502009  0.605016  0.618015    45.413861
-0.443852  0.433073 -0.784502    12.424887
>../../../../class1/tyr//data/domains/Catalytic_domain/structures/TyrRS_AF_Mito_Cyanidioschyzon_merolae_strain_10D_gene16996209.pdb
-0.079804  0.932996  0.350927    -0.019389
 0.988598  0.028982  0.147764    50.626280
 0.127692  0.358718 -0.924671    21.667962
>../../../../class1/tyr//data/domains/Catalytic_domain/structures/TyrRS_AF_Vir_Megavirus_chiliensis_gene11257765.pdb
 0.505839 -0.858987  0.079170     0.458021
-0.610910 -0.421519 -0.670158    47.118028
 0.609028  0.290626 -0.737984    13.844921
>../../../../class1/tyr//data/domains/Catalytic_domain/structures/TyrRS_PDB_Arch_M_jannashii_1U7D.pdb
 1.000000  0.000000  0.000000     0.000000
 0.000000  1.000000  0.000000     0.000000
 0.000000  0.000000  1.000000     0.000000
>../../../../class1/tyr//data/domains/Catalytic_domain/structures/TyrRS_PDB_E_coli_Bact_1WQ4.pdb
-0.983038 -0.014249  0.182849    19.117433
 0.175557  0.215380  0.960620   -12.978652
-0.053069  0.976426 -0.209225    20.563104
>../../../../class1/tyr//data/domains/Catalytic_domain/structures/TyrRS_PDB_Vir_Acanthamoeba_polyphaga_mimivirus_2J5B.pdb
-0.142915  0.898307  0.415476   -75.865268
 0.481573 -0.303628  0.822130     3.434862
 0.864675  0.317577 -0.389207   -30.824935
