>../../../../class1//arg/data/domains/Catalytic_domain//structures/ArgRS_AF_Bact_Streptobacillus_moniliformis_DSM_12112_gene29674021.pdb
 0.330204 -0.421076  0.844784     4.309142
-0.910451  0.094096  0.402773   -11.907815
-0.249089 -0.902131 -0.352298    -6.667097
>../../../../class1//cys/data/domains/Catalytic_domain//structures/CysRS_AF_Arch_Aciduliprofundum_boonei_T469_gene8827372.pdb
 0.003344  0.777225 -0.629214     5.061951
 0.460285 -0.559796 -0.689033    -3.739116
-0.887765 -0.287314 -0.359617    -9.126692
>../../../../class1//gln/data/domains/Catalytic_domain//structures/GlnRS_AF_Euk_Candida_dubliniensis_CD36_gene8049124.pdb
 1.000000  0.000000  0.000000     0.000000
 0.000000  1.000000  0.000000     0.000000
 0.000000  0.000000  1.000000     0.000000
>../../../../class1//glu1/data/domains/Catalytic_domain//structures/GluRS_AF_Bact_Bifidobacterium_animalis_subsp_lactis_BLC1_gene66532600.pdb
-0.177318 -0.223648  0.958405     1.940387
-0.521084 -0.804796 -0.284210    -2.889450
 0.834883 -0.549805  0.026165     2.822816
>../../../../class1//glu2/data/domains/Catalytic_domain//structures/GlxRS_AF_Euk_Xylariaceae_sp_FL0804_proteinKAI0483267.1.pdb
 0.310346  0.632385 -0.709771    -5.733686
-0.200215 -0.686408 -0.699113    -4.589608
-0.929300  0.359073 -0.086411    -4.868261
>../../../../class1//ile/data/domains/Catalytic_domain//structures/IleRS_AF_Arch_Candidatus_Nitrosopumilus_sediminis_gene13697091.pdb
 0.418152  0.798202 -0.433615     0.310543
 0.380619 -0.587385 -0.714218    -2.126826
-0.824790  0.133610 -0.549427    -9.172024
>../../../../class1//leu1/data/domains/Catalytic_domain//structures/LeuRS-B_AF_Bact_Brachyspira_pilosicoli_95_1000_gene56439070.pdb
-0.361500 -0.511727 -0.779393    10.847923
 0.932124 -0.217641 -0.289442     0.391549
-0.021513 -0.831125  0.555670   -10.778898
>../../../../class1//leu2/data/domains/Catalytic_domain//structures/LeuRS-A_AF_Arch_Aciduliprofundum_boonei_T469_gene8828435.pdb
-0.492198  0.099633 -0.864762     7.935584
 0.818282 -0.285888 -0.498681     1.173474
-0.296910 -0.953069  0.059185    -8.098436
>../../../../class1//lys/data/domains/Catalytic_domain//structures/LysRS-I_AF_Arch_Candidatus_Bathyarchaeota_archaeon_proteinRJS75864.1.pdb
 0.098794  0.331716 -0.938192     3.194746
 0.509874 -0.826515 -0.238539    -0.664481
-0.854557 -0.454794 -0.250788     1.462329
>../../../../class1//met/data/domains/Catalytic_domain//structures/MetRS_AF_Bact_Brucella_suis_1330_gene45052047.pdb
-0.361931  0.126306 -0.923608     7.674131
 0.868271 -0.314922 -0.383313    -7.774213
-0.339280 -0.940676  0.004312    -3.562117
>../../../../class1//trp1/data/domains/Catalytic_domain//structures/TrpRS-A_AF_Arch_Natrialba_magadii_ATCC_43099_gene8824932.pdb
-0.723544 -0.344317  0.598272     7.883165
-0.634507 -0.009541 -0.772858    -0.328543
 0.271817 -0.938805 -0.211568    -6.603771
>../../../../class1//trp2/data/domains/Catalytic_domain//structures/TrpRS-B_AF_Mito_Cyanidioschyzon_merolae_strain_10D_gene16992222.pdb
-0.787159  0.178635  0.590314     7.654379
 0.604385  0.414122  0.680604     5.092296
-0.122882  0.892520 -0.433944    -6.937918
>../../../../class1//tyr/data/domains/Catalytic_domain//structures/TyrRS_AF_Vir_Megavirus_chiliensis_gene11257765.pdb
-0.382191  0.593882  0.707979     9.924972
 0.906123  0.391166  0.161029    -2.925810
-0.181305  0.703060 -0.687630    -6.495965
>../../../../class1//val/data/domains/Catalytic_domain//structures/ValRS_AF_Mito_Falco_naumanni_gene121082178.pdb
 0.869152  0.015204  0.494312    11.614971
 0.425712  0.485679 -0.763470    10.928056
-0.251684  0.874005  0.415656    -9.686218
