>../../../../class1/arg//data/domains/Catalytic_domain/structures/ArgRS_AF_Arch_Candidatus_Korarchaeum_cryptofilum_OPF8_gene6093502.pdb
 0.942542 -0.167506 -0.289061     1.396039
 0.282429  0.861683  0.421587    -2.495530
 0.178460 -0.479003  0.859481    -2.372265
>../../../../class1/arg//data/domains/Catalytic_domain/structures/ArgRS_AF_Arch_Candidatus_Nitrosopumilus_sediminis_gene13697696.pdb
 0.724286 -0.216338 -0.654681     0.184743
 0.681611  0.367866  0.632519    -0.720229
 0.103997 -0.904363  0.413899    -0.761877
>../../../../class1/arg//data/domains/Catalytic_domain/structures/ArgRS_AF_Arch_Desulfurococcus_mucosus_DSM_2162_gene10153309.pdb
 0.967112 -0.221405 -0.125200     2.907546
 0.251063  0.752043  0.609425     1.684923
-0.040774 -0.620815  0.782896    -7.106688
>../../../../class1/arg//data/domains/Catalytic_domain/structures/ArgRS_AF_Arch_Methanothermococcus_okinawensis_IH1_gene10773248.pdb
 1.000000  0.000000  0.000000     0.000000
 0.000000  1.000000  0.000000     0.000000
 0.000000  0.000000  1.000000     0.000000
>../../../../class1/arg//data/domains/Catalytic_domain/structures/ArgRS_AF_Bact_Anoxybacillus_flavithermus_WK1_gene7039015.pdb
 0.350025 -0.484650 -0.801622     0.705015
 0.774503 -0.331621  0.538677    -1.495646
-0.526904 -0.809409  0.259287     2.090213
>../../../../class1/arg//data/domains/Catalytic_domain/structures/ArgRS_AF_Bact_Brachyspira_pilosicoli_95_1000_gene56439668.pdb
 0.884298  0.403218 -0.235442    -3.338575
-0.403043  0.913753  0.051102    -1.020810
 0.235742  0.049704  0.970544    -0.727835
>../../../../class1/arg//data/domains/Catalytic_domain/structures/ArgRS_AF_Bact_Chlamydia_psittaci_6BC_gene12242456.pdb
 0.955446  0.047569 -0.291309    -0.685667
 0.077469  0.911916  0.402998    -2.186045
 0.284819 -0.407610  0.867601    -0.420919
>../../../../class1/arg//data/domains/Catalytic_domain/structures/ArgRS_AF_Bact_Corynebacterium_ulcerans_809_gene75260071.pdb
 0.917576  0.294226 -0.267367    -2.524339
-0.272602  0.955160  0.115572    -0.642748
 0.289383 -0.033161  0.956639    -1.108143
>../../../../class1/arg//data/domains/Catalytic_domain/structures/ArgRS_AF_Bact_Cupriavidus_taiwanensis_LMG_19424_gene29762022.pdb
 0.964476  0.016901 -0.263628    -0.964123
 0.062286  0.955267  0.289113     0.382258
 0.256722 -0.295263  0.920279    -1.040066
>../../../../class1/arg//data/domains/Catalytic_domain/structures/ArgRS_AF_Bact_Mycoplasma_hyopneumoniae_168-L_gene57100855.pdb
 0.930851 -0.082803 -0.355895     1.319649
 0.218685  0.906539  0.361059    -0.414341
 0.292736 -0.413920  0.861960    -2.554528
>../../../../class1/arg//data/domains/Catalytic_domain/structures/ArgRS_AF_Bact_Prochlorococcus_marinus_subsp_marinus_str_CCMP1375_gene54199571.pdb
 0.292641 -0.181641 -0.938812    -0.916760
 0.551542 -0.769954  0.320894     3.253930
-0.781129 -0.611701 -0.125137    -2.152615
>../../../../class1/arg//data/domains/Catalytic_domain/structures/ArgRS_AF_Bact_Streptobacillus_moniliformis_DSM_12112_gene29674021.pdb
-0.236593 -0.560577  0.793585    -1.791183
-0.378800 -0.698924 -0.606643    -0.567855
 0.894726 -0.444137 -0.046986    -0.154316
>../../../../class1/arg//data/domains/Catalytic_domain/structures/ArgRS_AF_Euk_Micromonas_commoda_gene8250062.pdb
-0.873403 -0.225890  0.431440     0.590051
-0.411964  0.815161 -0.407182    -3.426252
-0.259715 -0.533372 -0.805023     1.247235
>../../../../class1/arg//data/domains/Catalytic_domain/structures/ArgRS_AF_Euk_Paulinella_chromatophora_gene6481434.pdb
 0.289558 -0.010231 -0.957106    -1.185069
 0.328032 -0.938326  0.109271     1.863047
-0.899195 -0.345601 -0.268344    -4.535667
>../../../../class1/arg//data/domains/Catalytic_domain/structures/ArgRS_AF_Euk_Polyodon_spathula_gene121324634.pdb
 0.925613  0.337205 -0.171853     2.235505
-0.369851  0.709552 -0.599789    -7.986621
-0.080313  0.618732  0.781486     1.418257
>../../../../class1/arg//data/domains/Catalytic_domain/structures/ArgRS_AF_Euk_Thalassiosira_pseudonana_CCMP1335_gene7449555.pdb
-0.159895 -0.306884  0.938219     2.531833
-0.277746 -0.898064 -0.341084    -1.271681
 0.947254 -0.315124  0.058360     5.430187
>../../../../class1/arg//data/domains/Catalytic_domain/structures/ArgRS_AF_Mito_Caenorhabditis_elegans_gene174023.pdb
 0.303583  0.098644 -0.947685     3.608289
-0.113609 -0.983783 -0.138796     1.967054
-0.946007  0.149802 -0.287453    -2.561760
>../../../../class1/arg//data/domains/Catalytic_domain/structures/ArgRS_AF_Mito_Saccharomyces_cerevisiae_S288C_gene851942.pdb
-0.806369  0.319426  0.497730    -2.449348
 0.555021  0.118065  0.823415    -2.094505
 0.204256  0.940227 -0.272493     0.960402
>../../../../class1/arg//data/domains/Catalytic_domain/structures/ArgRS_AF_Vir_Megavirus_chiliensis_gene11257368.pdb
-0.343051  0.206896  0.916248    -1.917454
 0.307349 -0.897022  0.317628     1.853251
 0.887611  0.390570  0.244135     4.078964
>../../../../class1/arg//data/domains/Catalytic_domain/structures/ArgRS_PDB_Arch_2ZUF.pdb
 0.575615  0.437556  0.690805   -31.997151
 0.257436  0.704869 -0.660973    14.934792
-0.776141  0.558304  0.293090     7.527435
>../../../../class1/arg//data/domains/Catalytic_domain/structures/ArgRS_PDB_Bact_1IQ0.pdb
-0.993723 -0.071287  0.086216    14.257331
 0.055936 -0.984040 -0.168930    67.152661
 0.096882 -0.163047  0.981850     9.110401
>../../../../class1/arg//data/domains/Catalytic_domain/structures/ArgRS_PDB_Euk_S_cerevisiae_1BS2.pdb
-0.506999  0.220655 -0.833225   -12.879064
 0.249894 -0.887532 -0.387091    48.418801
-0.824927 -0.404473  0.394838    72.500368
>../../../../class1/lys//data/domains/Catalytic_domain/structures/LysRS-I_AF_Arch_Candidatus_Bathyarchaeota_archaeon_proteinRJS75864.1.pdb
 0.113025 -0.282647 -0.952542     5.352639
-0.800554 -0.593736  0.081188     7.999157
-0.588506  0.753385 -0.293381    -9.137552
>../../../../class1/lys//data/domains/Catalytic_domain/structures/LysRS-I_AF_Arch_Candidatus_Nitrosopumilus_koreensis_AR1_gene13726042.pdb
 0.829617  0.531878 -0.169828     4.679470
-0.124507  0.472748  0.872357     3.838406
 0.544274 -0.702577  0.458423    -7.585437
>../../../../class1/lys//data/domains/Catalytic_domain/structures/LysRS-I_AF_Arch_Ferroplasma_acidarmanus_Fer1_gene16025146.pdb
 0.177700 -0.244241 -0.953294     3.066983
-0.850836 -0.524878 -0.024124     5.023663
-0.494470  0.815383 -0.301080   -12.088569
>../../../../class1/lys//data/domains/Catalytic_domain/structures/LysRS-I_AF_Arch_Halorubrum_lacusprofundi_ATCC_49239_gene7400505.pdb
-0.111698  0.104796  0.988201     5.258303
 0.971048  0.222819  0.086130    10.373010
-0.211164  0.969211 -0.126650   -10.850152
>../../../../class1/lys//data/domains/Catalytic_domain/structures/LysRS-I_AF_Bact_Cereibacter_sphaeroides_KD131_gene67447319.pdb
-0.300905 -0.648181  0.699512     1.024013
 0.759873 -0.606177 -0.234825     6.321334
 0.576238  0.460880  0.674937    -7.767038
>../../../../class1/lys//data/domains/Catalytic_domain/structures/LysRS-I_AF_Bact_Cyanobacteria_bacterium_J007_proteinRMH73500.1.pdb
 0.319495 -0.604390 -0.729819     6.818189
-0.535079 -0.750714  0.387451     9.017172
-0.782057  0.266723 -0.563246    -9.163809
>../../../../class1/lys//data/domains/Catalytic_domain/structures/LysRS-I_AF_Bact_Streptomyces_albidoflavus_gene15147364.pdb
 0.863350  0.503941  0.025883     3.741613
-0.283080  0.441235  0.851573     8.127468
 0.417722 -0.742533  0.523596    -7.128646
>../../../../class1/lys//data/domains/Catalytic_domain/structures/LysRS-I_AF_Bact_Treponema_denticola_ATCC_35405_gene2739918.pdb
 0.869263  0.491840  0.049756     4.267389
-0.324877  0.492499  0.807403     8.170405
 0.372608 -0.718010  0.587898    -7.135804
>../../../../class1/lys//data/domains/Catalytic_domain/structures/LysRS-I_PDB_Arch_P_hori_1IRX.pdb
 0.443996  0.494301  0.747352   -87.164727
 0.179772  0.767970 -0.614739    14.403514
-0.877810  0.407295  0.252113    -1.899247
