>structures/ThrRS_AF_Arch_Candidatus_Methanomethylophilus_alvus_Mx1201_gene15140074.pdb
-0.724448 -0.488337  0.486520    -0.052376
 0.589552 -0.073186  0.804408     1.941742
-0.357215  0.869581  0.340920     2.777251
>structures/ThrRS_AF_Arch_Candidatus_Nitrosopumilus_koreensis_AR1_gene13725077.pdb
 0.970448  0.191139 -0.147300     8.158317
-0.220141  0.951258 -0.215977     0.453009
 0.098839  0.242021  0.965224     6.461241
>structures/ThrRS_AF_Arch_Pyrococcus_furiosus_DSM_3638_gene1469226.pdb
 0.942900  0.328614 -0.054336     7.813743
-0.311505  0.812266 -0.493141     1.767645
-0.117918  0.481909  0.868251     4.709623
>structures/ThrRS_AF_Arch_Sulfolobus_islandicus_M164_gene7940156.pdb
-0.786555 -0.407326  0.464131     1.433855
-0.561756  0.784093 -0.263871     5.567683
-0.256441 -0.468277 -0.845550     8.455150
>structures/ThrRS_AF_Bact_Bifidobacterium_longum_subsp_longum_JCM_1217_gene69578309.pdb
 0.002037  0.908887  0.417037     1.367945
-0.887553  0.193773 -0.417974     0.410076
-0.460702 -0.369291  0.807080    -0.973569
>structures/ThrRS_AF_Bact_Brachyspira_pilosicoli_95_1000_gene56439092.pdb
-0.511228 -0.215382  0.832019    -1.282274
-0.826121 -0.143813 -0.544832     0.921383
 0.237003 -0.965882 -0.104410     0.498793
>structures/ThrRS_AF_Bact_Brucella_abortus_2308_gene3787745.pdb
 0.407284  0.443306 -0.798498    -0.807205
 0.873736  0.065422  0.481980     0.739172
 0.265904 -0.893980 -0.360688    -0.088013
>structures/ThrRS_AF_Bact_Lactobacillus_acidophilus_La-14_gene56943112.pdb
 0.751557 -0.150382 -0.642299    -0.653310
-0.648289  0.011699 -0.761305    -2.271325
 0.122001  0.988559 -0.088699    -3.171671
>structures/ThrRS_AF_Bact_Mycoplasma_hyopneumoniae_168-L_gene57101460.pdb
-0.883913  0.103577  0.456038     0.681635
 0.430915 -0.198468  0.880297     3.594539
 0.181688  0.974619  0.130795     2.184523
>structures/ThrRS_AF_Bact_Porphyromonas_gingivalis_ATCC_33277_gene29256174.pdb
-0.686647  0.010424  0.726916     1.526591
-0.473546 -0.765089 -0.436341     1.572292
 0.551607 -0.643841  0.530282    -0.763889
>structures/ThrRS_AF_Bact_Prochlorococcus_marinus_subsp_marinus_str_CCMP1375_gene54200406.pdb
 0.608246 -0.734681  0.300468     1.332509
 0.425227  0.621242  0.658210    -1.969537
-0.670237 -0.272586  0.690274    -1.050869
>structures/ThrRS_AF_Bact_Streptobacillus_moniliformis_DSM_12112_gene29674242.pdb
 0.934054  0.110864 -0.339488    -0.209061
-0.327286  0.646148 -0.689475     0.178354
 0.142922  0.755117  0.639822    -0.337780
>structures/ThrRS_AF_Euk_Arabidopsis_thaliana_gene832741.pdb
 0.121574  0.972095 -0.200627     2.494832
-0.823066 -0.014243 -0.567767     1.057829
-0.554781  0.234155  0.798366    -2.520439
>structures/ThrRS_AF_Euk_Cercospora_beticola_gene35433465.pdb
-0.039878  0.366178 -0.929690     0.309670
-0.107820 -0.926574 -0.360326     0.868882
-0.993370  0.085870  0.076431    -1.943496
>structures/ThrRS_AF_Euk_Cryptococcus_gattii_WM276_gene10188143.pdb
 0.372501  0.875348  0.308235    -0.160445
-0.817115  0.466821 -0.338232     0.458830
-0.439962 -0.125871  0.889151    -3.160113
>structures/ThrRS_AF_Euk_Cyanidioschyzon_merolae_strain_10D_gene16997242.pdb
 0.621400  0.024141 -0.783122    -0.341360
 0.753013  0.257681  0.605452    -0.615226
 0.216411 -0.965928  0.141945    -2.256066
>structures/ThrRS_AF_Euk_Homo_sapiens_gene6897.pdb
-0.438547  0.895117 -0.080266    -0.029761
-0.731824 -0.407524 -0.546220    -0.409591
-0.521641 -0.180803  0.833787    -2.393402
>structures/ThrRS_AF_Euk_Saccharomyces_cerevisiae_S288C_gene854732.pdb
 0.555756  0.312959 -0.770190    -1.425830
 0.828740 -0.135267  0.543040     0.236435
 0.065768 -0.940085 -0.334537    -2.541914
>structures/ThrRS_AF_Mito_Cyanidioschyzon_merolae_strain_10D_gene16995590.pdb
 1.000000  0.000000  0.000000     0.000000
 0.000000  1.000000  0.000000     0.000000
 0.000000  0.000000  1.000000     0.000000
>structures/ThrRS_AF_Mito_Homo_sapiens_gene80222.pdb
 0.589944  0.448465 -0.671450    -0.583976
 0.713037 -0.679546  0.172610    -1.081092
-0.378872 -0.580599 -0.720667    -1.400067
>structures/ThrRS_AF_Mito_Oryza_sativa_Japonica_Group_gene4345200.pdb
 0.484857 -0.197389  0.852028     0.785154
 0.283483 -0.886134 -0.366611     0.017114
 0.827376  0.419289 -0.373692    -3.106971
>structures/ThrRS_PDB_Bact_E_coli_1evk.pdb
-0.229829 -0.516725 -0.824727    53.311042
 0.427920 -0.814755  0.391227    30.128291
-0.874107 -0.263002  0.408371    43.182713
>structures/ThrRS_PDB_Bact_S_aureus_1nyr.pdb
-0.613601  0.750952  0.244059   -40.490169
-0.296202 -0.505419  0.810442   -11.778207
 0.731955  0.424998  0.532559   -57.689143
>structures/ThrRS_PDB_Saccharomyces_cerevisiae_3ugq.pdb
 0.421081  0.328720  0.845360    49.038327
 0.875101  0.097852 -0.473945   -11.000599
-0.238515  0.939345 -0.246459     7.207007
