>structures/ThrRS_AF_Arch_Candidatus_Methanomethylophilus_alvus_Mx1201_gene15140074.pdb
 0.322143 -0.837172 -0.442004    -4.680276
-0.841648 -0.039510 -0.538579    -0.708864
 0.433420  0.545511 -0.717332     0.288708
>structures/ThrRS_AF_Arch_Candidatus_Nitrosopumilus_koreensis_AR1_gene13725077.pdb
-0.117933 -0.331358 -0.936106    -8.673329
 0.563292 -0.798666  0.211743     4.040577
-0.817798 -0.502329  0.280841    -6.531282
>structures/ThrRS_AF_Arch_Pyrococcus_furiosus_DSM_3638_gene1469226.pdb
 0.109013 -0.563584 -0.818834    -7.059509
 0.622759 -0.603327  0.498165     2.572317
-0.774783 -0.564242  0.285207    -6.784499
>structures/ThrRS_AF_Arch_Sulfolobus_islandicus_M164_gene7940156.pdb
 0.346196  0.398948  0.849111   -10.731185
 0.210138 -0.915057  0.344256    -3.054028
 0.914325  0.059250 -0.400623    -1.967565
>structures/ThrRS_AF_Bact_Bifidobacterium_longum_subsp_longum_JCM_1217_gene69578309.pdb
 0.548750  0.309564 -0.776559    -0.791404
 0.787116  0.121628  0.604695     0.977556
 0.281643 -0.943068 -0.176920    -0.740594
>structures/ThrRS_AF_Bact_Brachyspira_pilosicoli_95_1000_gene56439092.pdb
-0.127798  0.983497  0.128071    -2.244308
 0.598306 -0.026538  0.800828    -0.375707
 0.791011  0.178970 -0.585040     1.642675
>structures/ThrRS_AF_Bact_Brucella_abortus_2308_gene3787745.pdb
-0.372087  0.863291  0.340998    -1.642091
-0.638789  0.028373 -0.768858    -0.086007
-0.673424 -0.503908  0.540904     1.208236
>structures/ThrRS_AF_Bact_Lactobacillus_acidophilus_La-14_gene56943112.pdb
-0.087631 -0.978797  0.185141     1.634426
 0.885680  0.008513  0.464219     2.620650
-0.455952  0.204655  0.866155     1.991291
>structures/ThrRS_AF_Bact_Mycoplasma_hyopneumoniae_168-L_gene57101460.pdb
-0.186395 -0.954106 -0.234389    -4.280478
-0.709288  0.295760 -0.639872    -1.954281
 0.679829  0.046980 -0.731864    -1.024370
>structures/ThrRS_AF_Bact_Porphyromonas_gingivalis_ATCC_33277_gene29256174.pdb
-0.470960  0.720818 -0.508545    -1.185532
 0.238726  0.659111  0.713149    -0.013749
 0.849238  0.214462 -0.482494    -1.271537
>structures/ThrRS_AF_Bact_Prochlorococcus_marinus_subsp_marinus_str_CCMP1375_gene54200406.pdb
 0.596298  0.234872 -0.767635    -0.486145
-0.227828 -0.867408 -0.442376     3.143605
-0.769755  0.438677 -0.463724     0.133849
>structures/ThrRS_AF_Bact_Streptobacillus_moniliformis_DSM_12112_gene29674242.pdb
-0.144844 -0.822311 -0.550295    -1.393369
 0.657826 -0.495476  0.567247     0.610502
-0.739111 -0.279836  0.612704     0.837935
>structures/ThrRS_AF_Euk_Arabidopsis_thaliana_gene832741.pdb
 0.634597 -0.269264 -0.724419     0.580372
 0.759078  0.393282  0.518777     0.529981
 0.145213 -0.879105  0.453968    -2.164858
>structures/ThrRS_AF_Euk_Cercospora_beticola_gene35433465.pdb
 0.999995  0.001969  0.002277     0.174163
-0.001953  0.999973 -0.007135    -0.119930
-0.002291  0.007131  0.999972    -0.107286
>structures/ThrRS_AF_Euk_Cryptococcus_gattii_WM276_gene10188143.pdb
 0.505532  0.039690 -0.861895     1.415025
 0.858629 -0.121342  0.498028     0.153722
-0.084818 -0.991817 -0.095421     0.463923
>structures/ThrRS_AF_Euk_Cyanidioschyzon_merolae_strain_10D_gene16997242.pdb
-0.314422  0.933519 -0.172281     0.530536
-0.456515 -0.307818 -0.834771     1.181315
-0.832305 -0.183822  0.522951     1.134618
>structures/ThrRS_AF_Euk_Homo_sapiens_gene6897.pdb
 0.611540  0.185964 -0.769049     0.714959
 0.474713  0.691366  0.544666     1.075829
 0.632982 -0.698163  0.334519     0.734488
>structures/ThrRS_AF_Euk_Saccharomyces_cerevisiae_S288C_gene854732.pdb
-0.173652  0.936318  0.305212     0.837132
-0.557738  0.161923 -0.814069    -0.089174
-0.811648 -0.311593  0.494102     1.800214
>structures/ThrRS_AF_Mito_Cyanidioschyzon_merolae_strain_10D_gene16995590.pdb
-0.040807 -0.105764 -0.993554    -1.679923
 0.366914 -0.926495  0.083556     0.882248
-0.929359 -0.361139  0.076614     0.729943
>structures/ThrRS_AF_Mito_Homo_sapiens_gene80222.pdb
 0.272731  0.634610  0.723110    -0.175943
-0.476573  0.742025 -0.471463     1.422123
-0.835761 -0.216032  0.504811     1.535742
>structures/ThrRS_AF_Mito_Oryza_sativa_Japonica_Group_gene4345200.pdb
-0.870842 -0.314826  0.377516     1.337545
-0.013371  0.782879  0.622030     0.837270
-0.491380  0.536642 -0.685974    -0.243136
>structures/ThrRS_PDB_Bact_E_coli_1evk.pdb
 0.833471  0.365545 -0.414371   -49.799252
-0.552532  0.543440 -0.631966    -3.879768
-0.005826  0.755679  0.654917   -56.475181
>structures/ThrRS_PDB_Bact_S_aureus_1nyr.pdb
-0.674456 -0.398001 -0.621855    58.251071
 0.111721  0.777549 -0.618819    -7.634279
 0.729813 -0.486841 -0.479958    38.532202
