>structures/ThrRS_AF_Arch_Candidatus_Methanomethylophilus_alvus_Mx1201_gene15140074.pdb
-0.595134 -0.506582 -0.623851    -3.782189
-0.308727 -0.572602  0.759483     0.105046
-0.741959  0.644594  0.184379     4.686599
>structures/ThrRS_AF_Arch_Candidatus_Nitrosopumilus_koreensis_AR1_gene13725077.pdb
 0.497083 -0.808301 -0.315528    -1.201685
 0.732804  0.585792 -0.346189     6.061870
 0.464658 -0.059135  0.883513    11.200055
>structures/ThrRS_AF_Arch_Pyrococcus_furiosus_DSM_3638_gene1469226.pdb
 0.657150 -0.753627 -0.014132    -1.648904
 0.692572  0.611099 -0.383277     6.612253
 0.297484  0.242083  0.923525     9.099355
>structures/ThrRS_AF_Arch_Sulfolobus_islandicus_M164_gene7940156.pdb
 0.276107 -0.585993  0.761824    -8.688312
-0.917813  0.074512  0.389957     2.376033
-0.285277 -0.806883 -0.517259     8.963989
>structures/ThrRS_AF_Bact_Bifidobacterium_longum_subsp_longum_JCM_1217_gene69578309.pdb
 0.928441  0.343251  0.142039    -0.294570
-0.354736  0.932723  0.064726     1.044310
-0.110266 -0.110480  0.987743     2.364445
>structures/ThrRS_AF_Bact_Brachyspira_pilosicoli_95_1000_gene56439092.pdb
 0.377552  0.461770  0.802635    -2.417360
-0.865532 -0.132079  0.483125    -1.166377
 0.329105 -0.877111  0.349810     2.641977
>structures/ThrRS_AF_Bact_Brucella_abortus_2308_gene3787745.pdb
-0.676147  0.508946 -0.532729    -1.840631
 0.733550  0.532527 -0.422279    -0.750539
 0.068775 -0.676306 -0.733403     2.326611
>structures/ThrRS_AF_Bact_Lactobacillus_acidophilus_La-14_gene56943112.pdb
 0.753326 -0.507234  0.418585     2.163840
 0.337242 -0.248478 -0.908034    -1.711412
 0.564595  0.825211 -0.016124     0.790339
>structures/ThrRS_AF_Bact_Mycoplasma_hyopneumoniae_168-L_gene57101460.pdb
-0.761013 -0.236009 -0.604284    -4.527639
-0.592674 -0.125860  0.795548     1.561163
-0.263811  0.963566 -0.044095     3.911663
>structures/ThrRS_AF_Bact_Porphyromonas_gingivalis_ATCC_33277_gene29256174.pdb
-0.113023  0.911749  0.394891    -1.344610
-0.892156 -0.268070  0.363589     1.741467
 0.437360 -0.311210  0.843721     2.183483
>structures/ThrRS_AF_Bact_Prochlorococcus_marinus_subsp_marinus_str_CCMP1375_gene54200406.pdb
 0.176190 -0.662000 -0.728501     1.625584
 0.817163 -0.314258  0.483204    -0.045512
-0.548818 -0.680440  0.485593     3.045617
>structures/ThrRS_AF_Bact_Streptobacillus_moniliformis_DSM_12112_gene29674242.pdb
 0.554162 -0.818196  0.153164    -1.027444
 0.643374  0.304250 -0.702497    -0.473136
 0.528181  0.487839  0.695009     2.489102
>structures/ThrRS_AF_Euk_Arabidopsis_thaliana_gene832741.pdb
 0.960810  0.274705  0.037158     0.198787
-0.210446  0.810083 -0.547245     2.606374
-0.180432  0.517979  0.836147     1.053588
>structures/ThrRS_AF_Euk_Cercospora_beticola_gene35433465.pdb
 0.509249  0.855798 -0.090968    -0.731860
 0.043132 -0.130948 -0.990451     0.574697
-0.859538  0.500463 -0.103597     0.955059
>structures/ThrRS_AF_Euk_Cryptococcus_gattii_WM276_gene10188143.pdb
 0.999993  0.002839 -0.002547     0.032408
-0.002850  0.999986 -0.004404     0.076004
 0.002535  0.004411  0.999987    -0.100748
>structures/ThrRS_AF_Euk_Cyanidioschyzon_merolae_strain_10D_gene16997242.pdb
-0.477846  0.223149 -0.849628     0.441389
 0.868487  0.265223 -0.418793    -0.716507
 0.131887 -0.938009 -0.320537     1.017157
>structures/ThrRS_AF_Mito_Cyanidioschyzon_merolae_strain_10D_gene16995590.pdb
 0.374787 -0.815780 -0.440497    -0.947919
 0.872690  0.470813 -0.129414    -0.405406
 0.312965 -0.335914  0.888378     2.874657
>structures/ThrRS_AF_Mito_Oryza_sativa_Japonica_Group_gene4345200.pdb
-0.412034  0.464457  0.783905     0.661339
 0.448764 -0.645306  0.618216     0.698810
 0.792993  0.606515  0.057457     0.344566
>structures/ThrRS_PDB_Bact_E_coli_1evk.pdb
-0.046053  0.585198 -0.809582   -24.585596
 0.113979 -0.802071 -0.586252    54.758346
-0.992415 -0.119274 -0.029763    47.737393
>structures/ThrRS_PDB_Bact_S_aureus_1nyr.pdb
-0.311896  0.504589 -0.805053    19.089813
-0.766202  0.367467  0.527164   -34.269038
 0.561832  0.781254  0.272005   -56.675319
