>structures/LeuRS-A_AF_Arch_Aciduliprofundum_boonei_T469_gene8828435.pdb
-0.231460 -0.168740 -0.958099     3.297540
 0.440151 -0.896443  0.051548     0.563793
-0.867579 -0.409776  0.281762     0.432830
>structures/LeuRS-A_AF_Arch_Candidatus_Korarchaeum_cryptofilum_OPF8_gene6093520.pdb
-0.816193  0.561901  0.134521     0.304800
 0.482549  0.534885  0.693574    -1.398178
 0.317766  0.631003 -0.707714    -3.339089
>structures/LeuRS-A_AF_Arch_Candidatus_Nitrosopumilus_koreensis_AR1_gene13725794.pdb
 0.994277  0.042330 -0.098093     1.217101
-0.054744  0.990322 -0.127538    -1.164014
 0.091745  0.132178  0.986971    -2.000829
>structures/LeuRS-A_AF_Arch_Methanobrevibacter_smithii_ATCC_35061_gene5216355.pdb
 1.000000  0.000000  0.000000     0.000000
 0.000000  1.000000  0.000000     0.000000
 0.000000  0.000000  1.000000     0.000000
>structures/LeuRS-A_AF_Euk_Arabidopsis_thaliana_gene837489.pdb
-0.207303 -0.872104  0.443239     0.255986
-0.902644 -0.004168 -0.430368     1.344001
 0.377173 -0.489303 -0.786335    -6.975148
>structures/LeuRS-A_AF_Euk_Drosophila_melanogaster_gene326262.pdb
 0.999125 -0.037846  0.017798    -0.479451
 0.038505  0.998527 -0.038226    -0.288729
-0.016325  0.038878  0.999111    -3.288702
>structures/LeuRS-A_AF_Euk_Homo_sapiens_gene51520.pdb
-0.149154 -0.042313 -0.987908    -4.927056
 0.518185 -0.854254 -0.041647     3.610408
-0.842162 -0.518132  0.149341    -6.361710
>structures/LeuRS-A_AF_Euk_Leishmania_major_strain_Friedlin_gene5650139.pdb
 0.997037  0.021081  0.073985     2.967203
-0.008231  0.985434 -0.169861     0.322718
-0.076488  0.168749  0.982687    -4.051439
>structures/LeuRS-A_AF_Euk_Neurospora_crassa_OR74A_gene3879366.pdb
 0.992994 -0.105019 -0.054162     1.728545
 0.109744  0.989575  0.093257    -0.787220
 0.043804 -0.098548  0.994168    -3.102778
>structures/LeuRS-A_AF_Euk_Saccharomyces_cerevisiae_S288C_gene855943.pdb
 0.998170  0.029583  0.052740     1.229589
-0.023242  0.992857 -0.117025    -0.681851
-0.055825  0.115585  0.991728    -3.426983
>structures/LeuRS-A_PDB_Arch_P_hori_1WKB.pdb
-0.264117  0.740382  0.618123     9.753454
-0.933838 -0.036016 -0.355879   122.800532
-0.241224 -0.671221  0.700909    52.009777
