>structures/LeuRS-A_AF_Arch_Aciduliprofundum_boonei_T469_gene8828435.pdb
-0.150307 -0.120967 -0.981211    -0.029535
 0.286327 -0.955277  0.073909     0.939468
-0.946269 -0.269838  0.178221     4.000758
>structures/LeuRS-A_AF_Arch_Candidatus_Korarchaeum_cryptofilum_OPF8_gene6093520.pdb
-0.827407  0.527512  0.192689    -3.405256
 0.535818  0.638729  0.552200    -1.173886
 0.168216  0.560140 -0.811139     1.205599
>structures/LeuRS-A_AF_Arch_Candidatus_Nitrosopumilus_koreensis_AR1_gene13725794.pdb
 0.983963  0.038492 -0.174172    -2.260930
-0.032825  0.998838  0.035300    -0.920903
 0.175329 -0.029016  0.984082     1.959791
>structures/LeuRS-A_AF_Arch_Methanobrevibacter_smithii_ATCC_35061_gene5216355.pdb
 0.997037 -0.008231 -0.076488    -3.265639
 0.021081  0.985434  0.168749     0.303107
 0.073985 -0.169861  0.982687     3.816586
>structures/LeuRS-A_AF_Euk_Arabidopsis_thaliana_gene837489.pdb
-0.232179 -0.817110  0.527659    -2.046684
-0.835130 -0.110644 -0.538810     0.316359
 0.498649 -0.565764 -0.656704    -3.669452
>structures/LeuRS-A_AF_Euk_Drosophila_melanogaster_gene326262.pdb
 0.998078 -0.027362 -0.055610    -3.948959
 0.034326  0.991126  0.128420    -0.132315
 0.051602 -0.130082  0.990159     0.530058
>structures/LeuRS-A_AF_Euk_Leishmania_major_strain_Friedlin_gene5650139.pdb
 1.000000  0.000000  0.000000     0.000000
 0.000000  1.000000  0.000000     0.000000
 0.000000  0.000000  1.000000     0.000000
>structures/LeuRS-A_AF_Euk_Neurospora_crassa_OR74A_gene3879366.pdb
 0.985877 -0.097083 -0.136463    -1.475758
 0.135966  0.939722  0.313744    -0.939836
 0.097778 -0.327867  0.939650     2.086877
>structures/LeuRS-A_PDB_Arch_P_hori_1WKB.pdb
-0.221427  0.788702  0.573515    -0.136836
-0.971094 -0.124575 -0.203611   130.369789
-0.089142 -0.602022  0.793488    34.009315
