>structures/LeuRS-A_AF_Arch_Aciduliprofundum_boonei_T469_gene8828435.pdb
-0.153112  0.978288  0.139673   128.450649
 0.405132  0.191057 -0.894073    34.394694
-0.901346 -0.080308 -0.425589     2.962573
>structures/LeuRS-A_AF_Arch_Candidatus_Korarchaeum_cryptofilum_OPF8_gene6093520.pdb
-0.320615 -0.799204 -0.508408   131.783612
-0.831961 -0.018992  0.554509    34.329454
-0.452822  0.600760 -0.658817    -0.485935
>structures/LeuRS-A_AF_Arch_Candidatus_Nitrosopumilus_koreensis_AR1_gene13725794.pdb
-0.254607 -0.961449 -0.103877   131.086903
 0.679031 -0.101262 -0.727092    34.600871
 0.688543 -0.255659  0.678636     1.707636
>structures/LeuRS-A_AF_Arch_Methanobrevibacter_smithii_ATCC_35061_gene5216355.pdb
-0.264117 -0.933838 -0.241224   129.797839
 0.740382 -0.036016 -0.671221    32.111558
 0.618123 -0.355879  0.700909     1.219109
>structures/LeuRS-A_AF_Euk_Arabidopsis_thaliana_gene837489.pdb
 0.811618  0.341022  0.474321   130.113343
-0.376555 -0.315362  0.871064    36.888512
 0.446635 -0.885580 -0.127540    -4.328234
>structures/LeuRS-A_AF_Euk_Drosophila_melanogaster_gene326262.pdb
-0.272278 -0.939956 -0.205787   130.726709
 0.754265 -0.075703 -0.652191    33.543199
 0.597452 -0.332795  0.729588    -1.777461
>structures/LeuRS-A_AF_Euk_Homo_sapiens_gene51520.pdb
-0.240125  0.932204  0.270805   129.375435
 0.430978  0.352341 -0.830731    32.658432
-0.869827 -0.082768 -0.486365    -7.328845
>structures/LeuRS-A_AF_Euk_Leishmania_major_strain_Friedlin_gene5650139.pdb
-0.221427 -0.971094 -0.089142   129.602709
 0.788702 -0.124575 -0.602022    36.823095
 0.573515 -0.203611  0.793488    -0.362839
>structures/LeuRS-A_AF_Euk_Neurospora_crassa_OR74A_gene3879366.pdb
-0.351217 -0.881193 -0.316457   130.669116
 0.706647 -0.027740 -0.707023    34.915876
 0.614245 -0.471941  0.632435    -0.053993
>structures/LeuRS-A_PDB_Arch_P_hori_1WKB.pdb
 1.000000  0.000000  0.000000     0.000000
 0.000000  1.000000  0.000000     0.000000
 0.000000  0.000000  1.000000     0.000000
