>../../../../class2/ala//data/domains/Catalytic_domain/structures/AlaRS_AF_Arch_Candidatus_Korarchaeum_cryptofilum_OPF8_gene6094822.pdb
 0.014208  0.616344 -0.787349     2.033833
 0.992439  0.087314  0.086259     7.358311
 0.121912 -0.782622 -0.610443    -3.716722
>../../../../class2/ala//data/domains/Catalytic_domain/structures/AlaRS_AF_Arch_Candidatus_Nitrosopumilus_koreensis_AR1_gene13725795.pdb
 0.253504 -0.931162  0.262055     6.997020
-0.242562 -0.323439 -0.914632     3.127766
 0.936429  0.168299 -0.307857    -3.635931
>../../../../class2/ala//data/domains/Catalytic_domain/structures/AlaRS_AF_Arch_Sulfolobus_islandicus_YG5714_gene7807284.pdb
 0.248586  0.198594 -0.948032     3.114027
 0.518811 -0.853816 -0.042819     7.310350
-0.817949 -0.481205 -0.315280    -7.423953
>../../../../class2/ala//data/domains/Catalytic_domain/structures/AlaRS_AF_Arch_Thermoplasma_acidophilum_DSM_1728_gene1456391.pdb
 0.249964 -0.931039  0.265864     5.735520
-0.204828 -0.319212 -0.925283     4.960818
 0.946342  0.176832 -0.270494    -3.548116
>../../../../class2/ala//data/domains/Catalytic_domain/structures/AlaRS_AF_Bact_Brucella_melitensis_bv_1_str_16M_gene29593597.pdb
 0.688591 -0.437613  0.578219     8.264464
-0.046857 -0.822564 -0.566739     1.393086
 0.723635  0.363158 -0.586915     4.602047
>../../../../class2/ala//data/domains/Catalytic_domain/structures/AlaRS_AF_Bact_Chlamydia_psittaci_6BC_gene12242512.pdb
 0.980842  0.188063  0.050809     4.377366
-0.184725  0.980709 -0.063930     2.226725
-0.061852  0.053319  0.996660     0.151881
>../../../../class2/ala//data/domains/Catalytic_domain/structures/AlaRS_AF_Bact_Lactobacillus_acidophilus_La-14_gene56942022.pdb
 0.442296  0.691637 -0.570975    -0.201904
-0.584242 -0.260830 -0.768524    -4.142431
-0.680467  0.673502  0.288720    -3.964104
>../../../../class2/ala//data/domains/Catalytic_domain/structures/AlaRS_AF_Bact_Nocardia_farcinica_IFM_10152_gene61134339.pdb
 0.723390  0.685942 -0.078680     2.907761
-0.560206  0.516508 -0.647602     0.932383
-0.403579  0.512546  0.757905     0.098390
>../../../../class2/ala//data/domains/Catalytic_domain/structures/AlaRS_AF_Bact_Porphyromonas_gingivalis_ATCC_33277_gene29256567.pdb
 0.945074  0.323844  0.044286     3.804478
-0.306083  0.924378 -0.227679     2.180669
-0.114669  0.201619  0.972729    -1.793039
>../../../../class2/ala//data/domains/Catalytic_domain/structures/AlaRS_AF_Bact_Prochlorococcus_marinus_subsp_marinus_str_CCMP1375_gene54199407.pdb
-0.440030 -0.602442  0.665911     1.482471
-0.862815  0.489146 -0.127617     1.852894
-0.248846 -0.630713 -0.735035     1.051469
>../../../../class2/ala//data/domains/Catalytic_domain/structures/AlaRS_AF_Bact_Streptobacillus_moniliformis_DSM_12112_gene29672963.pdb
 1.000000  0.000000  0.000000     0.000000
 0.000000  1.000000  0.000000     0.000000
 0.000000  0.000000  1.000000     0.000000
>../../../../class2/ala//data/domains/Catalytic_domain/structures/AlaRS_AF_Bact_Treponema_pallidum_subsp_pertenue_str_SamoaD_gene57879528.pdb
 0.142369 -0.455343 -0.878859     7.963193
 0.859806 -0.382993  0.337713    -0.480382
-0.490372 -0.803728  0.336980   -12.984942
>../../../../class2/ala//data/domains/Catalytic_domain/structures/AlaRS_AF_Euk_Cyanidioschyzon_merolae_strain_10D_gene16993235.pdb
 0.267575 -0.225290 -0.936829    -3.314367
 0.588972 -0.731250  0.344073     6.199902
-0.762572 -0.643831 -0.062975    -2.989511
>../../../../class2/ala//data/domains/Catalytic_domain/structures/AlaRS_AF_Euk_Marasmius_oreades_gene66078979.pdb
 0.436330 -0.853168  0.285867    -0.508732
-0.148263 -0.381535 -0.912387     3.212597
 0.887487  0.355718 -0.292969    -2.197129
>../../../../class2/ala//data/domains/Catalytic_domain/structures/AlaRS_AF_Euk_Plasmodium_berghei_ANKA_gene55150801.pdb
 0.850210  0.411058 -0.328900     3.084210
-0.524595  0.609201 -0.594705    -1.913444
-0.044092  0.678163  0.733588    -0.976318
>../../../../class2/ala//data/domains/Catalytic_domain/structures/AlaRS_AF_Euk_Saccharomyces_cerevisiae_S288C_gene854513.pdb
-0.111054 -0.929198  0.352503     3.150067
-0.307063 -0.305260 -0.901404     6.733615
 0.945188 -0.208345 -0.251422    -3.017864
>../../../../class2/ala//data/domains/Catalytic_domain/structures/AlaRS_PDB_Bact_E_coli_3HXV.pdb
-0.571715  0.820215  0.019753    -9.099083
 0.574137  0.417158 -0.704518   -12.540434
-0.586096 -0.391443 -0.709411    26.381913
>../../../../class2/phe5//data/domains/Catalytic_domain/structures/PheRS-M_AF_Mito_Arabidopsis_thaliana_gene824983.pdb
-0.333708  0.282899  0.899226    12.429532
-0.836830 -0.528070 -0.144420    -3.290291
 0.433998 -0.800693  0.412960   -14.317090
>../../../../class2/phe5//data/domains/Catalytic_domain/structures/PheRS-M_AF_Mito_Babesia_bovis_T2Bo_gene5478469.pdb
 0.001811 -0.936987 -0.349360    17.718814
-0.573239 -0.287234  0.767394    -2.478706
-0.819386  0.198877 -0.537638   -18.655897
>../../../../class2/phe5//data/domains/Catalytic_domain/structures/PheRS-M_AF_Mito_Candida_albicans_SC5314_gene3638806.pdb
-0.229388 -0.864250  0.447719    16.724196
 0.059663 -0.471604 -0.879789     0.374947
 0.971505 -0.175101  0.159744   -15.552303
>../../../../class2/phe5//data/domains/Catalytic_domain/structures/PheRS-M_AF_Mito_Crassostrea_gigas_gene105329377.pdb
 0.467145  0.624261 -0.626159    13.539463
 0.649996 -0.722549 -0.235431     5.885187
-0.599401 -0.297020 -0.743302   -23.626654
>../../../../class2/phe5//data/domains/Catalytic_domain/structures/PheRS-M_AF_Mito_Drosophila_melanogaster_gene36547.pdb
 0.543238 -0.838141 -0.049120    19.066831
 0.656870  0.460727 -0.596869    -3.300391
 0.522891  0.291976  0.800834   -16.045842
>../../../../class2/phe5//data/domains/Catalytic_domain/structures/PheRS-M_AF_Mito_Syngnathus_acus_gene119139175.pdb
 0.364072 -0.000419 -0.931371    14.679946
 0.693396  0.667756  0.270748     2.169420
 0.621815 -0.744380  0.243402   -19.491515
>../../../../class2/phe5//data/domains/Catalytic_domain/structures/PheRS-M_PDB_Mito.H_sapiens_3CMQ.pdb
-0.629910 -0.773736  0.067434    33.269027
 0.762678 -0.632632 -0.134531    17.628206
 0.146752 -0.033312  0.988612   -33.013153
