>../../../../class2/ala//data/domains/Catalytic_domain/structures/AlaRS_AF_Arch_Candidatus_Korarchaeum_cryptofilum_OPF8_gene6094822.pdb
-0.017446 -0.758909  0.650963    26.855512
 0.084579 -0.649849 -0.755343    11.731413
 0.996264  0.041880  0.075525    54.439926
>../../../../class2/ala//data/domains/Catalytic_domain/structures/AlaRS_AF_Arch_Candidatus_Nitrosopumilus_koreensis_AR1_gene13725795.pdb
-0.054764  0.958931 -0.278301    22.094435
 0.980650 -0.000812 -0.195769    12.826623
-0.187955 -0.283637 -0.940331    50.730050
>../../../../class2/ala//data/domains/Catalytic_domain/structures/AlaRS_AF_Arch_Sulfolobus_islandicus_YG5714_gene7807284.pdb
-0.416137 -0.264162  0.870085    25.092193
-0.772292 -0.402429 -0.491545     8.402862
 0.479996 -0.876509 -0.036545    54.188335
>../../../../class2/ala//data/domains/Catalytic_domain/structures/AlaRS_AF_Arch_Thermoplasma_acidophilum_DSM_1728_gene1456391.pdb
-0.050850  0.960768 -0.272652    23.287258
 0.985212  0.003530 -0.171305    12.698851
-0.163622 -0.277331 -0.946739    52.428101
>../../../../class2/ala//data/domains/Catalytic_domain/structures/AlaRS_AF_Bact_Brucella_melitensis_bv_1_str_16M_gene29593597.pdb
-0.487183  0.569724 -0.661866    23.249184
 0.871794  0.272796 -0.406887    20.394260
-0.051259 -0.775240 -0.629584    49.749734
>../../../../class2/ala//data/domains/Catalytic_domain/structures/AlaRS_AF_Bact_Chlamydia_psittaci_6BC_gene12242512.pdb
-0.964997 -0.203765  0.165110    25.729404
 0.149495  0.089889  0.984668    15.998566
-0.215482  0.974885 -0.056281    49.032008
>../../../../class2/ala//data/domains/Catalytic_domain/structures/AlaRS_AF_Bact_Lactobacillus_acidophilus_La-14_gene56942022.pdb
-0.550341 -0.482299  0.681551    29.823345
-0.535987  0.829964  0.154523    10.093230
-0.640189 -0.280263 -0.715270    44.333384
>../../../../class2/ala//data/domains/Catalytic_domain/structures/AlaRS_AF_Bact_Nocardia_farcinica_IFM_10152_gene61134339.pdb
-0.771836 -0.554776  0.310633    27.752501
-0.182079  0.660948  0.728007    14.302356
-0.609193  0.505343 -0.611157    48.809863
>../../../../class2/ala//data/domains/Catalytic_domain/structures/AlaRS_AF_Bact_Porphyromonas_gingivalis_ATCC_33277_gene29256567.pdb
-0.934300 -0.312761  0.171066    25.783173
 0.095508  0.242714  0.965385    13.938943
-0.343455  0.918298 -0.196897    49.675343
>../../../../class2/ala//data/domains/Catalytic_domain/structures/AlaRS_AF_Bact_Prochlorococcus_marinus_subsp_marinus_str_CCMP1375_gene54199407.pdb
 0.413480  0.398006 -0.818917    29.105499
-0.343390 -0.764823 -0.545096    15.246672
-0.843278  0.506594 -0.179567    49.560897
>../../../../class2/ala//data/domains/Catalytic_domain/structures/AlaRS_AF_Bact_Streptobacillus_moniliformis_DSM_12112_gene29672963.pdb
-0.968424 -0.057760  0.242526    30.324771
 0.244162 -0.023085  0.969460    14.015824
-0.050398  0.998064  0.036459    48.077602
>../../../../class2/ala//data/domains/Catalytic_domain/structures/AlaRS_AF_Bact_Treponema_pallidum_subsp_pertenue_str_SamoaD_gene57879528.pdb
-0.345239  0.261360  0.901388    19.454331
-0.465335 -0.881741  0.077436     2.994028
 0.815030 -0.392714  0.426031    47.565108
>../../../../class2/ala//data/domains/Catalytic_domain/structures/AlaRS_AF_Euk_Cyanidioschyzon_merolae_strain_10D_gene16993235.pdb
-0.478072  0.103070  0.872252    32.492945
-0.681802 -0.669611 -0.294563    10.139753
 0.553709 -0.735525  0.390395    54.127878
>../../../../class2/ala//data/domains/Catalytic_domain/structures/AlaRS_AF_Euk_Marasmius_oreades_gene66078979.pdb
-0.198542  0.932373 -0.302096    30.043528
 0.971476  0.146432 -0.186527    11.670788
-0.129676 -0.330512 -0.934851    51.086446
>../../../../class2/ala//data/domains/Catalytic_domain/structures/AlaRS_AF_Euk_Plasmodium_berghei_ANKA_gene55150801.pdb
-0.805403 -0.264906  0.530236    27.301150
 0.179971  0.743043  0.644591    13.789197
-0.564744  0.614583 -0.550774    45.865022
>../../../../class2/ala//data/domains/Catalytic_domain/structures/AlaRS_AF_Euk_Saccharomyces_cerevisiae_S288C_gene854513.pdb
 0.352557  0.864605 -0.357997    26.187861
 0.896598 -0.421650 -0.135362    11.701742
-0.267983 -0.273256 -0.923859    54.259615
>../../../../class2/ala//data/domains/Catalytic_domain/structures/AlaRS_PDB_Bact_E_coli_3HXV.pdb
 0.393570 -0.903754 -0.168317    45.915839
-0.714522 -0.185531 -0.674564    37.556459
 0.578412  0.385754 -0.718772    35.346248
>../../../../class2/his//data/domains/Catalytic_domain/structures/HisRS_AF_Arch_Candidatus_Methanomassiliicoccus_intestinalis_Issoire-Mx1_gene16154026.pdb
 0.496231 -0.685266  0.533072     7.748742
 0.673363  0.691361  0.261921     2.040346
-0.548030  0.228978  0.804507    43.521582
>../../../../class2/his//data/domains/Catalytic_domain/structures/HisRS_AF_Arch_Candidatus_Nitrosopumilus_koreensis_AR1_gene13725657.pdb
-0.366181 -0.805454 -0.466000     6.968472
-0.838051  0.503113 -0.211063    -0.840977
 0.404452  0.313245 -0.859242    45.392011
>../../../../class2/his//data/domains/Catalytic_domain/structures/HisRS_AF_Arch_Desulfurococcus_amylolyticus_1221n_gene7171287.pdb
-0.189199  0.981422 -0.031846     4.552203
 0.414010  0.109137  0.903706    -0.525577
 0.890393  0.157796 -0.426967    47.216748
>../../../../class2/his//data/domains/Catalytic_domain/structures/HisRS_AF_Arch_Methanoregula_formicica_SMSP_gene14310605.pdb
 0.192208 -0.956441  0.219719     7.090793
 0.895312  0.262583  0.359816     3.918829
-0.401837  0.127557  0.906783    45.494972
>../../../../class2/his//data/domains/Catalytic_domain/structures/HisRS_AF_Bact_Chlamydia_muridarum_str_Nigg_gene1246198.pdb
 0.228630 -0.968715 -0.096537     4.733044
-0.742210 -0.109280 -0.661198    -0.638459
 0.629963  0.222821 -0.743975    44.052767
>../../../../class2/his//data/domains/Catalytic_domain/structures/HisRS_AF_Bact_Lacticaseibacillus_paracasei_gene61269730.pdb
-0.682937  0.025667 -0.730026     0.458318
-0.308586  0.895692  0.320173    -1.104123
 0.662096  0.443934 -0.603781    46.115146
>../../../../class2/his//data/domains/Catalytic_domain/structures/HisRS_AF_Bact_Paracoccus_denitrificans_PD1222_gene75501415.pdb
-0.049963  0.940931  0.334892     6.704161
 0.468938 -0.273952  0.839671    -0.683016
 0.881817  0.198996 -0.427551    45.455981
>../../../../class2/his//data/domains/Catalytic_domain/structures/HisRS_AF_Bact_Prochlorococcus_marinus_subsp_marinus_str_CCMP1375_gene54200127.pdb
 0.197493  0.963705  0.179634     4.621451
 0.409849 -0.247630  0.877897     5.725709
 0.890517 -0.099756 -0.443879    48.894617
>../../../../class2/his//data/domains/Catalytic_domain/structures/HisRS_AF_Bact_Streptobacillus_moniliformis_DSM_12112_gene29674169.pdb
-0.672179 -0.075092 -0.736570     1.250222
-0.331028  0.920352  0.208261    -2.959289
 0.662265  0.383814 -0.643499    47.208681
>../../../../class2/his//data/domains/Catalytic_domain/structures/HisRS_AF_Bact_Streptomyces_albidoflavus_gene15149169.pdb
-0.485628 -0.197103 -0.851655     5.358042
-0.607821  0.776333  0.166918     1.029781
 0.628267  0.598714 -0.496812    45.017486
>../../../../class2/his//data/domains/Catalytic_domain/structures/HisRS_AF_Bact_Thermus_thermophilus_HB8_gene3168691.pdb
-0.742594  0.217044 -0.633598     0.926111
-0.089278  0.905511  0.414825    -0.627826
 0.663765  0.364613 -0.653050    45.227253
>../../../../class2/his//data/domains/Catalytic_domain/structures/HisRS_AF_Bact_Treponema_denticola_ATCC_35405_gene2741405.pdb
 0.666928 -0.599160  0.442961     4.939589
-0.650015 -0.758452 -0.047230     2.164409
 0.364264 -0.256432 -0.895296    44.409658
>../../../../class2/his//data/domains/Catalytic_domain/structures/HisRS_AF_Euk_Arabidopsis_thaliana_gene823753.pdb
-0.546159 -0.193270 -0.815081     5.431522
-0.607281  0.761564  0.226339     0.060171
 0.576992  0.618601 -0.533304    45.678919
>../../../../class2/his//data/domains/Catalytic_domain/structures/HisRS_AF_Euk_Cryptococcus_gattii_WM276_gene10186972.pdb
-0.462189  0.883433  0.076987     4.838566
-0.446637 -0.156907 -0.880850     0.084857
-0.766092 -0.441504  0.467094    46.553539
>../../../../class2/his//data/domains/Catalytic_domain/structures/HisRS_AF_Euk_Plasmodium_falciparum_3D7_gene812010.pdb
-0.831331 -0.555776  0.001496    19.019770
-0.552138  0.826190  0.112043     0.971934
-0.063506  0.092319 -0.993702    38.892470
>../../../../class2/his//data/domains/Catalytic_domain/structures/HisRS_AF_Euk_Platysiphonia_delicata_gene33353157.pdb
-0.671286 -0.013878 -0.741068    -0.709022
-0.326246  0.903294  0.278610    -2.380759
 0.665536  0.428797 -0.610897    47.693475
>../../../../class2/his//data/domains/Catalytic_domain/structures/HisRS_PDB_Arch_T_acidophilum_1WU7.pdb
-0.490035  0.268725  0.829248   -61.281394
-0.610025  0.573824 -0.546440    17.629079
-0.622685 -0.773636 -0.117264    96.708949
>../../../../class2/his//data/domains/Catalytic_domain/structures/HisRS_PDB_Bact_B_thailandensis_4e51.pdb
 1.000000 -0.000000  0.000000     0.000000
 0.000000  1.000000  0.000000     0.000000
-0.000000  0.000000  1.000000     0.000000
>../../../../class2/his//data/domains/Catalytic_domain/structures/HisRS_PDB_Bact_E_coli_1HTT.pdb
 0.789192 -0.320174 -0.524085    34.226526
-0.563380 -0.717148 -0.410246    13.835978
-0.244496  0.619022 -0.746347    50.196584
