>structures/LysRS-II_AF_Arch_Aciduliprofundum_boonei_T469_gene8827564.pdb
-0.026075  0.506797 -0.861671    -0.846256
-0.594899 -0.700585 -0.394051     4.712772
-0.803377  0.502333  0.319761     0.738710
>structures/LysRS-II_AF_Arch_Archaeoglobus_sulfaticallidus_PM70-1_gene15393615.pdb
 0.681862  0.710628 -0.173414     0.131417
-0.686374  0.539611 -0.487556    -2.036849
-0.252895  0.451472  0.855697     1.007923
>structures/LysRS-II_AF_Arch_Candidatus_Woesearchaeota_archaeon_proteinMBS3172198.1.pdb
 1.000000  0.000000  0.000000    -0.000000
 0.000000  1.000000  0.000000     0.000000
 0.000000  0.000000  1.000000     0.000000
>structures/LysRS-II_AF_Arch_Thermogladius_calderae_1633_gene13013549.pdb
-0.214704  0.046233 -0.975584     1.661977
-0.095223 -0.995111 -0.026202     4.544015
-0.972026  0.087272  0.218056     0.576074
>structures/LysRS-II_AF_Bact_Chlamydia_muridarum_str_Nigg_gene1245697.pdb
-0.224236  0.001914 -0.974533     0.191933
-0.101253 -0.994632  0.021345     5.177947
-0.969260  0.103461  0.223226     1.969294
>structures/LysRS-II_AF_Bact_Cupriavidus_taiwanensis_LMG_19424_gene29762375.pdb
 0.736608  0.665481 -0.120600     2.459035
-0.636484  0.621815 -0.456327    -3.785105
-0.228686  0.412894  0.881602     0.331399
>structures/LysRS-II_AF_Bact_Leuconostoc_gelidum_JB7_gene61037106.pdb
 0.636838  0.770600 -0.024767     1.691923
-0.707917  0.571706 -0.414737     2.585100
-0.305437  0.281654  0.909604    -0.398502
>structures/LysRS-II_AF_Bact_Mycobacterium_intracellulare_ATCC_13950_gene11907187.pdb
 0.620963  0.760406 -0.190231     1.650796
-0.696968  0.424587 -0.577894    -3.880177
-0.358664  0.491435  0.793632    -0.563961
>structures/LysRS-II_AF_Bact_Mycoplasma_hyopneumoniae_168-L_gene57101062.pdb
 0.648350  0.759612 -0.051308     0.868394
-0.700034  0.568290 -0.432433     3.252254
-0.299323  0.316285  0.900205    -0.741269
>structures/LysRS-II_AF_Bact_Porphyromonas_gingivalis_ATCC_33277_gene29256363.pdb
 0.052708  0.629663 -0.775078    -1.662921
-0.431580 -0.685565 -0.586293     5.512896
-0.900533  0.365411  0.235615     0.483306
>structures/LysRS-II_AF_Bact_Prochlorococcus_marinus_subsp_marinus_str_CCMP1375_gene54201108.pdb
 0.505293  0.854076 -0.123420     2.079948
-0.729278  0.346174 -0.590184     3.489262
-0.461337  0.388224  0.797778     0.298170
>structures/LysRS-II_AF_Bact_Streptobacillus_moniliformis_DSM_12112_gene29673899.pdb
 0.434851  0.828027 -0.353944     0.603456
-0.734402  0.098644 -0.671508    -3.163995
-0.521112  0.551943  0.651000    -1.977809
>structures/LysRS-II_AF_Euk_Ostreococcus_tauri_gene9837657.pdb
 0.754814  0.646989 -0.107988     0.903578
-0.615064  0.640914 -0.459266    -3.702838
-0.227929  0.413080  0.881710     1.179749
>structures/LysRS-II_AF_Euk_Solanum_lycopersicum_gene778357.pdb
-0.842398 -0.522852  0.130350     3.033503
-0.509619  0.694432 -0.507989     0.214236
 0.175084 -0.494357 -0.851444     1.327565
>structures/LysRS-II_AF_Euk_Theileria_annulata_gene3864794.pdb
-0.996731 -0.040748 -0.069770     3.668500
-0.034157  0.995063 -0.093182    -2.323195
 0.073222 -0.090494 -0.993202    -1.183270
>structures/LysRS-II_AF_Euk_Zootoca_vivipara_gene118086243.pdb
 0.942215 -0.325462 -0.079401     4.890357
 0.320875  0.808635  0.493101     2.979711
-0.096279 -0.490085  0.866341     2.289414
>structures/LysRS-II_AF_Mito_Malus_domestica_gene103446975.pdb
 0.842867  0.537810 -0.018324     2.892169
-0.505168  0.779057 -0.371315    -3.379646
-0.185421  0.322226  0.928326     1.211977
>structures/LysRS-II_AF_Mito_Scheffersomyces_stipitis_CBS_6054_gene4837999.pdb
 0.771413  0.635963 -0.021758     2.982010
-0.592147  0.704907 -0.390471    -4.274771
-0.232988  0.314099  0.920358     0.628507
>structures/LysRS-II_PDB_Bact_G_stearothermophilus_3E9H.pdb
 0.656692  0.506258 -0.558979    19.187620
 0.208209  0.590684  0.779578    16.411153
 0.724848 -0.628327  0.282490  -107.195523
