>../../../../class2/asp2//data/domains/Catalytic_domain/structures/AspRS-E_AF_Euk_Caenorhabditis_elegans_gene176334.pdb
 0.999314 -0.010773 -0.035437    -2.256670
 0.008681  0.998241 -0.058645    -0.495400
 0.036007  0.058298  0.997650     1.986980
>../../../../class2/asp2//data/domains/Catalytic_domain/structures/AspRS-E_AF_Euk_Cryptococcus_neoformans_var_neoformans_JEC21_gene3258977.pdb
 0.322479 -0.791859 -0.518621    -1.837323
 0.373641 -0.396915  0.838362   -12.616939
-0.869713 -0.464132  0.167874    -0.522595
>../../../../class2/asp2//data/domains/Catalytic_domain/structures/AspRS-E_AF_Euk_Thalassiosira_pseudonana_CCMP1335_gene7443135.pdb
 0.994434 -0.101788 -0.027202    -0.448839
 0.103617  0.991597  0.077455     0.488605
 0.019089 -0.079843  0.996625     0.902201
>../../../../class2/asp2//data/domains/Catalytic_domain/structures/AspRS-E_AF_Euk_Theileria_orientalis_strain_Shintoku_gene20715543.pdb
 0.993889  0.076854 -0.079234    -3.146629
-0.090697  0.977717 -0.189324    -0.428281
 0.062918  0.195353  0.978713     2.349353
>../../../../class2/asp2//data/domains/Catalytic_domain/structures/AspRS-E_PDB_Euk_S_cerevisiae_1EOV.pdb
-0.284719  0.043491  0.957624   -53.558643
 0.587621 -0.781357  0.210197     1.245099
 0.757388  0.622567  0.196911   -15.859274
>../../../../class2/asp2//data/domains/Catalytic_domain/structures/AsxRS_AF_Arch_Candidatus_Korarchaeum_cryptofilum_OPF8_gene6094477.pdb
 0.942364 -0.323067 -0.087056     1.684270
 0.312770  0.758146  0.572179     1.668103
-0.118851 -0.566429  0.815495    -0.604290
>../../../../class2/asp2//data/domains/Catalytic_domain/structures/AsxRS_AF_Arch_Candidatus_Methanomassiliicoccus_intestinalis_Issoire-Mx1_gene16154831.pdb
 0.874131 -0.457980 -0.161710     0.449533
 0.445683  0.624036  0.641830     1.358705
-0.193032 -0.633114  0.749603     0.149879
>../../../../class2/asp2//data/domains/Catalytic_domain/structures/AsxRS_AF_Arch_Candidatus_Nitrosopumilus_koreensis_AR1_gene13725312.pdb
 0.502015 -0.709599 -0.494419     3.533852
 0.715918  0.020224  0.697892     6.292143
-0.485224 -0.704316  0.518167     0.697192
>../../../../class2/asp2//data/domains/Catalytic_domain/structures/AsxRS_AF_Arch_Methanobacterium_lacus_gene10277817.pdb
 0.046477 -0.527856 -0.848062     0.382821
 0.566337 -0.685424  0.457663     7.197042
-0.822862 -0.501560  0.267088    -0.761593
>../../../../class2/asp2//data/domains/Catalytic_domain/structures/AsxRS_AF_Bact_Clostridium_acetobutylicum_DSM_1731_gene45000055.pdb
 1.000000  0.000000  0.000000     0.000000
 0.000000  1.000000  0.000000     0.000000
 0.000000  0.000000  1.000000     0.000000
>../../../../class2/asp2//data/domains/Catalytic_domain/structures/AsxRS_AF_Bact_Spirochaetes_bacterium_GWE1_32_154_proteinOHD39701.1.pdb
 0.336791 -0.535645 -0.774374     1.435585
 0.642090 -0.470881  0.604973     1.551704
-0.688689 -0.700967  0.185344     0.431805
>../../../../class2/asp2//data/domains/Catalytic_domain/structures/AsxRS_AF_Bact_Tropheryma_whipplei_TW08_27_gene67388547.pdb
-0.000132  0.432312  0.901724     1.004786
 0.642092 -0.691250  0.331498     1.447699
 0.766627  0.579034 -0.277493     0.351453
>../../../../class2/asp2//data/domains/Catalytic_domain/structures/AsxRS_PDB_Arch_T_kodarensis_1b8a.pdb
 0.295470 -0.519416  0.801814   -29.795049
-0.763494 -0.632875 -0.128629    38.496132
 0.574260 -0.574174 -0.583566     6.630399
>../../../../class2/asp2//data/domains/Catalytic_domain/structures/AsxRS_PDB_Bact_T_thermophilus_1n9w.pdb
 0.615217 -0.749031  0.245888   -38.926255
-0.681057 -0.662064 -0.312780    43.416361
 0.397076  0.024964 -0.917446    44.661959
>../../../../class2/gly3//data/domains/Catalytic_domain/structures/GlyRS-E_AF_Arch_Methanosalsum_zhilinae_DSM_4017_gene10821854.pdb
 0.293869 -0.771078 -0.564871     4.195417
 0.449532 -0.410041  0.793591     3.716569
-0.843541 -0.487139  0.226127    -4.403026
>../../../../class2/gly3//data/domains/Catalytic_domain/structures/GlyRS-E_AF_Euk_Cryptococcus_neoformans_var_neoformans_JEC21_gene3258293.pdb
 0.036151  0.508047  0.860570     4.841201
 0.886369 -0.414031  0.207193     3.566547
 0.461567  0.755292 -0.465284    -3.459328
>../../../../class2/gly3//data/domains/Catalytic_domain/structures/GlyRS-E_AF_Euk_Girardinichthys_multiradiatus_gene124858359.pdb
 0.238350 -0.699530 -0.673682     6.251563
 0.420601 -0.550894  0.720840     2.881572
-0.875377 -0.455163  0.162917    -3.586436
>../../../../class2/gly3//data/domains/Catalytic_domain/structures/GlyRS-E_AF_Euk_Plasmodium_yoelii_gene3801472.pdb
 0.590767 -0.764967 -0.256554     4.014168
 0.464713  0.062667  0.883241     5.562702
-0.659572 -0.641014  0.392512    -4.353657
>../../../../class2/gly3//data/domains/Catalytic_domain/structures/GlyRS-E_AF_Euk_Schizosaccharomyces_pombe_gene2543181.pdb
 0.000077 -0.568943 -0.822377     6.031661
 0.380532 -0.760491  0.526164     2.887436
-0.924768 -0.312981  0.216443    -4.736021
>../../../../class2/gly3//data/domains/Catalytic_domain/structures/GlyRS-E_PDB_Euk_H_sapiens_2q5h.pdb
-0.293362  0.847523 -0.442316   -33.240709
-0.840161 -0.449319 -0.303713    35.822968
-0.456144  0.282520  0.843869   140.456085
