>structures/ThrRS_AF_Arch_Candidatus_Nitrosopumilus_koreensis_AR1_gene13725077.pdb
 0.334166 -0.440467  0.833260    68.970640
-0.286617  0.794722  0.535040    41.719772
-0.897877 -0.417619  0.139324    26.458164
>structures/ThrRS_AF_Arch_Pyrococcus_furiosus_DSM_3638_gene1469226.pdb
-0.214531 -0.052931  0.975282    60.072783
 0.974550 -0.078083  0.210132    67.669310
 0.065031  0.995541  0.068336    -4.026333
>structures/ThrRS_AF_Arch_Sulfolobus_islandicus_M164_gene7940156.pdb
 0.093106  0.694883 -0.713070    -8.441718
 0.727534  0.441448  0.525184    12.080120
 0.679725 -0.567680 -0.464449    19.575277
>structures/ThrRS_AF_Bact_Bifidobacterium_longum_subsp_longum_JCM_1217_gene69578309.pdb
 0.699164 -0.657548  0.280713    -3.435193
 0.603620  0.332466 -0.724644     1.500528
 0.383161  0.676089  0.629358     7.052215
>structures/ThrRS_AF_Bact_Brachyspira_pilosicoli_95_1000_gene56439092.pdb
 1.000000  0.000000  0.000000     0.000000
 0.000000  1.000000  0.000000     0.000000
 0.000000  0.000000  1.000000     0.000000
>structures/ThrRS_AF_Bact_Brucella_abortus_2308_gene3787745.pdb
-0.966227 -0.243977 -0.082952    -8.803950
-0.254712  0.855386  0.451040     1.643135
-0.039088  0.456936 -0.888640     8.539090
>structures/ThrRS_AF_Bact_Lactobacillus_acidophilus_La-14_gene56943112.pdb
 0.142249  0.062684  0.987844    -4.200935
-0.460516 -0.879213  0.122105     2.060010
 0.876180 -0.472287 -0.096200     7.829899
>structures/ThrRS_AF_Bact_Porphyromonas_gingivalis_ATCC_33277_gene29256174.pdb
 0.722505  0.682916  0.107765    -1.689459
-0.603258  0.698868 -0.384271     5.651663
-0.337738  0.212627  0.916909     8.645708
>structures/ThrRS_AF_Bact_Prochlorococcus_marinus_subsp_marinus_str_CCMP1375_gene54200406.pdb
-0.765582 -0.206287 -0.609368    -2.957388
 0.578500  0.193659 -0.792359     1.526868
 0.281463 -0.959136 -0.028925     8.386570
>structures/ThrRS_AF_Bact_Streptobacillus_moniliformis_DSM_12112_gene29674242.pdb
-0.141176 -0.439477  0.887090     0.677850
-0.147975 -0.876631 -0.457845    -0.172633
 0.978863 -0.195904  0.058727     8.443605
>structures/ThrRS_AF_Euk_Arabidopsis_thaliana_gene832741.pdb
 0.543230 -0.600933  0.586328    -2.269356
 0.679730 -0.095131 -0.727267     8.030236
 0.492817  0.793618  0.356794     3.506923
>structures/ThrRS_AF_Euk_Cercospora_beticola_gene35433465.pdb
-0.141948  0.432165  0.890553    -0.731526
 0.989751  0.047755  0.134586     3.518157
 0.015635  0.900529 -0.434514     1.574154
>structures/ThrRS_AF_Euk_Cryptococcus_gattii_WM276_gene10188143.pdb
 0.257566 -0.924320  0.281589    -0.464356
 0.574646 -0.087757 -0.813683     4.880915
 0.776815  0.371391  0.508554     3.552848
>structures/ThrRS_AF_Euk_Cyanidioschyzon_merolae_strain_10D_gene16997242.pdb
-0.888223 -0.452812  0.077593     0.712534
-0.458892  0.866434 -0.196751     3.837781
 0.021862 -0.210365 -0.977378     3.493330
>structures/ThrRS_AF_Mito_Cyanidioschyzon_merolae_strain_10D_gene16995590.pdb
 0.169457  0.965617  0.197148   -45.274208
 0.304741  0.138898 -0.942253    40.427818
-0.937239  0.219750 -0.270726     6.804908
>structures/ThrRS_AF_Mito_Oryza_sativa_Japonica_Group_gene4345200.pdb
-0.355299  0.926511 -0.123858     0.773660
-0.873964 -0.282261  0.395621     6.165838
 0.331587  0.248811  0.910024     4.717868
>structures/ThrRS_PDB_Bact_S_aureus_1nyr.pdb
 0.596356 -0.117819 -0.794027    27.812309
-0.780188 -0.317796 -0.538807    57.839843
-0.188857  0.940811 -0.281440   -25.808921
