>structures/PheRS-Bβ_AF_Bact_Brachyspira_pilosicoli_95_1000_gene56440382.pdb
-0.133223 -0.516415 -0.845912     3.331865
 0.564406 -0.741128  0.363558     2.642000
-0.814676 -0.429004  0.390203     2.242216
>structures/PheRS-Bβ_AF_Bact_Chlamydia_psittaci_6BC_gene12242429.pdb
 1.000000  0.000000  0.000000     0.000000
 0.000000  1.000000  0.000000     0.000000
 0.000000  0.000000  1.000000     0.000000
>structures/PheRS-Bβ_AF_Bact_Ferrimonas_balearica_DSM_9799_gene67181907.pdb
 0.293778  0.799205 -0.524372    -0.979083
-0.633312 -0.248157 -0.733031     3.536148
-0.715968  0.547439  0.433243     1.444873
>structures/PheRS-Bβ_AF_Bact_Lacticaseibacillus_paracasei_gene61269867.pdb
-0.069284 -0.639740 -0.765462     3.512146
 0.766178 -0.525523  0.369861    -1.457771
-0.638883 -0.560855  0.526565     5.778242
>structures/PheRS-Bβ_AF_Bact_Mycobacterium_intracellulare_ATCC_13950_gene11909688.pdb
 0.786367  0.593834 -0.170263    -0.109416
-0.559046  0.566791 -0.605157     1.698758
-0.262859  0.571060  0.777686     2.385399
>structures/PheRS-Bβ_AF_Bact_Mycoplasma_hyopneumoniae_168-L_gene57101148.pdb
 0.471575 -0.707400 -0.526500    -0.993495
 0.842541  0.185222  0.505784     6.201427
-0.260272 -0.682113  0.683359     9.647718
>structures/PheRS-Bβ_AF_Bact_Porphyromonas_gingivalis_ATCC_33277_gene29257179.pdb
 0.236345 -0.153241  0.959510     3.128627
 0.135904 -0.972566 -0.188802     5.773999
 0.962118  0.175024 -0.209034     0.845244
>structures/PheRS-Bβ_AF_Bact_Prochlorococcus_marinus_subsp_marinus_str_CCMP1375_gene54200309.pdb
 0.983144 -0.140645  0.116822    -0.787103
 0.150034  0.985767 -0.075856     0.760317
-0.104490  0.092104  0.990252     1.008057
>structures/PheRS-Bβ_AF_Euk_Didymosphenia_geminata_gene19740299.pdb
 0.672141 -0.688676 -0.271940     2.489841
 0.653855  0.379741  0.654423     3.256181
-0.347419 -0.617674  0.705534    -1.052755
>structures/PheRS-Bβ_AF_Euk_Gracilariopsis_tenuifrons_gene68635617.pdb
-0.646192 -0.719875 -0.253410     4.400534
-0.335904  0.566433 -0.752544    14.569704
 0.685277 -0.401166 -0.607833     0.435209
>structures/PheRS-Bβ_PDB_Bact.B_E_coli_3PCO.pdb
 0.731101  0.558720  0.391566     2.576069
 0.191232 -0.718722  0.668482   -30.013512
 0.654921 -0.413848 -0.632304    38.666670
>structures/PheRS-Bβ_PDB_Bact.B_T_thermophilus_1PYS.pdb
 0.192775 -0.759096  0.621781    35.467688
 0.967138  0.254042  0.010297   -23.873555
-0.165775  0.599363  0.783124   -53.419546
