>structures/GlyRS-A_AF_Arch_Candidatus_Nitrosopumilus_sediminis_gene13697160.pdb
 0.976297  0.196363  0.091029     1.183799
-0.158580  0.935209 -0.316601    -1.627722
-0.147300  0.294661  0.944181    -2.310364
>structures/GlyRS-A_AF_Arch_Candidatus_Woesearchaeota_archaeon_proteinMBT4248212.1.pdb
-0.097770  0.234487 -0.967190    -0.733038
 0.167407 -0.954123 -0.248242     0.524336
-0.981028 -0.186185  0.054030    -1.312342
>structures/GlyRS-A_AF_Arch_Sulfolobus_islandicus_YN1551_gene7810979.pdb
-0.218870 -0.608861  0.762486     3.827757
-0.831486 -0.292546 -0.472280    -4.268225
 0.510615 -0.737364 -0.442230    -3.157534
>structures/GlyRS-A_AF_Arch_Thermoplasma_acidophilum_DSM_1728_gene1455843.pdb
 1.000000 -0.000000  0.000000     0.000000
 0.000000  1.000000  0.000000     0.000000
-0.000000  0.000000  1.000000     0.000000
>structures/GlyRS-A_AF_Bact_Capnocytophaga_ochracea_DSM_7271_gene29675716.pdb
-0.049763 -0.717168  0.695121    -5.085484
-0.652536 -0.503555 -0.566241     0.526942
 0.756122 -0.481770 -0.442920    -1.009089
>structures/GlyRS-A_AF_Bact_Corynebacterium_ulcerans_809_gene75260805.pdb
 0.316403 -0.798034 -0.512866    -0.751377
 0.888286  0.059505  0.455420    -0.258029
-0.332922 -0.599668  0.727710     4.093821
>structures/GlyRS-A_AF_Bact_Treponema_denticola_ATCC_35405_gene2741635.pdb
-0.787158 -0.616512 -0.017170     0.916716
-0.615314  0.783121  0.090059     1.036536
-0.042076  0.081455 -0.995788     2.982906
>structures/GlyRS-A_PDB_Bact_T_thermophilus_1ati.pdb
-0.810040 -0.134292  0.570789    10.739535
 0.534074 -0.570827  0.623635   -15.533446
 0.242073  0.810013  0.534115   -53.326077
