>structures/ThrRS_AF_Arch_Candidatus_Methanomethylophilus_alvus_Mx1201_gene15140074.pdb
 0.053684 -0.905219  0.421541    -1.757824
 0.989368  0.105360  0.100253     1.913903
-0.135165  0.411677  0.901250     3.744761
>structures/ThrRS_AF_Arch_Candidatus_Nitrosopumilus_koreensis_AR1_gene13725077.pdb
 0.415465  0.424083 -0.804700     0.038417
-0.886054  0.388706 -0.252617    -5.378804
 0.205661  0.817962  0.537254     9.191294
>structures/ThrRS_AF_Arch_Pyrococcus_furiosus_DSM_3638_gene1469226.pdb
 0.488121  0.285771 -0.824665     1.673585
-0.871655  0.111752 -0.477210    -3.552567
-0.044215  0.951760  0.303642     8.803334
>structures/ThrRS_AF_Arch_Sulfolobus_islandicus_M164_gene7940156.pdb
-0.554023  0.413386  0.722613    -2.862474
 0.303712  0.908542 -0.286896     2.173578
-0.775124  0.060519 -0.628904    11.667923
>structures/ThrRS_AF_Bact_Bifidobacterium_longum_subsp_longum_JCM_1217_gene69578309.pdb
-0.115563  0.888260 -0.444567     0.640403
-0.423840 -0.448871 -0.786686     2.138506
-0.898335  0.097514  0.428352     1.388301
>structures/ThrRS_AF_Bact_Brachyspira_pilosicoli_95_1000_gene56439092.pdb
-0.835263  0.453955  0.310259    -0.943140
-0.187060  0.296005 -0.936691     3.275607
-0.517054 -0.840420 -0.162325     2.147325
>structures/ThrRS_AF_Bact_Brucella_abortus_2308_gene3787745.pdb
 0.457408  0.889227  0.007311    -0.242708
 0.230601 -0.126551  0.964784     1.335991
 0.858837 -0.439613 -0.262942     1.757660
>structures/ThrRS_AF_Bact_Lactobacillus_acidophilus_La-14_gene56943112.pdb
 0.055811 -0.727150 -0.684206     0.310846
-0.992714  0.032878 -0.115918    -2.040779
 0.106785  0.685690 -0.720018    -2.694902
>structures/ThrRS_AF_Bact_Mycoplasma_hyopneumoniae_168-L_gene57101460.pdb
-0.484638 -0.668541  0.564073     0.104835
 0.868872 -0.442345  0.222246     2.636099
 0.100934  0.597816  0.795253     4.711501
>structures/ThrRS_AF_Bact_Porphyromonas_gingivalis_ATCC_33277_gene29256174.pdb
-0.997877  0.004417 -0.064980     0.162763
 0.059437 -0.346166 -0.936288     2.564663
-0.026630 -0.938163  0.345169     0.802694
>structures/ThrRS_AF_Bact_Prochlorococcus_marinus_subsp_marinus_str_CCMP1375_gene54200406.pdb
 1.000000  0.000000  0.000000     0.000000
 0.000000  1.000000  0.000000     0.000000
 0.000000  0.000000  1.000000     0.000000
>structures/ThrRS_AF_Bact_Streptobacillus_moniliformis_DSM_12112_gene29674242.pdb
 0.328499 -0.134581 -0.934867    -0.530876
-0.920177  0.177598 -0.348903     1.599253
 0.212987  0.974857 -0.065498     0.609419
>structures/ThrRS_AF_Euk_Arabidopsis_thaliana_gene832741.pdb
 0.045111  0.446172 -0.893810     2.155719
-0.439017 -0.794838 -0.418924     2.754007
-0.897346  0.411295  0.160021    -0.295384
>structures/ThrRS_AF_Euk_Cercospora_beticola_gene35433465.pdb
 0.596435 -0.218843 -0.772252     1.337288
 0.211560 -0.885232  0.414254     3.099530
-0.774279 -0.410453 -0.481685    -0.140011
>structures/ThrRS_AF_Euk_Cryptococcus_gattii_WM276_gene10188143.pdb
 0.183747  0.818267 -0.544680     1.548181
-0.683358 -0.291973 -0.669158     3.424734
-0.706582  0.495167  0.505521    -1.422212
>structures/ThrRS_AF_Euk_Cyanidioschyzon_merolae_strain_10D_gene16997242.pdb
 0.554194  0.758990 -0.341764     0.173884
-0.026890  0.426693  0.903997     2.789298
 0.831953 -0.491799  0.256880    -1.083496
>structures/ThrRS_AF_Mito_Cyanidioschyzon_merolae_strain_10D_gene16995590.pdb
 0.630487  0.445039 -0.635945    -1.035506
-0.726959  0.625729 -0.282831     2.297002
 0.272058  0.640627  0.718040     1.368334
>structures/ThrRS_AF_Mito_Oryza_sativa_Japonica_Group_gene4345200.pdb
-0.069872 -0.806866  0.586587     0.856442
-0.395330 -0.517481 -0.758899     2.796955
 0.915878 -0.284922 -0.282821    -1.740876
>structures/ThrRS_PDB_Bact_E_coli_1evk.pdb
 0.648313 -0.474612 -0.595343    14.395045
 0.653329 -0.054734  0.755093   -29.821014
-0.390962 -0.878491  0.274593    67.406958
>structures/ThrRS_PDB_Bact_S_aureus_1nyr.pdb
-0.987506 -0.030142  0.154672     6.944588
 0.059788 -0.979811  0.190775    40.138517
 0.145799  0.197639  0.969372   -58.848470
