>structures/GlnRS_AF_Bact_Anaerostipes_hadrus_gene15230984.pdb
 0.452528  0.850429  0.268308    40.191097
 0.749540 -0.199730 -0.631109    15.967311
-0.483124  0.486702 -0.727814    13.747776
>structures/GlnRS_AF_Bact_Cutibacterium_avidum_44067_gene29843447.pdb
 0.695591  0.379472  0.610044    39.588467
 0.667236 -0.026405 -0.744378    15.855807
-0.266363  0.924826 -0.271564    14.343828
>structures/GlnRS_AF_Bact_Pasteurella_multocida_subsp_multocida_str_Pm70_gene1243875.pdb
 0.841899  0.456757  0.287367    38.425437
 0.366278 -0.092610 -0.925885    16.203121
-0.396292  0.884758 -0.245269    13.136800
>structures/GlnRS_AF_Bact_Porphyromonas_gingivalis_ATCC_33277_gene29257033.pdb
 0.241019  0.968447 -0.063400    40.184278
 0.796519 -0.234708 -0.557198    16.873121
-0.554497  0.083796 -0.827956    14.599698
>structures/GlnRS_AF_Bact_Thermus_thermophilus_HB8_gene3168786.pdb
 0.133612  0.294082  0.946395    41.396685
-0.953480 -0.222247  0.203673    17.190893
 0.270230 -0.929582  0.250706    15.451433
>structures/GlnRS_AF_Euk_Candida_dubliniensis_CD36_gene8049124.pdb
 0.414765  0.837803  0.355043    39.151279
 0.611944  0.031943 -0.790255    19.356218
-0.673419  0.545037 -0.499440    16.508714
>structures/GlnRS_AF_Euk_Dictyostelium_discoideum_AX4_gene8627167.pdb
-0.249371  0.950534  0.185200    39.700895
-0.833872 -0.308006  0.458027    22.513606
 0.492413 -0.040214  0.869432    15.973697
>structures/GlnRS_AF_Euk_Encephalitozoon_romaleae_SJ-2008_gene20564565.pdb
-0.140381  0.762951  0.631030    39.323784
-0.712515 -0.520382  0.470664    19.156142
 0.687470 -0.383546  0.616666    15.116650
>structures/GlnRS_AF_Euk_Homo_sapiens_gene5859.pdb
-0.500711  0.306710 -0.809455    31.567690
 0.832974 -0.083644 -0.546953    22.851414
-0.235462 -0.948121 -0.213600     8.526598
>structures/GlnRS_AF_Euk_Myodes_glareolus_gene125393344.pdb
 0.024866 -0.963813 -0.265416    38.490909
 0.742235  0.195653 -0.640942    18.653830
 0.669678 -0.181064  0.720241     7.524300
>structures/GlnRS_AF_Euk_Saccharomyces_cerevisiae_S288C_gene854339.pdb
 0.825182  0.155772  0.542963    37.671814
 0.501816  0.239149 -0.831257    18.886299
-0.259335  0.958407  0.119173    16.829633
>structures/GlnRS_AF_Mito_Cyanidioschyzon_merolae_strain_10D_gene16997184.pdb
 0.119292  0.543099  0.831151    38.947964
-0.927014 -0.238855  0.289126    18.633058
 0.355549 -0.804979  0.474967    18.503781
>structures/GlnRS_Bact_D_radio_2HZ7.pdb
-0.593388  0.147513 -0.791284   105.343171
-0.162313  0.940940  0.297131   -42.735871
 0.788382  0.304750 -0.534399    17.141581
>structures/GlnRS_Bact_E_coli_1QTQ.pdb
 1.000000  0.000000  0.000000     0.000000
 0.000000  1.000000  0.000000     0.000000
 0.000000  0.000000  1.000000     0.000000
>structures/GlnRS_PDB_Euk_T_gondii_4P2B.pdb
 0.112320  0.695666 -0.709531    31.609857
-0.517281  0.650601  0.556002    -1.616491
 0.848413  0.304577  0.432930  -101.649468
