>structures/GlnRS_AF_Bact_Anaerostipes_hadrus_gene15230984.pdb
 0.844579  0.454201  0.283526     1.199162
-0.292362  0.834825 -0.466468     1.369742
-0.448565  0.311077  0.837867     0.560460
>structures/GlnRS_AF_Bact_Cutibacterium_avidum_44067_gene29843447.pdb
 0.934680 -0.054517  0.351285     0.436772
 0.018555  0.994306  0.104939     1.639530
-0.355005 -0.091566  0.930369     0.375512
>structures/GlnRS_AF_Bact_Pasteurella_multocida_subsp_multocida_str_Pm70_gene1243875.pdb
 1.000000  0.000000  0.000000     0.000000
 0.000000  1.000000  0.000000     0.000000
 0.000000  0.000000  1.000000     0.000000
>structures/GlnRS_AF_Bact_Porphyromonas_gingivalis_ATCC_33277_gene29257033.pdb
 0.714620  0.695911  0.070900     1.146778
-0.454264  0.538761 -0.709494     2.036536
-0.531943  0.474811  0.701136    -0.467466
>structures/GlnRS_AF_Bact_Thermus_thermophilus_HB8_gene3168786.pdb
-0.343062  0.533375  0.773188     1.957988
 0.385777 -0.670510  0.633713     3.310870
 0.856437  0.515681  0.024263    -0.628228
>structures/GlnRS_AF_Euk_Candida_dubliniensis_CD36_gene8049124.pdb
 0.839363  0.502487  0.207309     0.461087
-0.463924  0.860981 -0.208536     3.031597
-0.283276  0.078861  0.955791    -3.547143
>structures/GlnRS_AF_Euk_Dictyostelium_discoideum_AX4_gene8627167.pdb
-0.707456  0.706452 -0.020765     2.313900
 0.397945  0.422447  0.814357     2.476846
 0.584077  0.567859 -0.579992    -6.156783
>structures/GlnRS_AF_Euk_Encephalitozoon_romaleae_SJ-2008_gene20564565.pdb
-0.648689  0.605433  0.461144     1.111199
 0.611850  0.054532  0.789092     1.971520
 0.452595  0.794026 -0.405808    -2.935368
>structures/GlnRS_AF_Euk_Myodes_glareolus_gene125393344.pdb
 0.023561 -0.667416 -0.744312     3.208045
 0.533881 -0.621066  0.573802    -5.159015
-0.845231 -0.410893  0.341688    -0.922585
>structures/GlnRS_AF_Mito_Cyanidioschyzon_merolae_strain_10D_gene16997184.pdb
-0.377142  0.688268  0.619719    -0.754464
 0.452410 -0.446959  0.771721     4.773900
 0.808140  0.571415 -0.142812    -3.389398
>structures/GlnRS_Bact_D_radio_2HZ7.pdb
-0.870529  0.347045 -0.348911    33.441742
 0.443747  0.247033 -0.861431    39.675984
-0.212763 -0.904729 -0.369049    72.621372
>structures/GlnRS_Bact_E_coli_1QTQ.pdb
 0.841899  0.366278 -0.396292   -33.079164
 0.456757 -0.092610  0.884758   -27.673406
 0.287367 -0.925885 -0.245269     7.182086
>structures/GlnRS_PDB_Euk_T_gondii_4P2B.pdb
-0.433731  0.702465 -0.564287    33.438622
 0.848613  0.528977  0.006234  -102.978239
 0.302874 -0.476157 -0.825555    42.639256
