>structures/LeuRS-B_AF_Bact_Bifidobacterium_longum_subsp_longum_JCM_1217_gene69578373.pdb
-0.255248  0.065384 -0.964662     6.527947
 0.024702 -0.996944 -0.074108     3.001241
-0.966560 -0.042745  0.252853     3.780492
>structures/LeuRS-B_AF_Bact_Brachyspira_pilosicoli_95_1000_gene56439070.pdb
-0.058035 -0.714512 -0.697212     4.821977
 0.874305 -0.373495  0.309987     4.419449
-0.481894 -0.591586  0.646378     3.145021
>structures/LeuRS-B_AF_Bact_Chlamydia_psittaci_6BC_gene12243068.pdb
-0.122251 -0.971293  0.204070     5.543285
-0.910868  0.028140 -0.411737     5.252168
 0.394174 -0.236216 -0.888160     1.082003
>structures/LeuRS-B_AF_Bact_Escherichia_coli_O157_H7_str._Sakai_gene917041.pdb
-0.194750 -0.143912 -0.970238     6.235483
 0.517035 -0.855652  0.023134     5.388676
-0.833515 -0.497141  0.241046     6.075876
>structures/LeuRS-B_AF_Bact_Orientia_tsutsugamushi_str_Ikeda_gene66652454.pdb
-0.393872 -0.903556  0.168678     5.791498
-0.723186  0.191362 -0.663613     4.693016
 0.567333 -0.383364 -0.728811     8.460095
>structures/LeuRS-B_AF_Bact_Porphyromonas_gingivalis_ATCC_33277_gene29256038.pdb
 0.377800 -0.672171 -0.636752    -2.749795
 0.254487 -0.585847  0.769428     0.765730
-0.890227 -0.452735 -0.050274    13.999224
>structures/LeuRS-B_AF_Bact_Thermus_thermophilus_HB8_gene3168656.pdb
-0.395747  0.700625  0.593725    -0.550388
 0.639471 -0.253787  0.725720     7.296740
 0.659137  0.666871 -0.347594     2.627214
>structures/LeuRS-B_AF_Euk_Bathycoccus_prasinos_gene19015540.pdb
-0.623968 -0.695065 -0.357140   -13.201123
-0.616209  0.718694 -0.322128    -0.377708
 0.480574  0.019075 -0.876747    -5.971104
>structures/LeuRS-B_AF_Euk_Klebsormidium_nitens_protein971510658.pdb
 0.385583  0.848225  0.363099   -11.490763
-0.656715  0.528723 -0.537753    -0.413750
-0.648114 -0.031104  0.760908    -5.759225
>structures/LeuRS-B_AF_Euk_Plasmodium_falciparum_3D7_gene2655460.pdb
 0.447956 -0.114106 -0.886744   -11.132060
 0.337804 -0.896701  0.286035     4.338088
-0.827782 -0.427677 -0.363137     1.133960
>structures/LeuRS-B_AF_Euk_Thalassiosira_pseudonana_CCMP1335_gene7441753.pdb
 0.262978 -0.711342 -0.651794    -1.703484
 0.701586 -0.322750  0.635303     4.810575
-0.662284 -0.624360  0.414191     2.785550
>structures/LeuRS-B_AF_Mito_Drosophila_melanogaster_gene38581.pdb
 0.999769  0.006555  0.020464    -0.321233
-0.007118  0.999595  0.027542    -0.335945
-0.020275 -0.027681  0.999411     0.694155
>structures/LeuRS-B_AF_Mito_Homo_sapiens_gene23395.pdb
-0.323343 -0.886387  0.331313     3.132730
-0.876807  0.148961 -0.457187     2.524942
 0.355892 -0.438326 -0.825356     0.034570
>structures/LeuRS-B_PDB_Bact_T_therm_2V0C.pdb
-0.233620  0.843877  0.483003    24.518146
 0.114714  0.517201 -0.848141    35.030294
-0.965537 -0.142736 -0.217634    19.738994
