>structures/LeuRS-B_AF_Bact_Bifidobacterium_longum_subsp_longum_JCM_1217_gene69578373.pdb
 0.999876  0.014718 -0.005662     0.594154
-0.014717  0.999892  0.000317     0.053454
 0.005666 -0.000234  0.999984    -0.075056
>structures/LeuRS-B_AF_Bact_Brachyspira_pilosicoli_95_1000_gene56439070.pdb
 0.513799  0.787220 -0.341021    -0.572785
-0.841215  0.384249 -0.380408    -1.556985
-0.168428  0.482325  0.859648     1.119453
>structures/LeuRS-B_AF_Bact_Chlamydia_psittaci_6BC_gene12243068.pdb
-0.329280  0.467645  0.820294     4.331232
 0.902311 -0.100143  0.419294    -2.341174
 0.278227  0.878225 -0.388986    -0.129816
>structures/LeuRS-B_AF_Bact_Orientia_tsutsugamushi_str_Ikeda_gene66652454.pdb
-0.462415  0.607397  0.645942    -4.316037
 0.683275 -0.220173  0.696175    -2.106648
 0.565074  0.763277 -0.313208     1.079724
>structures/LeuRS-B_AF_Bact_Porphyromonas_gingivalis_ATCC_33277_gene29256038.pdb
 0.809212  0.561308  0.173522    -6.743786
-0.205240  0.546817 -0.811707     1.304433
-0.550502  0.621229  0.557693    11.035637
>structures/LeuRS-B_AF_Bact_Thermus_thermophilus_HB8_gene3168656.pdb
-0.520835 -0.843562  0.130898     3.258194
-0.693207  0.328452 -0.641547    -3.988546
 0.498191 -0.424879 -0.755833     7.052641
>structures/LeuRS-B_AF_Euk_Bathycoccus_prasinos_gene19015540.pdb
-0.313697  0.174185  0.933410    14.753342
 0.576099 -0.746508  0.332920     2.345995
 0.754788  0.642172  0.133830    15.883373
>structures/LeuRS-B_AF_Euk_Klebsormidium_nitens_protein971510658.pdb
 0.538404 -0.169098 -0.825546    14.719109
 0.684579 -0.483504  0.545505     2.234550
-0.491399 -0.858854 -0.144560    14.845943
>structures/LeuRS-B_AF_Euk_Plasmodium_falciparum_3D7_gene2655460.pdb
 0.506876 -0.063390 -0.859685    -2.470998
-0.769519  0.416168 -0.484401    -1.549751
 0.388480  0.907075  0.162166    34.255465
>structures/LeuRS-B_AF_Euk_Thalassiosira_pseudonana_CCMP1335_gene7441753.pdb
 0.622474  0.750973 -0.220376     2.760239
-0.658518  0.350394 -0.666016    -2.847420
-0.422942  0.559700  0.712640     6.022925
>structures/LeuRS-B_AF_Mito_Drosophila_melanogaster_gene38581.pdb
-0.213704  0.044138 -0.975901     5.259848
 0.070130 -0.995708 -0.060391     2.922276
-0.974378 -0.081346  0.209691     6.031568
>structures/LeuRS-B_AF_Mito_Homo_sapiens_gene23395.pdb
-0.279602  0.646771  0.709584     4.938415
 0.839800 -0.193467  0.507254     0.442116
 0.465358  0.737738 -0.489064     2.282631
>structures/LeuRS-B_PDB_Bact_T_therm_2V0C.pdb
 0.988069 -0.123352  0.092222   -20.956444
-0.135181 -0.407649  0.903077   -28.545297
-0.073802 -0.904769 -0.419460   -15.195894
