>../../../../class2/ala//data/domains/Catalytic_domain/structures/AlaRS_AF_Arch_Candidatus_Korarchaeum_cryptofilum_OPF8_gene6094822.pdb
 0.601273  0.685546 -0.410484   -15.205164
-0.293620 -0.288215 -0.911438     1.683911
-0.743140  0.668550  0.027994   -23.064349
>../../../../class2/ala//data/domains/Catalytic_domain/structures/AlaRS_AF_Arch_Candidatus_Nitrosopumilus_koreensis_AR1_gene13725795.pdb
-0.156303 -0.938489 -0.307909   -14.063818
 0.918315 -0.252866  0.304560     5.368404
-0.363686 -0.235154  0.901352   -18.619038
>../../../../class2/ala//data/domains/Catalytic_domain/structures/AlaRS_AF_Arch_Sulfolobus_islandicus_YG5714_gene7807284.pdb
 0.686435 -0.268849 -0.675668   -13.945047
-0.682651  0.081947 -0.726135    -0.450728
 0.250590  0.959690 -0.127278   -20.184287
>../../../../class2/ala//data/domains/Catalytic_domain/structures/AlaRS_AF_Arch_Thermoplasma_acidophilum_DSM_1728_gene1456391.pdb
-0.145770 -0.933938 -0.326359   -13.853732
 0.912888 -0.254120  0.319467     4.126958
-0.381297 -0.251361  0.889624   -20.372021
>../../../../class2/ala//data/domains/Catalytic_domain/structures/AlaRS_AF_Bact_Brucella_melitensis_bv_1_str_16M_gene29593597.pdb
 0.330639 -0.922767  0.197935   -15.821647
 0.930079  0.354178  0.097527    13.496789
-0.160099  0.151849  0.975351   -22.056907
>../../../../class2/ala//data/domains/Catalytic_domain/structures/AlaRS_AF_Bact_Chlamydia_psittaci_6BC_gene12242512.pdb
 0.635212  0.739625 -0.222396   -17.621345
 0.562529 -0.245751  0.789410     7.657536
 0.529213 -0.626547 -0.572164   -21.092332
>../../../../class2/ala//data/domains/Catalytic_domain/structures/AlaRS_AF_Bact_Lactobacillus_acidophilus_La-14_gene56942022.pdb
 0.106611  0.202545 -0.973452   -23.877167
-0.042380  0.979068  0.199072     4.689660
 0.993397  0.020032  0.112963   -16.186219
>../../../../class2/ala//data/domains/Catalytic_domain/structures/AlaRS_AF_Bact_Nocardia_farcinica_IFM_10152_gene61134339.pdb
 0.284343  0.719141 -0.634023   -19.639094
 0.322793  0.550898  0.769621     7.171257
 0.902748 -0.423495 -0.075489   -20.707231
>../../../../class2/ala//data/domains/Catalytic_domain/structures/AlaRS_AF_Bact_Porphyromonas_gingivalis_ATCC_33277_gene29256567.pdb
 0.539128  0.781672 -0.313574   -17.355962
 0.545591 -0.040503  0.837072     6.109405
 0.641616 -0.622373 -0.448310   -20.363672
>../../../../class2/ala//data/domains/Catalytic_domain/structures/AlaRS_AF_Bact_Prochlorococcus_marinus_subsp_marinus_str_CCMP1375_gene54199407.pdb
-0.814615 -0.008102  0.579946   -20.094928
-0.086960 -0.986894 -0.135935     6.905625
 0.573446 -0.161167  0.803234   -22.519171
>../../../../class2/ala//data/domains/Catalytic_domain/structures/AlaRS_AF_Bact_Streptobacillus_moniliformis_DSM_12112_gene29672963.pdb
 0.749959  0.625650 -0.214764   -22.114198
 0.536814 -0.385935  0.750257     6.385673
 0.386513 -0.677950 -0.625293   -21.255821
>../../../../class2/ala//data/domains/Catalytic_domain/structures/AlaRS_AF_Bact_Treponema_pallidum_subsp_pertenue_str_SamoaD_gene57879528.pdb
 0.761850 -0.407985 -0.503123   -13.384700
-0.617199 -0.692951 -0.372672     0.675221
-0.196595  0.594448 -0.779732    -9.963814
>../../../../class2/ala//data/domains/Catalytic_domain/structures/AlaRS_AF_Euk_Cyanidioschyzon_merolae_strain_10D_gene16993235.pdb
 0.732902 -0.484077 -0.478042   -20.193178
-0.656838 -0.320403 -0.682573    -0.102421
 0.177252  0.814255 -0.552784   -24.725326
>../../../../class2/ala//data/domains/Catalytic_domain/structures/AlaRS_AF_Euk_Marasmius_oreades_gene66078979.pdb
 0.044272 -0.954976 -0.293361   -20.042878
 0.948329 -0.052178  0.312969     2.602420
-0.314185 -0.292059  0.903321   -22.334593
>../../../../class2/ala//data/domains/Catalytic_domain/structures/AlaRS_AF_Euk_Plasmodium_berghei_ANKA_gene55150801.pdb
 0.321898  0.544202 -0.774742   -20.785327
 0.630334  0.487394  0.604257     7.979332
 0.706443 -0.682855 -0.186138   -18.298748
>../../../../class2/ala//data/domains/Catalytic_domain/structures/AlaRS_AF_Euk_Saccharomyces_cerevisiae_S288C_gene854513.pdb
-0.471953 -0.847639 -0.242421   -14.837539
 0.766692 -0.530358  0.361807     3.164969
-0.435251 -0.015106  0.900182   -22.780246
>../../../../class2/ala//data/domains/Catalytic_domain/structures/AlaRS_PDB_Bact_E_coli_3HXV.pdb
 0.037885  0.961671 -0.271578   -42.242157
-0.967911 -0.032249 -0.249217    27.084681
-0.248422  0.272305  0.929589   -32.338416
>../../../../class2/pyl//data/domains/Catalytic_domain/structures/PylRS_AF_Arch_Candidatus_Methanomassiliicoccus_intestinalis_Issoire-Mx1_gene16153983.pdb
 0.279627 -0.294705 -0.913760    -5.604261
 0.788505 -0.472512  0.393691     2.101926
-0.547785 -0.830591  0.100249    -0.485608
>../../../../class2/pyl//data/domains/Catalytic_domain/structures/PylRS_AF_Arch_Methanosalsum_zhilinae_DSM_4017_gene10822650.pdb
 1.000000  0.000000  0.000000     0.000000
 0.000000  1.000000  0.000000     0.000000
 0.000000  0.000000  1.000000     0.000000
>../../../../class2/pyl//data/domains/Catalytic_domain/structures/PylRS_AF_Arch_Unclassified_Candidatus_Bathyarchaeota_proteinUCH69683.1.pdb
-0.114699  0.277521  0.953848    -6.203767
 0.336629 -0.892517  0.300156     0.118750
 0.934626  0.355520  0.008949    -0.417494
>../../../../class2/pyl//data/domains/Catalytic_domain/structures/PylRS_AF_Bact_Unclassified_Actinobacteria_proteinMBU2601214.1.pdb
-0.137380  0.303995  0.942716    -6.397926
 0.345401 -0.877299  0.333234     0.062345
 0.928345  0.371395  0.015523     0.201426
>../../../../class2/pyl//data/domains/Catalytic_domain/structures/PylRS_AF_Bact_Unclassified_Aerophobetes_proteinMCD6471581.1.pdb
 0.010950  0.243643  0.969803    -6.594304
 0.207940 -0.949214  0.236123     0.718442
 0.978080  0.199076 -0.061057    -0.109336
>../../../../class2/pyl//data/domains/Catalytic_domain/structures/PylRS_AF_Bact_unclassified_Desulfosarcina_proteinMBC2741817.pdb
-0.134804  0.004503  0.990862    -0.334342
-0.076480 -0.997054 -0.005873     0.003805
 0.987916 -0.076573  0.134751    -4.500045
>../../../../class2/pyl//data/domains/Catalytic_domain/structures/PylRS_AF_Bact_unclassified_Lachnospiraceae_proteinHCE77498.1.pdb
 0.843919  0.525296 -0.108923    -3.802297
-0.473120  0.633048 -0.612705    -4.189669
-0.252898  0.568608  0.782769    -0.782297
>../../../../class2/pyl//data/domains/Catalytic_domain/structures/PylRS_PDB_Arch_M_mazei_2Q7E.pdb
-0.773745  0.384435 -0.503517     7.118600
 0.630317  0.546724 -0.551174   -14.026950
 0.063395 -0.743843 -0.665341    47.462548
>../../../../class2/pyl//data/domains/Catalytic_domain/structures/PylRS_PDB_Bact_D_hafniense_2ZNJ.pdb
 0.208916  0.227945 -0.950997   -46.838094
 0.168764  0.949462  0.264651    -4.988438
 0.963262 -0.215784  0.159889   -36.658684
