>structures/MetRS_AF_Arch_Aciduliprofundum_boonei_T469_gene8827030.pdb
 0.990193 -0.129887  0.051449    -0.370608
-0.139339 -0.891519  0.431020    24.980342
-0.010116 -0.433962 -0.900874   -40.909970
>structures/MetRS_AF_Arch_Candidatus_Korarchaeum_cryptofilum_OPF8_gene6093355.pdb
-0.213705 -0.475233  0.853512   -32.367977
-0.387309  0.843313  0.372578    13.587552
-0.896840 -0.250951 -0.364283   -50.986797
>structures/MetRS_AF_Arch_Halalkalicoccus_jeotgali_B3_gene9420443.pdb
 0.999931  0.011443  0.002648    -0.081826
-0.011450  0.999931  0.002566    -0.280013
-0.002619 -0.002597  0.999993    -0.183725
>structures/MetRS_AF_Bact_Streptobacillus_moniliformis_DSM_12112_gene29673607.pdb
 0.913382 -0.287905 -0.287826   -35.345940
-0.156069  0.405359 -0.900736   -10.456292
 0.375999  0.867637  0.325315    14.646410
>structures/MetRS_AF_Bact_Treponema_denticola_ATCC_35405_gene2740824.pdb
 0.676151 -0.612440 -0.409557   -15.398776
 0.496075 -0.032555  0.867669    35.827690
-0.544728 -0.789846  0.281804   -21.968788
>structures/MetRS_AF_Euk_Drosophila_melanogaster_gene37177.pdb
 0.866264 -0.488487  0.104727    25.684522
 0.141334  0.038559 -0.989211   -26.198271
 0.479178  0.871719  0.102442   -40.121365
>structures/MetRS_AF_Euk_Homo_sapiens_gene4141.pdb
-0.693385  0.231452 -0.682384    15.240911
-0.371007 -0.926509  0.062733    -7.987987
-0.617715  0.296668  0.728297   -35.204514
>structures/MetRS_AF_Euk_Oryza_sativa_Japonica_Group_gene4341140.pdb
-0.315258 -0.373647  0.872353   -14.510919
 0.483616  0.727659  0.486444    40.718855
-0.816534  0.575239 -0.048698   -40.031600
>structures/MetRS_AF_Mito_Brachypodium_distachyon_gene100843706.pdb
 0.910021  0.337735  0.240411    21.508634
-0.176708  0.840604 -0.512015   -26.020592
-0.375016  0.423462  0.824647  -110.106297
>structures/MetRS_PDB_Arch_P_abyssi_1RQG.pdb
 0.430678  0.320151 -0.843812    49.918068
-0.896494  0.044022 -0.440864    67.175515
-0.103997  0.946343  0.305973   -70.770636
