>structures/MetRS_AF_Arch_Aciduliprofundum_boonei_T469_gene8827030.pdb
 0.991471 -0.120428  0.049822    -0.612157
-0.130125 -0.893466  0.429867    25.245283
-0.007254 -0.432683 -0.901517   -40.789991
>structures/MetRS_AF_Arch_Candidatus_Korarchaeum_cryptofilum_OPF8_gene6093355.pdb
-0.257194 -0.441274  0.859726   -31.460547
-0.347630  0.872345  0.343755    14.456342
-0.901668 -0.210455 -0.377762   -49.925840
>structures/MetRS_AF_Arch_Halalkalicoccus_jeotgali_B3_gene9420443.pdb
 0.999989  0.001847  0.004309     0.042177
-0.001849  0.999998  0.000341    -0.144384
-0.004308 -0.000349  0.999991    -0.195334
>structures/MetRS_AF_Bact_Streptobacillus_moniliformis_DSM_12112_gene29673607.pdb
 0.916220 -0.293657 -0.272592   -34.945454
-0.141719  0.398844 -0.906002   -10.674180
 0.374775  0.868728  0.323812    14.698199
>structures/MetRS_AF_Bact_Treponema_denticola_ATCC_35405_gene2740824.pdb
 0.676215 -0.613174 -0.408352   -15.185562
 0.497729 -0.028400  0.866867    35.745923
-0.543138 -0.789437  0.285990   -21.831267
>structures/MetRS_AF_Euk_Drosophila_melanogaster_gene37177.pdb
 0.864506 -0.492902  0.098370    25.691466
 0.137460  0.043606 -0.989547   -26.325527
 0.483461  0.868991  0.105452   -40.078521
>structures/MetRS_AF_Euk_Homo_sapiens_gene4141.pdb
-0.688316  0.247257 -0.681971    15.368943
-0.404953 -0.910967  0.078438    -7.693679
-0.601858  0.330157  0.727161   -34.753725
>structures/MetRS_AF_Euk_Oryza_sativa_Japonica_Group_gene4341140.pdb
-0.315974 -0.378569  0.869969   -14.599696
 0.482427  0.725452  0.490900    40.837708
-0.816960  0.574808 -0.046592   -39.907415
>structures/MetRS_PDB_Arch_P_abyssi_1RQG.pdb
 0.364531  0.279049 -0.888397    55.298155
-0.925884  0.006900 -0.377746    62.356292
-0.099279  0.960252  0.260882   -66.820058
