>structures/HisRS_AF_Arch_Candidatus_Methanomassiliicoccus_intestinalis_Issoire-Mx1_gene16154026.pdb
-0.355987 -0.300727 -0.884780     7.717544
 0.928731 -0.008890 -0.370649    50.560012
 0.103598 -0.953669  0.282460    70.829636
>structures/HisRS_AF_Arch_Candidatus_Nitrosopumilus_koreensis_AR1_gene13725657.pdb
 0.463707 -0.078560  0.882499     9.172832
-0.884820 -0.092199  0.456720    47.135078
 0.045486 -0.992637 -0.112265    73.468380
>structures/HisRS_AF_Arch_Desulfurococcus_amylolyticus_1221n_gene7171287.pdb
-0.676108 -0.567353 -0.470094     6.820237
-0.636157  0.127610  0.760934    44.369014
-0.371730  0.813527 -0.447204    68.765869
>structures/HisRS_AF_Arch_Methanoregula_formicica_SMSP_gene14310605.pdb
-0.548287  0.126235 -0.826708     4.656338
 0.819141 -0.118103 -0.561302    49.068175
-0.168493 -0.984945 -0.038650    72.235979
>structures/HisRS_AF_Bact_Chlamydia_muridarum_str_Nigg_gene1246198.pdb
 0.169686  0.412394  0.895063     8.012836
-0.837074 -0.419019  0.351752    47.455670
 0.520109 -0.808922  0.274102    70.441809
>structures/HisRS_AF_Bact_Lacticaseibacillus_paracasei_gene61269730.pdb
 0.291482 -0.888521  0.354356     8.584489
-0.817639 -0.039149  0.574399    44.774440
-0.496493 -0.457163 -0.737900    66.972977
>structures/HisRS_AF_Bact_Paracoccus_denitrificans_PD1222_gene75501415.pdb
-0.725669 -0.432873 -0.534813     6.907064
-0.503900 -0.194911  0.841483    46.275154
-0.468496  0.880131 -0.076684    73.249104
>structures/HisRS_AF_Bact_Prochlorococcus_marinus_subsp_marinus_str_CCMP1375_gene54200127.pdb
-0.806831 -0.232427 -0.543140     0.876616
-0.575919  0.104517  0.810798    46.147435
-0.131684  0.966982 -0.218187    67.639572
>structures/HisRS_AF_Bact_Streptobacillus_moniliformis_DSM_12112_gene29674169.pdb
 0.286018 -0.833334  0.473021     9.638921
-0.836357  0.023814  0.547668    43.218390
-0.467654 -0.552257 -0.690153    68.533818
>structures/HisRS_AF_Bact_Streptomyces_albidoflavus_gene15149169.pdb
 0.378344 -0.762843  0.524335     6.423148
-0.911371 -0.207817  0.355269    47.190092
-0.162049 -0.612277 -0.773859    70.186197
>structures/HisRS_AF_Bact_Thermus_thermophilus_HB8_gene3168691.pdb
 0.148834 -0.941501  0.302365     9.156903
-0.755664  0.088937  0.648893    45.633146
-0.637825 -0.325064 -0.698221    67.080444
>structures/HisRS_AF_Bact_Treponema_denticola_ATCC_35405_gene2741405.pdb
-0.003258  0.976141  0.217112     4.969789
-0.541399 -0.184262  0.820326    48.208918
 0.840760 -0.114872  0.529082    70.779938
>structures/HisRS_AF_Euk_Arabidopsis_thaliana_gene823753.pdb
 0.374523 -0.759151  0.532373     7.957224
-0.894372 -0.144308  0.423408    46.746686
-0.244605 -0.634716 -0.733010    71.492996
>structures/HisRS_AF_Euk_Cryptococcus_gattii_WM276_gene10186972.pdb
 0.938072 -0.130276  0.321013     7.753589
 0.345885  0.404652 -0.846534    45.972051
-0.019616  0.905143  0.424653    70.646431
>structures/HisRS_AF_Euk_Plasmodium_falciparum_3D7_gene812010.pdb
 0.816316 -0.449295  0.362991     2.145954
-0.288727  0.226888  0.930139    54.709333
-0.500265 -0.864092  0.055489    84.568804
>structures/HisRS_AF_Euk_Platysiphonia_delicata_gene33353157.pdb
 0.262294 -0.877359  0.401800     9.770792
-0.846744 -0.009543  0.531915    42.354444
-0.462846 -0.479739 -0.745402    66.304639
>structures/HisRS_PDB_Arch_T_acidophilum_1WU7.pdb
 0.999512  0.019754  0.024191    -2.016847
-0.019372  0.999685 -0.015943     1.248846
-0.024498  0.015466  0.999580    -0.114955
>structures/HisRS_PDB_Bact_B_thailandensis_4e51.pdb
-0.455980 -0.801158 -0.387592    25.674941
 0.126994  0.372475 -0.919312    87.185441
 0.880883 -0.468410 -0.068099    69.188544
>structures/HisRS_PDB_Bact_E_coli_1HTT.pdb
 0.200009  0.469279  0.860101   -20.172155
 0.120926 -0.882950  0.453625    51.461806
 0.972303  0.013280 -0.233346    89.552109
