>structures/MetRS_AF_Arch_Aciduliprofundum_boonei_T469_gene8827030.pdb
-0.288521 -0.857858  0.425248    -3.073257
-0.741625 -0.080685 -0.665944     2.594608
 0.605597 -0.507513 -0.612930    -1.160437
>structures/MetRS_AF_Arch_Candidatus_Korarchaeum_cryptofilum_OPF8_gene6093355.pdb
-0.412763  0.716865  0.561899    -2.172886
 0.719477 -0.121693  0.683772    -1.762805
 0.558552  0.686509 -0.465538    -2.860467
>structures/MetRS_AF_Arch_Candidatus_Nitrosopumilus_sediminis_gene13696902.pdb
 0.999794  0.014854 -0.013810     0.530172
-0.012791  0.990205  0.139036    -1.786064
 0.015740 -0.138830  0.990191    -1.066570
>structures/MetRS_AF_Arch_Halalkalicoccus_jeotgali_B3_gene9420443.pdb
-0.486904 -0.775219  0.402443     1.681737
-0.654156  0.018328 -0.756138    -0.384884
 0.578797 -0.631426 -0.516038     1.352597
>structures/MetRS_AF_Bact_Bacillus_anthracis_str_Ames_Ancestor_gene45024892.pdb
 0.369133 -0.236490 -0.898784     0.070932
 0.232300 -0.912908  0.335613    -0.442452
-0.899876 -0.332673 -0.282047     0.575568
>structures/MetRS_AF_Bact_Brucella_suis_1330_gene45052047.pdb
-0.498884  0.686474  0.529026     1.695318
 0.705611 -0.032704  0.707845    -2.283030
 0.503218  0.726418 -0.468068    -2.055003
>structures/MetRS_AF_Bact_Chlamydia_psittaci_6BC_gene12243105.pdb
-0.733031 -0.533500  0.421952     5.543065
-0.680127  0.566127 -0.465754    -4.160375
 0.009601 -0.628393 -0.777837     2.878161
>structures/MetRS_AF_Bact_Mycoplasma_hyopneumoniae_168-L_gene57101263.pdb
-0.693561 -0.715311  0.085455     2.497603
-0.695181  0.633448 -0.339803    -0.924988
 0.188934 -0.295081 -0.936606     0.274082
>structures/MetRS_AF_Bact_Nocardia_farcinica_IFM_10152_gene61135500.pdb
-0.880752  0.419082  0.220560     2.983527
 0.469306  0.709954  0.525087    -3.256508
 0.063467  0.565982 -0.821971    -2.381301
>structures/MetRS_AF_Bact_Prochlorococcus_marinus_subsp_marinus_str_CCMP1375_gene54200313.pdb
 0.887513 -0.384284 -0.254257     3.165106
 0.459943  0.705533  0.539143    -2.392818
-0.027797 -0.595440  0.802919    -0.915770
>structures/MetRS_AF_Bact_Streptobacillus_moniliformis_DSM_12112_gene29673607.pdb
 0.367429  0.763762 -0.530720     0.731033
-0.170399 -0.505694 -0.845718     1.047028
-0.914308  0.401175 -0.055663    -2.079809
>structures/MetRS_AF_Bact_Treponema_denticola_ATCC_35405_gene2740824.pdb
 0.901700 -0.405095 -0.151112     1.693082
 0.416962  0.907192  0.056089    -1.494467
 0.114366 -0.113583  0.986924    -2.680930
>structures/MetRS_AF_Euk_Drosophila_melanogaster_gene37177.pdb
-0.230898 -0.497819  0.835980     9.030390
-0.815452 -0.369697 -0.445379     0.613328
 0.530778 -0.784538 -0.320585     5.212356
>structures/MetRS_AF_Euk_Homo_sapiens_gene4141.pdb
 0.087093  0.539693 -0.837345     2.196643
-0.104296 -0.830980 -0.546438     3.565153
-0.990726  0.134922 -0.016085    -5.968746
>structures/MetRS_AF_Euk_Oryza_sativa_Japonica_Group_gene4341140.pdb
-0.021618 -0.386661  0.921969     4.077061
-0.443904 -0.822586 -0.355389     3.072456
 0.895814 -0.416948 -0.153857     4.842023
>structures/MetRS_AF_Euk_Saccharomyces_cerevisiae_S288C_gene853181.pdb
 0.991862 -0.054864 -0.114893     7.992893
 0.040019  0.991000 -0.127743    -2.342083
 0.120867  0.122105  0.985130    -5.201892
>structures/MetRS_AF_Euk_Scheffersomyces_stipitis_CBS_6054_gene4836672.pdb
 0.964518  0.260345  0.043878     8.372503
-0.253626  0.959839 -0.119929     1.142884
-0.073338  0.104545  0.991812    -6.445106
>structures/MetRS_AF_Euk_Trypanosoma_brucei_brucei_TREU927_gene3662741.pdb
 0.321201  0.653921 -0.684994     5.066742
-0.408923 -0.556643 -0.723140    -2.514651
-0.854173  0.512383  0.088609    -2.993349
>structures/MetRS_AF_Mito_Arvicanthis_niloticus_gene117706247.pdb
 0.611482  0.783797 -0.108405     3.478900
-0.614353  0.383953 -0.689311     0.024365
-0.498658  0.488101  0.716309    -1.890691
>structures/MetRS_AF_Mito_Brachypodium_distachyon_gene100843706.pdb
-0.354064 -0.879978  0.316667     1.401704
-0.829424  0.139025 -0.541043     0.450466
 0.432081 -0.454215 -0.779099    -0.851952
>structures/MetRS_AF_Mito_Homo_sapiens_gene92935.pdb
 0.673387  0.738205 -0.040039     3.411815
-0.589553  0.503532 -0.631572     0.738086
-0.446068  0.448898  0.774283    -1.518067
>structures/MetRS_AF_Vir_Megavirus_chiliensis_gene11256705.pdb
 0.999842 -0.001067  0.017720    -0.344904
 0.001201  0.999971 -0.007562     0.122271
-0.017711  0.007582  0.999814    -0.037146
>structures/MetRS_PDB_Arch_P_abyssi_1RQG.pdb
 0.342063  0.616951 -0.708776    43.250159
-0.241867 -0.671056 -0.700846    84.415728
-0.908016  0.411163 -0.080323    12.721899
>structures/MetRS_PDB_Bact_E_coli_1PFV.pdb
-0.709396  0.295684  0.639788   -15.671813
 0.602005  0.726267  0.331852   -25.126172
-0.366534  0.620570 -0.693214    19.512797
>structures/MetRS_PDB_Bact_T_therm_1WOY.pdb
-0.131954  0.840504 -0.525491    84.248742
 0.844566  0.372859  0.384298   -42.081501
 0.518938 -0.393102 -0.759062    85.878053
