>structures/MetRS_AF_Arch_Aciduliprofundum_boonei_T469_gene8827030.pdb
-0.136875 -0.741991  0.656288   -10.696489
-0.718548 -0.381682 -0.581385    -1.424686
 0.681876 -0.551152 -0.480913     4.477564
>structures/MetRS_AF_Arch_Candidatus_Korarchaeum_cryptofilum_OPF8_gene6093355.pdb
-0.650567  0.642289  0.405251    -8.432201
 0.640812  0.177874  0.746807    -6.050963
 0.407582  0.745537 -0.527305     3.669731
>structures/MetRS_AF_Arch_Candidatus_Nitrosopumilus_sediminis_gene13696902.pdb
 0.958119 -0.237130 -0.160551    -6.041217
 0.272761  0.926448  0.259412    -5.075847
 0.087228 -0.292340  0.952328     5.630485
>structures/MetRS_AF_Arch_Halalkalicoccus_jeotgali_B3_gene9420443.pdb
-0.365045 -0.665063  0.651486    -5.070180
-0.674264 -0.293663 -0.677592    -3.425385
 0.641958 -0.686625 -0.341228     7.906363
>structures/MetRS_AF_Bact_Bacillus_anthracis_str_Ames_Ancestor_gene45024892.pdb
 0.381258  0.059684 -0.922540    -7.236604
 0.217940 -0.975590  0.026952    -3.374000
-0.898412 -0.211334 -0.384959     6.880259
>structures/MetRS_AF_Bact_Brucella_suis_1330_gene45052047.pdb
-0.724970  0.585938  0.362071    -4.672532
 0.585542  0.247471  0.771945    -4.740353
 0.362710  0.771645 -0.522500     4.586078
>structures/MetRS_AF_Bact_Chlamydia_psittaci_6BC_gene12243105.pdb
-0.518427 -0.595585  0.613605    -1.106506
-0.853244  0.312760 -0.417320    -5.092225
 0.056639 -0.739905 -0.670323    10.100150
>structures/MetRS_AF_Bact_Mycoplasma_hyopneumoniae_168-L_gene57101263.pdb
-0.492166 -0.825296  0.276873    -4.527763
-0.838847  0.364649 -0.404186    -2.941404
 0.232612 -0.431181 -0.871765     6.753168
>structures/MetRS_AF_Bact_Nocardia_farcinica_IFM_10152_gene61135500.pdb
-0.977180  0.144135  0.156024    -3.138722
 0.201779  0.859372  0.469856    -5.332278
-0.066360  0.490617 -0.868845     4.491728
>structures/MetRS_AF_Bact_Prochlorococcus_marinus_subsp_marinus_str_CCMP1375_gene54200313.pdb
 0.728385 -0.497884 -0.470709    -3.610137
 0.684423  0.496685  0.533732    -4.354267
-0.031943 -0.710926  0.702541     5.796857
>structures/MetRS_AF_Bact_Streptobacillus_moniliformis_DSM_12112_gene29673607.pdb
 0.497062  0.822949 -0.275107    -6.516913
-0.162083 -0.223410 -0.961154    -1.794221
-0.852443  0.522344  0.022338     4.014281
>structures/MetRS_AF_Bact_Treponema_denticola_ATCC_35405_gene2740824.pdb
 0.726764 -0.630008 -0.273685    -4.660985
 0.676853  0.724701  0.129146    -4.147620
 0.116976 -0.279103  0.953110     3.905580
>structures/MetRS_AF_Euk_Drosophila_melanogaster_gene37177.pdb
-0.053081 -0.301690  0.951927     0.449031
-0.771963 -0.592302 -0.230762     0.540811
 0.633447 -0.747102 -0.201454    11.789220
>structures/MetRS_AF_Euk_Homo_sapiens_gene4141.pdb
 0.210857  0.734573 -0.644935    -5.716464
-0.189766 -0.616457 -0.764179     0.425602
-0.958920  0.283519  0.009413    -0.122864
>structures/MetRS_AF_Euk_Oryza_sativa_Japonica_Group_gene4341140.pdb
 0.006579 -0.088611  0.996045    -4.651947
-0.326464 -0.941679 -0.081618     1.871170
 0.945187 -0.324635 -0.035123    10.848019
>structures/MetRS_AF_Euk_Scheffersomyces_stipitis_CBS_6054_gene4836672.pdb
 0.998806 -0.031299 -0.037521     1.370371
 0.031709  0.999443  0.010365    -0.001118
 0.037176 -0.011543  0.999242     0.344361
>structures/MetRS_AF_Euk_Trypanosoma_brucei_brucei_TREU927_gene3662741.pdb
 0.512198  0.721722 -0.465586    -1.277645
-0.393562 -0.284601 -0.874135    -4.096384
-0.763389  0.630967  0.138270     3.936095
>structures/MetRS_AF_Mito_Arvicanthis_niloticus_gene117706247.pdb
 0.806934  0.590594  0.007482    -3.617455
-0.465998  0.644380 -0.606317    -2.003784
-0.362908  0.485772  0.795188     4.554486
>structures/MetRS_AF_Mito_Brachypodium_distachyon_gene100843706.pdb
-0.157951 -0.829608  0.535539    -5.834299
-0.841679 -0.170494 -0.512356    -2.083454
 0.516361 -0.531679 -0.671334     5.371854
>structures/MetRS_AF_Mito_Homo_sapiens_gene92935.pdb
 0.853556  0.518534  0.050652    -3.917756
-0.418844  0.740761 -0.525208    -1.304577
-0.309860  0.427079  0.849465     4.819090
>structures/MetRS_AF_Vir_Megavirus_chiliensis_gene11256705.pdb
 0.958453 -0.271239 -0.088304    -7.600746
 0.280411  0.952691  0.117259    -3.013784
 0.052321 -0.137149  0.989168     6.187840
>structures/MetRS_PDB_Arch_P_abyssi_1RQG.pdb
 0.490927  0.726392 -0.480984    10.081108
-0.244175 -0.415242 -0.876329    90.991179
-0.836283  0.547658 -0.026487     9.506102
>structures/MetRS_PDB_Bact_E_coli_1PFV.pdb
-0.811089  0.028372  0.584234   -17.686086
 0.326191  0.851029  0.411521   -29.094820
-0.485525  0.524352 -0.699515    28.270697
>structures/MetRS_PDB_Bact_T_therm_1WOY.pdb
-0.414296  0.743666 -0.524709    75.539370
 0.824610  0.550700  0.129415    -9.042195
 0.385198 -0.379064 -0.841387   102.975063
