>structures/MetRS_AF_Arch_Aciduliprofundum_boonei_T469_gene8827030.pdb
-0.480129  0.177557  0.859040    16.495047
 0.566367 -0.685075  0.458149    20.591430
 0.669854  0.706503  0.228362    91.590918
>structures/MetRS_AF_Arch_Candidatus_Korarchaeum_cryptofilum_OPF8_gene6093355.pdb
-0.824942 -0.337377  0.453484    19.325387
-0.503662  0.802886 -0.318903    23.129114
-0.256505 -0.491479 -0.832258    94.121843
>structures/MetRS_AF_Arch_Candidatus_Nitrosopumilus_sediminis_gene13696902.pdb
 0.337730 -0.102803 -0.935612    18.692631
 0.625110 -0.718644  0.304611    25.696135
-0.703687 -0.687737 -0.178444    92.085028
>structures/MetRS_AF_Arch_Halalkalicoccus_jeotgali_B3_gene9420443.pdb
-0.543706  0.311981  0.779135    16.773553
 0.372327 -0.742328  0.557065    26.876449
 0.752168  0.592972  0.287449    89.919735
>structures/MetRS_AF_Bact_Bacillus_anthracis_str_Ames_Ancestor_gene45024892.pdb
 0.892237  0.429982 -0.137943    16.766263
-0.297963  0.331058 -0.895331    25.287089
-0.339309  0.839950  0.423501    91.345280
>structures/MetRS_AF_Bact_Brucella_suis_1330_gene45052047.pdb
-0.797063 -0.413956  0.439695    20.214897
-0.576259  0.739105 -0.348783    26.427991
-0.180600 -0.531380 -0.827658    91.538276
>structures/MetRS_AF_Bact_Chlamydia_psittaci_6BC_gene12243105.pdb
-0.103626  0.251379  0.962325    17.448245
 0.013994 -0.967070  0.254125    32.067220
 0.994518  0.039801  0.096696    89.783525
>structures/MetRS_AF_Bact_Mycoplasma_hyopneumoniae_168-L_gene57101263.pdb
-0.241082 -0.141613  0.960117    18.018784
 0.126502 -0.985442 -0.113584    26.643837
 0.962225  0.094074  0.255487    89.675586
>structures/MetRS_AF_Bact_Nocardia_farcinica_IFM_10152_gene61135500.pdb
-0.479909 -0.540963  0.690686    21.184585
-0.825398  0.011591 -0.564432    27.463596
 0.297331 -0.840967 -0.452072    91.184221
>structures/MetRS_AF_Bact_Prochlorococcus_marinus_subsp_marinus_str_CCMP1375_gene54200313.pdb
 0.231562  0.230170 -0.945199    19.603807
 0.220372 -0.958761 -0.179484    27.556595
-0.947531 -0.166733 -0.272735    90.649898
>structures/MetRS_AF_Bact_Streptobacillus_moniliformis_DSM_12112_gene29673607.pdb
 0.996931  0.029174  0.072642    19.034803
-0.044524  0.974565  0.219636    23.249967
-0.064387 -0.222197  0.972874    89.738359
>structures/MetRS_AF_Bact_Treponema_denticola_ATCC_35405_gene2740824.pdb
 0.115661 -0.262631 -0.957939    20.470589
 0.314252 -0.905198  0.286114    25.296354
-0.942267 -0.334127 -0.022164    91.118606
>structures/MetRS_AF_Euk_Drosophila_melanogaster_gene37177.pdb
-0.384801  0.604295  0.697679    15.537642
 0.630538 -0.379906  0.676826    31.763832
 0.674055  0.700356 -0.234843    84.365659
>structures/MetRS_AF_Euk_Oryza_sativa_Japonica_Group_gene4341140.pdb
-0.709113  0.434729  0.555130    13.423664
 0.659764  0.131358  0.739903    26.970056
 0.248736  0.890930 -0.379966    85.536903
>structures/MetRS_AF_Euk_Scheffersomyces_stipitis_CBS_6054_gene4836672.pdb
 0.471599 -0.235655 -0.849742    25.582455
 0.725619 -0.443856  0.525804    25.995474
-0.501071 -0.864557 -0.038326    84.884649
>structures/MetRS_AF_Euk_Trypanosoma_brucei_brucei_TREU927_gene3662741.pdb
 0.985312 -0.098447 -0.139533    22.290317
 0.114298  0.987277  0.110549    27.980474
 0.126875 -0.124873  0.984027    89.220769
>structures/MetRS_AF_Mito_Arvicanthis_niloticus_gene117706247.pdb
 0.813064 -0.261358 -0.520211    20.072118
 0.581128  0.417919  0.698308    25.778659
 0.034898 -0.870078  0.491677    88.687552
>structures/MetRS_AF_Mito_Brachypodium_distachyon_gene100843706.pdb
-0.309965  0.069266  0.948222    18.332565
 0.525317 -0.818800  0.231534    24.630746
 0.792442  0.569884  0.217413    89.609941
>structures/MetRS_AF_Vir_Megavirus_chiliensis_gene11256705.pdb
 0.363612 -0.241478 -0.899708    17.043508
 0.605936 -0.672268  0.425320    24.374817
-0.707550 -0.699817 -0.098125    91.225813
>structures/MetRS_PDB_Arch_P_abyssi_1RQG.pdb
 0.999931  0.005779 -0.010269     0.713850
-0.005643  0.999897  0.013216    -1.282070
 0.010344 -0.013157  0.999860     0.548426
>structures/MetRS_PDB_Bact_E_coli_1PFV.pdb
-0.071480 -0.629202  0.773948    -0.162528
-0.990067 -0.049423 -0.131620    40.017291
 0.121067 -0.775669 -0.619419   118.021930
>structures/MetRS_PDB_Bact_T_therm_1WOY.pdb
-0.726469  0.553449  0.407353   -20.672277
-0.433497  0.090875 -0.896561   139.914790
-0.533219 -0.827911  0.173901    52.414790
