>../../../../class2/asp1//data/domains/Catalytic_domain/structures/AspRS_AF_Arch_Candidatus_Methanomassiliicoccus_intestinalis_Issoire-Mx1_gene16154434.pdb
-0.546363  0.169376 -0.820243    -3.000144
 0.623766 -0.571265 -0.533453     5.781998
-0.558930 -0.803099  0.206467    11.603750
>../../../../class2/asp1//data/domains/Catalytic_domain/structures/AspRS_AF_Arch_unclassified_Euryarchaeota_proteinHHT76046.1.pdb
-0.626094  0.296373 -0.721227     2.889436
 0.666864 -0.275832 -0.692249     3.358750
-0.404102 -0.914374 -0.024944    10.072449
>../../../../class2/asp1//data/domains/Catalytic_domain/structures/AspRS_AF_Bact_Bacillus_anthracis_str_Ames_Ancestor_gene45024275.pdb
-0.803856 -0.370410 -0.465416    -2.568901
-0.565826  0.234854  0.790370     1.348579
-0.183457  0.898688 -0.398376     6.907302
>../../../../class2/asp1//data/domains/Catalytic_domain/structures/AspRS_AF_Bact_Brachyspira_pilosicoli_95_1000_gene56440011.pdb
-0.586762  0.542908 -0.600801     1.764716
 0.629871 -0.160274 -0.759983     3.844791
-0.508893 -0.824357 -0.247919    11.284826
>../../../../class2/asp1//data/domains/Catalytic_domain/structures/AspRS_AF_Bact_Chlamydia_muridarum_str_Nigg_gene1246197.pdb
-0.275295  0.944706 -0.178168     2.484583
 0.322720 -0.083761 -0.942781     3.918311
-0.905574 -0.317041 -0.281816    11.562306
>../../../../class2/asp1//data/domains/Catalytic_domain/structures/AspRS_AF_Bact_Mycoplasma_hyopneumoniae_168-L_gene57101115.pdb
-0.471536 -0.415322 -0.777921    -1.351682
 0.851373 -0.444303 -0.278852     7.878282
-0.229819 -0.793790  0.563099    14.270943
>../../../../class2/asp1//data/domains/Catalytic_domain/structures/AspRS_AF_Bact_Nocardia_cyriacigeorgica_GUH-2_gene45501717.pdb
 0.547516 -0.809554  0.211773     6.206948
 0.761228  0.376762 -0.527810     4.239892
 0.347503  0.450191  0.822538    13.594001
>../../../../class2/asp1//data/domains/Catalytic_domain/structures/AspRS_AF_Bact_Porphyromonas_gingivalis_ATCC_33277_gene29255515.pdb
-0.474862  0.838031  0.268720     0.935733
 0.192306 -0.199155  0.960914     1.604583
 0.858792  0.507978 -0.066587    12.136423
>../../../../class2/asp1//data/domains/Catalytic_domain/structures/AspRS_AF_Bact_Prochlorococcus_marinus_subsp_marinus_str_CCMP1375_gene54201182.pdb
-0.187262  0.889869 -0.416012    -1.985209
 0.320444 -0.344997 -0.882209     3.410152
-0.928573 -0.298513 -0.220548     6.980565
>../../../../class2/asp1//data/domains/Catalytic_domain/structures/AspRS_AF_Bact_Xylella_fastidiosa_Temecula1_gene58016479.pdb
 0.585992 -0.755577  0.292773     2.740424
 0.764437  0.395621 -0.509038     0.979826
 0.268790  0.522099  0.809422     9.913576
>../../../../class2/asp1//data/domains/Catalytic_domain/structures/AspRS_AF_Mito_Oryza_sativa_Japonica_Group_gene4324505.pdb
 0.564168  0.328002  0.757713     5.743380
-0.625514 -0.429219  0.651539     2.294212
 0.538931 -0.841538 -0.036981    15.670639
>../../../../class2/asp1//data/domains/Catalytic_domain/structures/AspRS_AF_Mito_Oryzias_melastigma_gene112147132.pdb
-0.158519 -0.573140 -0.803979     2.525666
 0.966712  0.075547 -0.244461     2.334820
 0.200849 -0.815968  0.542085     8.879390
>../../../../class2/asp1//data/domains/Catalytic_domain/structures/AspRS_PDB_Bact_E_coli_1c0a.pdb
-0.867901 -0.488510  0.090032    71.841763
 0.239462 -0.570255 -0.785791     5.948435
 0.435208 -0.660429  0.611905    13.721314
>../../../../class2/phe3//data/domains/Catalytic_domain/structures/PheRS-Aα_AF_Arch_Candidatus_Nitrosopumilus_koreensis_AR1_gene13724458.pdb
 1.000000  0.000000  0.000000     0.000000
 0.000000  1.000000  0.000000     0.000000
 0.000000  0.000000  1.000000     0.000000
>../../../../class2/phe3//data/domains/Catalytic_domain/structures/PheRS-Aα_AF_Arch_Haloterrigena_turkmenica_DSM_5511_gene8744248.pdb
 0.101334  0.976156 -0.191965     1.726646
-0.491075 -0.118732 -0.862988    -6.295871
-0.865203  0.181720  0.467334     9.994130
>../../../../class2/phe3//data/domains/Catalytic_domain/structures/PheRS-Aα_AF_Arch_Thermoplasma_volcanium_GSS1_gene1441177.pdb
-0.359569 -0.932733 -0.026827     2.248942
-0.905261  0.355662 -0.232393    -8.145029
 0.226302 -0.059276 -0.972252    10.326857
>../../../../class2/phe3//data/domains/Catalytic_domain/structures/PheRS-Aα_AF_Arch_Thermosphaera_aggregans_DSM_11486_gene9165306.pdb
 0.900496  0.041409  0.432888     3.667392
 0.052472  0.977836 -0.202691    -8.713139
-0.431686  0.205237  0.878365    16.360385
>../../../../class2/phe3//data/domains/Catalytic_domain/structures/PheRS-Aα_AF_Euk_Cyanidioschyzon_merolae_strain_10D_gene16993638.pdb
-0.912796  0.298087 -0.279190    -6.645151
 0.107587  0.834948  0.539710    -4.636210
 0.393990  0.462608 -0.794208    12.832137
>../../../../class2/phe3//data/domains/Catalytic_domain/structures/PheRS-Aα_AF_Euk_Megalobrama_amblycephala_gene125266654.pdb
 0.465757 -0.487620  0.738442     3.645534
-0.450548 -0.848893 -0.276382    -5.366917
 0.761628 -0.203977 -0.615074    17.113760
>../../../../class2/phe3//data/domains/Catalytic_domain/structures/PheRS-Aα_AF_Euk_Plasmodium_falciparum_3D7_gene813233.pdb
 0.223163 -0.878067 -0.423316    -0.070936
 0.832073 -0.054631  0.551969     0.649034
-0.507792 -0.475409  0.718424    18.282932
>../../../../class2/phe3//data/domains/Catalytic_domain/structures/PheRS-Aα_AF_Euk_Schizosaccharomyces_pombe_gene2543647.pdb
-0.483093  0.392918 -0.782456    -5.137268
-0.040401 -0.902705 -0.428359    -3.310750
-0.874637 -0.175325  0.451964    12.702795
>../../../../class2/phe3//data/domains/Catalytic_domain/structures/PheRS-Aα_PDB_Euk.B_H_sapiens_3L4G.C.pdb
 0.470070  0.387474 -0.793031   -88.320805
-0.513524 -0.610698 -0.602778    64.542954
-0.717863  0.690589 -0.088094   -46.406693
