>structures/GlnRS_AF_Bact_Anaerostipes_hadrus_gene15230984.pdb
 0.832319  0.481320  0.274911     1.637018
-0.325996  0.826181 -0.459511     1.475630
-0.448298  0.292840  0.844555     0.591094
>structures/GlnRS_AF_Bact_Cutibacterium_avidum_44067_gene29843447.pdb
 0.921237 -0.038978  0.387044     0.534205
 0.009332  0.996895  0.078183     1.773024
-0.388890 -0.068413  0.918740     0.565925
>structures/GlnRS_AF_Bact_Pasteurella_multocida_subsp_multocida_str_Pm70_gene1243875.pdb
 1.000000  0.000000  0.000000     0.000000
 0.000000  1.000000  0.000000     0.000000
 0.000000  0.000000  1.000000     0.000000
>structures/GlnRS_AF_Bact_Porphyromonas_gingivalis_ATCC_33277_gene29257033.pdb
 0.699121  0.703245  0.129136     0.945325
-0.421827  0.551502 -0.719658     1.767704
-0.577315  0.448655  0.682214    -0.555638
>structures/GlnRS_AF_Bact_Thermus_thermophilus_HB8_gene3168786.pdb
-0.368627  0.595761  0.713571     1.999294
 0.315204 -0.642043  0.698875     3.957629
 0.874506  0.482545  0.048889    -0.574504
>structures/GlnRS_AF_Euk_Candida_dubliniensis_CD36_gene8049124.pdb
 0.860992  0.457228  0.222789     1.337064
-0.434658  0.888921 -0.144541     2.725051
-0.264130  0.027612  0.964092    -3.555538
>structures/GlnRS_AF_Euk_Dictyostelium_discoideum_AX4_gene8627167.pdb
-0.688164  0.725538 -0.004994     2.036098
 0.399762  0.384896  0.831893     2.342191
 0.605492  0.570482 -0.554914    -6.180472
>structures/GlnRS_AF_Euk_Encephalitozoon_romaleae_SJ-2008_gene20564565.pdb
-0.654187  0.585916  0.478270     1.346366
 0.622224  0.057434  0.780730     2.013706
 0.429973  0.808334 -0.402143    -3.183187
>structures/GlnRS_AF_Euk_Myodes_glareolus_gene125393344.pdb
 0.016366 -0.634970 -0.772364     3.766357
 0.496384 -0.665392  0.557545    -5.374016
-0.867949 -0.392514  0.304299     0.032147
>structures/GlnRS_AF_Mito_Cyanidioschyzon_merolae_strain_10D_gene16997184.pdb
-0.375181  0.704057  0.602945    -0.690802
 0.443084 -0.435124  0.783801     5.027405
 0.814196  0.561223 -0.148706    -3.141890
>structures/GlnRS_Bact_D_radio_2HZ7.pdb
-0.889159  0.363433 -0.278052    28.174501
 0.373250  0.224488 -0.900161    47.196548
-0.264729 -0.904169 -0.335256    70.643766
>structures/GlnRS_Bact_E_coli_1QTQ.pdb
 0.815510  0.379843 -0.436650   -31.892448
 0.477566 -0.015480  0.878459   -29.176898
 0.326917 -0.924922 -0.194024     4.530864
>structures/GlnRS_PDB_Euk_T_gondii_4P2B.pdb
-0.529405  0.606217 -0.593491    48.718962
 0.760820  0.648766 -0.015987  -100.542703
 0.375345 -0.460003 -0.804682    35.056314
