>structures/GlnRS_AF_Bact_Anaerostipes_hadrus_gene15230984.pdb
-0.936438  0.334390 -0.106146     1.198631
 0.106032  0.558159  0.822931     3.155508
 0.334427  0.759369 -0.558137    -1.625567
>structures/GlnRS_AF_Bact_Cutibacterium_avidum_44067_gene29843447.pdb
-0.756677  0.624351  0.193972     2.049283
 0.222544 -0.033003  0.974364     2.469840
 0.614747  0.780446 -0.113973    -1.980220
>structures/GlnRS_AF_Bact_Pasteurella_multocida_subsp_multocida_str_Pm70_gene1243875.pdb
-0.654187  0.622224  0.429973     0.996484
 0.585916  0.057434  0.808334     1.668566
 0.478270  0.780730 -0.402143    -3.496183
>structures/GlnRS_AF_Bact_Porphyromonas_gingivalis_ATCC_33277_gene29257033.pdb
-0.967957  0.080989 -0.237696     1.217919
-0.078008  0.802753  0.591187     1.886275
 0.238691  0.590786 -0.770713    -1.410025
>structures/GlnRS_AF_Bact_Thermus_thermophilus_HB8_gene3168786.pdb
 0.810981 -0.584821 -0.017168     1.992922
 0.515232  0.699962  0.494559     2.388843
-0.277212 -0.409924  0.868974     0.784135
>structures/GlnRS_AF_Euk_Candida_dubliniensis_CD36_gene8049124.pdb
-0.949329  0.263285  0.171627     0.407390
 0.258465  0.343349  0.902944    -0.444160
 0.178804  0.901550 -0.394001     0.657518
>structures/GlnRS_AF_Euk_Dictyostelium_discoideum_AX4_gene8627167.pdb
 0.958652  0.011865  0.284335    -1.500975
 0.108026  0.909176 -0.402156    -1.986787
-0.263282  0.416243  0.870301     1.877396
>structures/GlnRS_AF_Euk_Encephalitozoon_romaleae_SJ-2008_gene20564565.pdb
 1.000000  0.000000  0.000000     0.000000
 0.000000  1.000000  0.000000     0.000000
 0.000000  0.000000  1.000000     0.000000
>structures/GlnRS_AF_Euk_Homo_sapiens_gene5859.pdb
-0.699163 -0.638520  0.321658    -6.161561
-0.710939  0.668556 -0.218171    -4.340137
-0.075740 -0.381216 -0.921378    -7.856127
>structures/GlnRS_AF_Euk_Myodes_glareolus_gene125393344.pdb
-0.066711 -0.162763  0.984407    -4.668842
-0.661879 -0.731061 -0.165728     3.439412
 0.746636 -0.662615 -0.058960    -5.823063
>structures/GlnRS_AF_Euk_Saccharomyces_cerevisiae_S288C_gene854339.pdb
-0.621698  0.517956  0.587549     1.758670
 0.412665 -0.420979  0.807765    -1.551084
 0.665732  0.744647  0.047979    -0.217334
>structures/GlnRS_AF_Mito_Cyanidioschyzon_merolae_strain_10D_gene16997184.pdb
 0.869723 -0.492860  0.025891     3.220266
 0.467518  0.839542  0.276759    -1.149966
-0.158140 -0.228600  0.960590     1.358560
>structures/GlnRS_Bact_D_radio_2HZ7.pdb
 0.700293 -0.484282 -0.524462    42.351884
-0.713142 -0.507445 -0.483662    77.760055
-0.031907  0.712721 -0.700722    18.644170
>structures/GlnRS_Bact_E_coli_1QTQ.pdb
-0.095510 -0.658198  0.746762     5.689310
 0.768384 -0.525667 -0.365049   -15.013048
 0.632823  0.538934  0.555955   -43.403842
>structures/GlnRS_PDB_Euk_T_gondii_4P2B.pdb
 0.981173 -0.189528  0.037135   -78.701562
 0.043199  0.027966 -0.998675    51.769939
 0.188238  0.981477  0.035627   -72.930008
