>structures/GlnRS_AF_Bact_Anaerostipes_hadrus_gene15230984.pdb
 0.243124  0.165708 -0.955736     2.894506
-0.137460 -0.969470 -0.203057    -3.446983
-0.960206  0.180744 -0.212923     5.608514
>structures/GlnRS_AF_Bact_Cutibacterium_avidum_44067_gene29843447.pdb
 0.356693  0.554394 -0.751943     2.967165
-0.436248 -0.612899 -0.658819    -2.773090
-0.826110  0.563029  0.023236     6.548855
>structures/GlnRS_AF_Bact_Pasteurella_multocida_subsp_multocida_str_Pm70_gene1243875.pdb
 0.019063  0.494292 -0.869087     2.685651
-0.635394 -0.665149 -0.392240    -1.200176
-0.771953  0.559690  0.301391     5.938545
>structures/GlnRS_AF_Bact_Porphyromonas_gingivalis_ATCC_33277_gene29257033.pdb
 0.303280 -0.104284 -0.947178     3.971220
 0.063092 -0.989615  0.129158    -2.710338
-0.950811 -0.098930 -0.293551     5.916312
>structures/GlnRS_AF_Bact_Thermus_thermophilus_HB8_gene3168786.pdb
-0.609629 -0.726548  0.316986     5.203691
-0.317656 -0.142461 -0.937443    -4.938915
 0.726256 -0.672185 -0.143944     6.355275
>structures/GlnRS_AF_Euk_Candida_dubliniensis_CD36_gene8049124.pdb
 0.029067  0.427246 -0.903668     7.120418
-0.157731 -0.890763 -0.426219    -2.454186
-0.987054  0.154926  0.041498     5.207111
>structures/GlnRS_AF_Euk_Dictyostelium_discoideum_AX4_gene8627167.pdb
-0.336024 -0.289892  0.896131     9.128431
-0.065551 -0.941949 -0.329294    -1.531082
 0.939569 -0.169393  0.297515     3.651269
>structures/GlnRS_AF_Euk_Encephalitozoon_romaleae_SJ-2008_gene20564565.pdb
-0.073277 -0.665562  0.742736     6.383392
-0.164374 -0.726494 -0.667224    -2.236637
 0.983672 -0.170979 -0.056166     4.882718
>structures/GlnRS_AF_Euk_Homo_sapiens_gene5859.pdb
 0.466014 -0.680968 -0.564902     3.832213
 0.678992 -0.134107  0.721793     7.092053
-0.567276 -0.719929  0.399876    -0.045989
>structures/GlnRS_AF_Euk_Myodes_glareolus_gene125393344.pdb
 0.999988  0.001134 -0.004812     0.084943
-0.001105  0.999982  0.005928    -0.151512
 0.004819 -0.005923  0.999971     0.003398
>structures/GlnRS_AF_Mito_Cyanidioschyzon_merolae_strain_10D_gene16997184.pdb
-0.492655 -0.688916  0.531682     7.814180
-0.377646 -0.381191 -0.843847    -2.785811
 0.784012 -0.616513 -0.072371     8.179190
>structures/GlnRS_Bact_D_radio_2HZ7.pdb
 0.396855  0.903922 -0.159473   -34.788688
 0.421795 -0.025284  0.906339   -78.194634
 0.815227 -0.426950 -0.391304    31.906850
>structures/GlnRS_Bact_E_coli_1QTQ.pdb
-0.035714  0.803800  0.593827   -16.117006
-0.964477  0.127904 -0.231136    36.689793
-0.261740 -0.580988  0.770679    15.490115
>structures/GlnRS_PDB_Euk_T_gondii_4P2B.pdb
 0.041180  0.731515  0.680580   -76.674772
-0.313944 -0.637186  0.703870    20.596634
 0.948548 -0.242650  0.203416   -77.466840
