>../../../../class2/asp2//data/domains/Catalytic_domain/structures/AspRS-E_AF_Euk_Caenorhabditis_elegans_gene176334.pdb
 0.033174  0.681174  0.731370     0.019266
 0.445923 -0.664986  0.599120     0.781880
 0.894456  0.306260 -0.325811    -3.954300
>../../../../class2/asp2//data/domains/Catalytic_domain/structures/AspRS-E_AF_Euk_Cryptococcus_neoformans_var_neoformans_JEC21_gene3258977.pdb
-0.429962 -0.612967  0.662876    -9.678589
-0.619695 -0.333584 -0.710422     7.950113
 0.656590 -0.716236 -0.236424    -6.995894
>../../../../class2/asp2//data/domains/Catalytic_domain/structures/AspRS-E_AF_Euk_Thalassiosira_pseudonana_CCMP1335_gene7443135.pdb
 0.078302  0.572121  0.816423    -0.193940
 0.372085 -0.776531  0.508480     0.237418
 0.924890  0.263964 -0.273682    -1.713734
>../../../../class2/asp2//data/domains/Catalytic_domain/structures/AspRS-E_AF_Euk_Theileria_orientalis_strain_Shintoku_gene20715543.pdb
-0.005875  0.774651  0.632361     0.312530
 0.530065 -0.533809  0.658847     0.548123
 0.847936  0.339063 -0.407480    -4.865629
>../../../../class2/asp2//data/domains/Catalytic_domain/structures/AspRS-E_PDB_Euk_S_cerevisiae_1EOV.pdb
 0.958518 -0.025011  0.283934   -12.455362
-0.088486  0.920816  0.379826   -32.663720
-0.270951 -0.389194  0.880406   -44.818365
>../../../../class2/asp2//data/domains/Catalytic_domain/structures/AsxRS_AF_Arch_Candidatus_Korarchaeum_cryptofilum_OPF8_gene6094477.pdb
 0.105619  0.053456  0.992969    -0.572136
 0.116175 -0.992379  0.041068    -0.364838
 0.987597  0.111020 -0.111024     1.053106
>../../../../class2/asp2//data/domains/Catalytic_domain/structures/AsxRS_AF_Arch_Candidatus_Methanomassiliicoccus_intestinalis_Issoire-Mx1_gene16154831.pdb
 0.138146 -0.084398  0.986809    -0.214314
-0.045636 -0.995847 -0.078782    -0.270461
 0.989360 -0.034150 -0.141424    -0.455447
>../../../../class2/asp2//data/domains/Catalytic_domain/structures/AsxRS_AF_Arch_Candidatus_Nitrosopumilus_koreensis_AR1_gene13725312.pdb
 0.085793 -0.523870  0.847467     3.352626
-0.563883 -0.726790 -0.392188    -1.987141
 0.821386 -0.444225 -0.357755     3.882903
>../../../../class2/asp2//data/domains/Catalytic_domain/structures/AsxRS_AF_Arch_Methanobacterium_lacus_gene10277817.pdb
-0.264779 -0.824016  0.500889     2.853541
-0.849586 -0.046380 -0.525407    -4.827254
 0.456175 -0.564665 -0.687792     1.672961
>../../../../class2/asp2//data/domains/Catalytic_domain/structures/AsxRS_AF_Bact_Clostridium_acetobutylicum_DSM_1731_gene45000055.pdb
-0.000132  0.642092  0.766627    -1.198857
 0.432312 -0.691250  0.579034     0.362838
 0.901724  0.331498 -0.277493    -1.288424
>../../../../class2/asp2//data/domains/Catalytic_domain/structures/AsxRS_AF_Bact_Spirochaetes_bacterium_GWE1_32_154_proteinOHD39701.1.pdb
-0.117434 -0.839807  0.530032     0.150154
-0.699113 -0.309148 -0.644723     0.174890
 0.705301 -0.446265 -0.550816     0.418888
>../../../../class2/asp2//data/domains/Catalytic_domain/structures/AsxRS_AF_Bact_Tropheryma_whipplei_TW08_27_gene67388547.pdb
 1.000000  0.000000  0.000000     0.000000
 0.000000  1.000000  0.000000     0.000000
 0.000000  0.000000  1.000000     0.000000
>../../../../class2/asp2//data/domains/Catalytic_domain/structures/AsxRS_PDB_Arch_T_kodarensis_1b8a.pdb
-0.051592 -0.845562 -0.531378    28.731513
 0.988528 -0.118873  0.093179   -35.149528
-0.141955 -0.520475  0.841994   -17.268380
>../../../../class2/asp2//data/domains/Catalytic_domain/structures/AsxRS_PDB_Bact_T_thermophilus_1n9w.pdb
-0.129210 -0.402324 -0.906334    61.041873
 0.967240  0.150280 -0.204603   -20.894606
 0.218521 -0.903079  0.369726   -34.123166
>../../../../class2/pro2//data/domains/Catalytic_domain/structures/ProRS-B_AF_Bact_Acinetobacter_baylyi_ADP1_gene45233245.pdb
-0.561232 -0.827225  0.026787    -1.945538
-0.584933  0.373535 -0.719948     3.390892
 0.585553 -0.419726 -0.693511     9.831463
>../../../../class2/pro2//data/domains/Catalytic_domain/structures/ProRS-B_AF_Bact_Brachyspira_pilosicoli_95_1000_gene56438966.pdb
-0.987216  0.153511 -0.042882    -1.966522
 0.140383  0.964851  0.222160     2.196656
 0.075479  0.213300 -0.974067     8.704967
>../../../../class2/pro2//data/domains/Catalytic_domain/structures/ProRS-B_AF_Bact_Chlamydia_psittaci_6BC_gene12242703.pdb
 0.548668 -0.792252 -0.267021     1.048060
 0.653226  0.206905  0.728345     0.356805
-0.521785 -0.574044  0.631042    12.169960
>../../../../class2/pro2//data/domains/Catalytic_domain/structures/ProRS-B_AF_Bact_Clostridium_acetobutylicum_DSM_1731_gene44999665.pdb
-0.683057 -0.730233  0.013892    -1.865932
-0.602868  0.552980 -0.575121     2.135552
 0.412290 -0.401215 -0.817951     9.521919
>../../../../class2/pro2//data/domains/Catalytic_domain/structures/ProRS-B_AF_Bact_Corynebacterium_ulcerans_809_gene75260584.pdb
 0.281097 -0.274450 -0.919599    -0.774313
 0.681514 -0.617561  0.392628     1.949329
-0.675665 -0.737086  0.013447    10.889767
>../../../../class2/pro2//data/domains/Catalytic_domain/structures/ProRS-B_AF_Bact_Prochlorococcus_marinus_subsp_marinus_str_CCMP1375_gene54199876.pdb
-0.638154 -0.758909  0.129679    -1.967382
-0.619316  0.405933 -0.672061     3.500308
 0.457392 -0.509191 -0.729052    10.841797
>../../../../class2/pro2//data/domains/Catalytic_domain/structures/ProRS-B_AF_Bact_Streptobacillus_moniliformis_DSM_12112_gene29673723.pdb
-0.206064 -0.813663  0.543590    -1.797810
-0.496543 -0.391734 -0.774590     2.153477
 0.843198 -0.429531 -0.323297     8.357358
>../../../../class2/pro2//data/domains/Catalytic_domain/structures/ProRS-B_PDB_Bact_S_aureus_5znj.pdb
-0.282191 -0.735860 -0.615531    12.205106
-0.468391  0.665617 -0.581003    15.747905
 0.837244  0.124356 -0.532501    18.366346
>../../../../class2/pro2//data/domains/Catalytic_domain/structures/ProRS_PDB_Bact_E_faecalis_2J3M.pdb
-0.113201 -0.983228  0.142995   -11.069755
-0.367562 -0.092269 -0.925411    23.214739
 0.923084 -0.157317 -0.350952   -14.677970
