>../../../class1//glu3/data/domains/WHEP/structures/EPRS-E_AF_Euk_Homo_sapiens_gene2058.pdb
 1.000000  0.000000  0.000000     0.000000
 0.000000  1.000000  0.000000     0.000000
 0.000000  0.000000  1.000000     0.000000
>../../../class1//met/data/domains/WHEP/structures/MetRS_AF_Euk_Drosophila_melanogaster_gene37177.pdb
 0.046959  0.086783 -0.995120     2.550090
 0.815929  0.571365  0.088331    57.087882
 0.576242 -0.816095 -0.043978   -16.989386
>../../../class1//met/data/domains/WHEP/structures/MetRS_AF_Euk_Homo_sapiens_gene4141.pdb
 0.657377 -0.745646 -0.108941     1.576951
-0.655468 -0.494473 -0.570840    50.026984
 0.371776  0.446664 -0.813802   -31.450848
>../../../class2//gly3/data/domains/WHEP/structures/GlyRS-E_AF_Euk_Girardinichthys_multiradiatus_gene124858359.pdb
 0.211402 -0.292656 -0.932556     6.314412
-0.681626  0.639669 -0.355260    37.341999
 0.700497  0.710757 -0.064255   -38.591374
>../../../class2//gly3/data/domains/WHEP/structures/GlyRS-E_AF_Euk_Plasmodium_yoelii_gene3801472.pdb
-0.268687  0.741805  0.614437    21.772335
 0.410583 -0.488838  0.769714     2.822603
 0.871337  0.459089 -0.173228   -61.256839
