>../../../class1//glu3/data/domains/WHEP/structures/EPRS-E_AF_Euk_Homo_sapiens_gene2058.pdb
 0.657377 -0.655468  0.371776    43.447099
-0.745646 -0.494473  0.446664    39.960812
-0.108941 -0.570840 -0.813802     3.134462
>../../../class1//met/data/domains/WHEP/structures/MetRS_AF_Euk_Drosophila_melanogaster_gene37177.pdb
-0.288567 -0.624353 -0.725888     1.587472
-0.187713 -0.706534  0.682329     1.940478
-0.938879  0.333156  0.086683   -16.086328
>../../../class1//met/data/domains/WHEP/structures/MetRS_AF_Euk_Homo_sapiens_gene4141.pdb
 1.000000  0.000000  0.000000     0.000000
 0.000000  1.000000  0.000000     0.000000
 0.000000  0.000000  1.000000     0.000000
>../../../class2//gly3/data/domains/WHEP/structures/GlyRS-E_AF_Euk_Girardinichthys_multiradiatus_gene124858359.pdb
 0.845213 -0.352578 -0.401627     8.773640
 0.493759  0.227623  0.839279    -0.388592
-0.204492 -0.907676  0.366478    12.806104
>../../../class2//gly3/data/domains/WHEP/structures/GlyRS-E_AF_Euk_Plasmodium_yoelii_gene3801472.pdb
-0.094907  0.983619 -0.153251    32.331865
 0.365689 -0.108734 -0.924364    -4.526619
-0.925885 -0.143771 -0.349380    48.845282
>../../../class2/his/data/domains/WHEP/structures/HisRS_AF_Euk_Cryptococcus_gattii_WM276_gene10186972.pdb
 0.322800 -0.154815  0.933720    25.357026
 0.893566 -0.275352 -0.354572    -1.307952
 0.311994  0.948796  0.049454    -8.792118
>../../../class1/trp/data/domains/WHEP/structures/TrpRS_PDB_Euk_Homo_sapiens_1R6T.pdb
 0.645665  0.253935  0.720162   -18.827245
-0.013007  0.946609 -0.322121   -33.806684
-0.763510  0.198615  0.614495     8.866252
