>../../../../class2/phe5//data/domains/Catalytic_domain/structures/PheRS-M_AF_Mito_Arabidopsis_thaliana_gene824983.pdb
-0.689290 -0.663572  0.290779    -0.461534
 0.438320 -0.701533 -0.561896     9.965564
 0.576849 -0.259855  0.774416     8.967969
>../../../../class2/phe5//data/domains/Catalytic_domain/structures/PheRS-M_AF_Mito_Babesia_bovis_T2Bo_gene5478469.pdb
-0.780445 -0.499953  0.375436     0.634555
-0.498317  0.860062  0.109424     3.131842
-0.377605 -0.101687 -0.920367     7.372673
>../../../../class2/phe5//data/domains/Catalytic_domain/structures/PheRS-M_AF_Mito_Candida_albicans_SC5314_gene3638806.pdb
 0.302451 -0.748294 -0.590406     4.196134
 0.683719  0.601900 -0.412608     5.715878
 0.664117 -0.278878  0.693668     8.290720
>../../../../class2/phe5//data/domains/Catalytic_domain/structures/PheRS-M_AF_Mito_Crassostrea_gigas_gene105329377.pdb
 0.507424 -0.558403 -0.656283     4.798286
-0.642725 -0.752560  0.143381     5.208674
-0.573957  0.349055 -0.740766    -1.882862
>../../../../class2/phe5//data/domains/Catalytic_domain/structures/PheRS-M_AF_Mito_Drosophila_melanogaster_gene36547.pdb
 0.923510  0.279522 -0.262672     0.912000
-0.158393  0.901592  0.402546     3.566721
 0.349343 -0.330150  0.876904    10.540324
>../../../../class2/phe5//data/domains/Catalytic_domain/structures/PheRS-M_AF_Mito_Syngnathus_acus_gene119139175.pdb
 0.943493  0.327514  0.050563     3.326676
 0.059871 -0.318526  0.946022     5.908426
 0.325941 -0.889537 -0.320135     3.505720
>../../../../class2/phe5//data/domains/Catalytic_domain/structures/PheRS-M_PDB_Mito.H_sapiens_3CMQ.pdb
 0.546037 -0.802836  0.239371    17.838922
 0.676857  0.591141  0.438654   -15.666892
-0.493669 -0.077501  0.866190    -6.031069
>../../../../class2/pro2//data/domains/Catalytic_domain/structures/ProRS-B_AF_Bact_Acinetobacter_baylyi_ADP1_gene45233245.pdb
 0.983218  0.159549  0.088470    -0.141593
-0.140275  0.971209 -0.192551     0.979694
-0.116645  0.176909  0.977291    -0.818306
>../../../../class2/pro2//data/domains/Catalytic_domain/structures/ProRS-B_AF_Bact_Brachyspira_pilosicoli_95_1000_gene56438966.pdb
 0.606751 -0.621148 -0.496012    -0.451791
 0.773471  0.317466  0.548597     0.204129
-0.183293 -0.716513  0.673062     0.827940
>../../../../class2/pro2//data/domains/Catalytic_domain/structures/ProRS-B_AF_Bact_Chlamydia_psittaci_6BC_gene12242703.pdb
-0.983615  0.178852  0.022648     0.355021
 0.169096  0.871727  0.459890    -3.372482
 0.062510  0.456184 -0.887687    -1.091500
>../../../../class2/pro2//data/domains/Catalytic_domain/structures/ProRS-B_AF_Bact_Clostridium_acetobutylicum_DSM_1731_gene44999665.pdb
 1.000000  0.000000  0.000000     0.000000
 0.000000  1.000000  0.000000     0.000000
 0.000000  0.000000  1.000000     0.000000
>../../../../class2/pro2//data/domains/Catalytic_domain/structures/ProRS-B_AF_Bact_Corynebacterium_ulcerans_809_gene75260584.pdb
-0.867120  0.247670  0.432161     0.422935
 0.467225  0.103721  0.878033    -0.948722
 0.172638  0.963276 -0.205656    -0.771082
>../../../../class2/pro2//data/domains/Catalytic_domain/structures/ProRS-B_AF_Bact_Prochlorococcus_marinus_subsp_marinus_str_CCMP1375_gene54199876.pdb
 0.996151  0.074087  0.046836    -0.421360
-0.063811  0.979330 -0.191940     0.358649
-0.060088  0.188213  0.980288    -1.363188
>../../../../class2/pro2//data/domains/Catalytic_domain/structures/ProRS-B_AF_Bact_Streptobacillus_moniliformis_DSM_12112_gene29673723.pdb
 0.778258  0.626810 -0.037717    -0.451008
-0.467848  0.538728 -0.700635     0.564258
-0.418846  0.562921  0.712522     1.096343
>../../../../class2/pro2//data/domains/Catalytic_domain/structures/ProRS-B_PDB_Bact_S_aureus_5znj.pdb
 0.846337  0.229893  0.480482   -11.958815
-0.410927  0.855750  0.314375    -5.178691
-0.338900 -0.463511  0.818721   -16.537602
>../../../../class2/pro2//data/domains/Catalytic_domain/structures/ProRS_PDB_Bact_E_faecalis_2J3M.pdb
 0.659310  0.675447  0.330276   -15.866970
-0.485531  0.717882 -0.498905    28.270996
-0.574082  0.168574  0.801257     8.772327
