>../../../../class2/phe2//data/domains/Catalytic_domain/structures/PheRS-Bβ_AF_Bact_Brachyspira_pilosicoli_95_1000_gene56440382.pdb
 0.962182 -0.261895  0.074947     4.998746
 0.251462  0.959718  0.125330    -0.503377
-0.104752 -0.101744  0.989280    -0.323002
>../../../../class2/phe2//data/domains/Catalytic_domain/structures/PheRS-Bβ_AF_Bact_Chlamydia_psittaci_6BC_gene12242429.pdb
-0.069284  0.766178 -0.638883     5.051868
-0.639740 -0.525523 -0.560855     4.721522
-0.765462  0.369861  0.526565     0.184970
>../../../../class2/phe2//data/domains/Catalytic_domain/structures/PheRS-Bβ_AF_Bact_Ferrimonas_balearica_DSM_9799_gene67181907.pdb
-0.035831 -0.576421 -0.816367     6.073448
 0.548802 -0.694043  0.465963     2.308439
-0.835184 -0.431328  0.341209     2.778410
>../../../../class2/phe2//data/domains/Catalytic_domain/structures/PheRS-Bβ_AF_Bact_Lacticaseibacillus_paracasei_gene61269867.pdb
 1.000000  0.000000  0.000000     0.000000
 0.000000  1.000000  0.000000     0.000000
 0.000000  0.000000  1.000000     0.000000
>../../../../class2/phe2//data/domains/Catalytic_domain/structures/PheRS-Bβ_AF_Bact_Mycobacterium_intracellulare_ATCC_13950_gene11909688.pdb
-0.303173  0.040346 -0.952081     4.491055
-0.068584 -0.997436 -0.020429     2.502380
-0.950464  0.059104  0.305163     1.958725
>../../../../class2/phe2//data/domains/Catalytic_domain/structures/PheRS-Bβ_AF_Bact_Mycoplasma_hyopneumoniae_168-L_gene57101148.pdb
 0.783493  0.621224 -0.014789     3.410910
-0.592806  0.740092 -0.317560    -3.562769
-0.186331  0.257573  0.948123     8.162413
>../../../../class2/phe2//data/domains/Catalytic_domain/structures/PheRS-Bβ_AF_Bact_Porphyromonas_gingivalis_ATCC_33277_gene29257179.pdb
-0.528820 -0.845470 -0.074359     8.573718
-0.762556  0.511764 -0.395735    -0.884882
 0.372636 -0.152570 -0.915350     0.330918
>../../../../class2/phe2//data/domains/Catalytic_domain/structures/PheRS-Bβ_AF_Bact_Prochlorococcus_marinus_subsp_marinus_str_CCMP1375_gene54200309.pdb
 0.114016  0.699271 -0.705706     4.712756
-0.653455 -0.482271 -0.583448     4.444214
-0.748330  0.527669  0.401955     1.508144
>../../../../class2/phe2//data/domains/Catalytic_domain/structures/PheRS-Bβ_AF_Euk_Didymosphenia_geminata_gene19740299.pdb
 0.673881  0.735765  0.067342     7.936085
-0.578890  0.582432 -0.570666     1.797873
-0.459098  0.345577  0.818416    -1.102468
>../../../../class2/phe2//data/domains/Catalytic_domain/structures/PheRS-Bβ_AF_Euk_Gracilariopsis_tenuifrons_gene68635617.pdb
-0.654664  0.737427 -0.166185    15.324168
 0.206064  0.385614  0.899355    -6.005993
 0.727292  0.554530 -0.404404     2.659587
>../../../../class2/phe2//data/domains/Catalytic_domain/structures/PheRS-Bβ_PDB_Bact.B_E_coli_3PCO.pdb
-0.307828 -0.309140  0.899819   -43.610116
-0.938905  0.251727 -0.234716    -3.752153
-0.153948 -0.917097 -0.367741     6.216677
>../../../../class2/phe2//data/domains/Catalytic_domain/structures/PheRS-Bβ_PDB_Bact.B_T_thermophilus_1PYS.pdb
 0.828719 -0.141994 -0.541352    18.819018
-0.545759  0.009248 -0.837891    24.662028
 0.123982  0.989824 -0.069831   -63.829348
>../../../../class2/pro1//data/domains/Catalytic_domain/structures/ProRS-A_AF_Arch_Candidatus_Nitrosopumilus_sediminis_gene13697692.pdb
 0.977029  0.126632 -0.171401    28.730228
 0.136500 -0.989523  0.047021    -5.031879
-0.163651 -0.069338 -0.984079   -28.279404
>../../../../class2/pro1//data/domains/Catalytic_domain/structures/ProRS-A_AF_Arch_Halogeometricum_borinquense_DSM_11551_gene9994169.pdb
-0.305401 -0.601997  0.737787    29.044597
 0.693660  0.390159  0.605485    -4.618644
-0.652355  0.696689  0.298426   -27.760399
>../../../../class2/pro1//data/domains/Catalytic_domain/structures/ProRS-A_AF_Arch_Picrophilus_torridus_DSM_9790_gene2845069.pdb
-0.244478 -0.452458  0.857620    26.885990
 0.371953  0.773040  0.513867    -2.943942
-0.895478  0.444624 -0.020698   -27.782111
>../../../../class2/pro1//data/domains/Catalytic_domain/structures/ProRS-A_AF_Arch_Sulfurisphaera_tokodaii_str_7_gene1459472.pdb
 0.776216  0.563075 -0.283612    28.152580
 0.593432 -0.500612  0.630259    -3.826702
 0.212903 -0.657521 -0.722730   -28.526060
>../../../../class2/pro1//data/domains/Catalytic_domain/structures/ProRS-A_AF_Bact_Bacillus_anthracis_str_Ames_Ancestor_gene45020455.pdb
-0.967260 -0.016883  0.253225    28.210321
-0.179619 -0.659353 -0.730062    -4.283497
 0.179291 -0.751644  0.634733   -27.882503
>../../../../class2/pro1//data/domains/Catalytic_domain/structures/ProRS-A_AF_Bact_Mycoplasma_hyopneumoniae_168-L_gene57101275.pdb
-0.564515 -0.706192  0.427335    28.654274
 0.803867 -0.352816  0.478873    -5.369593
-0.187406  0.613851  0.766854   -29.821550
>../../../../class2/pro1//data/domains/Catalytic_domain/structures/ProRS-A_AF_Bact_Porphyromonas_gingivalis_ATCC_33277_gene29256199.pdb
-0.264375 -0.635496  0.725432    27.647892
 0.637858  0.448958  0.625758    -5.041465
-0.723355  0.628157  0.286663   -28.457218
>../../../../class2/pro1//data/domains/Catalytic_domain/structures/ProRS-A_AF_Bact_Thermus_thermophilus_HB8_gene3169620.pdb
-0.406570 -0.731836  0.546916    28.330624
 0.802195  0.000539  0.597062    -4.628864
-0.437246  0.681481  0.586856   -29.366726
>../../../../class2/pro1//data/domains/Catalytic_domain/structures/ProRS-A_AF_Euk_Cryptococcus_gattii_WM276_gene10188341.pdb
-0.323592 -0.597638  0.733564    31.110973
 0.878172  0.098951  0.467998    -4.111207
-0.352280  0.795637  0.492809   -30.555559
>../../../../class2/pro1//data/domains/Catalytic_domain/structures/ProRS-A_AF_Euk_Ostreococcus_tauri_gene9837972.pdb
-0.613002 -0.609663  0.502533    29.996752
 0.781648 -0.375287  0.498183     1.798611
-0.115130  0.698191  0.706593   -29.691433
>../../../../class2/pro1//data/domains/Catalytic_domain/structures/ProRS-A_AF_Euk_Plasmodium_yoelii_gene3807174.pdb
-0.919803  0.309830  0.240765    28.943154
-0.392078 -0.749832 -0.532942    -5.961542
 0.015412 -0.584600  0.811175   -25.325697
>../../../../class2/pro1//data/domains/Catalytic_domain/structures/ProRS-A_AF_Euk_Scheffersomyces_stipitis_CBS_6054_gene4840393.pdb
-0.223125 -0.366210  0.903385    29.942456
 0.635352  0.648216  0.419695    -5.061377
-0.739286  0.667612  0.088039   -33.254663
>../../../../class2/pro1//data/domains/Catalytic_domain/structures/ProRS-A_AF_Mito_Oryza_sativa_Japonica_Group_gene4342480.pdb
-0.459773 -0.604644  0.650395    30.497293
 0.832078 -0.037448  0.553393     0.851182
-0.310250  0.795615  0.520329   -31.103517
>../../../../class2/pro1//data/domains/Catalytic_domain/structures/ProRS-A_PDB_Arch_M_janacshii_1nj8.pdb
-0.970970  0.018567 -0.238480   130.853929
 0.123215  0.893360 -0.432117   -39.294669
 0.205026 -0.448957 -0.869714     8.828705
