>structures/ProRS-A_AF_Arch_Candidatus_Nitrosopumilus_sediminis_gene13697692.pdb
 0.010163 -0.366893  0.930208     0.028059
-0.374958 -0.863777 -0.336595    -1.937368
 0.926986 -0.345368 -0.146348     0.923951
>structures/ProRS-A_AF_Arch_Halogeometricum_borinquense_DSM_11551_gene9994169.pdb
 0.917584 -0.340394 -0.205356    -0.586115
 0.390685  0.867657  0.307468    -1.514041
 0.073518 -0.362357  0.929135     1.196705
>structures/ProRS-A_AF_Arch_Picrophilus_torridus_DSM_9790_gene2845069.pdb
 1.000000  0.000000  0.000000     0.000000
 0.000000  1.000000  0.000000     0.000000
 0.000000  0.000000  1.000000     0.000000
>structures/ProRS-A_AF_Arch_Sulfurisphaera_tokodaii_str_7_gene1459472.pdb
-0.136217  0.243888  0.960189     0.155187
 0.204692 -0.941381  0.268149    -1.358566
 0.969302  0.233069  0.078310     0.452281
>structures/ProRS-A_AF_Bact_Bacillus_anthracis_str_Ames_Ancestor_gene45020455.pdb
-0.034584  0.391509 -0.919524    -0.257630
 0.339090 -0.860899 -0.379302    -0.763764
-0.940118 -0.324919 -0.102984     0.912049
>structures/ProRS-A_AF_Bact_Mycoplasma_hyopneumoniae_168-L_gene57101275.pdb
 0.609110 -0.532203 -0.588001     1.047444
 0.783937  0.291737  0.548026    -2.878932
-0.120120 -0.794764  0.594914     0.615377
>structures/ProRS-A_AF_Bact_Porphyromonas_gingivalis_ATCC_33277_gene29256199.pdb
 0.954869 -0.245330 -0.167449     0.152294
 0.287703  0.904061  0.316071    -1.533155
 0.073842 -0.349982  0.933842    -0.429328
>structures/ProRS-A_AF_Bact_Thermus_thermophilus_HB8_gene3169620.pdb
 0.785816 -0.461966 -0.411195     1.153186
 0.618220  0.605318  0.501393    -1.968033
 0.017277 -0.648211  0.761265     0.601877
>structures/ProRS-A_AF_Euk_Cryptococcus_gattii_WM276_gene10188341.pdb
 0.748956 -0.524318 -0.405160     1.637427
 0.650047  0.699934  0.295856    -2.814675
 0.128463 -0.484956  0.865052     3.035154
>structures/ProRS-A_AF_Euk_Ostreococcus_tauri_gene9837972.pdb
 0.554314 -0.642678 -0.528868     3.522696
 0.813035  0.282161  0.509273     2.407916
-0.178073 -0.712286  0.678925     4.925589
>structures/ProRS-A_AF_Euk_Plasmodium_yoelii_gene3807174.pdb
 0.036893  0.125677 -0.991385    -3.234593
 0.071583 -0.989844 -0.122818    -0.806844
-0.996752 -0.066435 -0.045515     0.259013
>structures/ProRS-A_AF_Euk_Scheffersomyces_stipitis_CBS_6054_gene4840393.pdb
 0.967102 -0.234144 -0.099450     3.972819
 0.235278  0.971928 -0.000340    -4.418447
 0.096738 -0.023069  0.995043     1.844231
>structures/ProRS-A_AF_Mito_Oryza_sativa_Japonica_Group_gene4342480.pdb
 0.715744 -0.590966 -0.372117     4.246826
 0.698139  0.591969  0.402710     0.691831
-0.017706 -0.548026  0.836274     5.017331
>structures/ProRS-A_PDB_Arch_M_janacshii_1nj8.pdb
 0.097085  0.739710  0.665886   -71.500725
 0.646878  0.461563 -0.607049   -60.345776
-0.756389  0.489682 -0.433691    68.559598
