>../../../../class2/gly1//data/domains/Catalytic_domain/structures/GlyRS-A_AF_Arch_Candidatus_Nitrosopumilus_sediminis_gene13697160.pdb
 0.288052 -0.726247 -0.624173    -0.262345
 0.957514  0.208996  0.198714    -4.075587
-0.013866 -0.654894  0.755593     1.425556
>../../../../class2/gly1//data/domains/Catalytic_domain/structures/GlyRS-A_AF_Arch_Candidatus_Woesearchaeota_archaeon_proteinMBT4248212.1.pdb
 0.733308  0.668816  0.122250    -2.187618
-0.168911  0.353381 -0.920104    -4.690036
-0.658581  0.654070  0.372107     0.921931
>../../../../class2/gly1//data/domains/Catalytic_domain/structures/GlyRS-A_AF_Arch_Sulfolobus_islandicus_YN1551_gene7810979.pdb
-0.054161  0.728147  0.683278     0.157704
-0.196904 -0.678634  0.707590    -2.686768
 0.978926 -0.096216  0.180130     3.230005
>../../../../class2/gly1//data/domains/Catalytic_domain/structures/GlyRS-A_AF_Arch_Thermoplasma_acidophilum_DSM_1728_gene1455843.pdb
 0.045875 -0.670657 -0.740348    -0.190323
 0.991454 -0.060040  0.115823    -4.175474
-0.122128 -0.739334  0.662171     1.716714
>../../../../class2/gly1//data/domains/Catalytic_domain/structures/GlyRS-A_AF_Bact_Capnocytophaga_ochracea_DSM_7271_gene29675716.pdb
-0.245973  0.739589  0.626502    -0.708899
 0.231348 -0.582883  0.778926    -5.437513
 0.941263  0.336535 -0.027729     2.013933
>../../../../class2/gly1//data/domains/Catalytic_domain/structures/GlyRS-A_AF_Bact_Corynebacterium_ulcerans_809_gene75260805.pdb
-0.347159  0.555090 -0.755881    -3.027941
 0.039773 -0.796570 -0.603237    -2.231006
-0.936963 -0.239483  0.254459     4.625974
>../../../../class2/gly1//data/domains/Catalytic_domain/structures/GlyRS-A_AF_Bact_Treponema_denticola_ATCC_35405_gene2741635.pdb
 0.429787 -0.526529  0.733519    -3.882603
-0.727704 -0.682915 -0.063824    -4.247040
 0.534537 -0.506354 -0.676665     3.157325
>../../../../class2/gly1//data/domains/Catalytic_domain/structures/GlyRS-A_PDB_Bact_T_thermophilus_1ati.pdb
-0.553179 -0.367396 -0.747672    50.835672
-0.766069 -0.128283  0.629827    -0.334362
-0.327310  0.921175 -0.210487   -15.441359
>../../../../class2/his//data/domains/Catalytic_domain/structures/HisRS_AF_Arch_Candidatus_Methanomassiliicoccus_intestinalis_Issoire-Mx1_gene16154026.pdb
-0.995712  0.091633 -0.012714    -3.704174
 0.067152  0.810444  0.581954    -0.384377
 0.063630  0.578605 -0.813122     0.032946
>../../../../class2/his//data/domains/Catalytic_domain/structures/HisRS_AF_Arch_Candidatus_Nitrosopumilus_koreensis_AR1_gene13725657.pdb
 0.957116  0.275473 -0.089682    -0.140051
-0.267344  0.720602 -0.639734    -1.120052
-0.111604  0.636276  0.763346    -1.471601
>../../../../class2/his//data/domains/Catalytic_domain/structures/HisRS_AF_Arch_Desulfurococcus_amylolyticus_1221n_gene7171287.pdb
 0.382001 -0.522437 -0.762322     1.646119
 0.889854 -0.014737  0.456007     0.752212
-0.249469 -0.852551  0.459263    -0.196518
>../../../../class2/his//data/domains/Catalytic_domain/structures/HisRS_AF_Arch_Methanoregula_formicica_SMSP_gene14310605.pdb
-0.883759  0.436154  0.169528    -3.351810
 0.380269  0.458265  0.803361     2.455701
 0.272701  0.774443 -0.570852    -0.456136
>../../../../class2/his//data/domains/Catalytic_domain/structures/HisRS_AF_Bact_Chlamydia_muridarum_str_Nigg_gene1246198.pdb
 0.684294  0.728886  0.021618    -0.131269
-0.211142  0.226426 -0.950868    -1.276562
-0.697969  0.646109  0.308840     1.257370
>../../../../class2/his//data/domains/Catalytic_domain/structures/HisRS_AF_Bact_Lacticaseibacillus_paracasei_gene61269730.pdb
 0.941809 -0.307656 -0.135441     3.658391
 0.308626  0.951076 -0.014309     0.374552
 0.133217 -0.028324  0.990682     3.401299
>../../../../class2/his//data/domains/Catalytic_domain/structures/HisRS_AF_Bact_Paracoccus_denitrificans_PD1222_gene75501415.pdb
 0.241915 -0.231836 -0.942194    -0.250685
 0.926030 -0.234791  0.295537    -0.865695
-0.289735 -0.943994  0.157888    -1.292466
>../../../../class2/his//data/domains/Catalytic_domain/structures/HisRS_AF_Bact_Prochlorococcus_marinus_subsp_marinus_str_CCMP1375_gene54200127.pdb
 0.145425 -0.444243 -0.884025    -1.161235
 0.834189 -0.425369  0.350985     6.489888
-0.531959 -0.788486  0.308723     0.341782
>../../../../class2/his//data/domains/Catalytic_domain/structures/HisRS_AF_Bact_Streptobacillus_moniliformis_DSM_12112_gene29674169.pdb
 0.949275 -0.301978 -0.087667     5.030014
 0.292101  0.950074 -0.109708    -0.503261
 0.116420  0.078536  0.990090     1.877332
>../../../../class2/his//data/domains/Catalytic_domain/structures/HisRS_AF_Bact_Streptomyces_albidoflavus_gene15149169.pdb
 0.996310 -0.025794  0.081856    -0.883322
 0.028502  0.999079 -0.032084     0.347172
-0.080953  0.034299  0.996128     0.598323
>../../../../class2/his//data/domains/Catalytic_domain/structures/HisRS_AF_Bact_Thermus_thermophilus_HB8_gene3168691.pdb
 0.845108 -0.461311 -0.270158     2.625944
 0.485322  0.873953  0.025856     0.051927
 0.224178 -0.152964  0.962469     3.746597
>../../../../class2/his//data/domains/Catalytic_domain/structures/HisRS_AF_Bact_Treponema_denticola_ATCC_35405_gene2741405.pdb
 0.243935  0.645822 -0.723470    -1.709381
-0.377277 -0.624044 -0.684274     0.890748
-0.893397  0.439867  0.091427     1.571822
>../../../../class2/his//data/domains/Catalytic_domain/structures/HisRS_AF_Euk_Arabidopsis_thaliana_gene823753.pdb
 1.000000  0.000000  0.000000     0.000000
 0.000000  1.000000  0.000000     0.000000
 0.000000  0.000000  1.000000     0.000000
>../../../../class2/his//data/domains/Catalytic_domain/structures/HisRS_AF_Euk_Cryptococcus_gattii_WM276_gene10186972.pdb
 0.083850 -0.621996  0.778518     0.961548
-0.751948 -0.552148 -0.360149     0.682286
 0.653868 -0.555207 -0.514006    -0.084525
>../../../../class2/his//data/domains/Catalytic_domain/structures/HisRS_AF_Euk_Plasmodium_falciparum_3D7_gene812010.pdb
 0.754212 -0.164568 -0.635675   -11.662101
-0.314623  0.759151 -0.569827    -6.004155
 0.576348  0.629768  0.520783    -7.816428
>../../../../class2/his//data/domains/Catalytic_domain/structures/HisRS_AF_Euk_Platysiphonia_delicata_gene33353157.pdb
 0.946141 -0.304320 -0.110486     6.059742
 0.302108  0.952569 -0.036646     0.572207
 0.116397  0.001293  0.993202     3.258324
>../../../../class2/his//data/domains/Catalytic_domain/structures/HisRS_PDB_Arch_T_acidophilum_1WU7.pdb
 0.320902 -0.926226 -0.197806    54.900204
-0.762898 -0.129021 -0.633514    58.446176
 0.561257  0.354202 -0.748019    30.665763
>../../../../class2/his//data/domains/Catalytic_domain/structures/HisRS_PDB_Bact_B_thailandensis_4e51.pdb
-0.546159 -0.607281  0.576992   -23.353359
-0.193270  0.761564  0.618601   -27.253082
-0.815081  0.226339 -0.533304    28.774274
>../../../../class2/his//data/domains/Catalytic_domain/structures/HisRS_PDB_Bact_E_coli_1HTT.pdb
-0.240370  0.964514  0.109251   -21.649114
-0.743848 -0.110718 -0.659114     7.309481
-0.623629 -0.239697  0.744065   -22.642279
