>../../../../class2/ala//data/domains/Catalytic_domain/structures/AlaRS_AF_Arch_Candidatus_Korarchaeum_cryptofilum_OPF8_gene6094822.pdb
-0.893345 -0.147756  0.424384    -3.858933
 0.400150  0.168183  0.900886     5.212806
-0.204485  0.974619 -0.091121     3.096656
>../../../../class2/ala//data/domains/Catalytic_domain/structures/AlaRS_AF_Arch_Candidatus_Nitrosopumilus_koreensis_AR1_gene13725795.pdb
-0.139562  0.643174  0.752895    -2.511883
-0.860983  0.296746 -0.413099     0.276797
-0.489113 -0.705882  0.512347     6.889895
>../../../../class2/ala//data/domains/Catalytic_domain/structures/AlaRS_AF_Arch_Sulfolobus_islandicus_YG5714_gene7807284.pdb
-0.351067  0.770648  0.531840    -3.355252
 0.620898 -0.233561  0.748288     6.953572
 0.700884  0.592918 -0.396498     6.557774
>../../../../class2/ala//data/domains/Catalytic_domain/structures/AlaRS_AF_Arch_Thermoplasma_acidophilum_DSM_1728_gene1456391.pdb
-0.170988  0.637166  0.751520    -3.517634
-0.846302  0.295593 -0.443168     1.894179
-0.504515 -0.711790  0.488692     5.767225
>../../../../class2/ala//data/domains/Catalytic_domain/structures/AlaRS_AF_Bact_Brucella_melitensis_bv_1_str_16M_gene29593597.pdb
-0.443307  0.813259  0.376945    -3.415465
-0.893452 -0.366996 -0.258953    -6.476762
-0.072258 -0.451578  0.889301     1.959990
>../../../../class2/ala//data/domains/Catalytic_domain/structures/AlaRS_AF_Bact_Chlamydia_psittaci_6BC_gene12242512.pdb
-0.260602 -0.941245 -0.214812    -1.308539
-0.647927  0.335461 -0.683855    -0.814616
 0.715736 -0.039032 -0.697279     2.569162
>../../../../class2/ala//data/domains/Catalytic_domain/structures/AlaRS_AF_Bact_Lactobacillus_acidophilus_La-14_gene56942022.pdb
 0.481204 -0.246492  0.841240     7.084519
-0.121495 -0.969144 -0.214472     1.199555
 0.868149  0.000998 -0.496303     3.258525
>../../../../class2/ala//data/domains/Catalytic_domain/structures/AlaRS_AF_Bact_Nocardia_farcinica_IFM_10152_gene61134339.pdb
 0.262373 -0.877406  0.401646     0.417119
-0.459009 -0.479602 -0.747858    -0.676664
 0.848806  0.011859 -0.528572     1.776143
>../../../../class2/ala//data/domains/Catalytic_domain/structures/AlaRS_AF_Bact_Porphyromonas_gingivalis_ATCC_33277_gene29256567.pdb
-0.128183 -0.989440 -0.067664    -0.559429
-0.650627  0.135390 -0.747231     0.644185
 0.748501 -0.051758 -0.661111     3.651121
>../../../../class2/ala//data/domains/Catalytic_domain/structures/AlaRS_AF_Bact_Prochlorococcus_marinus_subsp_marinus_str_CCMP1375_gene54199407.pdb
 1.000000  0.000000  0.000000     0.000000
 0.000000  1.000000  0.000000     0.000000
 0.000000  0.000000  1.000000     0.000000
>../../../../class2/ala//data/domains/Catalytic_domain/structures/AlaRS_AF_Bact_Streptobacillus_moniliformis_DSM_12112_gene29672963.pdb
-0.440030 -0.862815 -0.248846     2.512689
-0.602442  0.489146 -0.630713     0.649942
 0.665911 -0.127617 -0.735035     0.022134
>../../../../class2/ala//data/domains/Catalytic_domain/structures/AlaRS_AF_Bact_Treponema_pallidum_subsp_pertenue_str_SamoaD_gene57879528.pdb
-0.683368  0.729897  0.016066     2.732911
 0.643284  0.591578  0.486025     3.858348
 0.345244  0.342469 -0.873797    15.019777
>../../../../class2/ala//data/domains/Catalytic_domain/structures/AlaRS_AF_Euk_Cyanidioschyzon_merolae_strain_10D_gene16993235.pdb
-0.440950  0.888557  0.126605    -0.659156
 0.607091  0.191382  0.771241     7.525212
 0.661062  0.416940 -0.623825    -0.801925
>../../../../class2/ala//data/domains/Catalytic_domain/structures/AlaRS_AF_Euk_Marasmius_oreades_gene66078979.pdb
-0.284893  0.615829  0.734569     0.522452
-0.895216  0.103016 -0.433562     3.950459
-0.342672 -0.781116  0.521951     0.933841
>../../../../class2/ala//data/domains/Catalytic_domain/structures/AlaRS_AF_Euk_Plasmodium_berghei_ANKA_gene55150801.pdb
 0.089328 -0.876541  0.472965     2.998447
-0.740106 -0.376198 -0.557421    -1.561847
 0.666531 -0.300251 -0.682338     3.047604
>../../../../class2/ala//data/domains/Catalytic_domain/structures/AlaRS_AF_Euk_Saccharomyces_cerevisiae_S288C_gene854513.pdb
 0.078404  0.723882  0.685454    -3.917720
-0.679495  0.541921 -0.494580     3.989808
-0.729479 -0.426986  0.534363     3.530389
>../../../../class2/ala//data/domains/Catalytic_domain/structures/AlaRS_PDB_Bact_E_coli_3HXV.pdb
-0.099098 -0.624301  0.774873    10.814468
 0.994849 -0.045468  0.090598   -16.539794
-0.021328  0.779860  0.625591   -23.847940
>../../../../class2/phe2//data/domains/Catalytic_domain/structures/PheRS-Bβ_AF_Bact_Brachyspira_pilosicoli_95_1000_gene56440382.pdb
 0.306907 -0.815634  0.490459     3.978379
-0.340512 -0.575319 -0.743680   -13.699414
 0.888741  0.061234 -0.454302     0.036580
>../../../../class2/phe2//data/domains/Catalytic_domain/structures/PheRS-Bβ_AF_Bact_Chlamydia_psittaci_6BC_gene12242429.pdb
-0.043773  0.960853  0.273579     0.738301
 0.970871 -0.023657  0.238430   -17.428894
 0.235569  0.276047 -0.931829     0.399656
>../../../../class2/phe2//data/domains/Catalytic_domain/structures/PheRS-Bβ_AF_Bact_Ferrimonas_balearica_DSM_9799_gene67181907.pdb
-0.822742 -0.103288 -0.558952     4.702075
 0.140389  0.915963 -0.375902   -18.005684
 0.550806 -0.387741 -0.739101    -0.118635
>../../../../class2/phe2//data/domains/Catalytic_domain/structures/PheRS-Bβ_AF_Bact_Lacticaseibacillus_paracasei_gene61269867.pdb
 0.546479 -0.649868  0.528235     0.859830
-0.252124 -0.729152 -0.636216   -12.530425
 0.798620  0.214498 -0.562314    -4.368205
>../../../../class2/phe2//data/domains/Catalytic_domain/structures/PheRS-Bβ_AF_Bact_Mycobacterium_intracellulare_ATCC_13950_gene11909688.pdb
-0.627998  0.695573 -0.348996     2.820822
 0.731461  0.680684  0.040430   -17.212313
 0.265677 -0.229887 -0.936252    -0.993500
>../../../../class2/phe2//data/domains/Catalytic_domain/structures/PheRS-Bβ_AF_Bact_Mycoplasma_hyopneumoniae_168-L_gene57101148.pdb
 0.699859 -0.035887  0.713379    10.429621
 0.348854 -0.854345 -0.385220   -16.714404
 0.623296  0.518465 -0.585402    -6.294936
>../../../../class2/phe2//data/domains/Catalytic_domain/structures/PheRS-Bβ_AF_Bact_Porphyromonas_gingivalis_ATCC_33277_gene29257179.pdb
 0.403064 -0.875909 -0.265183     6.354684
 0.440997 -0.068009  0.894928   -14.617417
-0.801911 -0.477658  0.358861     2.208811
>../../../../class2/phe2//data/domains/Catalytic_domain/structures/PheRS-Bβ_AF_Bact_Prochlorococcus_marinus_subsp_marinus_str_CCMP1375_gene54200309.pdb
 0.080177  0.977970  0.192735     1.699487
 0.931532 -0.142323  0.334652   -18.300034
 0.354710  0.152707 -0.922421    -0.197820
>../../../../class2/phe2//data/domains/Catalytic_domain/structures/PheRS-Bβ_AF_Euk_Didymosphenia_geminata_gene19740299.pdb
 0.507077  0.228461  0.831071     3.176775
 0.562770 -0.818078 -0.118484   -15.469460
 0.652812  0.527782 -0.543399     2.993565
>../../../../class2/phe2//data/domains/Catalytic_domain/structures/PheRS-Bβ_AF_Euk_Gracilariopsis_tenuifrons_gene68635617.pdb
-0.090354  0.453943 -0.886438    14.910302
-0.460842 -0.808109 -0.366858   -13.576846
-0.882871  0.375361  0.282212     5.475578
>../../../../class2/phe2//data/domains/Catalytic_domain/structures/PheRS-Bβ_PDB_Bact.B_E_coli_3PCO.pdb
 0.365521 -0.815570  0.448598   -17.045340
 0.860149  0.480143  0.172064    -2.247873
-0.355721  0.322968  0.877014   -43.620496
>../../../../class2/phe2//data/domains/Catalytic_domain/structures/PheRS-Bβ_PDB_Bact.B_T_thermophilus_1PYS.pdb
 0.886547  0.416171  0.202080   -37.960135
 0.117923 -0.625648  0.771142     6.298264
 0.447357 -0.659824 -0.603742    52.474617
