>../../../../class2/lys//data/domains/Catalytic_domain/structures/LysRS-II_AF_Arch_Aciduliprofundum_boonei_T469_gene8827564.pdb
-0.184468  0.506627  0.842200     4.244450
 0.982826  0.090772  0.160665    -5.700664
 0.004949  0.857374 -0.514671    -3.225949
>../../../../class2/lys//data/domains/Catalytic_domain/structures/LysRS-II_AF_Arch_Archaeoglobus_sulfaticallidus_PM70-1_gene15393615.pdb
-0.076151 -0.343187  0.936175     7.884481
 0.566299 -0.787662 -0.242680    -1.296557
 0.820674  0.511675  0.254328     0.114556
>../../../../class2/lys//data/domains/Catalytic_domain/structures/LysRS-II_AF_Arch_Candidatus_Woesearchaeota_archaeon_proteinMBS3172198.1.pdb
-0.431450 -0.599819  0.673846     6.026022
-0.145625 -0.690842 -0.708188    -1.984052
 0.890306 -0.403676  0.210715    -1.547034
>../../../../class2/lys//data/domains/Catalytic_domain/structures/LysRS-II_AF_Arch_Thermogladius_calderae_1633_gene13013549.pdb
-0.524241  0.605829  0.598450     3.206153
 0.761617  0.647930  0.011255    -5.592813
-0.380935  0.461690 -0.801081    -1.396333
>../../../../class2/lys//data/domains/Catalytic_domain/structures/LysRS-II_AF_Bact_Chlamydia_muridarum_str_Nigg_gene1245697.pdb
-0.470681  0.643971  0.603125     4.381312
 0.784917  0.617808 -0.047095    -6.743506
-0.402944  0.451237 -0.796255    -2.049289
>../../../../class2/lys//data/domains/Catalytic_domain/structures/LysRS-II_AF_Bact_Cupriavidus_taiwanensis_LMG_19424_gene29762375.pdb
-0.110369 -0.416077  0.902607     7.443656
 0.508933 -0.803718 -0.308261     0.055130
 0.853701  0.425344  0.300460     3.001874
>../../../../class2/lys//data/domains/Catalytic_domain/structures/LysRS-II_AF_Bact_Leuconostoc_gelidum_JB7_gene61037106.pdb
-0.101296 -0.504052  0.857713     3.534939
 0.632921 -0.697823 -0.335341    -3.592410
 0.767561  0.508895  0.389712    -0.044149
>../../../../class2/lys//data/domains/Catalytic_domain/structures/LysRS-II_AF_Bact_Mycobacterium_intracellulare_ATCC_13950_gene11907187.pdb
-0.093983 -0.291892  0.951823     7.349519
 0.649617 -0.742463 -0.163545     0.494863
 0.754430  0.602950  0.259396     1.841303
>../../../../class2/lys//data/domains/Catalytic_domain/structures/LysRS-II_AF_Bact_Mycoplasma_hyopneumoniae_168-L_gene57101062.pdb
-0.059074 -0.489051  0.870252     2.586021
 0.618403 -0.702279 -0.352678    -4.218477
 0.783638  0.517333  0.343917    -1.813966
>../../../../class2/lys//data/domains/Catalytic_domain/structures/LysRS-II_AF_Bact_Porphyromonas_gingivalis_ATCC_33277_gene29256363.pdb
-0.365511  0.371416  0.853494     3.889299
 0.930721  0.133348  0.340554    -6.014974
 0.012676  0.918841 -0.394425    -4.790763
>../../../../class2/lys//data/domains/Catalytic_domain/structures/LysRS-II_AF_Bact_Prochlorococcus_marinus_subsp_marinus_str_CCMP1375_gene54201108.pdb
-0.117058 -0.309842  0.943555     3.351800
 0.772553 -0.625431 -0.109535    -4.751843
 0.624067  0.716124  0.312581    -0.624789
>../../../../class2/lys//data/domains/Catalytic_domain/structures/LysRS-II_AF_Bact_Streptobacillus_moniliformis_DSM_12112_gene29673899.pdb
-0.112245 -0.063811  0.991630     6.365005
 0.821411 -0.567535  0.056457     1.656586
 0.559182  0.820873  0.116118     0.371831
>../../../../class2/lys//data/domains/Catalytic_domain/structures/LysRS-II_AF_Euk_Ostreococcus_tauri_gene9837657.pdb
-0.140414 -0.402690  0.904503     8.588292
 0.495209 -0.819637 -0.288032    -0.379398
 0.857351  0.407475  0.314504     1.634450
>../../../../class2/lys//data/domains/Catalytic_domain/structures/LysRS-II_AF_Euk_Solanum_lycopersicum_gene778357.pdb
 0.810939 -0.499912 -0.304082     5.352075
 0.321914 -0.052798  0.945296    -3.945244
-0.488620 -0.864465  0.118113     1.631162
>../../../../class2/lys//data/domains/Catalytic_domain/structures/LysRS-II_AF_Euk_Theileria_annulata_gene3864794.pdb
 0.535998 -0.627281 -0.565000     4.896794
 0.097305 -0.618893  0.779425    -0.189845
-0.838593 -0.472747 -0.270688     2.998586
>../../../../class2/lys//data/domains/Catalytic_domain/structures/LysRS-II_AF_Euk_Zootoca_vivipara_gene118086243.pdb
-0.681058 -0.658381  0.320460     3.580641
-0.277530 -0.172896 -0.945031    -6.288564
 0.677597 -0.732558 -0.064968     2.442251
>../../../../class2/lys//data/domains/Catalytic_domain/structures/LysRS-II_AF_Mito_Malus_domestica_gene103446975.pdb
-0.219476 -0.474030  0.852716     7.648946
 0.355489 -0.852797 -0.382577    -0.468623
 0.908547  0.219164  0.355681     3.312501
>../../../../class2/lys//data/domains/Catalytic_domain/structures/LysRS-II_AF_Mito_Scheffersomyces_stipitis_CBS_6054_gene4837999.pdb
-0.154420 -0.548789  0.821575     7.547976
 0.484263 -0.766854 -0.421217    -0.930982
 0.861187  0.332814  0.384176     3.898004
>../../../../class2/lys//data/domains/Catalytic_domain/structures/LysRS-II_PDB_Bact_G_stearothermophilus_3E9H.pdb
 0.065511 -0.997592 -0.022775   -83.962721
-0.745496 -0.033759 -0.665655    59.778755
 0.663283  0.060586 -0.745912   -15.718477
>../../../../class2/pyl//data/domains/Catalytic_domain/structures/PylRS_AF_Arch_Candidatus_Methanomassiliicoccus_intestinalis_Issoire-Mx1_gene16153983.pdb
-0.274284 -0.894017  0.354263    -0.040658
-0.809996  0.016214 -0.586212    -1.803116
 0.518339 -0.447740 -0.728597     1.414202
>../../../../class2/pyl//data/domains/Catalytic_domain/structures/PylRS_AF_Arch_Methanosalsum_zhilinae_DSM_4017_gene10822650.pdb
-0.137380  0.345401  0.928345    -1.087472
 0.303995 -0.877299  0.371395     1.924821
 0.942716  0.333234  0.015523     6.007528
>../../../../class2/pyl//data/domains/Catalytic_domain/structures/PylRS_AF_Arch_Unclassified_Candidatus_Bathyarchaeota_proteinUCH69683.1.pdb
 0.999644 -0.018872 -0.018875    -0.581943
 0.019450  0.999333  0.030920    -0.181182
 0.018279 -0.031277  0.999344     0.216218
>../../../../class2/pyl//data/domains/Catalytic_domain/structures/PylRS_AF_Bact_Unclassified_Actinobacteria_proteinMBU2601214.1.pdb
 1.000000  0.000000  0.000000     0.000000
 0.000000  1.000000  0.000000     0.000000
 0.000000  0.000000  1.000000     0.000000
>../../../../class2/pyl//data/domains/Catalytic_domain/structures/PylRS_AF_Bact_Unclassified_Aerophobetes_proteinMCD6471581.1.pdb
 0.977687 -0.177671 -0.112074    -0.045614
 0.185754  0.980359  0.066273    -0.767205
 0.098097 -0.085613  0.991487     0.029847
>../../../../class2/pyl//data/domains/Catalytic_domain/structures/PylRS_AF_Bact_unclassified_Desulfosarcina_proteinMBC2741817.pdb
 0.916812 -0.399214 -0.009162    -5.289105
 0.376417  0.856346  0.353527    -0.073664
-0.133286 -0.327566  0.935380     5.611833
>../../../../class2/pyl//data/domains/Catalytic_domain/structures/PylRS_AF_Bact_unclassified_Lachnospiraceae_proteinHCE77498.1.pdb
-0.515753  0.673096  0.530038    -2.773285
 0.576124 -0.185415  0.796054     4.165470
 0.634098  0.715935 -0.292159     1.030133
>../../../../class2/pyl//data/domains/Catalytic_domain/structures/PylRS_PDB_Arch_M_mazei_2Q7E.pdb
 0.381714 -0.557225 -0.737424    37.243687
-0.768140 -0.634984  0.082204    33.882672
-0.514058  0.535066 -0.670409     8.670460
>../../../../class2/pyl//data/domains/Catalytic_domain/structures/PylRS_PDB_Bact_D_hafniense_2ZNJ.pdb
 0.922643  0.094595  0.373875   -30.241736
 0.273795 -0.843409 -0.462274   -21.631428
 0.271601  0.528879 -0.804065   -40.422692
