>structures/GlxRS-A_AF_Arch_Candidatus_Korarchaeum_cryptofilum_OPF8_gene6094352.pdb
 1.000000  0.000000  0.000000     0.000000
 0.000000  1.000000  0.000000     0.000000
 0.000000  0.000000  1.000000     0.000000
>structures/GlxRS-A_AF_Arch_Methanothrix_soehngenii_GP6_gene10459943.pdb
-0.199879  0.115897 -0.972942    -2.771454
 0.152850 -0.977135 -0.147798     1.928822
-0.967825 -0.178256  0.177594     1.047787
>structures/GlxRS-A_AF_Arch_Nitrosopumilus_maritimus_SCM1_gene5773999.pdb
-0.300052 -0.871154  0.388663    -2.788022
-0.837581  0.045603 -0.544407     0.076816
 0.456538 -0.488887 -0.743345    -0.557757
>structures/GlxRS-A_AF_Arch_Sulfolobus_islandicus_LAL14_1_gene15298417.pdb
-0.235037  0.506010  0.829886     0.205650
 0.276526 -0.783713  0.556173     4.049940
 0.931821  0.360206  0.044276     3.667538
>structures/GlxRS-A_PDB_Arch_M_thermau_3AII.pdb
 0.125614 -0.519488  0.845194   -34.254930
 0.940143 -0.209705 -0.268618    27.263530
 0.316785  0.828345  0.462051   -60.335121
