>structures/GluRS-E_AF_Euk_Cyathus_striatus_proteinKAF9013924.1.pdb
 0.925120  0.370512 -0.082912     0.261415
-0.377884  0.877345 -0.295752    -6.650606
-0.036837  0.304937  0.951660     1.218438
>structures/GluRS-E_AF_Euk_Lichtheimia_hyalospora_proteinKAI7879902.1.pdb
 0.938774 -0.317698 -0.133312    -7.912827
 0.336323  0.761047  0.554702    -5.633182
-0.074771 -0.565576  0.821300    -6.447974
>structures/GluRS-E_AF_Euk_Medicago_truncatula_gene11407510.pdb
 1.000000  0.000000  0.000000     0.000000
 0.000000  1.000000  0.000000     0.000000
 0.000000  0.000000  1.000000     0.000000
>structures/GluRS-E_AF_Euk_Xylariaceae_sp_FL0804_proteinKAI0483267.1.pdb
-0.971341 -0.231546 -0.053698   -11.465682
-0.228780  0.972034 -0.053014    -8.513325
 0.064472 -0.039209 -0.997149    -7.185856
>structures/GluRS-E_PDB_Euk_Gallus_gallus_7WRU.pdb
-0.813575 -0.399214 -0.422758    32.975956
 0.580762 -0.522290 -0.624443    41.554687
 0.028484 -0.753553  0.656770   -73.340405
