>structures/EPRS-E_AF_Euk_Homo_sapiens_gene2058.pdb
-0.168181 -0.863119 -0.476173   -16.989976
-0.460625 -0.358261  0.812080    -8.119179
-0.871516  0.355914 -0.337321   -10.791563
>structures/GluRS-E_AF_Euk_Cyathus_striatus_proteinKAF9013924.1.pdb
 0.746984  0.618935 -0.242764     6.638740
-0.557337  0.383877 -0.736216    -7.643537
-0.362479  0.685243  0.631705     4.546647
>structures/GluRS-E_AF_Euk_Lichtheimia_hyalospora_proteinKAI7879902.1.pdb
 1.000000  0.000000  0.000000     0.000000
 0.000000  1.000000  0.000000     0.000000
 0.000000  0.000000  1.000000     0.000000
>structures/GluRS-E_AF_Euk_Medicago_truncatula_gene11407510.pdb
 0.938832  0.336123 -0.074932     8.844398
-0.317695  0.761376 -0.565134    -1.879599
-0.132904  0.554372  0.821589     7.361898
>structures/GluRS-E_AF_Euk_Saccharomyces_cerevisiae_S288C_gene852606.pdb
 0.989571 -0.143607  0.011222    -1.035881
 0.143372  0.989477  0.019475    -1.536266
-0.013901 -0.017663  0.999747     1.577032
>structures/GluRS-E_AF_Euk_Xylariaceae_sp_FL0804_proteinKAI0483267.1.pdb
-0.993561  0.113119  0.006350    -4.242951
 0.098605  0.835761  0.540167    -0.674949
 0.055796  0.537315 -0.841534    -1.740798
>structures/GluRS-E_PDB_Euk_Gallus_gallus_7WRU.pdb
-0.571256 -0.492862 -0.656319    59.334110
 0.685061  0.154108 -0.711999    60.670619
 0.452061 -0.856352  0.249605   -34.220965
