>structures/ProRS-M_AF_Euk_Candida_albicans_SC5314_gene3640100.pdb
 0.311666 -0.158324 -0.936909     1.509049
 0.638808 -0.695023  0.329950     2.880943
-0.703413 -0.701339 -0.115476    -0.911431
>structures/ProRS-M_AF_Mito_Drosophila_melanogaster_gene38331.pdb
-0.181477  0.473657  0.861809    -4.468669
 0.614199 -0.629818  0.475489     1.525633
 0.768001  0.615612 -0.176623    -1.132365
>structures/ProRS-M_AF_Mito_Mauremys_reevesii_gene120369760.pdb
 0.999975 -0.006119 -0.003527    -0.058717
 0.006130  0.999977  0.003012     0.047501
 0.003508 -0.003034  0.999989     0.014497
>structures/ProRS-M_AF_Mito_Schizosaccharomyces_pombe_gene2540642.pdb
-0.009100 -0.139889 -0.990125    -2.584500
 0.514384 -0.849769  0.115331     2.231871
-0.857511 -0.508255  0.079690    -1.370435
