>structures/ProRS-M_AF_Euk_Candida_albicans_SC5314_gene3640100.pdb
 0.312489 -0.157809 -0.936721     1.489018
 0.644014 -0.689683  0.331033     2.816464
-0.698281 -0.706706 -0.113887    -0.841763
>structures/ProRS-M_AF_Mito_Acanthaster_planci_gene110989971.pdb
-0.907668  0.381421  0.175092    -4.123393
 0.380349  0.571229  0.727345     2.371496
 0.177407  0.726784 -0.663560    -2.281046
>structures/ProRS-M_AF_Mito_Drosophila_melanogaster_gene38331.pdb
-0.177561  0.473700  0.862601    -4.434578
 0.610866 -0.634167  0.473998     1.472631
 0.771566  0.611097 -0.176764    -1.057970
>structures/ProRS-M_AF_Mito_Homo_sapiens_gene25973.pdb
-0.177888  0.365968  0.913468    -4.184484
 0.629362 -0.671288  0.391503     0.949917
 0.756478  0.644546 -0.110912    -2.328659
>structures/ProRS-M_AF_Mito_Mauremys_reevesii_gene120369760.pdb
 0.999993 -0.003829  0.000279    -0.014653
 0.003829  0.999992  0.000964     0.016995
-0.000283 -0.000963  0.999999     0.014534
>structures/ProRS-M_AF_Mito_Patella_vulgata_gene126818129.pdb
-0.199386  0.445121  0.872990    -4.405510
 0.610219 -0.640661  0.466032     0.844689
 0.766732  0.625636 -0.143882    -2.022249
>structures/ProRS-M_AF_Mito_Priapulus_caudatus_gene106814725.pdb
 0.997150 -0.073683  0.016196    -3.100289
 0.067413  0.966626  0.247165     2.796421
-0.033867 -0.245369  0.968838    -3.747410
>structures/ProRS-M_AF_Mito_Saccoglossus_kowalevskii_gene100368006.pdb
 0.844396 -0.482576 -0.232630    -3.237328
 0.521211  0.639652  0.564965     1.571232
-0.123836 -0.598303  0.791643    -3.632413
>structures/ProRS-M_AF_Mito_Schizosaccharomyces_pombe_gene2540642.pdb
-0.010249 -0.144221 -0.989492    -2.538669
 0.517048 -0.847755  0.118207     2.199276
-0.855895 -0.510404  0.083258    -1.328073
