>structures/ProRS-M_AF_Euk_Candida_albicans_SC5314_gene3640100.pdb
 0.377017 -0.180178 -0.908512     4.485526
 0.769757 -0.484565  0.415536    -1.000001
-0.515104 -0.855998 -0.043996     2.913769
>structures/ProRS-M_AF_Mito_Acanthaster_planci_gene110989971.pdb
-0.886326  0.393231  0.244531    -1.110966
 0.389969  0.349105  0.852086    -0.681713
 0.249700  0.850585 -0.462769     1.315090
>structures/ProRS-M_AF_Mito_Drosophila_melanogaster_gene38331.pdb
-0.163151  0.410320  0.897229    -1.521392
 0.416677 -0.795672  0.439644    -1.827935
 0.894294  0.445583 -0.041156     2.277683
>structures/ProRS-M_AF_Mito_Mauremys_reevesii_gene120369760.pdb
 0.997540  0.061639 -0.033372     2.755595
-0.067895  0.968016 -0.241529    -3.812792
 0.017417  0.243201  0.969820     3.036348
>structures/ProRS-M_AF_Mito_Patella_vulgata_gene126818129.pdb
-0.184707  0.381196  0.905855    -1.498702
 0.418521 -0.803453  0.423442    -2.198484
 0.889226  0.457332 -0.011135     1.185400
>structures/ProRS-M_AF_Mito_Priapulus_caudatus_gene106814725.pdb
 0.999998 -0.001989 -0.000365    -0.013431
 0.001990  0.999993  0.003097     0.009528
 0.000359 -0.003097  0.999995     0.015700
>structures/ProRS-M_AF_Mito_Saccoglossus_kowalevskii_gene100368006.pdb
 0.880368 -0.419251 -0.221767    -0.234276
 0.473808  0.798498  0.371357    -1.193997
 0.021389 -0.432006  0.901617    -0.174354
>structures/ProRS-M_AF_Mito_Schizosaccharomyces_pombe_gene2540642.pdb
 0.052193 -0.181990 -0.981914     0.426976
 0.708689 -0.686000  0.164815    -1.189863
-0.703588 -0.704474  0.093170     2.220011
