>../../../../class1/glu2//data/domains/Catalytic_domain/structures/GlxRS-A_AF_Arch_Candidatus_Korarchaeum_cryptofilum_OPF8_gene6094352.pdb
-0.578933 -0.377376 -0.722789     2.544987
-0.471709  0.878061 -0.080621    -5.990701
 0.665077  0.294272 -0.686350    14.995302
>../../../../class1/glu2//data/domains/Catalytic_domain/structures/GlxRS-A_AF_Arch_Methanothrix_soehngenii_GP6_gene10459943.pdb
 0.728249  0.464730  0.503666     2.406836
 0.308815 -0.878633  0.364194    -3.376797
 0.611789 -0.109684 -0.783379    13.301511
>../../../../class1/glu2//data/domains/Catalytic_domain/structures/GlxRS-A_AF_Arch_Nitrosopumilus_maritimus_SCM1_gene5773999.pdb
 0.170649  0.827394  0.535068     4.439060
-0.619035  0.512511 -0.595087    -4.499918
-0.766600 -0.229675  0.599645    13.363059
>../../../../class1/glu2//data/domains/Catalytic_domain/structures/GlxRS-A_AF_Arch_Sulfolobus_islandicus_LAL14_1_gene15298417.pdb
-0.628669 -0.240272 -0.739625    -2.071873
 0.273438 -0.958640  0.079002    -2.884057
-0.728016 -0.152575  0.668367    13.713299
>../../../../class1/glu2//data/domains/Catalytic_domain/structures/GlxRS-A_PDB_Arch_M_thermau_3AII.pdb
-0.654841 -0.177718 -0.734575    54.271306
 0.742837  0.027673 -0.668901    36.972315
 0.139203 -0.983692  0.113894    45.542637
>../../../../class1/leu1//data/domains/Catalytic_domain/structures/LeuRS-B_AF_Bact_Bifidobacterium_longum_subsp_longum_JCM_1217_gene69578373.pdb
 0.593855 -0.761941 -0.258421     2.282959
 0.751299  0.410220  0.516982     0.564772
-0.287900 -0.501164  0.816057    -2.189235
>../../../../class1/leu1//data/domains/Catalytic_domain/structures/LeuRS-B_AF_Bact_Brachyspira_pilosicoli_95_1000_gene56439070.pdb
 1.000000  0.000000  0.000000     0.000000
 0.000000  1.000000  0.000000     0.000000
 0.000000  0.000000  1.000000     0.000000
>../../../../class1/leu1//data/domains/Catalytic_domain/structures/LeuRS-B_AF_Bact_Chlamydia_psittaci_6BC_gene12243068.pdb
-0.970869  0.239552  0.005376     1.258924
 0.211710  0.847093  0.487456    -0.255574
 0.112217  0.474394 -0.873131     0.365897
>../../../../class1/leu1//data/domains/Catalytic_domain/structures/LeuRS-B_AF_Bact_Clostridium_botulinum_A_str_ATCC_3502_gene5187707.pdb
 0.130778 -0.477327  0.868940     1.571130
-0.408481 -0.824557 -0.391469     3.898533
 0.903349 -0.303750 -0.302813    -0.903519
>../../../../class1/leu1//data/domains/Catalytic_domain/structures/LeuRS-B_AF_Bact_Mycoplasma_hyopneumoniae_168-L_gene57101518.pdb
 0.078971  0.805578 -0.587203     1.211725
-0.614425 -0.424522 -0.665029     0.887230
-0.785013  0.413310  0.461442    -2.347338
>../../../../class1/leu1//data/domains/Catalytic_domain/structures/LeuRS-B_AF_Bact_Orientia_tsutsugamushi_str_Ikeda_gene66652454.pdb
-0.905964  0.420105  0.052353     2.483743
 0.351035  0.676312  0.647593     0.441086
 0.236650  0.605074 -0.760186    -0.183690
>../../../../class1/leu1//data/domains/Catalytic_domain/structures/LeuRS-B_AF_Bact_Porphyromonas_gingivalis_ATCC_33277_gene29256038.pdb
 0.942629 -0.299935  0.146596     2.031405
 0.266729  0.940707  0.209585    -0.517356
-0.200766 -0.158459  0.966739    -0.638404
>../../../../class1/leu1//data/domains/Catalytic_domain/structures/LeuRS-B_AF_Bact_Thermus_thermophilus_HB8_gene3168656.pdb
 0.115204 -0.420832  0.899794     5.280010
-0.303776 -0.877354 -0.371443     1.167416
 0.945753 -0.230544 -0.228914     4.521890
>../../../../class1/leu1//data/domains/Catalytic_domain/structures/LeuRS-B_AF_Euk_Bathycoccus_prasinos_gene19015540.pdb
-0.952997  0.302822  0.009760     2.061596
 0.291333  0.907043  0.303971    -0.099754
 0.083196  0.292527 -0.952631    -1.505194
>../../../../class1/leu1//data/domains/Catalytic_domain/structures/LeuRS-B_AF_Euk_Klebsormidium_nitens_protein971510658.pdb
-0.067767  0.749875 -0.658100     2.432394
-0.461590 -0.608340 -0.645644     0.709119
-0.884501  0.260019  0.387361    -0.793237
>../../../../class1/leu1//data/domains/Catalytic_domain/structures/LeuRS-B_AF_Euk_Plasmodium_falciparum_3D7_gene2655460.pdb
 0.613239 -0.681573 -0.399244     4.618162
 0.721671  0.277949  0.633983     3.341804
-0.321137 -0.676906  0.662321     3.041723
>../../../../class1/leu1//data/domains/Catalytic_domain/structures/LeuRS-B_AF_Euk_Thalassiosira_pseudonana_CCMP1335_gene7441753.pdb
 0.993640 -0.077383  0.081805     6.241139
 0.062447  0.983196  0.171538     0.240796
-0.093705 -0.165338  0.981775     1.300117
>../../../../class1/leu1//data/domains/Catalytic_domain/structures/LeuRS-B_AF_Mito_Drosophila_melanogaster_gene38581.pdb
 0.123876  0.918756 -0.374890    -1.956945
-0.774143 -0.146869 -0.615737     1.769617
-0.620772  0.366493  0.693055     0.479069
>../../../../class1/leu1//data/domains/Catalytic_domain/structures/LeuRS-B_AF_Mito_Homo_sapiens_gene23395.pdb
-0.965861  0.236171 -0.106467    -0.521925
 0.170693  0.889322  0.424230     0.697053
 0.194875  0.391574 -0.899274    -0.770912
>../../../../class1/leu1//data/domains/Catalytic_domain/structures/LeuRS-B_PDB_Bact_T_therm_2V0C.pdb
 0.505235  0.722477 -0.471979    25.922810
 0.757653 -0.633191 -0.158213   -33.613160
-0.413158 -0.277661 -0.867297    17.019890
