>structures/PheRS-M_AF_Mito_Arabidopsis_thaliana_gene824983.pdb
 1.000000  0.000000  0.000000     0.000000
 0.000000  1.000000  0.000000     0.000000
 0.000000  0.000000  1.000000     0.000000
>structures/PheRS-M_AF_Mito_Babesia_bovis_T2Bo_gene5478469.pdb
 0.106734  0.634131 -0.765824    -4.468840
 0.956076 -0.276931 -0.096060     4.569445
-0.272995 -0.721933 -0.635835     2.721002
>structures/PheRS-M_AF_Mito_Candida_albicans_SC5314_gene3638806.pdb
 0.437590  0.612513  0.658288    -4.896074
-0.877482  0.131053  0.461357    -0.112374
 0.196317 -0.779521  0.594816     2.920915
>structures/PheRS-M_AF_Mito_Crassostrea_gigas_gene105329377.pdb
-0.964780  0.249687  0.082805   -11.848344
 0.255879  0.817696  0.515654     2.403200
 0.061043  0.518681 -0.852786    -4.371448
>structures/PheRS-M_AF_Mito_Drosophila_melanogaster_gene36547.pdb
-0.507650  0.025158  0.861196    -2.961180
-0.588623 -0.740044 -0.325357     3.289403
 0.629138 -0.672088  0.390492     5.135249
>structures/PheRS-M_AF_Mito_Syngnathus_acus_gene119139175.pdb
-0.447341 -0.872944  0.194565    -7.231019
-0.742162  0.240925 -0.625420     1.518169
 0.499081 -0.424175 -0.755641    -0.956368
>structures/PheRS-M_PDB_Mito.H_sapiens_3CMQ.pdb
-0.365646  0.770103  0.522728   -32.348377
-0.705717  0.136785 -0.695164     9.653045
-0.606849 -0.623082  0.493460     8.088980
