>structures/AlaRS_AF_Arch_Candidatus_Korarchaeum_cryptofilum_OPF8_gene6094822.pdb
-0.753114  0.657890  0.000064    -4.666196
-0.089555 -0.102422 -0.990702     0.654955
-0.651766 -0.746117  0.136053    -6.009444
>structures/AlaRS_AF_Arch_Candidatus_Nitrosopumilus_koreensis_AR1_gene13725795.pdb
-0.297041 -0.321423  0.899141    -1.291050
 0.853478 -0.511628  0.099060     4.410798
 0.428185  0.796821  0.426302    -7.400304
>structures/AlaRS_AF_Arch_Sulfolobus_islandicus_YG5714_gene7807284.pdb
 0.246979  0.957219 -0.150777    -1.700176
-0.470205 -0.017667 -0.882380    -0.973826
-0.847295  0.288825  0.445726    -8.721741
>structures/AlaRS_AF_Arch_Thermoplasma_acidophilum_DSM_1728_gene1456391.pdb
-0.277405 -0.212272  0.937010    -0.848750
 0.872522 -0.463930  0.153213     4.398977
 0.402185  0.860064  0.313908    -6.370234
>structures/AlaRS_AF_Bact_Brucella_melitensis_bv_1_str_16M_gene29593597.pdb
-0.133965  0.031751  0.990477    -4.882551
 0.982527  0.134571  0.128575    10.449566
-0.129207  0.990395 -0.049224    -6.751192
>structures/AlaRS_AF_Bact_Chlamydia_psittaci_6BC_gene12242512.pdb
 0.491047 -0.647999 -0.582212    -4.512393
 0.725989 -0.064977  0.684630     3.542449
-0.481470 -0.758865  0.438533    -2.642043
>structures/AlaRS_AF_Bact_Lactobacillus_acidophilus_La-14_gene56942022.pdb
 1.000000  0.000000  0.000000     0.000000
 0.000000  1.000000  0.000000     0.000000
 0.000000  0.000000  1.000000     0.000000
>structures/AlaRS_AF_Bact_Nocardia_farcinica_IFM_10152_gene61134339.pdb
 0.895977 -0.426488 -0.123822    -4.191175
 0.402527  0.662116  0.632119     3.909759
-0.187607 -0.616206  0.764914    -3.869805
>structures/AlaRS_AF_Bact_Porphyromonas_gingivalis_ATCC_33277_gene29256567.pdb
 0.628288 -0.644092 -0.436349    -3.218536
 0.655823  0.136767  0.742422     2.997674
-0.418510 -0.752622  0.508339    -3.836606
>structures/AlaRS_AF_Bact_Prochlorococcus_marinus_subsp_marinus_str_CCMP1375_gene54199407.pdb
 0.602434 -0.183192  0.776862    -4.510402
-0.256060 -0.966218 -0.029277     4.101694
 0.755981 -0.181285 -0.628991    -1.303816
>structures/AlaRS_AF_Bact_Streptobacillus_moniliformis_DSM_12112_gene29672963.pdb
 0.559001 -0.551102 -0.619519    -3.904760
 0.711927 -0.064018  0.699330     2.972386
-0.425062 -0.831978  0.356559    -3.102060
>structures/AlaRS_AF_Bact_Treponema_pallidum_subsp_pertenue_str_SamoaD_gene57879528.pdb
-0.108909  0.567750 -0.815965     7.962398
-0.468519 -0.753273 -0.461595    -1.053797
-0.876715  0.332023  0.348039   -10.359718
>structures/AlaRS_AF_Euk_Cyanidioschyzon_merolae_strain_10D_gene16993235.pdb
 0.208819  0.724262 -0.657144    -5.495840
-0.503060 -0.496686 -0.707272    -0.429248
-0.838645  0.478275  0.260629    -6.861769
>structures/AlaRS_AF_Euk_Marasmius_oreades_gene66078979.pdb
-0.272596 -0.383168  0.882539    -4.477946
 0.955385 -0.216212  0.201224     0.441147
 0.113713  0.898017  0.425011    -4.336215
>structures/AlaRS_AF_Euk_Plasmodium_berghei_ANKA_gene55150801.pdb
 0.757129 -0.640631 -0.127863     0.909245
 0.631642  0.667965  0.393511     5.146482
-0.166687 -0.378702  0.910385    -0.102146
>structures/AlaRS_AF_Euk_Saccharomyces_cerevisiae_S288C_gene854513.pdb
-0.313183  0.029978  0.949219    -4.112096
 0.649461 -0.722485  0.237099     1.970318
 0.692904  0.690737  0.206800    -4.690480
>structures/AlaRS_PDB_Bact_E_coli_3HXV.pdb
-0.237146  0.364189  0.900626   -17.310128
-0.941888  0.140856 -0.304970    20.075585
-0.237926 -0.920612  0.309622    20.955839
