>structures/LeuRS-B_AF_Bact_Bifidobacterium_longum_subsp_longum_JCM_1217_gene69578373.pdb
 0.999351 -0.018172 -0.031097    -1.882957
 0.010662  0.973947 -0.226527     4.558929
 0.034403  0.226048  0.973508    -4.498524
>structures/LeuRS-B_AF_Bact_Brachyspira_pilosicoli_95_1000_gene56439070.pdb
 0.618994  0.723835 -0.304810    -4.362966
-0.678569  0.297468 -0.671607     4.528688
-0.395461  0.622556  0.675303    -2.335442
>structures/LeuRS-B_AF_Bact_Chlamydia_psittaci_6BC_gene12243068.pdb
-0.481328  0.620374  0.619241    -3.779819
 0.645941 -0.226511  0.729008     3.327838
 0.592522  0.750885 -0.291699    -2.757854
>structures/LeuRS-B_AF_Bact_Clostridium_botulinum_A_str_ATCC_3502_gene5187707.pdb
-0.494336 -0.799617  0.340946    -0.244026
-0.819289  0.297499 -0.490163     5.023998
 0.290512 -0.521638 -0.802182    -1.348788
>structures/LeuRS-B_AF_Bact_Escherichia_coli_O157_H7_str._Sakai_gene917041.pdb
 0.838466  0.537057  0.092437    -3.544282
-0.397458  0.718715 -0.570505     4.462399
-0.372829  0.441609  0.816076     0.262174
>structures/LeuRS-B_AF_Bact_Mycoplasma_hyopneumoniae_168-L_gene57101518.pdb
-0.158517  0.062676 -0.985365    -2.171598
 0.302013 -0.947072 -0.108825     5.504919
-0.940032 -0.314844  0.131198    -3.939293
>structures/LeuRS-B_AF_Bact_Orientia_tsutsugamushi_str_Ikeda_gene66652454.pdb
-0.375433  0.566148  0.733844    -2.350384
 0.559923 -0.492414  0.666345     3.036401
 0.738604  0.661064 -0.132131    -3.223089
>structures/LeuRS-B_AF_Bact_Porphyromonas_gingivalis_ATCC_33277_gene29256038.pdb
 0.837849  0.543634 -0.049713    -3.168178
-0.419559  0.583001 -0.695759     3.319659
-0.349256  0.603799  0.716553    -3.961109
>structures/LeuRS-B_AF_Bact_Thermus_thermophilus_HB8_gene3168656.pdb
-0.436845 -0.824955  0.358630    -1.578528
-0.807296  0.183684 -0.560833    -1.780600
 0.396787 -0.534518 -0.746225    -0.849447
>structures/LeuRS-B_AF_Euk_Bathycoccus_prasinos_gene19015540.pdb
-0.401326  0.755091  0.518435    -2.643864
 0.669349 -0.144590  0.728742     3.915899
 0.625227  0.639477 -0.447392    -4.373430
>structures/LeuRS-B_AF_Euk_Klebsormidium_nitens_protein971510658.pdb
-0.106965 -0.056537 -0.992654    -2.069705
 0.521201 -0.853400 -0.007557     3.449369
-0.846704 -0.518181  0.120751    -3.631394
>structures/LeuRS-B_AF_Euk_Plasmodium_falciparum_3D7_gene2655460.pdb
 0.999979 -0.005877  0.002618    -0.117553
 0.005867  0.999976  0.003698     0.160713
-0.002640 -0.003682  0.999990    -0.020063
>structures/LeuRS-B_AF_Euk_Thalassiosira_pseudonana_CCMP1335_gene7441753.pdb
 0.686618  0.716064 -0.125728    -0.785594
-0.594367  0.453292 -0.664270    -0.550398
-0.418668  0.530828  0.736843    -3.857690
>structures/LeuRS-B_AF_Mito_Drosophila_melanogaster_gene38581.pdb
-0.290762  0.351025 -0.890078    -4.542523
 0.113306 -0.911091 -0.396326     5.852097
-0.950063 -0.216088  0.225137     0.036838
>structures/LeuRS-B_AF_Mito_Homo_sapiens_gene23395.pdb
-0.536271  0.671499  0.511373    -3.808409
 0.569764 -0.158992  0.806282     5.587642
 0.622722  0.723748 -0.297333    -2.273703
>structures/LeuRS-B_PDB_Bact_T_therm_2V0C.pdb
 0.987170  0.072523 -0.142256   -17.747879
 0.159666 -0.457848  0.874575   -33.951649
-0.001705 -0.886067 -0.463554   -23.839107
