>structures/LeuRS-B_AF_Bact_Bifidobacterium_longum_subsp_longum_JCM_1217_gene69578373.pdb
 0.817698 -0.506440 -0.273659     0.738419
 0.574641  0.690021  0.440067     1.096020
-0.034037 -0.517097  0.855250    -1.269255
>structures/LeuRS-B_AF_Bact_Brachyspira_pilosicoli_95_1000_gene56439070.pdb
 0.942629  0.266729 -0.200766    -1.905036
-0.299935  0.940707 -0.158459     0.994810
 0.146596  0.209585  0.966739     0.427804
>structures/LeuRS-B_AF_Bact_Chlamydia_psittaci_6BC_gene12243068.pdb
-0.882163  0.354780  0.309710    -0.828580
 0.470913  0.656897  0.588835     0.384187
 0.005459  0.665295 -0.746560     0.949867
>structures/LeuRS-B_AF_Bact_Clostridium_botulinum_A_str_ATCC_3502_gene5187707.pdb
-0.161812 -0.615075  0.771686     0.957974
-0.574887 -0.576836 -0.580315     4.263687
 0.802073 -0.537534 -0.260260     0.605881
>structures/LeuRS-B_AF_Bact_Mycoplasma_hyopneumoniae_168-L_gene57101518.pdb
 0.060863  0.566598 -0.821744     0.071120
-0.473380 -0.708410 -0.523514     1.815883
-0.878753  0.420859  0.225100    -1.527747
>structures/LeuRS-B_AF_Bact_Orientia_tsutsugamushi_str_Ikeda_gene66652454.pdb
-0.810687  0.449289  0.375401     0.528091
 0.563323  0.423842  0.709242     0.775397
 0.159544  0.786446 -0.596698     0.679814
>structures/LeuRS-B_AF_Bact_Porphyromonas_gingivalis_ATCC_33277_gene29256038.pdb
 1.000000  0.000000  0.000000     0.000000
 0.000000  1.000000  0.000000     0.000000
 0.000000  0.000000  1.000000     0.000000
>structures/LeuRS-B_AF_Bact_Thermus_thermophilus_HB8_gene3168656.pdb
-0.165417 -0.578511  0.798725     2.377125
-0.472970 -0.664137 -0.578983    -0.231960
 0.865411 -0.473546 -0.163759     5.769237
>structures/LeuRS-B_AF_Euk_Bathycoccus_prasinos_gene19015540.pdb
-0.838196  0.466997  0.281677     0.305402
 0.545366  0.715880  0.435995     0.464037
 0.001962  0.519066 -0.854732    -0.752409
>structures/LeuRS-B_AF_Euk_Klebsormidium_nitens_protein971510658.pdb
-0.014350  0.488961 -0.872188     0.719824
-0.253421 -0.845576 -0.469872     0.756343
-0.967250  0.214288  0.136047     0.119600
>structures/LeuRS-B_AF_Euk_Plasmodium_falciparum_3D7_gene2655460.pdb
 0.839292 -0.421473 -0.343438     2.611749
 0.541259  0.588171  0.600910     1.993599
-0.051267 -0.690228  0.721773     4.998931
>structures/LeuRS-B_AF_Euk_Thalassiosira_pseudonana_CCMP1335_gene7441753.pdb
 0.972707  0.218545 -0.077975     3.769613
-0.220443  0.975260 -0.016530    -0.879127
 0.072433  0.033268  0.996818     2.606548
>structures/LeuRS-B_AF_Mito_Drosophila_melanogaster_gene38581.pdb
 0.028540  0.753015 -0.657385    -3.407465
-0.669105 -0.474193 -0.572223     3.114636
-0.742619  0.456191  0.490312     1.119268
>structures/LeuRS-B_AF_Mito_Homo_sapiens_gene23395.pdb
-0.902707  0.378008  0.205499    -1.894658
 0.421599  0.681805  0.597826     1.963698
 0.085873  0.626300 -0.774838     0.092653
>structures/LeuRS-B_PDB_Bact_T_therm_2V0C.pdb
 0.756839  0.563738 -0.330748    10.611744
 0.631754 -0.760704  0.149052   -41.437397
-0.167575 -0.321760 -0.931874    12.444195
