>structures/AsnRS_AF_Arch_Candidatus_Korarchaeum_cryptofilum_OPF8_gene6094562.pdb
 0.129181  0.447425  0.884943    -7.997564
 0.412937 -0.835633  0.362215     4.370127
 0.901552  0.318634 -0.292706    -5.441310
>structures/AsnRS_AF_Arch_Candidatus_Nitrososphaera_gargensis_Ga92_gene13796664.pdb
 0.595468  0.718267 -0.359877    -7.885541
-0.676733  0.207046 -0.706516     3.304999
-0.432956  0.664248  0.609364    -5.510261
>structures/AsnRS_AF_Arch_Ferroplasma_acidarmanus_Fer1_gene16025664.pdb
 0.904990 -0.425300  0.010585    -1.184684
 0.398223  0.855603  0.330700     2.419397
-0.149703 -0.295065  0.943676    -1.639918
>structures/AsnRS_AF_Arch_Pyrococcus_sp_ST04_gene13021535.pdb
 0.944953 -0.325882  0.029406    -1.368208
 0.311701  0.923868  0.222058     2.317211
-0.099532 -0.200669  0.974590    -2.217510
>structures/AsnRS_AF_Bact_Clostridium_acetobutylicum_DSM_1731_gene44999755.pdb
 0.543257  0.716337 -0.437874    -8.154713
-0.697545  0.094862 -0.710234     3.957131
-0.467229  0.691276  0.551211    -4.511189
>structures/AsnRS_AF_Bact_Escherichia_coli_O157:H7_str._Sakai_gene917756.pdb
 0.825168  0.564887 -0.000690    -4.606472
-0.463951  0.677026 -0.571301     0.125786
-0.322253  0.471739  0.820740    -3.919172
>structures/AsnRS_AF_Bact_Mycoplasma_hyopneumoniae_168-L_gene57101291.pdb
 1.000000  0.000000  0.000000     0.000000
 0.000000  1.000000  0.000000     0.000000
 0.000000  0.000000  1.000000     0.000000
>structures/AsnRS_AF_Bact_Porphyromonas_gingivalis_ATCC_33277_gene29256423.pdb
 0.977491 -0.209894  0.021348    -2.128397
 0.203564  0.964891  0.165973     2.701863
-0.055435 -0.157891  0.985899    -2.124976
>structures/AsnRS_AF_Bact_Streptobacillus_moniliformis_DSM_12112_gene29673200.pdb
 0.457034  0.759058 -0.463629    -7.869456
-0.719602  0.009186 -0.694326     2.727235
-0.522774  0.650959  0.550418    -4.167420
>structures/AsnRS_AF_Bact_Thermus_thermophilus_HB8_gene3168522.pdb
 0.989901  0.085780 -0.112862     0.946779
-0.096514  0.990944 -0.093352    -1.641700
 0.103833  0.103302  0.989216     4.460060
>structures/AsnRS_AF_Bact_Treponema_pallidum_subsp_pertenue_str_SamoaD_gene57879132.pdb
 0.589776  0.727139 -0.351330    -9.596635
-0.656419  0.178235 -0.733039     4.087311
-0.470401  0.662949  0.582427    -5.529296
>structures/AsnRS_AF_Bact_unclassified_Blastocatellia_proteinRPI49177.1.pdb
 0.947295  0.304040 -0.100952    -0.537309
-0.320342  0.902450 -0.288037    -2.215530
 0.003529  0.305196  0.952283     1.895564
>structures/AsnRS_AF_Euk_Candida_albicans_SC5314_gene3646227.pdb
 0.984775 -0.108896 -0.135499    -3.845788
 0.121631  0.988529  0.089537    -3.457668
 0.124194 -0.104655  0.986723     3.397218
>structures/AsnRS_AF_Euk_Cryptococcus_gattii_WM276_gene10190222.pdb
 0.970272 -0.047773 -0.237254    -7.416502
 0.046040  0.998857 -0.012843    -4.965321
 0.237596  0.001539  0.971363     3.488204
>structures/AsnRS_AF_Euk_Encephalitozoon_intestinalis_ATCC_50506_gene9698489.pdb
 0.967516 -0.251807  0.022511    -0.817740
 0.229812  0.913110  0.336775     0.032780
-0.105358 -0.320662  0.941316    -1.411070
>structures/AsnRS_AF_Euk_Homo_sapiens_gene4677.pdb
 0.959313 -0.220824 -0.175938    -4.537456
 0.256550  0.941951  0.216588    -0.853931
 0.117897 -0.252913  0.960279     2.223100
>structures/AsnRS_AF_Euk_Saccharomyces_cerevisiae_S288C_gene856412.pdb
 0.933143  0.264711 -0.243252   -12.251121
-0.333063  0.891254 -0.307791    -4.444716
 0.135324  0.368232  0.919833     0.451201
>structures/AsnRS_AF_Euk_Vitis_vinifera_gene100257593.pdb
 0.447900  0.888100 -0.103267   -12.391609
-0.545144  0.179720 -0.818852     7.899938
-0.708664  0.423059  0.564639    -8.040194
>structures/AsnRS_AF_Mito_Homo_sapiens_gene79731.pdb
 0.115318 -0.255085  0.960018    -6.509726
-0.224101 -0.948229 -0.225033     3.428315
 0.967719 -0.189190 -0.166512    -2.846231
>structures/AsnRS_AF_Mito_Zeugodacus_cucurbitae_gene105213230.pdb
-0.947530 -0.317968  0.032911    -7.829217
-0.315891  0.947140  0.056029     2.004330
-0.048987  0.042692 -0.997887    -4.841751
>structures/AsnRS_PDB_Arch_P_horikoshii_1X54.pdb
 0.545068 -0.450079  0.707340   -23.949955
-0.823128 -0.447542  0.349523   -11.187554
 0.159251 -0.772745 -0.614414    16.196184
>structures/AsnRS_PDB_Bact_E_anophelis_6pqh.pdb
 0.090105  0.145691 -0.985218   -62.290437
-0.400052 -0.900631 -0.169770   -11.773490
-0.912052  0.409436 -0.022867   -17.855542
