>structures/AsnRS_AF_Arch_Candidatus_Korarchaeum_cryptofilum_OPF8_gene6094562.pdb
 0.145741  0.028837  0.988902    -5.069108
 0.028193 -0.999290  0.024985     5.851931
 0.988921  0.024239 -0.146450    -3.005758
>structures/AsnRS_AF_Arch_Candidatus_Nitrososphaera_gargensis_Ga92_gene13796664.pdb
 0.341460  0.630245 -0.697277    -4.962551
-0.707349 -0.316202 -0.632197     4.681762
-0.618920  0.709089  0.337833    -3.509568
>structures/AsnRS_AF_Arch_Ferroplasma_acidarmanus_Fer1_gene16025664.pdb
 1.000000  0.000000  0.000000     0.000000
 0.000000  1.000000  0.000000     0.000000
 0.000000  0.000000  1.000000     0.000000
>structures/AsnRS_AF_Arch_Pyrococcus_sp_ST04_gene13021535.pdb
 0.991345  0.129461 -0.021805    -0.778031
-0.131179  0.983441 -0.125042    -0.104983
 0.005256  0.126821  0.991912    -1.140171
>structures/AsnRS_AF_Bact_Clostridium_acetobutylicum_DSM_1731_gene44999755.pdb
 0.283202  0.560718 -0.778069    -4.939944
-0.710649 -0.422105 -0.562854     4.148371
-0.644030  0.712336  0.278933    -1.790039
>structures/AsnRS_AF_Bact_Mycoplasma_hyopneumoniae_168-L_gene57101291.pdb
 0.905147  0.397562 -0.150510    -0.104067
-0.424932  0.856082 -0.294205    -3.063538
 0.011884  0.330256  0.943817     0.819468
>structures/AsnRS_AF_Bact_Porphyromonas_gingivalis_ATCC_33277_gene29256423.pdb
 0.975225  0.206104 -0.080361    -0.327361
-0.216533  0.963718 -0.156077     0.830215
 0.045277  0.169611  0.984470     0.011632
>structures/AsnRS_AF_Bact_Streptobacillus_moniliformis_DSM_12112_gene29673200.pdb
 0.212967  0.606742 -0.765839    -5.607988
-0.648298 -0.498672 -0.575358     4.551860
-0.730996  0.619024  0.287149    -2.623634
>structures/AsnRS_AF_Bact_Thermus_thermophilus_HB8_gene3168522.pdb
 0.836285  0.461922 -0.295390    -0.773730
-0.542228  0.776673 -0.320575    -6.508924
 0.081341  0.428261  0.899987     4.472866
>structures/AsnRS_AF_Bact_Treponema_pallidum_subsp_pertenue_str_SamoaD_gene57879132.pdb
 0.363702  0.632964 -0.683430    -6.185916
-0.660990 -0.341598 -0.668134     6.694085
-0.656364  0.694742  0.294143    -3.239701
>structures/AsnRS_AF_Bact_unclassified_Blastocatellia_proteinRPI49177.1.pdb
 0.718039  0.598879 -0.354633    -2.131510
-0.689225  0.540887 -0.482089    -5.651030
-0.096896  0.590581  0.801140     1.642807
>structures/AsnRS_AF_Euk_Candida_albicans_SC5314_gene3646227.pdb
 0.911213  0.327306 -0.250123    -5.622442
-0.365336  0.922633 -0.123604    -6.542581
 0.190315  0.204008  0.960292     3.448079
>structures/AsnRS_AF_Euk_Cryptococcus_gattii_WM276_gene10190222.pdb
 0.850484  0.362566 -0.381080    -9.329482
-0.447255  0.879771 -0.161142    -6.323403
 0.276839  0.307489  0.910391     2.884746
>structures/AsnRS_AF_Euk_Encephalitozoon_intestinalis_ATCC_50506_gene9698489.pdb
 0.985477  0.168867  0.017869    -0.602357
-0.168887  0.985635 -0.000376    -1.747888
-0.017675 -0.002647  0.999840    -0.772652
>structures/AsnRS_AF_Euk_Vitis_vinifera_gene100257593.pdb
 0.296164  0.811266 -0.504118    -7.053685
-0.443303 -0.350753 -0.824897    11.608370
-0.846031  0.467782  0.255756    -4.514954
>structures/AsnRS_AF_Mito_Homo_sapiens_gene79731.pdb
-0.140962 -0.582167  0.800757    -4.271712
-0.520080 -0.644692 -0.560258     3.145227
 0.842405 -0.495433 -0.211896    -0.822353
>structures/AsnRS_AF_Mito_Zeugodacus_cucurbitae_gene105213230.pdb
-0.975870  0.056566  0.210899    -5.202724
 0.124805  0.937037  0.326168     3.719550
-0.179170  0.344618 -0.921486    -2.938421
>structures/AsnRS_PDB_Arch_P_horikoshii_1X54.pdb
 0.114688 -0.478612  0.870504   -29.376732
-0.984459  0.062553  0.164094    -6.961128
-0.132990 -0.875795 -0.464000    11.747721
>structures/AsnRS_PDB_Bact_E_anophelis_6pqh.pdb
 0.088207 -0.276905 -0.956840   -57.449950
-0.112197 -0.957233  0.266676    18.057717
-0.989763  0.083832 -0.115502   -21.615649
