>structures/AsnRS_AF_Arch_Candidatus_Korarchaeum_cryptofilum_OPF8_gene6094562.pdb
 0.155139  0.141662  0.977683    -5.278675
 0.168210 -0.979001  0.115161     4.570640
 0.973467  0.146590 -0.175711    -2.809608
>structures/AsnRS_AF_Arch_Candidatus_Nitrososphaera_gargensis_Ga92_gene13796664.pdb
 0.406353  0.681241 -0.608924    -5.470075
-0.731536 -0.156748 -0.663540     3.613809
-0.547478  0.715081  0.434657    -3.259133
>structures/AsnRS_AF_Arch_Ferroplasma_acidarmanus_Fer1_gene16025664.pdb
 0.991801 -0.125990  0.021397     0.328005
 0.122394  0.984640  0.124515     0.039724
-0.036756 -0.120875  0.991987     0.541550
>structures/AsnRS_AF_Arch_Pyrococcus_sp_ST04_gene13021535.pdb
 0.999825  0.018072  0.004758    -0.289957
-0.018084  0.999833  0.002540    -0.633958
-0.004711 -0.002625  0.999985    -0.246166
>structures/AsnRS_AF_Bact_Clostridium_acetobutylicum_DSM_1731_gene44999755.pdb
 0.354970  0.630081 -0.690647    -5.424764
-0.738821 -0.263597 -0.620210     3.669392
-0.572835  0.730421  0.371948    -1.781804
>structures/AsnRS_AF_Bact_Mycoplasma_hyopneumoniae_168-L_gene57101291.pdb
 0.952075  0.289384 -0.099046     0.598192
-0.303509  0.933948 -0.188741    -2.776705
 0.037885  0.209757  0.977019     1.953085
>structures/AsnRS_AF_Bact_Porphyromonas_gingivalis_ATCC_33277_gene29256423.pdb
 0.995561  0.090687 -0.025165    -0.414061
-0.091631  0.995017 -0.039307     0.887881
 0.021474  0.041438  0.998910     0.199153
>structures/AsnRS_AF_Bact_Streptobacillus_moniliformis_DSM_12112_gene29673200.pdb
 0.274752  0.673905 -0.685830    -5.866877
-0.713974 -0.334757 -0.614963     2.978843
-0.644013  0.658627  0.389176    -2.197639
>structures/AsnRS_AF_Bact_Thermus_thermophilus_HB8_gene3168522.pdb
 0.899476  0.370717 -0.231325     0.415218
-0.421712  0.875123 -0.237316    -5.927234
 0.114461  0.311013  0.943488     5.796371
>structures/AsnRS_AF_Bact_Treponema_pallidum_subsp_pertenue_str_SamoaD_gene57879132.pdb
 0.420719  0.686682 -0.592843    -6.833959
-0.705715 -0.162906 -0.689512     4.881994
-0.570054  0.708469  0.416065    -3.185369
>structures/AsnRS_AF_Bact_unclassified_Blastocatellia_proteinRPI49177.1.pdb
 0.795767  0.539242 -0.275631    -1.031481
-0.604572  0.680820 -0.413493    -5.676839
-0.035318  0.495683  0.867785     3.010079
>structures/AsnRS_AF_Euk_Candida_albicans_SC5314_gene3646227.pdb
 0.953182  0.216722 -0.210892    -4.428060
-0.226456  0.973753 -0.022853    -6.654290
 0.200404  0.069541  0.977242     4.898811
>structures/AsnRS_AF_Euk_Cryptococcus_gattii_WM276_gene10190222.pdb
 0.912146  0.253654 -0.321947    -8.344213
-0.302635  0.946542 -0.111673    -6.327877
 0.276410  0.199294  0.940148     4.084259
>structures/AsnRS_AF_Euk_Encephalitozoon_intestinalis_ATCC_50506_gene9698489.pdb
 0.997767  0.038591  0.054519    -0.348087
-0.045712  0.989645  0.136064    -2.187840
-0.048704 -0.138253  0.989199    -0.225693
>structures/AsnRS_AF_Euk_Homo_sapiens_gene4677.pdb
 0.972127  0.123934 -0.199023    -4.584569
-0.104691  0.988999  0.104499    -3.986258
 0.209785 -0.080750  0.974407     4.183620
>structures/AsnRS_AF_Euk_Vitis_vinifera_gene100257593.pdb
 0.325533  0.864024 -0.384044    -8.578062
-0.494618 -0.190551 -0.847964    10.586859
-0.805842  0.465996  0.365332    -5.087955
>structures/AsnRS_AF_Mito_Homo_sapiens_gene79731.pdb
-0.034975 -0.509813  0.859574    -4.865080
-0.430540 -0.768508 -0.473319     2.934723
 0.901894 -0.386635 -0.192616    -0.832765
>structures/AsnRS_AF_Mito_Zeugodacus_cucurbitae_gene105213230.pdb
-0.992559 -0.050499  0.110795    -6.455702
-0.022950  0.971221  0.237070     2.996236
-0.119579  0.232763 -0.965154    -3.087918
>structures/AsnRS_PDB_Arch_P_horikoshii_1X54.pdb
 0.227492 -0.494094  0.839117   -27.701547
-0.973723 -0.106142  0.201486    -8.912330
-0.010487 -0.862905 -0.505258    14.173125
>structures/AsnRS_PDB_Bact_E_anophelis_6pqh.pdb
 0.065725 -0.148887 -0.986668   -60.141488
-0.243890 -0.961212  0.128800     7.242584
-0.967573  0.232173 -0.099487   -20.476055
