>structures/LysRS-I_AF_Arch_Candidatus_Bathyarchaeota_archaeon_proteinRJS75864.1.pdb
-0.092438  0.245287 -0.965033    -1.086219
 0.066976 -0.965456 -0.251810     4.125405
-0.993463 -0.087910  0.072817     2.518491
>structures/LysRS-I_AF_Arch_Candidatus_Nitrosopumilus_koreensis_AR1_gene13726042.pdb
 1.000000  0.000000  0.000000     0.000000
 0.000000  1.000000  0.000000     0.000000
 0.000000  0.000000  1.000000     0.000000
>structures/LysRS-I_AF_Arch_Ferroplasma_acidarmanus_Fer1_gene16025146.pdb
 0.013301  0.242249 -0.970123    -3.599118
 0.048140 -0.969239 -0.241368     3.792919
-0.998752 -0.043491 -0.024554    -0.582785
>structures/LysRS-I_AF_Arch_Halorubrum_lacusprofundi_ATCC_49239_gene7400505.pdb
-0.324634  0.527789  0.784889    -1.539164
 0.587773 -0.537577  0.604594     6.319571
 0.741037  0.657609 -0.135704     4.014260
>structures/LysRS-I_AF_Bact_Cereibacter_sphaeroides_KD131_gene67447319.pdb
-0.073847 -0.278239  0.957669    -3.163985
-0.194840 -0.937760 -0.287479     0.060397
 0.978051 -0.207822  0.015038     2.349572
>structures/LysRS-I_AF_Bact_Cyanobacteria_bacterium_J007_proteinRMH73500.1.pdb
-0.016048 -0.292946 -0.955994     0.142443
 0.421067 -0.869182  0.259276     6.069180
-0.906887 -0.398377  0.137298     3.031338
>structures/LysRS-I_AF_Bact_Streptomyces_albidoflavus_gene15147364.pdb
 0.965510  0.025590  0.259106     0.727542
-0.029280  0.999517  0.010391     1.509056
-0.258715 -0.017619  0.965793     5.056779
>structures/LysRS-I_AF_Bact_Treponema_denticola_ATCC_35405_gene2739918.pdb
 0.954342  0.039011  0.296158     1.065164
-0.020231  0.997600 -0.066214     1.639975
-0.298031  0.057199  0.952841     5.075124
>structures/LysRS-I_PDB_Arch_P_hori_1IRX.pdb
-0.145433  0.547753  0.823903   -73.299511
 0.928301  0.363586 -0.077861   -47.441020
-0.342209  0.753507 -0.561357    30.429950
