>structures/PheRS-Bβ_AF_Bact_Brachyspira_pilosicoli_95_1000_gene56440382.pdb
 0.147014  0.617116 -0.773017     1.181511
-0.748671 -0.441321 -0.494700     5.958487
-0.646435  0.651463  0.397136    -0.949184
>structures/PheRS-Bβ_AF_Bact_Chlamydia_psittaci_6BC_gene12242429.pdb
 0.316241 -0.633087 -0.706536     3.100388
 0.785900 -0.242322  0.568894     1.502981
-0.531369 -0.735174  0.420911     1.488842
>structures/PheRS-Bβ_AF_Bact_Ferrimonas_balearica_DSM_9799_gene67181907.pdb
 1.000000 -0.000000  0.000000     0.000000
 0.000000  1.000000  0.000000     0.000000
-0.000000  0.000000  1.000000     0.000000
>structures/PheRS-Bβ_AF_Bact_Lacticaseibacillus_paracasei_gene61269867.pdb
-0.074352  0.517394 -0.852511     1.414291
-0.574997 -0.720705 -0.387251     7.897258
-0.814770  0.461398  0.351086     3.155966
>structures/PheRS-Bβ_AF_Bact_Mycobacterium_intracellulare_ATCC_13950_gene11909688.pdb
 0.791912 -0.573162 -0.210621     0.761460
 0.597465  0.656031  0.461149     2.830338
-0.126139 -0.491028  0.861963     1.275727
>structures/PheRS-Bβ_AF_Bact_Mycoplasma_hyopneumoniae_168-L_gene57101148.pdb
-0.170083  0.210967 -0.962582    -8.566636
 0.080041 -0.970630 -0.226873     1.366794
-0.982174 -0.115634  0.148201    -0.087620
>structures/PheRS-Bβ_AF_Bact_Porphyromonas_gingivalis_ATCC_33277_gene29257179.pdb
-0.707204  0.437018  0.555768    -0.143123
 0.688084  0.244771  0.683102     2.715802
 0.162492  0.865507 -0.473808    -4.229480
>structures/PheRS-Bβ_AF_Bact_Prochlorococcus_marinus_subsp_marinus_str_CCMP1375_gene54200309.pdb
 0.303525 -0.700005 -0.646425     1.407002
 0.677819 -0.318177  0.662815     0.454554
-0.669652 -0.639340  0.377903     0.775513
>structures/PheRS-Bβ_AF_Euk_Didymosphenia_geminata_gene19740299.pdb
 0.017236  0.019735 -0.999657     3.445402
 0.217740 -0.975884 -0.015511     0.276708
-0.975855 -0.217397 -0.021117    -3.051026
>structures/PheRS-Bβ_AF_Euk_Gracilariopsis_tenuifrons_gene68635617.pdb
-0.499646 -0.270890  0.822784    -4.588766
-0.078138 -0.931878 -0.354257     0.515641
 0.862698 -0.241294  0.444442   -12.680945
>structures/PheRS-Bβ_PDB_Bact.B_E_coli_3PCO.pdb
-0.357987  0.925380  0.124566    -2.822981
 0.899429  0.377581 -0.220135    33.176456
-0.250742  0.033233 -0.967483    38.798847
>structures/PheRS-Bβ_PDB_Bact.B_T_thermophilus_1PYS.pdb
-0.425075 -0.832354 -0.355666    67.451418
-0.174013 -0.310457  0.934525     4.540714
-0.888274  0.459133 -0.012873   -21.980729
