>../../../../class1/glu3//data/domains/Catalytic_domain/structures/GluRS-E_AF_Euk_Cyathus_striatus_proteinKAF9013924.1.pdb
-0.221200  0.687865  0.691312    -1.899864
 0.969326  0.077206  0.233335    19.995821
 0.107130  0.721721 -0.683844     2.917977
>../../../../class1/glu3//data/domains/Catalytic_domain/structures/GluRS-E_AF_Euk_Lichtheimia_hyalospora_proteinKAI7879902.1.pdb
 0.089087 -0.125428  0.988095    -7.972576
 0.692441 -0.705290 -0.151959    10.054547
 0.715953  0.697735  0.024019     3.761725
>../../../../class1/glu3//data/domains/Catalytic_domain/structures/GluRS-E_AF_Euk_Medicago_truncatula_gene11407510.pdb
-0.002696  0.484701  0.874676     0.449079
 0.894522 -0.389828  0.218780    16.457575
 0.447016  0.783006 -0.432525     9.027693
>../../../../class1/glu3//data/domains/Catalytic_domain/structures/GluRS-E_AF_Euk_Xylariaceae_sp_FL0804_proteinKAI0483267.1.pdb
-0.060917  0.437513 -0.897146    -9.921910
-0.764314 -0.598524 -0.239986     7.837189
-0.641960  0.671083  0.370857     0.366991
>../../../../class1/glu3//data/domains/Catalytic_domain/structures/GluRS-E_PDB_Euk_Gallus_gallus_7WRU.pdb
 0.316317 -0.911025  0.264533   -42.897772
-0.945518 -0.325419  0.009900    13.348286
 0.077065 -0.253253 -0.964326    88.441604
>../../../../class1/met//data/domains/Catalytic_domain/structures/MetRS_AF_Arch_Aciduliprofundum_boonei_T469_gene8827030.pdb
 0.856608  0.505656  0.102636     0.988578
-0.390937  0.765883 -0.510482     6.096016
-0.336736  0.397159  0.853741     0.026879
>../../../../class1/met//data/domains/Catalytic_domain/structures/MetRS_AF_Arch_Candidatus_Korarchaeum_cryptofilum_OPF8_gene6093355.pdb
-0.156222 -0.219511 -0.963021     3.194249
 0.516801 -0.849048  0.109696     4.267577
-0.841731 -0.480554  0.246084     2.546517
>../../../../class1/met//data/domains/Catalytic_domain/structures/MetRS_AF_Arch_Candidatus_Nitrosopumilus_sediminis_gene13696902.pdb
-0.553529 -0.821034  0.139674     0.966045
-0.815594  0.500452 -0.290438     2.162093
 0.168560 -0.274683 -0.946645     0.990401
>../../../../class1/met//data/domains/Catalytic_domain/structures/MetRS_AF_Arch_Halalkalicoccus_jeotgali_B3_gene9420443.pdb
 0.899088  0.375484  0.225060     1.762842
-0.240545  0.853285 -0.462647     2.733566
-0.365757  0.361823  0.857500    -0.939420
>../../../../class1/met//data/domains/Catalytic_domain/structures/MetRS_AF_Bact_Bacillus_anthracis_str_Ames_Ancestor_gene45024892.pdb
-0.564106  0.740035  0.366241     2.338817
 0.220412 -0.292497  0.930518     2.978602
 0.795740  0.605635  0.001886    -0.015096
>../../../../class1/met//data/domains/Catalytic_domain/structures/MetRS_AF_Bact_Brucella_suis_1330_gene45052047.pdb
-0.116403 -0.279041 -0.953198     1.350350
 0.616745 -0.772574  0.150849     0.637364
-0.778509 -0.570321  0.262027     2.706695
>../../../../class1/met//data/domains/Catalytic_domain/structures/MetRS_AF_Bact_Chlamydia_psittaci_6BC_gene12243105.pdb
 0.954698 -0.289751 -0.067789     1.110134
 0.270931  0.940581 -0.204704    -2.471354
 0.123075  0.177064  0.976474    -0.520484
>../../../../class1/met//data/domains/Catalytic_domain/structures/MetRS_AF_Bact_Mycoplasma_hyopneumoniae_168-L_gene57101263.pdb
 1.000000  0.000000  0.000000     0.000000
 0.000000  1.000000  0.000000     0.000000
 0.000000  0.000000  1.000000     0.000000
>../../../../class1/met//data/domains/Catalytic_domain/structures/MetRS_AF_Bact_Nocardia_farcinica_IFM_10152_gene61135500.pdb
 0.196283 -0.693391 -0.693312     0.990559
 0.918203 -0.118123  0.378088    -0.872920
-0.344059 -0.710813  0.613488     3.539405
>../../../../class1/met//data/domains/Catalytic_domain/structures/MetRS_AF_Bact_Prochlorococcus_marinus_subsp_marinus_str_CCMP1375_gene54200313.pdb
-0.918806 -0.384281 -0.090133     0.692514
-0.394704  0.895735  0.204613    -0.000426
 0.002107  0.223576 -0.974684     2.013105
>../../../../class1/met//data/domains/Catalytic_domain/structures/MetRS_AF_Bact_Streptobacillus_moniliformis_DSM_12112_gene29673607.pdb
-0.296196 -0.000925  0.955127    -1.299880
-0.095083 -0.995003 -0.030450     2.919295
 0.950382 -0.099836  0.294629     1.490383
>../../../../class1/met//data/domains/Catalytic_domain/structures/MetRS_AF_Bact_Treponema_denticola_ATCC_35405_gene2740824.pdb
-0.848437 -0.485597  0.210597     2.603232
-0.524805  0.823508 -0.215439     1.934237
-0.068812 -0.293309 -0.953538     3.236742
>../../../../class1/met//data/domains/Catalytic_domain/structures/MetRS_AF_Euk_Drosophila_melanogaster_gene37177.pdb
 0.851658  0.483818 -0.201492    -1.907699
-0.443855  0.461391 -0.768187    -5.552904
-0.278696  0.743665  0.607693    -2.910585
>../../../../class1/met//data/domains/Catalytic_domain/structures/MetRS_AF_Euk_Oryza_sativa_Japonica_Group_gene4341140.pdb
 0.498698  0.810034 -0.308456    -1.396272
-0.517585 -0.007157 -0.855602    -0.413302
-0.695274  0.586339  0.415692    -4.488105
>../../../../class1/met//data/domains/Catalytic_domain/structures/MetRS_AF_Euk_Scheffersomyces_stipitis_CBS_6054_gene4836672.pdb
-0.395888 -0.895971  0.201269    -3.407219
-0.859083  0.283922 -0.425870    -1.016624
 0.324423 -0.341503 -0.882114     7.716240
>../../../../class1/met//data/domains/Catalytic_domain/structures/MetRS_AF_Euk_Trypanosoma_brucei_brucei_TREU927_gene3662741.pdb
-0.073165  0.126875  0.989217    -1.376799
-0.143078 -0.982950  0.115489    -0.841388
 0.987003 -0.133086  0.090070     3.635320
>../../../../class1/met//data/domains/Catalytic_domain/structures/MetRS_AF_Mito_Arvicanthis_niloticus_gene117706247.pdb
-0.019649 -0.672205  0.740104    -2.180851
-0.640256 -0.560093 -0.525707     0.451213
 0.767910 -0.484186 -0.419378     2.080233
>../../../../class1/met//data/domains/Catalytic_domain/structures/MetRS_AF_Mito_Brachypodium_distachyon_gene100843706.pdb
 0.929638  0.363969  0.057447    -0.443534
-0.329987  0.891728 -0.309724     1.212596
-0.163957  0.268975  0.949089     0.769652
>../../../../class1/met//data/domains/Catalytic_domain/structures/MetRS_AF_Vir_Megavirus_chiliensis_gene11256705.pdb
-0.524072 -0.830480  0.188816     2.144456
-0.821989  0.435196 -0.367340     3.117240
 0.222897 -0.347718 -0.910719    -0.053724
>../../../../class1/met//data/domains/Catalytic_domain/structures/MetRS_PDB_Arch_P_abyssi_1RQG.pdb
-0.297852  0.265935  0.916822   -86.320480
-0.070077 -0.963913  0.256828     4.252764
 0.952036  0.012248  0.305740   -45.745670
>../../../../class1/met//data/domains/Catalytic_domain/structures/MetRS_PDB_Bact_E_coli_1PFV.pdb
-0.034759 -0.558821 -0.828560    32.310844
 0.996657 -0.080721  0.012632    -5.698243
-0.073941 -0.825350  0.559758    -9.481235
>../../../../class1/met//data/domains/Catalytic_domain/structures/MetRS_PDB_Bact_T_therm_1WOY.pdb
-0.444092 -0.889616 -0.106608    -4.200249
 0.444029 -0.321865  0.836207  -111.239292
-0.778217  0.324015  0.537953   -58.995760
