>../../../../class2/phe5//data/domains/Catalytic_domain/structures/PheRS-M_AF_Mito_Arabidopsis_thaliana_gene824983.pdb
-0.514675 -0.594799  0.617514    -2.884016
 0.024619 -0.730184 -0.682806     6.059726
 0.857032 -0.336221  0.390451     1.530839
>../../../../class2/phe5//data/domains/Catalytic_domain/structures/PheRS-M_AF_Mito_Babesia_bovis_T2Bo_gene5478469.pdb
-0.790013 -0.611649  0.042017    -1.671139
-0.517526  0.702047  0.489180     0.701288
-0.328704  0.364713 -0.871170    -2.589240
>../../../../class2/phe5//data/domains/Catalytic_domain/structures/PheRS-M_AF_Mito_Candida_albicans_SC5314_gene3638806.pdb
 0.422321 -0.865507 -0.269336     1.442888
 0.498809  0.470003 -0.728208     3.622512
 0.756858  0.173190  0.630215    -1.754874
>../../../../class2/phe5//data/domains/Catalytic_domain/structures/PheRS-M_AF_Mito_Crassostrea_gigas_gene105329377.pdb
 0.383272 -0.271516 -0.882826    -0.956910
-0.254440 -0.949871  0.181672     6.525433
-0.887898  0.154997 -0.433143   -11.248826
>../../../../class2/phe5//data/domains/Catalytic_domain/structures/PheRS-M_AF_Mito_Drosophila_melanogaster_gene36547.pdb
 1.000000  0.000000  0.000000     0.000000
 0.000000  1.000000  0.000000     0.000000
 0.000000  0.000000  1.000000     0.000000
>../../../../class2/phe5//data/domains/Catalytic_domain/structures/PheRS-M_AF_Mito_Syngnathus_acus_gene119139175.pdb
 0.975748  0.050003 -0.213109    -0.577849
 0.208075  0.090445  0.973922     5.009058
 0.067973 -0.994645  0.077847    -5.827986
>../../../../class2/phe5//data/domains/Catalytic_domain/structures/PheRS-M_PDB_Mito.H_sapiens_3CMQ.pdb
 0.227544 -0.864720  0.447754    13.047252
 0.922592  0.338546  0.184961    -7.371152
-0.311525  0.371007  0.874818   -26.487320
>../../../../class2/pro3//data/domains/Catalytic_domain/structures/ProRS-M_AF_Euk_Candida_albicans_SC5314_gene3640100.pdb
 0.953824  0.234994  0.187079    -3.916521
-0.034793  0.705081 -0.708273    -3.542007
-0.298345  0.669058  0.680699    -9.548478
>../../../../class2/pro3//data/domains/Catalytic_domain/structures/ProRS-M_AF_Mito_Drosophila_melanogaster_gene38331.pdb
-0.361200 -0.823814  0.436880    -4.768757
-0.875600  0.460776  0.144952    -5.981204
-0.320717 -0.330175 -0.887764    -3.071046
>../../../../class2/pro3//data/domains/Catalytic_domain/structures/ProRS-M_AF_Mito_Mauremys_reevesii_gene120369760.pdb
 0.068392  0.494984 -0.866206    -6.522359
 0.517924 -0.759691 -0.393224    -2.787110
-0.852689 -0.421735 -0.308321    -7.031775
>../../../../class2/pro3//data/domains/Catalytic_domain/structures/ProRS-M_AF_Mito_Schizosaccharomyces_pombe_gene2540642.pdb
 0.996542 -0.000364 -0.083086    -4.264567
-0.052340  0.773882 -0.631163    -5.390799
 0.064529  0.633329  0.771187    -5.275357
