>structures/GlyRS-A_AF_Arch_Candidatus_Nitrosopumilus_sediminis_gene13697160.pdb
 1.000000  0.000000  0.000000     0.000000
 0.000000  1.000000  0.000000     0.000000
 0.000000  0.000000  1.000000     0.000000
>structures/GlyRS-A_AF_Arch_Candidatus_Woesearchaeota_archaeon_proteinMBT4248212.1.pdb
 0.082124  0.478458 -0.874262    -1.289182
-0.203873 -0.850609 -0.484665     3.034182
-0.975547  0.218041  0.027690    -0.697628
>structures/GlyRS-A_AF_Arch_Sulfolobus_islandicus_YN1551_gene7810979.pdb
-0.266565 -0.530917  0.804407     4.087026
-0.476154 -0.653102 -0.588842     0.561219
 0.837986 -0.539987 -0.078704    -0.305920
>structures/GlyRS-A_AF_Arch_Thermoplasma_acidophilum_DSM_1728_gene1455843.pdb
 0.974680 -0.223556  0.004729     2.045867
 0.220065  0.962779  0.156931    -0.390986
-0.039635 -0.151917  0.987598     1.389404
