>../../../../class2/lys//data/domains/Catalytic_domain/structures/LysRS-II_AF_Arch_Aciduliprofundum_boonei_T469_gene8827564.pdb
-0.228830 -0.746045 -0.625343   -25.549418
-0.569804 -0.418192  0.707417     3.676980
-0.789278  0.518201 -0.329405    57.094038
>../../../../class2/lys//data/domains/Catalytic_domain/structures/LysRS-II_AF_Arch_Archaeoglobus_sulfaticallidus_PM70-1_gene15393615.pdb
-0.415723  0.436860 -0.797701   -31.487666
-0.908457 -0.157639  0.387113     0.933651
 0.043366  0.885609  0.462403    56.074938
>../../../../class2/lys//data/domains/Catalytic_domain/structures/LysRS-II_AF_Arch_Candidatus_Woesearchaeota_archaeon_proteinMBS3172198.1.pdb
 0.142718  0.919611 -0.365988   -29.044868
-0.788855  0.329015  0.519093     1.540351
 0.597779  0.214627  0.772396    55.455147
>../../../../class2/lys//data/domains/Catalytic_domain/structures/LysRS-II_AF_Arch_Thermogladius_calderae_1633_gene13013549.pdb
 0.276643 -0.923395 -0.266101   -25.327093
-0.345848 -0.354022  0.868940     1.875627
-0.896581 -0.148355 -0.417292    57.960798
>../../../../class2/lys//data/domains/Catalytic_domain/structures/LysRS-II_AF_Bact_Chlamydia_muridarum_str_Nigg_gene1245697.pdb
 0.234699 -0.940067 -0.247366   -25.693974
-0.318012 -0.314725  0.894325     3.431800
-0.918578 -0.131232 -0.372818    58.631546
>../../../../class2/lys//data/domains/Catalytic_domain/structures/LysRS-II_AF_Bact_Cupriavidus_taiwanensis_LMG_19424_gene29762375.pdb
-0.374762  0.534011 -0.757882   -32.582068
-0.921385 -0.123733  0.368428    -2.152536
 0.102970  0.836374  0.538401    56.762461
>../../../../class2/lys//data/domains/Catalytic_domain/structures/LysRS-II_AF_Bact_Leuconostoc_gelidum_JB7_gene61037106.pdb
-0.411952  0.544273 -0.730796   -26.718204
-0.910111 -0.285058  0.300731     0.081362
-0.044639  0.788993  0.612779    57.332551
>../../../../class2/lys//data/domains/Catalytic_domain/structures/LysRS-II_AF_Bact_Mycobacterium_intracellulare_ATCC_13950_gene11907187.pdb
-0.413138  0.341121 -0.844365   -32.220782
-0.907918 -0.226292  0.352812    -1.478405
-0.070721  0.912375  0.403200    55.690576
>../../../../class2/lys//data/domains/Catalytic_domain/structures/LysRS-II_AF_Bact_Mycoplasma_hyopneumoniae_168-L_gene57101062.pdb
-0.446867  0.537341 -0.715244   -25.138087
-0.894451 -0.282955  0.346257     1.255060
-0.016324  0.794482  0.607069    56.628107
>../../../../class2/lys//data/domains/Catalytic_domain/structures/LysRS-II_AF_Bact_Porphyromonas_gingivalis_ATCC_33277_gene29256363.pdb
-0.048593 -0.666335 -0.744068   -24.672217
-0.635500 -0.554088  0.537705     4.745886
-0.770570  0.498983 -0.396531    56.370511
>../../../../class2/lys//data/domains/Catalytic_domain/structures/LysRS-II_AF_Bact_Prochlorococcus_marinus_subsp_marinus_str_CCMP1375_gene54201108.pdb
-0.401578  0.278737 -0.872376   -25.987208
-0.881942 -0.374406  0.286353     0.911422
-0.246806  0.884379  0.396183    57.877175
>../../../../class2/lys//data/domains/Catalytic_domain/structures/LysRS-II_AF_Bact_Streptobacillus_moniliformis_DSM_12112_gene29673899.pdb
-0.401767  0.016656 -0.915590   -31.386757
-0.857617 -0.357380  0.369827    -1.425395
-0.321054  0.933810  0.157868    53.804371
>../../../../class2/lys//data/domains/Catalytic_domain/structures/LysRS-II_AF_Euk_Ostreococcus_tauri_gene9837657.pdb
-0.348812  0.535760 -0.768955   -32.888923
-0.930474 -0.099904  0.352473    -0.315178
 0.112019  0.838440  0.533358    56.455692
>../../../../class2/lys//data/domains/Catalytic_domain/structures/LysRS-II_AF_Euk_Solanum_lycopersicum_gene778357.pdb
-0.665791  0.731142 -0.148840   -28.670964
 0.600348  0.406481 -0.688735    -0.152204
-0.443063 -0.547909 -0.709571    58.805519
>../../../../class2/lys//data/domains/Catalytic_domain/structures/LysRS-II_AF_Euk_Theileria_annulata_gene3864794.pdb
-0.231792  0.933236  0.274489   -30.243317
 0.826830  0.337666 -0.449816    -3.165647
-0.512469  0.122692 -0.849895    56.662463
>../../../../class2/lys//data/domains/Catalytic_domain/structures/LysRS-II_AF_Euk_Zootoca_vivipara_gene118086243.pdb
 0.485061  0.867616  0.109357   -26.571511
-0.688357  0.301697  0.659654    -0.443338
 0.539333 -0.395249  0.743571    60.963172
>../../../../class2/lys//data/domains/Catalytic_domain/structures/LysRS-II_AF_Mito_Malus_domestica_gene103446975.pdb
-0.246441  0.668414 -0.701776   -32.604080
-0.938657  0.015616  0.344500    -1.835539
 0.241227  0.743625  0.623563    57.410231
>../../../../class2/lys//data/domains/Catalytic_domain/structures/LysRS-II_AF_Mito_Scheffersomyces_stipitis_CBS_6054_gene4837999.pdb
-0.340337  0.668751 -0.661016   -32.472677
-0.931475 -0.143675  0.334233    -2.099750
 0.128547  0.729472  0.671823    58.172538
>../../../../class2/lys//data/domains/Catalytic_domain/structures/LysRS-II_PDB_Bact_G_stearothermophilus_3E9H.pdb
 0.023455  0.852902  0.521544    28.685361
-0.094309 -0.517473  0.850486   -61.795865
 0.995267 -0.069134  0.068299   -13.530071
>../../../../class2/phe1//data/domains/Catalytic_domain/structures/PheRS-Bα_AF_Bact_Brachyspira_pilosicoli_95_1000_gene56440383.pdb
-0.140053 -0.882402 -0.449169   -22.868725
 0.430869  0.354123 -0.830030     1.712718
 0.891480 -0.309781  0.330603    58.818453
>../../../../class2/phe1//data/domains/Catalytic_domain/structures/PheRS-Bα_AF_Bact_Chlamydia_psittaci_6BC_gene12243227.pdb
-0.886450  0.027691 -0.461995   -24.831622
 0.366462  0.651686 -0.664086     0.537614
 0.282687 -0.757983 -0.587835    61.545519
>../../../../class2/phe1//data/domains/Catalytic_domain/structures/PheRS-Bα_AF_Bact_Ferrimonas_balearica_DSM_9799_gene67181906.pdb
 0.558755 -0.765514 -0.319031   -27.749453
-0.362364 -0.571373  0.736360     1.008649
-0.745979 -0.295840 -0.596652    61.282253
>../../../../class2/phe1//data/domains/Catalytic_domain/structures/PheRS-Bα_AF_Bact_Mycobacterium_intracellulare_ATCC_13950_gene11909689.pdb
-0.112843  0.504604 -0.855944   -34.965091
-0.986115 -0.162501  0.034205    -1.013503
-0.121832  0.847920  0.515935    62.309635
>../../../../class2/phe1//data/domains/Catalytic_domain/structures/PheRS-Bα_AF_Bact_Mycoplasma_capricolum_subsp_capricolum_ATCC_27343_gene23778662.pdb
 0.711164 -0.684477 -0.160426   -25.638074
-0.135756 -0.357602  0.923954     3.205663
-0.689794 -0.635304 -0.347236    60.194062
>../../../../class2/phe1//data/domains/Catalytic_domain/structures/PheRS-Bα_AF_Bact_Porphyromonas_gingivalis_ATCC_33277_gene29256875.pdb
-0.514117 -0.511272 -0.688683   -23.286227
 0.646891  0.296108 -0.702746    -1.738017
 0.563219 -0.806797  0.178503    57.866827
>../../../../class2/phe1//data/domains/Catalytic_domain/structures/PheRS-Bα_AF_Bact_Prochlorococcus_marinus_subsp_marinus_str_CCMP1375_gene54200681.pdb
 0.801025  0.588438 -0.110004   -33.498323
-0.414064  0.677333  0.608088     1.089391
 0.432331 -0.441544  0.786211    64.858443
>../../../../class2/phe1//data/domains/Catalytic_domain/structures/PheRS-Bα_AF_Bact_Staphylococcus_argenteus_gene66839332.pdb
 0.995451  0.083377  0.046112   -26.029203
-0.070601  0.320488  0.944618     1.595928
 0.063981 -0.943576  0.324917    65.846112
>../../../../class2/phe1//data/domains/Catalytic_domain/structures/PheRS-Bα_PDB_Bact.A_E_coli_3PCO.pdb
 1.000000 -0.000000  0.000000     0.000000
 0.000000  1.000000  0.000000     0.000000
-0.000000  0.000000  1.000000     0.000000
>../../../../class2/phe1//data/domains/Catalytic_domain/structures/PheRS-Bα_PDB_Bact.A_T_thermophilus_1PYS.pdb
 0.193483 -0.143328  0.970578   -32.523840
-0.575400 -0.817849 -0.006069    52.384867
 0.794656 -0.557297 -0.240711    78.546611
