>../../../../class2//gly1/data/domains/Anticodon_binding_domain_HGPT//structures/GlyRS-A_AF_Arch_Candidatus_Nitrosopumilus_sediminis_gene13697160.pdb
 1.000000  0.000000  0.000000     0.000000
 0.000000  1.000000  0.000000     0.000000
 0.000000  0.000000  1.000000     0.000000
>../../../../class2//gly3/data/domains/Anticodon_binding_domain_HGPT//structures/GlyRS-E_AF_Euk_Cryptococcus_neoformans_var_neoformans_JEC21_gene3258293.pdb
-0.289455 -0.830757  0.475456     1.696193
-0.924945  0.114914 -0.362314     1.748763
 0.246358 -0.544645 -0.801667     0.092812
>../../../../class2//his/data/domains/Anticodon_binding_domain_HGPT//structures/HisRS_AF_Arch_Candidatus_Methanomassiliicoccus_intestinalis_Issoire-Mx1_gene16154026.pdb
-0.613955  0.667086  0.421966     5.617592
 0.347632 -0.251433  0.903290    12.806204
 0.708668  0.701269 -0.077532     1.323967
>../../../../class2//pro1/data/domains/Anticodon_binding_domain_HGPT//structures/ProRS-A_AF_Euk_Ostreococcus_tauri_gene9837972.pdb
 0.873218 -0.467818 -0.136514     3.317566
 0.486265  0.854931  0.180667    -2.287907
 0.032191 -0.224143  0.974024     4.220269
>../../../../class2//pro2/data/domains/Anticodon_binding_domain_HGPT//structures/ProRS-B_AF_Bact_Acinetobacter_baylyi_ADP1_gene45233245.pdb
 0.902795 -0.298581  0.309533    -3.090660
 0.156864  0.898752  0.409437     0.234907
-0.400444 -0.321083  0.858225    -7.991210
>../../../../class2//pro3/data/domains/Anticodon_binding_domain_HGPT//structures/ProRS-M_AF_Mito_Drosophila_melanogaster_gene38331.pdb
-0.000216 -0.860220  0.509924    -7.350132
-0.842728 -0.274355 -0.463183    -1.969165
 0.538339 -0.429827 -0.724872     0.214907
>../../../../class2//thr/data/domains/Anticodon_binding_domain_HGPT//structures/ThrRS_AF_Mito_Oryza_sativa_Japonica_Group_gene4345200.pdb
 0.470508 -0.139166  0.871352     1.182525
 0.126871 -0.966555 -0.222879    -1.559028
 0.873227  0.215416 -0.437116    -7.639250
