>../../../../class1/leu2//data/domains/Catalytic_domain/structures/LeuRS-A_AF_Arch_Aciduliprofundum_boonei_T469_gene8828435.pdb
-0.552409 -0.337853  0.762036    -3.975747
 0.546556  0.543440  0.637142     1.203440
-0.629382  0.768458 -0.115546     4.579023
>../../../../class1/leu2//data/domains/Catalytic_domain/structures/LeuRS-A_AF_Arch_Candidatus_Korarchaeum_cryptofilum_OPF8_gene6093520.pdb
 0.762502  0.271486 -0.587270    -4.369311
 0.468888 -0.857322  0.212470     4.922790
-0.445797 -0.437372 -0.781006     7.614527
>../../../../class1/leu2//data/domains/Catalytic_domain/structures/LeuRS-A_AF_Arch_Candidatus_Nitrosopumilus_koreensis_AR1_gene13725794.pdb
-0.526604  0.140856  0.838360    -3.061872
-0.841269 -0.228204 -0.490091     3.659310
 0.122285 -0.963370  0.238671     7.395110
>../../../../class1/leu2//data/domains/Catalytic_domain/structures/LeuRS-A_AF_Arch_Methanobrevibacter_smithii_ATCC_35061_gene5216355.pdb
-0.514444  0.100734  0.851587    -2.469054
-0.856541 -0.107886 -0.504675     4.151933
 0.041037 -0.989047  0.141784     6.093348
>../../../../class1/leu2//data/domains/Catalytic_domain/structures/LeuRS-A_AF_Euk_Arabidopsis_thaliana_gene837489.pdb
 0.416828  0.205133 -0.885536    -3.943188
-0.063346  0.978390  0.196825     5.486311
 0.906775 -0.025947  0.420815     5.033008
>../../../../class1/leu2//data/domains/Catalytic_domain/structures/LeuRS-A_AF_Euk_Drosophila_melanogaster_gene326262.pdb
-0.599711  0.040602  0.799186    -2.278120
-0.798181 -0.101549 -0.593797     5.537267
 0.057047 -0.994002  0.093308     5.017315
>../../../../class1/leu2//data/domains/Catalytic_domain/structures/LeuRS-A_AF_Euk_Leishmania_major_strain_Friedlin_gene5650139.pdb
-0.639161  0.144375  0.755400    -5.745634
-0.764863 -0.221970 -0.604744     2.991978
 0.080366 -0.964306  0.252301     4.994325
>../../../../class1/leu2//data/domains/Catalytic_domain/structures/LeuRS-A_AF_Euk_Neurospora_crassa_OR74A_gene3879366.pdb
-0.518357 -0.006874  0.855137    -4.618610
-0.855005  0.023465 -0.518089     3.466820
-0.016505 -0.999701 -0.018040     6.638527
>../../../../class1/leu2//data/domains/Catalytic_domain/structures/LeuRS-A_PDB_Arch_P_hori_1WKB.pdb
-0.194479 -0.943737  0.267467    51.651511
 0.407755 -0.325778 -0.852998   -38.313814
 0.892140 -0.056829  0.448170  -108.012027
>../../../../class1/tyr//data/domains/Catalytic_domain/structures/TyrRS_AF_Arch_Candidatus_Korarchaeum_cryptofilum_OPF8_gene6094625.pdb
 0.606837  0.791088  0.076999     0.268842
-0.423146  0.403551 -0.811230     0.931113
-0.672828  0.459702  0.579635     0.703144
>../../../../class1/tyr//data/domains/Catalytic_domain/structures/TyrRS_AF_Arch_Desulfurococcus_amylolyticus_1221n_gene7171652.pdb
 0.991982  0.091171  0.087520    -0.163344
-0.039850  0.882837 -0.467985     1.140034
-0.119933  0.460745  0.879392     2.002489
>../../../../class1/tyr//data/domains/Catalytic_domain/structures/TyrRS_AF_Arch_Methanothermococcus_okinawensis_IH1_gene10772133.pdb
-0.254006 -0.263026 -0.930751     1.298415
 0.783531 -0.620154 -0.038577     2.225581
-0.567063 -0.739071  0.363612     4.972268
>../../../../class1/tyr//data/domains/Catalytic_domain/structures/TyrRS_AF_Arch_Thermoplasma_acidophilum_DSM_1728_gene1456112.pdb
-0.924576 -0.373610  0.074670    -3.704505
-0.266693  0.774600  0.573471    -1.981136
-0.272094  0.510304 -0.815816    -1.342358
>../../../../class1/tyr//data/domains/Catalytic_domain/structures/TyrRS_AF_Bact_Bifidobacterium_animalis_subsp_lactis_BLC1_gene66533077.pdb
 0.979612  0.195627  0.045727     5.070051
-0.193267  0.979800 -0.051369    -0.111943
-0.054853  0.041484  0.997632    -1.769033
>../../../../class1/tyr//data/domains/Catalytic_domain/structures/TyrRS_AF_Bact_Brachyspira_pilosicoli_95_1000_gene56440491.pdb
-0.984735  0.173400 -0.015129    -3.033122
 0.101738  0.643926  0.758293     2.503812
 0.141230  0.745179 -0.651738    -1.443799
>../../../../class1/tyr//data/domains/Catalytic_domain/structures/TyrRS_AF_Bact_Chlamydia_psittaci_6BC_gene12242888.pdb
 1.000000  0.000000  0.000000     0.000000
 0.000000  1.000000  0.000000     0.000000
 0.000000  0.000000  1.000000     0.000000
>../../../../class1/tyr//data/domains/Catalytic_domain/structures/TyrRS_AF_Bact_Lactococcus_lactis_subsp_cremoris_KW2_gene61108704.pdb
 0.998388  0.001650  0.056740     4.242017
-0.002599  0.999858  0.016658     1.114459
-0.056704 -0.016779  0.998250    -2.366258
>../../../../class1/tyr//data/domains/Catalytic_domain/structures/TyrRS_AF_Bact_Porphyromonas_gingivalis_ATCC_33277_gene29255602.pdb
-0.984458 -0.009260 -0.175378    -0.694877
-0.074026  0.927443  0.366565    -0.857487
 0.159259  0.373850 -0.913714    -4.295008
>../../../../class1/tyr//data/domains/Catalytic_domain/structures/TyrRS_AF_Bact_Prochlorococcus_marinus_subsp_marinus_str_CCMP1375_gene54200747.pdb
 0.538952 -0.486866 -0.687380     1.098023
 0.804816  0.056796  0.590801    -0.160887
-0.248601 -0.871628  0.422448     1.082098
>../../../../class1/tyr//data/domains/Catalytic_domain/structures/TyrRS_AF_Bact_Serratia_plymuthica_AS9_gene57666950.pdb
 0.365891 -0.867408 -0.337234     5.865299
 0.838366  0.149880  0.524098    -1.080217
-0.404062 -0.474488  0.782045    -1.974176
>../../../../class1/tyr//data/domains/Catalytic_domain/structures/TyrRS_AF_Bact_Streptobacillus_moniliformis_DSM_12112_gene29673957.pdb
 0.612026 -0.769609 -0.182003     6.052931
 0.752428  0.495820  0.433607     5.147981
-0.243467 -0.402323  0.882530     3.718397
>../../../../class1/tyr//data/domains/Catalytic_domain/structures/TyrRS_AF_Euk_Cryptococcus_neoformans_var_neoformans_JEC21_gene3254328.pdb
 0.964773 -0.228811 -0.129843     4.189223
 0.254546  0.936571  0.240918    -0.280168
 0.066483 -0.265482  0.961821    -0.943943
>../../../../class1/tyr//data/domains/Catalytic_domain/structures/TyrRS_AF_Euk_Drosophila_melanogaster_gene39829.pdb
-0.711634 -0.601517  0.362980    -5.151864
 0.477548 -0.035209  0.877900     2.493602
-0.515292  0.798084  0.312309    -6.232057
>../../../../class1/tyr//data/domains/Catalytic_domain/structures/TyrRS_AF_Euk_Plasmodium_falciparum_3D7_gene2655248.pdb
 0.899144  0.318973  0.299661     0.565015
 0.093641  0.528630 -0.843672    -0.533925
-0.427518  0.786643  0.445445     3.634416
>../../../../class1/tyr//data/domains/Catalytic_domain/structures/TyrRS_AF_Euk_Seriola_dumerili_gene111223086.pdb
-0.721821 -0.446301 -0.528952    -6.944262
 0.361478 -0.894880  0.261770     3.896666
-0.590176 -0.002254  0.807271    -5.944034
>../../../../class1/tyr//data/domains/Catalytic_domain/structures/TyrRS_AF_Mito_Aspergillus_fumigatus_Af293_gene3509181.pdb
-0.396029  0.808904  0.434553    -1.136398
-0.846300 -0.505164  0.169071    -6.635852
 0.356282 -0.300805  0.884635     8.904740
>../../../../class1/tyr//data/domains/Catalytic_domain/structures/TyrRS_AF_Mito_Cyanidioschyzon_merolae_strain_10D_gene16996209.pdb
 0.987423 -0.129713 -0.090395     4.104312
 0.153104  0.927139  0.342014    -0.066055
 0.039445 -0.351552  0.935337     0.364238
>../../../../class1/tyr//data/domains/Catalytic_domain/structures/TyrRS_AF_Vir_Megavirus_chiliensis_gene11257765.pdb
-0.580924 -0.181459 -0.793473    -0.379093
 0.394628 -0.915389 -0.079578    -0.888728
-0.711896 -0.359355  0.603380     7.791476
>../../../../class1/tyr//data/domains/Catalytic_domain/structures/TyrRS_PDB_Arch_M_jannashii_1U7D.pdb
-0.215883  0.959698  0.179931   -48.162306
 0.976126  0.216641  0.015667   -11.816671
-0.023945  0.179018 -0.983554    12.810646
>../../../../class1/tyr//data/domains/Catalytic_domain/structures/TyrRS_PDB_E_coli_Bact_1WQ4.pdb
 0.377422  0.386723  0.841426   -60.941039
-0.919749  0.050799  0.389206     4.053012
 0.107771 -0.920796  0.374860   -10.353316
>../../../../class1/tyr//data/domains/Catalytic_domain/structures/TyrRS_PDB_Vir_Acanthamoeba_polyphaga_mimivirus_2J5B.pdb
 0.649492 -0.381198  0.657912   -38.563302
-0.044966  0.844484  0.533690   -83.958680
-0.759038 -0.376211  0.531344    44.377824
