>../../../../class1/gln//data/domains/Catalytic_domain/structures/GlnRS_AF_Bact_Anaerostipes_hadrus_gene15230984.pdb
-0.715876  0.461011 -0.524396     6.164445
-0.119298  0.659236  0.742412     5.911006
 0.687961  0.594034 -0.416933    -9.894361
>../../../../class1/gln//data/domains/Catalytic_domain/structures/GlnRS_AF_Bact_Cutibacterium_avidum_44067_gene29843447.pdb
-0.499201  0.863836 -0.067726     6.828280
 0.096156  0.132907  0.986453     5.068958
 0.861135  0.485926 -0.149410   -10.402647
>../../../../class1/gln//data/domains/Catalytic_domain/structures/GlnRS_AF_Bact_Pasteurella_multocida_subsp_multocida_str_Pm70_gene1243875.pdb
-0.527827  0.849123  0.019698     5.454067
 0.425174  0.244075  0.871582     4.316602
 0.735273  0.468420 -0.489854   -11.397157
>../../../../class1/gln//data/domains/Catalytic_domain/structures/GlnRS_AF_Bact_Porphyromonas_gingivalis_ATCC_33277_gene29257033.pdb
-0.779949  0.114166 -0.615341     6.738353
-0.255767  0.839219  0.479890     4.570322
 0.571194  0.531674 -0.625349    -9.203106
>../../../../class1/gln//data/domains/Catalytic_domain/structures/GlnRS_AF_Bact_Thermus_thermophilus_HB8_gene3168786.pdb
 0.532472 -0.834207  0.143431     7.415887
 0.685318  0.524332  0.505387     5.135126
-0.496803 -0.170809  0.850889    -8.343653
>../../../../class1/gln//data/domains/Catalytic_domain/structures/GlnRS_AF_Euk_Candida_dubliniensis_CD36_gene8049124.pdb
-0.852624  0.459164 -0.249401     8.035532
-0.000378  0.476757  0.879035     2.193978
 0.522525  0.749581 -0.406321    -7.673588
>../../../../class1/gln//data/domains/Catalytic_domain/structures/GlnRS_AF_Euk_Dictyostelium_discoideum_AX4_gene8627167.pdb
 0.735997 -0.002897  0.676979     6.410083
 0.304466  0.894569 -0.327180     0.608671
-0.604657  0.446920  0.659282    -5.433645
>../../../../class1/gln//data/domains/Catalytic_domain/structures/GlnRS_AF_Euk_Encephalitozoon_romaleae_SJ-2008_gene20564565.pdb
 0.889033 -0.251375  0.382663     6.775837
 0.264634  0.964170  0.018553     2.568045
-0.373616  0.084771  0.923702    -8.068774
>../../../../class1/gln//data/domains/Catalytic_domain/structures/GlnRS_AF_Euk_Myodes_glareolus_gene125393344.pdb
 0.425129 -0.190209  0.884921    -0.521542
-0.618905 -0.774488  0.130859     4.045893
 0.660470 -0.603314 -0.446979   -11.000206
>../../../../class1/gln//data/domains/Catalytic_domain/structures/GlnRS_AF_Mito_Cyanidioschyzon_merolae_strain_10D_gene16997184.pdb
 0.619415 -0.718470  0.316426    10.102652
 0.651303  0.695328  0.303848     2.049048
-0.438325  0.017881  0.898639    -7.873172
>../../../../class1/gln//data/domains/Catalytic_domain/structures/GlnRS_Bact_D_radio_2HZ7.pdb
 0.826093 -0.040197 -0.562099    26.368996
-0.476013 -0.583664 -0.657836    90.463920
-0.301634  0.811000 -0.501294    -2.615027
>../../../../class1/gln//data/domains/Catalytic_domain/structures/GlnRS_Bact_E_coli_1QTQ.pdb
-0.062781 -0.301036  0.951544     0.450626
 0.723228 -0.670736 -0.164481   -10.497596
 0.687750  0.677857  0.259827   -52.123567
>../../../../class1/gln//data/domains/Catalytic_domain/structures/GlnRS_PDB_Euk_T_gondii_4P2B.pdb
 0.954506  0.073224  0.289062   -98.816918
 0.289900 -0.000850 -0.957057    31.104703
-0.069834  0.997315 -0.022039   -55.320117
>../../../../class1/trp//data/domains/Catalytic_domain/structures/TrpRS_AF_Arch_Natrialba_magadii_ATCC_43099_gene8824932.pdb
 0.270404  0.539439 -0.797426     2.769458
-0.050350 -0.819224 -0.571259    -3.549392
-0.961430  0.194621 -0.194360    -1.053388
>../../../../class1/trp//data/domains/Catalytic_domain/structures/TrpRS_AF_Arch_Nitrosopumilus_maritimus_SCM1_gene5773245.pdb
 0.248068  0.437763 -0.864191     5.045650
 0.091151 -0.898665 -0.429061    -3.255555
-0.964445  0.027664 -0.262833    -1.282465
>../../../../class1/trp//data/domains/Catalytic_domain/structures/TrpRS_AF_Arch_Sulfolobus_islandicus_M1627_gene7814138.pdb
-0.078217 -0.087817  0.993061     4.463760
-0.102527 -0.990123 -0.095632    -1.823191
 0.991650 -0.109296  0.068440     2.163628
>../../../../class1/trp//data/domains/Catalytic_domain/structures/TrpRS_AF_Arch_Thermoplasma_acidophilum_DSM_1728_gene1456706.pdb
 0.289653 -0.739245 -0.607963     1.276310
 0.937152  0.348151  0.023159    -7.612403
 0.194542 -0.576462  0.793628     0.869989
>../../../../class1/trp//data/domains/Catalytic_domain/structures/TrpRS_AF_Bact_Anoxybacillus_flavithermus_WK1_gene7038388.pdb
 0.020579 -0.292468  0.956054     3.192418
-0.476859 -0.843349 -0.247726     0.172627
 0.878739 -0.450805 -0.156821     4.893906
>../../../../class1/trp//data/domains/Catalytic_domain/structures/TrpRS_AF_Bact_Brachyspira_pilosicoli_95_1000_gene56440833.pdb
 1.000000  0.000000  0.000000     0.000000
 0.000000  1.000000  0.000000     0.000000
 0.000000  0.000000  1.000000     0.000000
>../../../../class1/trp//data/domains/Catalytic_domain/structures/TrpRS_AF_Bact_Helicobacter_cinaedi_PAGU611_gene66538868.pdb
-0.027284 -0.009780  0.999580     2.925854
-0.282155 -0.959217 -0.017087     1.324072
 0.958981 -0.282503  0.023412     5.055597
>../../../../class1/trp//data/domains/Catalytic_domain/structures/TrpRS_AF_Bact_Mycoplasma_hyopneumoniae_168-L_gene57101461.pdb
-0.009865  0.092309  0.995682     2.446551
-0.067747 -0.993504  0.091436     2.886037
 0.997654 -0.066552  0.016054     3.506061
>../../../../class1/trp//data/domains/Catalytic_domain/structures/TrpRS_AF_Bact_Porphyromonas_gingivalis_ATCC_33277_gene29255389.pdb
-0.958934  0.093583  0.267744     1.087439
 0.276060  0.524575  0.805364     0.528074
-0.065083  0.846205 -0.528868    -0.624916
>../../../../class1/trp//data/domains/Catalytic_domain/structures/TrpRS_AF_Bact_Prochlorococcus_marinus_subsp_marinus_str_CCMP1375_gene54200405.pdb
 0.009562  0.331854 -0.943282    -2.609676
 0.198584 -0.925166 -0.323468     2.615020
-0.980037 -0.184228 -0.074747    -4.455111
>../../../../class1/trp//data/domains/Catalytic_domain/structures/TrpRS_AF_Bact_Streptomyces_albidoflavus_gene15147734.pdb
-0.795386  0.345048  0.498301     0.469025
 0.541232  0.034283  0.840174     0.054479
 0.272817  0.937959 -0.214019     0.810078
>../../../../class1/trp//data/domains/Catalytic_domain/structures/TrpRS_AF_Bact_Thermus_thermophilus_HB8_gene3168998.pdb
 0.158672 -0.035707 -0.986685     0.760997
 0.676679 -0.723794  0.135012    -0.181783
-0.718978 -0.689092 -0.090684     0.064102
>../../../../class1/trp//data/domains/Catalytic_domain/structures/TrpRS_AF_Euk_Cryptococcus_neoformans_var_neoformans_JEC21_gene3254069.pdb
 0.692627 -0.142197 -0.707140     2.822066
 0.575477  0.699981  0.422909    -2.948944
 0.434848 -0.699862  0.566657    -1.883851
>../../../../class1/trp//data/domains/Catalytic_domain/structures/TrpRS_AF_Euk_Cyanidioschyzon_merolae_strain_10D_gene16993299.pdb
 0.269208  0.068800 -0.960622     4.248221
 0.641588 -0.756695  0.125606    -2.657498
-0.718256 -0.650138 -0.247849    -1.958558
>../../../../class1/trp//data/domains/Catalytic_domain/structures/TrpRS_AF_Euk_Drosophila_melanogaster_gene45399.pdb
 0.179113  0.061705 -0.981892     1.578479
 0.365937 -0.930603  0.008271     0.174165
-0.913241 -0.360791 -0.189263    -6.183770
>../../../../class1/trp//data/domains/Catalytic_domain/structures/TrpRS_AF_Euk_Saccharomyces_cerevisiae_S288C_gene854056.pdb
 0.926672  0.177215 -0.331472     2.297086
-0.332450  0.797899 -0.502826    -3.225443
 0.175373  0.576152  0.798306    -2.126901
>../../../../class1/trp//data/domains/Catalytic_domain/structures/TrpRS_AF_Mito_Bufo_gargarizans_gene122922343.pdb
 0.495847 -0.399549 -0.771036     1.072913
 0.841745  0.002802  0.539868     0.143769
-0.213543 -0.916707  0.337708    -0.915659
>../../../../class1/trp//data/domains/Catalytic_domain/structures/TrpRS_AF_Mito_Cyanidioschyzon_merolae_strain_10D_gene16992222.pdb
 0.978163 -0.187876 -0.088880     5.435840
 0.184275  0.981741 -0.047197    -1.568529
 0.096124  0.029788  0.994924     3.033526
>../../../../class1/trp//data/domains/Catalytic_domain/structures/TrpRS_AF_Vir_Megavirus_chiliensis_gene11257301.pdb
 0.351494  0.372290 -0.858983     3.208407
 0.261571 -0.920044 -0.291720    -3.275417
-0.898906 -0.122147 -0.420770    -0.588873
>../../../../class1/trp//data/domains/Catalytic_domain/structures/TrpRS_PDB_Arch_P_hori_3JXE.pdb
 0.061880  0.997873 -0.020485   -22.526917
-0.411287  0.044194  0.910434   -28.041135
 0.909403 -0.047912  0.413147    33.900171
>../../../../class1/trp//data/domains/Catalytic_domain/structures/TrpRS_PDB_Bact_G_stearo_1I6M.pdb
-0.533721  0.655477 -0.534314    38.596006
-0.475234 -0.755105 -0.451629    59.814902
-0.699496  0.012880  0.714521     9.730141
>../../../../class1/trp//data/domains/Catalytic_domain/structures/TrpRS_PDB_Bact_Y_pestis_3N9I.pdb
 0.871802 -0.474069  0.123368     3.855854
 0.363353  0.794722  0.486201   -77.420688
-0.328536 -0.379045  0.865095    24.316217
>../../../../class1/trp//data/domains/Catalytic_domain/structures/TrpRS_PDB_Euk_S_Cerevisiae_3KT3.pdb
-0.336997  0.580910 -0.740929   -82.699460
 0.931487  0.091217 -0.352152   130.856519
-0.136983 -0.808840 -0.571850   -12.263929
