>structures/GlyRS-E_AF_Arch_Methanosalsum_zhilinae_DSM_4017_gene10821854.pdb
 0.012995 -0.633117  0.773947    -0.653973
-0.670296 -0.579866 -0.463098    -0.752078
 0.741980 -0.512755 -0.431911    -0.090243
>structures/GlyRS-E_AF_Euk_Cryptococcus_neoformans_var_neoformans_JEC21_gene3258293.pdb
 1.000000  0.000000  0.000000     0.000000
 0.000000  1.000000  0.000000     0.000000
 0.000000  0.000000  1.000000     0.000000
>structures/GlyRS-E_AF_Euk_Girardinichthys_multiradiatus_gene124858359.pdb
 0.023484 -0.755390  0.654854     0.124171
-0.721385 -0.466303 -0.512021     0.528884
 0.692136 -0.460378 -0.555877     1.647409
>structures/GlyRS-E_AF_Euk_Plasmodium_yoelii_gene3801472.pdb
 0.108376 -0.265218  0.958078     0.869705
-0.369065 -0.905612 -0.208947    -1.954222
 0.923063 -0.330949 -0.196029     0.017803
>structures/GlyRS-E_AF_Euk_Schizosaccharomyces_pombe_gene2543181.pdb
-0.074925 -0.833110  0.548009    -1.326560
-0.840181 -0.243259 -0.484686     0.130183
 0.537105 -0.496742 -0.681737     1.525115
>structures/GlyRS-E_PDB_Euk_H_sapiens_2q5h.pdb
-0.972992 -0.212108  0.091088    92.192741
-0.132336  0.835853  0.532764    74.187741
-0.189140  0.506321 -0.841347   -96.180000
