>structures/ProRS-M_AF_Euk_Candida_albicans_SC5314_gene3640100.pdb
 0.669787 -0.458977 -0.583717     4.931661
 0.691441  0.098897  0.715632    -3.647739
-0.270731 -0.882926  0.383596     1.315492
>structures/ProRS-M_AF_Mito_Acanthaster_planci_gene110989971.pdb
-0.577300  0.535674  0.616262    -0.308374
 0.579610 -0.262763  0.771367     0.154761
 0.575132  0.802502 -0.158789     1.688122
>structures/ProRS-M_AF_Mito_Drosophila_melanogaster_gene38331.pdb
 0.094259 -0.006615  0.995526    -1.120921
 0.012371 -0.999893 -0.007816    -0.786246
 0.995471  0.013052 -0.094167     2.304074
>structures/ProRS-M_AF_Mito_Mauremys_reevesii_gene120369760.pdb
 0.833829  0.542049 -0.104459     1.787231
-0.483721  0.626286 -0.611376    -5.050197
-0.265975  0.560312  0.784416     1.200457
>structures/ProRS-M_AF_Mito_Patella_vulgata_gene126818129.pdb
 0.044927 -0.039294  0.998217    -1.724707
 0.025500 -0.998855 -0.040467    -0.789367
 0.998665  0.027272 -0.043874     1.001822
>structures/ProRS-M_AF_Mito_Priapulus_caudatus_gene106814725.pdb
 0.884520  0.466353  0.011789     0.581385
-0.418565  0.804535 -0.421340     0.932646
-0.205978  0.367749  0.906826     0.592094
>structures/ProRS-M_AF_Mito_Saccoglossus_kowalevskii_gene100368006.pdb
 1.000000  0.000000  0.000000     0.000000
 0.000000  1.000000  0.000000     0.000000
 0.000000  0.000000  1.000000     0.000000
>structures/ProRS-M_AF_Mito_Schizosaccharomyces_pombe_gene2540642.pdb
 0.351686 -0.510747 -0.784509     0.838971
 0.855882 -0.164027  0.490470    -1.491573
-0.379187 -0.843939  0.379453     2.030330
