>structures/ProRS-M_AF_Euk_Candida_albicans_SC5314_gene3640100.pdb
 0.293799 -0.191513 -0.936485     1.918916
 0.645048 -0.683287  0.342101     2.669907
-0.705405 -0.704587 -0.077214    -1.125722
>structures/ProRS-M_AF_Mito_Drosophila_melanogaster_gene38331.pdb
-0.190282  0.474240  0.859587    -4.772962
 0.617633 -0.622765  0.480306     1.724185
 0.763101  0.622302 -0.174405    -1.439491
>structures/ProRS-M_AF_Mito_Mauremys_reevesii_gene120369760.pdb
 1.000000  0.000000  0.000000     0.000000
 0.000000  1.000000  0.000000     0.000000
 0.000000  0.000000  1.000000     0.000000
>structures/ProRS-M_AF_Mito_Schizosaccharomyces_pombe_gene2540642.pdb
-0.020783 -0.118195 -0.992773    -2.768184
 0.513760 -0.853114  0.090812     2.174821
-0.857682 -0.508160  0.078454    -1.418364
