>structures/ProRS-M_AF_Euk_Candida_albicans_SC5314_gene3640100.pdb
 0.669343 -0.458241 -0.584803     4.926311
 0.692290  0.098996  0.714797    -3.639829
-0.269656 -0.883298  0.383498     1.269907
>structures/ProRS-M_AF_Mito_Acanthaster_planci_gene110989971.pdb
-0.579729  0.536871  0.612931    -0.283356
 0.578688 -0.258280  0.773571     0.139219
 0.573615  0.803157 -0.160948     1.701716
>structures/ProRS-M_AF_Mito_Drosophila_melanogaster_gene38331.pdb
 0.090767 -0.005265  0.995858    -1.155384
 0.015926 -0.999850 -0.006737    -0.780436
 0.995745  0.016472 -0.090669     2.303055
>structures/ProRS-M_AF_Mito_Homo_sapiens_gene25973.pdb
 0.090997 -0.121170  0.988452    -1.170900
 0.029102 -0.991823 -0.124262    -0.845198
 0.995426  0.040073 -0.086726     0.956082
>structures/ProRS-M_AF_Mito_Mauremys_reevesii_gene120369760.pdb
 0.834328  0.540638 -0.107738     1.732109
-0.484969  0.626906 -0.609749    -5.036948
-0.262112  0.560980  0.785238     1.205947
>structures/ProRS-M_AF_Mito_Patella_vulgata_gene126818129.pdb
 0.041628 -0.037614  0.998425    -1.754700
 0.031058 -0.998759 -0.038922    -0.767630
 0.998650  0.032630 -0.040408     0.984949
>structures/ProRS-M_AF_Mito_Priapulus_caudatus_gene106814725.pdb
 0.886769  0.462134  0.008522     0.542587
-0.416863  0.807594 -0.417155     0.948860
-0.199664  0.366367  0.908796     0.586178
>structures/ProRS-M_AF_Mito_Saccoglossus_kowalevskii_gene100368006.pdb
 0.999997  0.000489 -0.002184    -0.026139
-0.000485  0.999998  0.002007     0.004979
 0.002185 -0.002006  0.999996    -0.003016
>structures/ProRS-M_AF_Mito_Schizosaccharomyces_pombe_gene2540642.pdb
 0.349041 -0.506082 -0.788702     0.788451
 0.856746 -0.168664  0.487379    -1.478210
-0.379680 -0.845833  0.374713     2.020101
