>../../../../class2/asp1//data/domains/Catalytic_domain/structures/AspRS_AF_Arch_Candidatus_Methanomassiliicoccus_intestinalis_Issoire-Mx1_gene16154434.pdb
 0.183948  0.363682  0.913180    -3.450934
-0.127007 -0.912451  0.388976     5.258586
 0.974696 -0.187531 -0.121653     1.536967
>../../../../class2/asp1//data/domains/Catalytic_domain/structures/AspRS_AF_Arch_unclassified_Euryarchaeota_proteinHHT76046.1.pdb
 0.164830  0.133401  0.977259    -6.276577
 0.076741 -0.989542  0.122135     0.721623
 0.983332  0.054865 -0.173343    -2.831254
>../../../../class2/asp1//data/domains/Catalytic_domain/structures/AspRS_AF_Bact_Bacillus_anthracis_str_Ames_Ancestor_gene45024275.pdb
 1.000000  0.000000  0.000000     0.000000
 0.000000  1.000000  0.000000     0.000000
 0.000000  0.000000  1.000000     0.000000
>../../../../class2/asp1//data/domains/Catalytic_domain/structures/AspRS_AF_Bact_Brachyspira_pilosicoli_95_1000_gene56440011.pdb
 0.184812 -0.169938  0.967970    -5.964720
-0.068497 -0.984769 -0.159809     2.767448
 0.980384 -0.036769 -0.193637    -2.296895
>../../../../class2/asp1//data/domains/Catalytic_domain/structures/AspRS_AF_Bact_Chlamydia_muridarum_str_Nigg_gene1246197.pdb
 0.209872 -0.626428  0.750694    -6.489227
-0.647690 -0.664239 -0.373209     2.853129
 0.732429 -0.407890 -0.545137    -1.969039
>../../../../class2/asp1//data/domains/Catalytic_domain/structures/AspRS_AF_Bact_Mycoplasma_hyopneumoniae_168-L_gene57101115.pdb
-0.066930  0.743233  0.665676    -6.391191
 0.164247 -0.649863  0.742092     7.657996
 0.984146  0.159004 -0.078578     1.788090
>../../../../class2/asp1//data/domains/Catalytic_domain/structures/AspRS_AF_Bact_Nocardia_cyriacigeorgica_GUH-2_gene45501717.pdb
-0.931177  0.363507 -0.027783    -9.989901
 0.292900  0.791324  0.536671     3.337756
 0.217069  0.491599 -0.843334    -4.359104
>../../../../class2/asp1//data/domains/Catalytic_domain/structures/AspRS_AF_Bact_Porphyromonas_gingivalis_ATCC_33277_gene29255515.pdb
 0.076239 -0.646045 -0.759483    -4.415355
 0.995165  0.096600  0.017726     3.441711
 0.061914 -0.757162  0.650286    -3.342974
>../../../../class2/asp1//data/domains/Catalytic_domain/structures/AspRS_AF_Bact_Prochlorococcus_marinus_subsp_marinus_str_CCMP1375_gene54201182.pdb
 0.133903 -0.486845  0.863164    -1.525886
-0.676753 -0.681202 -0.279229     0.341309
 0.723930 -0.546760 -0.420689     1.084446
>../../../../class2/asp1//data/domains/Catalytic_domain/structures/AspRS_AF_Bact_Xylella_fastidiosa_Temecula1_gene58016479.pdb
-0.952634  0.288862 -0.095121    -4.707997
 0.203356  0.837603  0.507019     0.725799
 0.226132  0.463660 -0.856670    -3.906945
>../../../../class2/asp1//data/domains/Catalytic_domain/structures/AspRS_AF_Mito_Oryza_sativa_Japonica_Group_gene4324505.pdb
-0.174501  0.149260 -0.973278    -8.756238
 0.116008 -0.978444 -0.170851     4.765658
-0.977799 -0.142722  0.153424    -6.941590
>../../../../class2/asp1//data/domains/Catalytic_domain/structures/AspRS_AF_Mito_Oryzias_melastigma_gene112147132.pdb
-0.447286  0.551802  0.703882    -4.758701
 0.477892 -0.517783  0.709591     0.127622
 0.756012  0.653770 -0.032105    -2.492257
>../../../../class2/asp1//data/domains/Catalytic_domain/structures/AspRS_PDB_Bact_E_coli_1c0a.pdb
 0.499266  0.828879  0.252375   -64.331470
 0.761920 -0.558691  0.327631   -19.378810
 0.412566  0.028715 -0.910475   -32.697255
>../../../../class2/ser1//data/domains/Catalytic_domain/structures/SerRS_AF_Arch_Candidatus_Methanomassiliicoccus_intestinalis_Issoire-Mx1_gene16154337.pdb
-0.578423  0.811238  0.085552    -9.274419
-0.212152 -0.250871  0.944487   -10.026823
 0.787666  0.528163  0.317216     1.196589
>../../../../class2/ser1//data/domains/Catalytic_domain/structures/SerRS_AF_Arch_Methanospirillum_hungatei_JF-1_gene3924775.pdb
 0.290326 -0.545458  0.786249    -6.230855
-0.927854  0.040534  0.370734   -11.337723
-0.234089 -0.837158 -0.494337     5.011600
>../../../../class2/ser1//data/domains/Catalytic_domain/structures/SerRS_AF_Arch_Nitrosopumilus_maritimus_SCM1_gene5773574.pdb
-0.367438 -0.109738 -0.923551   -10.620237
 0.930015 -0.034903 -0.365862    -7.806606
 0.007914 -0.993348  0.114882     5.871254
>../../../../class2/ser1//data/domains/Catalytic_domain/structures/SerRS_AF_Arch_Thermoproteus_uzoniensis_768-20_gene10361450.pdb
-0.387221  0.361621 -0.848109   -11.411234
 0.816306 -0.293156 -0.497698    -6.058539
-0.428606 -0.885037 -0.181677     3.879548
>../../../../class2/ser1//data/domains/Catalytic_domain/structures/SerRS_AF_Bact_Bifidobacterium_longum_subsp_longum_JCM_1217_gene69578844.pdb
-0.885111 -0.427172 -0.184666    -5.584405
-0.387865  0.457842  0.799963   -11.388885
-0.257174  0.779682 -0.570926     1.561774
>../../../../class2/ser1//data/domains/Catalytic_domain/structures/SerRS_AF_Bact_Brucella_suis_1330_gene45051948.pdb
-0.213637  0.584703 -0.782612    -8.849639
 0.621267 -0.536923 -0.570737   -10.722138
-0.753914 -0.608142 -0.248550     5.387832
>../../../../class2/ser1//data/domains/Catalytic_domain/structures/SerRS_AF_Bact_Chlamydia_psittaci_6BC_gene12242544.pdb
 0.349956  0.332603  0.875731    -8.814392
-0.809610 -0.362881  0.461355    -9.273502
 0.471235 -0.870455  0.142287     4.199600
>../../../../class2/ser1//data/domains/Catalytic_domain/structures/SerRS_AF_Bact_Clostridium_acetobutylicum_DSM_1731_gene44996495.pdb
-0.438988 -0.120709 -0.890348    -6.385119
 0.883801 -0.236480 -0.403699   -11.702205
-0.161819 -0.964109  0.210495     6.349746
>../../../../class2/ser1//data/domains/Catalytic_domain/structures/SerRS_AF_Bact_Mycoplasma_hyopneumoniae_168-L_gene57101125.pdb
 0.361654 -0.210779  0.908173    -8.625493
-0.892049 -0.361407  0.271353   -11.382762
 0.271025 -0.908271 -0.318730     2.777516
>../../../../class2/ser1//data/domains/Catalytic_domain/structures/SerRS_AF_Bact_Prochlorococcus_marinus_subsp_marinus_str_CCMP1375_gene54200639.pdb
-0.107409  0.880797 -0.461150   -10.676192
 0.637928 -0.294707 -0.711474    -9.722707
-0.762569 -0.370599 -0.530231    -0.745404
>../../../../class2/ser1//data/domains/Catalytic_domain/structures/SerRS_AF_Bact_Streptobacillus_moniliformis_DSM_12112_gene29673293.pdb
-0.284384  0.511466 -0.810881    -8.064799
 0.697635 -0.469749 -0.540964   -10.694009
-0.657595 -0.719540 -0.223227     5.954277
>../../../../class2/ser1//data/domains/Catalytic_domain/structures/SerRS_AF_Bact_Treponema_pallidum_subsp_pertenue_str_SamoaD_gene57879171.pdb
 0.437333 -0.341211  0.832055    -7.508244
-0.894978 -0.074538  0.439839   -10.065640
-0.088058 -0.937027 -0.337974     5.503623
>../../../../class2/ser1//data/domains/Catalytic_domain/structures/SerRS_AF_Euk_Cyanidioschyzon_merolae_strain_10D_gene16995416.pdb
-0.137702 -0.900586  0.412291    -5.322321
-0.800526  0.346316  0.489104   -11.129186
-0.583263 -0.262699 -0.768631     4.479856
>../../../../class2/ser1//data/domains/Catalytic_domain/structures/SerRS_AF_Euk_Thunnus_albacares_gene122982782.pdb
-0.847031 -0.518114 -0.118727    -6.746411
-0.393197  0.460441  0.795858   -13.254828
-0.357678  0.720800 -0.593729     2.186512
>../../../../class2/ser1//data/domains/Catalytic_domain/structures/SerRS_AF_Euk_Trichomonas_vaginalis_G3_gene4762654.pdb
 0.034280 -0.134877  0.990269    -7.185052
-0.975381 -0.220496  0.003732   -10.693589
 0.217847 -0.966017 -0.139115     2.909593
>../../../../class2/ser1//data/domains/Catalytic_domain/structures/SerRS_AF_Euk_Vitis_vinifera_gene100261399.pdb
-0.643675 -0.765284  0.004772    -5.409723
-0.569319  0.482998  0.665274   -11.758353
-0.511428  0.425503 -0.746584     2.934790
>../../../../class2/ser1//data/domains/Catalytic_domain/structures/SerRS_AF_Mito_Cervus_elaphus_gene122688911.pdb
-0.053419  0.881064 -0.469971   -11.550123
 0.567292 -0.360543 -0.740398    -9.611352
-0.821782 -0.306162 -0.480560    -2.357854
>../../../../class2/ser1//data/domains/Catalytic_domain/structures/SerRS_AF_Mito_Drechmeria_coniospora_gene63718051.pdb
 0.239046  0.093887  0.966459    -8.824541
-0.828791 -0.498864  0.253457   -12.187324
 0.505928 -0.861580 -0.041439     1.737180
>../../../../class2/ser1//data/domains/Catalytic_domain/structures/SerRS_PDB_Bact_K_pneumoniae_6h9x.pdb
 0.447955  0.880100 -0.157354    23.855797
 0.463501 -0.078104  0.882647    -0.705465
 0.764528 -0.468320 -0.442914    -7.255897
>../../../../class2/ser1//data/domains/Catalytic_domain/structures/SerRS_PDB_Bact_T_thermophilus_1ser.pdb
 0.543104 -0.482918 -0.686898   -15.320283
-0.652746  0.271757 -0.707157    88.322224
 0.528168  0.832429 -0.167630  -104.760204
>../../../../class2/ser1//data/domains/Catalytic_domain/structures/SerRS_PDB_Mito_B_taurus_1wle.pdb
 0.279071 -0.833727  0.476465   -32.104063
-0.024345 -0.502161 -0.864432    71.123988
 0.959962  0.229638 -0.160435   -63.710726
