>../../../../class2/phe3//data/domains/Catalytic_domain/structures/PheRS-Aα_AF_Arch_Candidatus_Nitrosopumilus_koreensis_AR1_gene13724458.pdb
 0.070534 -0.205303 -0.976153     5.864642
 0.906859 -0.394411  0.148479     6.416087
-0.415489 -0.895707  0.158362    -5.082768
>../../../../class2/phe3//data/domains/Catalytic_domain/structures/PheRS-Aα_AF_Arch_Haloterrigena_turkmenica_DSM_5511_gene8744248.pdb
 0.948585 -0.093066 -0.302530    -2.435177
 0.168050  0.958041  0.232201    11.851333
 0.268226 -0.271103  0.924423     1.361243
>../../../../class2/phe3//data/domains/Catalytic_domain/structures/PheRS-Aα_AF_Arch_Thermoplasma_volcanium_GSS1_gene1441177.pdb
-0.053568 -0.069694  0.996129    -2.147169
 0.061626 -0.995891 -0.066363    13.032411
 0.996661  0.057832  0.057643     2.981545
>../../../../class2/phe3//data/domains/Catalytic_domain/structures/PheRS-Aα_AF_Arch_Thermosphaera_aggregans_DSM_11486_gene9165306.pdb
 0.474841 -0.393456 -0.787222    -7.986639
 0.729453 -0.324479  0.602172    15.636653
-0.492365 -0.860178  0.132931     3.696388
>../../../../class2/phe3//data/domains/Catalytic_domain/structures/PheRS-Aα_AF_Euk_Cyanidioschyzon_merolae_strain_10D_gene16993638.pdb
-0.442597 -0.601651  0.664924    -6.088217
-0.825130 -0.017074 -0.564685     3.797318
 0.351097 -0.798577 -0.488883     3.811604
>../../../../class2/phe3//data/domains/Catalytic_domain/structures/PheRS-Aα_AF_Euk_Megalobrama_amblycephala_gene125266654.pdb
-0.621470  0.327938  0.711500    -9.256530
 0.715982 -0.130929  0.685731    14.264640
 0.318034  0.935582 -0.153430     0.637686
>../../../../class2/phe3//data/domains/Catalytic_domain/structures/PheRS-Aα_AF_Euk_Plasmodium_falciparum_3D7_gene813233.pdb
 0.355000  0.429638 -0.830292   -12.242777
-0.202244 -0.831814 -0.516897     8.463845
-0.912728  0.351420 -0.208403    -2.940115
>../../../../class2/phe3//data/domains/Catalytic_domain/structures/PheRS-Aα_AF_Euk_Schizosaccharomyces_pombe_gene2543647.pdb
 0.817076  0.393346 -0.421504    -5.990273
-0.566920  0.681099 -0.463363     5.023325
 0.104824  0.617562  0.779505     1.985501
>../../../../class2/phe3//data/domains/Catalytic_domain/structures/PheRS-Aα_PDB_Euk.B_H_sapiens_3L4G.C.pdb
 0.832387 -0.529194  0.164578    33.488134
 0.534349  0.687610 -0.491594  -105.778329
 0.146983  0.497138  0.855131   -33.625107
>../../../../class2/pro1//data/domains/Catalytic_domain/structures/ProRS-A_AF_Arch_Candidatus_Nitrosopumilus_sediminis_gene13697692.pdb
-0.472978 -0.843851  0.253391    -4.739441
-0.766109  0.251844 -0.591313     4.109006
 0.435165 -0.473803 -0.765599    -3.017869
>../../../../class2/pro1//data/domains/Catalytic_domain/structures/ProRS-A_AF_Arch_Halogeometricum_borinquense_DSM_11551_gene9994169.pdb
 0.806807  0.590686 -0.012322    -4.656233
-0.525222  0.707527 -0.472808     4.206273
-0.270563  0.387937  0.881079    -2.241108
>../../../../class2/pro1//data/domains/Catalytic_domain/structures/ProRS-A_AF_Arch_Picrophilus_torridus_DSM_9790_gene2845069.pdb
 0.536465  0.831042 -0.146886    -2.695450
-0.631532  0.279872 -0.723076     5.062270
-0.559797  0.480668  0.674970    -2.463839
>../../../../class2/pro1//data/domains/Catalytic_domain/structures/ProRS-A_AF_Arch_Sulfurisphaera_tokodaii_str_7_gene1459472.pdb
-0.071320 -0.670718  0.738275    -4.080870
-0.542663 -0.594943 -0.592925     4.238531
 0.836917 -0.442922 -0.321543    -2.979560
>../../../../class2/pro1//data/domains/Catalytic_domain/structures/ProRS-A_AF_Bact_Bacillus_anthracis_str_Ames_Ancestor_gene45020455.pdb
 0.427490 -0.424178 -0.798327    -3.889793
 0.782547 -0.268515  0.561712     4.517127
-0.452629 -0.864854  0.217152    -2.421600
>../../../../class2/pro1//data/domains/Catalytic_domain/structures/ProRS-A_AF_Bact_Mycoplasma_hyopneumoniae_168-L_gene57101275.pdb
 0.995610  0.092230  0.015946    -4.838699
-0.093317  0.991315  0.092660     3.363893
-0.007261 -0.093741  0.995570    -4.421092
>../../../../class2/pro1//data/domains/Catalytic_domain/structures/ProRS-A_AF_Bact_Porphyromonas_gingivalis_ATCC_33277_gene29256199.pdb
 0.741251  0.671194  0.006731    -4.030694
-0.586379  0.652398 -0.480142     4.900322
-0.326659  0.351959  0.877165    -3.784621
>../../../../class2/pro1//data/domains/Catalytic_domain/structures/ProRS-A_AF_Bact_Thermus_thermophilus_HB8_gene3169620.pdb
 0.928493  0.366362  0.060653    -4.025416
-0.354323  0.922915 -0.150606     3.612089
-0.111153  0.118346  0.986732    -3.871789
>../../../../class2/pro1//data/domains/Catalytic_domain/structures/ProRS-A_AF_Euk_Cryptococcus_gattii_WM276_gene10188341.pdb
 0.922016  0.356309 -0.151428    -5.152505
-0.385279  0.882880 -0.268483     1.062517
 0.038030  0.305888  0.951308    -3.004567
>../../../../class2/pro1//data/domains/Catalytic_domain/structures/ProRS-A_AF_Euk_Ostreococcus_tauri_gene9837972.pdb
 1.000000  0.000000  0.000000     0.000000
 0.000000  1.000000  0.000000     0.000000
 0.000000  0.000000  1.000000     0.000000
>../../../../class2/pro1//data/domains/Catalytic_domain/structures/ProRS-A_AF_Euk_Plasmodium_yoelii_gene3807174.pdb
 0.263905 -0.709810 -0.653088    -5.788736
 0.703806 -0.321284  0.633588     6.769061
-0.659553 -0.626855  0.414780    -1.292016
>../../../../class2/pro1//data/domains/Catalytic_domain/structures/ProRS-A_AF_Euk_Scheffersomyces_stipitis_CBS_6054_gene4840393.pdb
 0.716951  0.654685 -0.239518    -4.893795
-0.625385  0.452209 -0.635925     0.007898
-0.308018  0.605718  0.733642    -5.729874
>../../../../class2/pro1//data/domains/Catalytic_domain/structures/ProRS-A_AF_Mito_Oryza_sativa_Japonica_Group_gene4342480.pdb
 0.967909  0.250031 -0.025236    -0.919339
-0.248893  0.939919 -0.233676    -0.957548
-0.034706  0.232458  0.971987    -1.102229
>../../../../class2/pro1//data/domains/Catalytic_domain/structures/ProRS-A_PDB_Arch_M_janacshii_1nj8.pdb
 0.700973  0.708861 -0.078448  -101.534359
 0.660825 -0.686934 -0.302377   -14.806507
-0.268232  0.160118 -0.949955    54.981729
