>structures/SerRS_AF_Arch_Candidatus_Methanomassiliicoccus_intestinalis_Issoire-Mx1_gene16154337.pdb
 0.257369  0.644466  0.720017   -12.636386
-0.853776  0.500639 -0.142926   -32.490531
-0.452580 -0.577948  0.679078    -6.935286
>structures/SerRS_AF_Arch_Methanospirillum_hungatei_JF-1_gene3924775.pdb
-0.463536 -0.874447  0.143096    -8.894724
 0.443012 -0.088851  0.892102   -31.349345
-0.767382  0.476914  0.428577   -10.359177
>structures/SerRS_AF_Arch_Nitrosopumilus_maritimus_SCM1_gene5773574.pdb
 0.263297 -0.829610 -0.492363    -8.701832
-0.402183  0.369511 -0.837682   -36.043024
 0.876883  0.418579 -0.236364    -6.842941
>structures/SerRS_AF_Arch_Thermoproteus_uzoniensis_768-20_gene10361450.pdb
-0.131245 -0.653355 -0.745588    -9.726441
-0.212414  0.753160 -0.622600   -35.821433
 0.968326  0.076660 -0.237631    -4.289282
>structures/SerRS_AF_Bact_Bifidobacterium_longum_subsp_longum_JCM_1217_gene69578844.pdb
-0.764270  0.626108 -0.154529   -11.334797
-0.637824 -0.769257  0.037739   -29.328266
-0.095244  0.127405  0.987267    -8.924955
>structures/SerRS_AF_Bact_Brucella_suis_1330_gene45051948.pdb
-0.385443 -0.463311 -0.797983    -9.563703
 0.102890  0.837832 -0.536145   -33.922566
 0.916977 -0.288757 -0.275267    -9.440789
>structures/SerRS_AF_Bact_Chlamydia_psittaci_6BC_gene12242544.pdb
 0.156745 -0.678810  0.717390    -9.789831
 0.156310  0.734264  0.660624   -33.378530
-0.975191  0.008586  0.221197    -7.669050
>structures/SerRS_AF_Bact_Clostridium_acetobutylicum_DSM_1731_gene44996495.pdb
 0.083609 -0.905229 -0.416618    -8.241084
-0.389830  0.355051 -0.849689   -31.932882
 0.917084  0.233452 -0.323200   -11.107570
>structures/SerRS_AF_Bact_Mycoplasma_hyopneumoniae_168-L_gene57101125.pdb
-0.040397 -0.958774  0.281284   -11.835133
 0.271112  0.260435  0.926646   -32.570920
-0.961700  0.113693  0.249415    -9.011272
>structures/SerRS_AF_Bact_Prochlorococcus_marinus_subsp_marinus_str_CCMP1375_gene54200639.pdb
-0.342793 -0.038120 -0.938637   -14.633138
 0.201788  0.972865 -0.113204   -32.883041
 0.917483 -0.228211 -0.325799    -5.563236
>structures/SerRS_AF_Bact_Streptobacillus_moniliformis_DSM_12112_gene29673293.pdb
-0.313088 -0.545131 -0.777694    -8.742154
-0.002673  0.819366 -0.573265   -33.537779
 0.949721 -0.177404 -0.257990    -9.682777
>structures/SerRS_AF_Bact_Treponema_pallidum_subsp_pertenue_str_SamoaD_gene57879171.pdb
-0.279277 -0.906440  0.316814    -8.588841
 0.489300  0.149548  0.859198   -32.809482
-0.826190  0.394972  0.401755    -9.066951
>structures/SerRS_AF_Euk_Cyanidioschyzon_merolae_strain_10D_gene16995416.pdb
-0.876305 -0.446681 -0.180460    -8.870742
 0.216164 -0.699331  0.681330   -30.449993
-0.430538  0.558043  0.709383    -9.909095
>structures/SerRS_AF_Euk_Homo_sapiens_gene6301.pdb
-0.222934 -0.473661 -0.852025   -13.490945
-0.071121  0.879594 -0.470378   -36.052899
 0.972236 -0.044266 -0.229779    -5.479731
>structures/SerRS_AF_Euk_Thunnus_albacares_gene122982782.pdb
-0.842008  0.519665 -0.144812   -12.299291
-0.534667 -0.839611  0.095836   -30.237767
-0.071783  0.158121  0.984807   -10.669995
>structures/SerRS_AF_Euk_Trichomonas_vaginalis_G3_gene4762654.pdb
-0.253837 -0.905326  0.340518   -10.637587
 0.019834  0.347102  0.937617   -31.381052
-0.967044  0.244756 -0.070151    -8.780908
>structures/SerRS_AF_Euk_Vitis_vinifera_gene100261399.pdb
-0.941704  0.201611 -0.269343   -10.418166
-0.282029 -0.909559  0.305225   -29.764807
-0.183447  0.363394  0.913396    -9.744956
>structures/SerRS_AF_Mito_Cervus_elaphus_gene122688911.pdb
-0.398436 -0.008420 -0.917157   -16.090906
 0.297943  0.944541 -0.138105   -32.834764
 0.867455 -0.328287 -0.373831    -4.752189
>structures/SerRS_AF_Mito_Drechmeria_coniospora_gene63718051.pdb
 0.125157 -0.849161  0.513089   -12.828613
 0.039977  0.521052  0.852588   -32.134078
-0.991331 -0.086195  0.099161    -9.276133
>structures/SerRS_AF_Mito_Homo_sapiens_gene54938.pdb
-0.368094 -0.178595 -0.912475   -15.479742
 0.174633  0.950634 -0.256511   -33.532858
 0.913241 -0.253768 -0.318735    -4.754539
>structures/SerRS_PDB_Bact_K_pneumoniae_6h9x.pdb
 1.000000  0.000000  0.000000     0.000000
 0.000000  1.000000  0.000000     0.000000
 0.000000  0.000000  1.000000     0.000000
>structures/SerRS_PDB_Bact_T_thermophilus_1ser.pdb
 0.356723  0.546641 -0.757583   -52.714100
 0.289826 -0.835679 -0.466521     3.019376
-0.888116 -0.053148 -0.456536   127.547441
>structures/SerRS_PDB_Mito_B_taurus_1wle.pdb
 0.850445 -0.424368 -0.310894   -35.095634
-0.195918 -0.803965  0.561476   -28.764850
-0.488221 -0.416595 -0.766870    96.785301
>structures/Slimp_AF_Euk_Lingula_anatina_gene106166201.pdb
-0.371430  0.208750 -0.904689   -17.757329
 0.478899  0.877850  0.005940   -33.297274
 0.795421 -0.431049 -0.426030    -7.674874
>structures/Slimp_AF_Mito_Drosophila_melanogaster_proteinAAN13983.pdb
-0.013399 -0.610755 -0.791706   -13.292117
-0.207713  0.776206 -0.595281   -37.554244
 0.978098  0.156472 -0.137263    -7.303319
