>structures/SerRS_AF_Arch_Candidatus_Methanomassiliicoccus_intestinalis_Issoire-Mx1_gene16154337.pdb
 0.085146 -0.641558 -0.762335     2.394076
 0.667602 -0.531231  0.521633     3.034548
-0.739633 -0.553352  0.383073     2.394310
>structures/SerRS_AF_Arch_Methanospirillum_hungatei_JF-1_gene3924775.pdb
 0.450636  0.757673 -0.472079    -0.721907
-0.775826  0.070795 -0.626962     1.530902
-0.441611  0.648783  0.619726    -1.392374
>structures/SerRS_AF_Arch_Nitrosopumilus_maritimus_SCM1_gene5773574.pdb
-0.300070  0.596917  0.744075    -0.351431
 0.735566 -0.351860  0.578910     7.127958
 0.607372  0.721030 -0.333489     0.390594
>structures/SerRS_AF_Arch_Thermoproteus_uzoniensis_768-20_gene10361450.pdb
 0.004169  0.380047  0.924958     0.188564
 0.514236 -0.794108  0.323966     7.607348
 0.857638  0.474296 -0.198745     3.042094
>structures/SerRS_AF_Bact_Bifidobacterium_longum_subsp_longum_JCM_1217_gene69578844.pdb
 0.919267 -0.390698 -0.047998     0.640719
 0.387187  0.875479  0.289177    -0.326073
-0.070960 -0.284415  0.956072     1.156542
>structures/SerRS_AF_Bact_Brucella_suis_1330_gene45051948.pdb
 0.165807  0.247789  0.954520     0.330233
 0.152627 -0.962703  0.223401     4.094075
 0.974276  0.108644 -0.197442    -1.190700
>structures/SerRS_AF_Bact_Chlamydia_psittaci_6BC_gene12242544.pdb
-0.013705  0.429346 -0.903036     0.048150
-0.460248 -0.804471 -0.375498     4.192531
-0.887685  0.410474  0.208630     0.733934
>structures/SerRS_AF_Bact_Clostridium_acetobutylicum_DSM_1731_gene44996495.pdb
-0.131363  0.706708  0.695203    -1.186673
 0.699932 -0.430500  0.569881     1.948038
 0.702025  0.561456 -0.438096    -2.471195
>structures/SerRS_AF_Bact_Mycoplasma_hyopneumoniae_168-L_gene57101125.pdb
 0.135577  0.806069 -0.576082     2.031694
-0.601113 -0.395284 -0.694560     2.491053
-0.787580  0.440457  0.430948     0.191326
>structures/SerRS_AF_Bact_Prochlorococcus_marinus_subsp_marinus_str_CCMP1375_gene54200639.pdb
 0.095478 -0.203175  0.974476     4.113813
 0.077389 -0.974470 -0.210757     3.422472
 0.992419  0.095537 -0.077317     4.027340
>structures/SerRS_AF_Bact_Streptobacillus_moniliformis_DSM_12112_gene29673293.pdb
 0.119193  0.311477  0.942749    -0.475939
 0.281944 -0.921048  0.268660     3.783667
 0.951998  0.233780 -0.197601    -1.495622
>structures/SerRS_AF_Bact_Treponema_pallidum_subsp_pertenue_str_SamoaD_gene57879171.pdb
 0.273241  0.739480 -0.615231    -0.951818
-0.803106 -0.176678 -0.569040     3.368918
-0.529491  0.649580  0.545605    -0.793542
>structures/SerRS_AF_Euk_Cyanidioschyzon_merolae_strain_10D_gene16995416.pdb
 0.843767  0.513967 -0.154581    -1.168193
-0.529787  0.751478 -0.393201     0.817982
-0.085928  0.413665  0.906365    -0.742003
>structures/SerRS_AF_Euk_Thunnus_albacares_gene122982782.pdb
 0.957477 -0.278179 -0.076513     2.183109
 0.288468  0.927574  0.237473    -0.323356
 0.004911 -0.249446  0.968376    -0.475029
>structures/SerRS_AF_Euk_Trichomonas_vaginalis_G3_gene4762654.pdb
 0.413272  0.712973 -0.566459     0.473580
-0.419850 -0.402811 -0.813307     1.773257
-0.808042  0.573945  0.132871     0.499912
>structures/SerRS_AF_Euk_Vitis_vinifera_gene100261399.pdb
 1.000000  0.000000  0.000000     0.000000
 0.000000  1.000000  0.000000     0.000000
 0.000000  0.000000  1.000000     0.000000
>structures/SerRS_AF_Mito_Cervus_elaphus_gene122688911.pdb
 0.126752 -0.207705  0.969945     5.366391
-0.033125 -0.978172 -0.205138     3.268688
 0.991381 -0.006128 -0.130866     5.211799
>structures/SerRS_AF_Mito_Drechmeria_coniospora_gene63718051.pdb
 0.048488  0.671131 -0.739751     2.917868
-0.370237 -0.675786 -0.637368     1.862121
-0.927671  0.304788  0.215710     0.296132
>structures/SerRS_PDB_Bact_K_pneumoniae_6h9x.pdb
-0.941704 -0.282029 -0.183447   -19.993048
 0.201611 -0.909559  0.363394   -21.431161
-0.269343  0.305225  0.913396    15.179902
>structures/SerRS_PDB_Bact_T_thermophilus_1ser.pdb
-0.256666 -0.263907  0.929772     5.298336
-0.510783  0.853719  0.101316    11.115995
-0.820502 -0.448907 -0.353920   146.881889
>structures/SerRS_PDB_Mito_B_taurus_1wle.pdb
-0.654724  0.707417  0.266266     3.860699
 0.176381  0.485526 -0.856244    33.049097
-0.735000 -0.513639 -0.442661   104.207366
