>structures/SerRS_AF_Arch_Candidatus_Methanomassiliicoccus_intestinalis_Issoire-Mx1_gene16154337.pdb
 0.272289 -0.768572 -0.578926     1.206471
 0.780140 -0.175850  0.600382     2.337966
-0.563241 -0.615121  0.551711     3.542175
>structures/SerRS_AF_Arch_Methanospirillum_hungatei_JF-1_gene3924775.pdb
 0.209540  0.750284 -0.627030    -2.266186
-0.735324 -0.301772 -0.606821     2.776786
-0.644508  0.588224  0.488468    -0.211903
>structures/SerRS_AF_Arch_Nitrosopumilus_maritimus_SCM1_gene5773574.pdb
-0.073451  0.473184  0.877896    -0.215833
 0.612391 -0.673372  0.414183     7.404760
 0.787135  0.568038 -0.240314     2.778787
>structures/SerRS_AF_Arch_Thermoproteus_uzoniensis_768-20_gene10361450.pdb
 0.153147  0.138262  0.978483     0.435974
 0.261432 -0.960554  0.094810     7.041956
 0.952995  0.241287 -0.183252     5.431890
>structures/SerRS_AF_Bact_Bifidobacterium_longum_subsp_longum_JCM_1217_gene69578844.pdb
 0.990979 -0.128097  0.039386    -1.393748
 0.126223  0.990893  0.046882     0.024325
-0.045033 -0.041488  0.998124     1.668137
>structures/SerRS_AF_Bact_Brucella_suis_1330_gene45051948.pdb
 0.203388 -0.038132  0.978355    -0.407609
-0.142397 -0.989769 -0.008975     4.705518
 0.968688 -0.137489 -0.206737     0.450528
>structures/SerRS_AF_Bact_Chlamydia_psittaci_6BC_gene12242544.pdb
-0.143612  0.178176 -0.973462    -0.682439
-0.207362 -0.967241 -0.146446     4.444484
-0.967666  0.180827  0.175854     2.325575
>structures/SerRS_AF_Bact_Clostridium_acetobutylicum_DSM_1731_gene44996495.pdb
 0.074712  0.557247  0.826979    -2.528896
 0.517690 -0.730464  0.445442     3.530604
 0.852300  0.394839 -0.343056    -1.226906
>structures/SerRS_AF_Bact_Mycoplasma_hyopneumoniae_168-L_gene57101125.pdb
-0.043028  0.657888 -0.751885     0.710567
-0.398417 -0.701450 -0.590958     2.486968
-0.916195  0.274136  0.292296     1.363010
>structures/SerRS_AF_Bact_Prochlorococcus_marinus_subsp_marinus_str_CCMP1375_gene54200639.pdb
 0.117420 -0.474556  0.872358     2.976071
-0.199641 -0.871782 -0.447370     1.791939
 0.972808 -0.121629 -0.197106     5.100299
>structures/SerRS_AF_Bact_Streptobacillus_moniliformis_DSM_12112_gene29673293.pdb
 0.197363  0.034086  0.979738    -1.295220
-0.008994 -0.999290  0.036578     4.792461
 0.980289 -0.016031 -0.196917     0.138193
>structures/SerRS_AF_Bact_Treponema_pallidum_subsp_pertenue_str_SamoaD_gene57879171.pdb
 0.030154  0.656080 -0.754089    -1.848823
-0.687584 -0.533958 -0.492054     4.354850
-0.725479  0.533337  0.435009     0.776327
>structures/SerRS_AF_Euk_Cyanidioschyzon_merolae_strain_10D_gene16995416.pdb
 0.646459  0.716435 -0.262321    -2.905219
-0.710316  0.439679 -0.549666     2.037626
-0.278463  0.541667  0.793130     0.261621
>structures/SerRS_AF_Euk_Thunnus_albacares_gene122982782.pdb
 1.000000  0.000000  0.000000     0.000000
 0.000000  1.000000  0.000000     0.000000
 0.000000  0.000000  1.000000     0.000000
>structures/SerRS_AF_Euk_Trichomonas_vaginalis_G3_gene4762654.pdb
 0.272615  0.568290 -0.776355    -1.000243
-0.305617 -0.713978 -0.629947     2.146105
-0.912293  0.409001 -0.020962     1.562385
>structures/SerRS_AF_Euk_Vitis_vinifera_gene100261399.pdb
 0.957477  0.288468  0.004911    -1.994666
-0.278179  0.927574 -0.249446     0.788738
-0.076513  0.237473  0.968376     0.703831
>structures/SerRS_AF_Mito_Cervus_elaphus_gene122688911.pdb
 0.116258 -0.477624  0.870838     4.140640
-0.310657 -0.850279 -0.424874     1.088641
 0.943386 -0.221137 -0.247229     6.116864
>structures/SerRS_AF_Mito_Drechmeria_coniospora_gene63718051.pdb
-0.061401  0.442206 -0.894809     1.372392
-0.126084 -0.892755 -0.432540     1.514292
-0.990118  0.086263  0.110571     1.188154
>structures/SerRS_PDB_Bact_K_pneumoniae_6h9x.pdb
-0.842008 -0.534667 -0.071783   -27.289174
 0.519665 -0.839611  0.158121   -17.309305
-0.144812  0.095836  0.984807    11.624665
>structures/SerRS_PDB_Bact_T_thermophilus_1ser.pdb
-0.391797 -0.010383  0.919993     6.395355
-0.200593  0.976845 -0.074402   -26.716600
-0.897918 -0.213695 -0.384808   145.243998
>structures/SerRS_PDB_Mito_B_taurus_1wle.pdb
-0.579321  0.814881  0.018860    10.833831
 0.523056  0.389402 -0.758142     4.655693
-0.625139 -0.429343 -0.651817   109.270356
>structures/Slimp_AF_Euk_Lingula_anatina_gene106166201.pdb
 0.013826 -0.612396  0.790430     5.978911
-0.455820 -0.707450 -0.540132     0.380719
 0.889965 -0.352826 -0.288923     3.309516
>structures/Slimp_AF_Mito_Drosophila_melanogaster_proteinAAN13983.pdb
 0.060208  0.084916  0.994567     4.569607
 0.322225 -0.944686  0.061150     6.143619
 0.944747  0.316793 -0.084239     2.681767
