>structures/SerRS_AF_Arch_Candidatus_Methanomassiliicoccus_intestinalis_Issoire-Mx1_gene16154337.pdb
-0.177956  0.186273 -0.966247     0.114034
-0.305815 -0.943768 -0.125617     4.975514
-0.935312  0.273139  0.224915    -0.300505
>structures/SerRS_AF_Arch_Methanospirillum_hungatei_JF-1_gene3924775.pdb
 0.983272  0.177424 -0.041181     0.583222
-0.178560  0.983592 -0.025748    -0.183007
 0.035937  0.032671  0.998820    -0.344700
>structures/SerRS_AF_Arch_Nitrosopumilus_maritimus_SCM1_gene5773574.pdb
-0.917895  0.368856  0.146338    -3.732971
 0.395826  0.824919  0.403523     2.654697
 0.028125  0.428315 -0.903191    -3.094277
>structures/SerRS_AF_Arch_Thermoproteus_uzoniensis_768-20_gene10361450.pdb
-0.666431  0.639231  0.383736    -4.789139
 0.718590  0.413509  0.559141     4.912408
 0.198742  0.648378 -0.734920    -1.939992
>structures/SerRS_AF_Bact_Bifidobacterium_longum_subsp_longum_JCM_1217_gene69578844.pdb
 0.293456 -0.769502 -0.567230     1.903279
 0.662617 -0.263966  0.700900     2.192327
-0.689074 -0.581540  0.432423     1.840197
>structures/SerRS_AF_Bact_Brucella_suis_1330_gene45051948.pdb
-0.351330  0.805715  0.476856    -0.601931
 0.826526  0.027660  0.562219     1.390379
 0.439798  0.591658 -0.675662    -2.353791
>structures/SerRS_AF_Bact_Chlamydia_psittaci_6BC_gene12242544.pdb
 0.632987  0.695483 -0.340046    -1.487830
-0.732419  0.395706 -0.554057     2.490573
-0.250779  0.599767  0.759861    -1.124119
>structures/SerRS_AF_Bact_Clostridium_acetobutylicum_DSM_1731_gene44996495.pdb
-0.830145  0.535978  0.153578     0.484524
 0.556130  0.776375  0.296581    -1.020496
 0.039727  0.331615 -0.942578    -1.127825
>structures/SerRS_AF_Bact_Escherichia_coli_O157:H7_str._Sakai_gene917719.pdb
 1.000000  0.000000  0.000000     0.000000
 0.000000  1.000000  0.000000     0.000000
 0.000000  0.000000  1.000000     0.000000
>structures/SerRS_AF_Bact_Mycoplasma_hyopneumoniae_168-L_gene57101125.pdb
 0.788625  0.614795  0.009867     1.025401
-0.593518  0.765329 -0.249013     3.147840
-0.160644  0.190521  0.968450    -1.166650
>structures/SerRS_AF_Bact_Prochlorococcus_marinus_subsp_marinus_str_CCMP1375_gene54200639.pdb
-0.339329  0.551056  0.762360     0.304547
 0.776365 -0.293552  0.557750     7.417086
 0.531144  0.781130 -0.328210    -0.272117
>structures/SerRS_AF_Bact_Streptobacillus_moniliformis_DSM_12112_gene29673293.pdb
-0.458976  0.772901  0.438138    -0.795713
 0.810051  0.161502  0.563679     0.529761
 0.364908  0.613629 -0.700216    -2.029106
>structures/SerRS_AF_Bact_Treponema_pallidum_subsp_pertenue_str_SamoaD_gene57879171.pdb
 0.926864  0.346581 -0.144240    -0.994232
-0.368261  0.914011 -0.170198     0.607506
 0.072850  0.210869  0.974796    -1.106786
>structures/SerRS_AF_Euk_Cyanidioschyzon_merolae_strain_10D_gene16995416.pdb
 0.921305 -0.371702 -0.114170     0.589597
 0.382545  0.813812  0.437457    -0.157550
-0.069691 -0.446707  0.891962     0.704912
>structures/SerRS_AF_Euk_Homo_sapiens_gene6301.pdb
-0.555712  0.659152  0.506659    -1.662152
 0.767685  0.172909  0.617059     7.209527
 0.319130  0.731861 -0.602109    -2.987750
>structures/SerRS_AF_Euk_Saccharomyces_cerevisiae_S288C_gene851587.pdb
 0.086156  0.769318 -0.633031    -0.110911
-0.605807 -0.463976 -0.646316     3.635991
-0.790933  0.439178  0.426084     1.124476
>structures/SerRS_AF_Euk_Thunnus_albacares_gene122982782.pdb
 0.364366 -0.751594 -0.549859     3.335448
 0.714878 -0.152658  0.682382     2.051497
-0.596814 -0.641719  0.481675     0.217304
>structures/SerRS_AF_Euk_Trichomonas_vaginalis_G3_gene4762654.pdb
 0.827385  0.522646  0.205607     0.500507
-0.379579  0.790189 -0.481167     2.109135
-0.413948  0.320066  0.852176     0.160167
>structures/SerRS_AF_Euk_Vitis_vinifera_gene100261399.pdb
 0.602500 -0.720873 -0.342544     1.740390
 0.677512  0.235093  0.696928     1.055794
-0.421867 -0.651977  0.630044     1.214966
>structures/SerRS_AF_Mito_Cervus_elaphus_gene122688911.pdb
-0.236939  0.589743  0.772051     0.657765
 0.772257 -0.367844  0.517986     9.033197
 0.589473  0.718953 -0.368277    -0.027247
>structures/SerRS_AF_Mito_Drechmeria_coniospora_gene63718051.pdb
 0.615604  0.785748 -0.060266     2.004028
-0.697688  0.507857 -0.505284     3.680828
-0.366419  0.353102  0.860846    -0.991943
>structures/SerRS_AF_Mito_Homo_sapiens_gene54938.pdb
-0.333964  0.645852  0.686544     0.026974
 0.800161 -0.190725  0.568653     8.660891
 0.498207  0.739256 -0.453091    -0.620081
>structures/SerRS_PDB_Bact_K_pneumoniae_6h9x.pdb
-0.618479  0.384141 -0.685507     0.037713
-0.779766 -0.192110  0.595868    -6.969971
 0.097205  0.903067  0.418356    33.151614
>structures/SerRS_PDB_Bact_T_thermophilus_1ser.pdb
 0.501248 -0.620804  0.602787   -53.983152
-0.862151 -0.298899  0.409090   109.510485
-0.073793 -0.724749 -0.685050    83.980023
>structures/SerRS_PDB_Mito_B_taurus_1wle.pdb
-0.261695  0.241026  0.934571   -56.122070
-0.918251  0.236003 -0.317990    83.444275
-0.297206 -0.941387  0.159561    43.942910
>structures/Slimp_AF_Euk_Lingula_anatina_gene106166201.pdb
-0.140945  0.501636  0.853519     3.464698
 0.678026 -0.579297  0.452433     8.554495
 0.721398  0.642476 -0.258474    -1.886789
>structures/Slimp_AF_Mito_Drosophila_melanogaster_proteinAAN13983.pdb
-0.741030  0.567901  0.358277    -1.115913
 0.634757  0.418444  0.649606     6.297598
 0.218993  0.708796 -0.670559    -5.097090
