>../../../../class2/lys//data/domains/Catalytic_domain/structures/LysRS-II_AF_Arch_Aciduliprofundum_boonei_T469_gene8827564.pdb
-0.010720 -0.450249  0.892839     4.275560
-0.498402 -0.771667 -0.395128     6.695120
 0.866880 -0.449229 -0.216133    -2.260308
>../../../../class2/lys//data/domains/Catalytic_domain/structures/LysRS-II_AF_Arch_Archaeoglobus_sulfaticallidus_PM70-1_gene15393615.pdb
-0.681304 -0.683398  0.262281     3.830259
-0.681686  0.461801 -0.567489     0.019132
 0.266700 -0.565426 -0.780490    -1.620945
>../../../../class2/lys//data/domains/Catalytic_domain/structures/LysRS-II_AF_Arch_Candidatus_Woesearchaeota_archaeon_proteinMBS3172198.1.pdb
-0.993618 -0.047377  0.102365     4.124502
-0.056376  0.994622 -0.086886     2.463138
-0.097698 -0.092102 -0.990945    -0.840444
>../../../../class2/lys//data/domains/Catalytic_domain/structures/LysRS-II_AF_Arch_Thermogladius_calderae_1633_gene13013549.pdb
 0.122798 -0.006966  0.992407     2.231101
 0.032074 -0.999425 -0.010984     6.341246
 0.991913  0.033179 -0.122504    -2.068154
>../../../../class2/lys//data/domains/Catalytic_domain/structures/LysRS-II_AF_Bact_Chlamydia_muridarum_str_Nigg_gene1245697.pdb
 0.166144  0.029944  0.985647     3.250729
 0.019821 -0.999438  0.027022     6.745749
 0.985902  0.015047 -0.166644    -3.584836
>../../../../class2/lys//data/domains/Catalytic_domain/structures/LysRS-II_AF_Bact_Cupriavidus_taiwanensis_LMG_19424_gene29762375.pdb
-0.727866 -0.655960  0.199820     1.276205
-0.642447  0.550460 -0.533156    -1.842023
 0.239736 -0.516440 -0.822080    -1.057161
>../../../../class2/lys//data/domains/Catalytic_domain/structures/LysRS-II_AF_Bact_Leuconostoc_gelidum_JB7_gene61037106.pdb
-0.629300 -0.771922  0.090099     1.472837
-0.686768  0.498088 -0.529394     4.404575
 0.363773 -0.395025 -0.843578    -1.194405
>../../../../class2/lys//data/domains/Catalytic_domain/structures/LysRS-II_AF_Bact_Mycobacterium_intracellulare_ATCC_13950_gene11907187.pdb
-0.620896 -0.733125  0.277516     2.324612
-0.689221  0.341898 -0.638811    -1.430106
 0.373447 -0.587905 -0.717569    -0.305115
>../../../../class2/lys//data/domains/Catalytic_domain/structures/LysRS-II_AF_Bact_Mycoplasma_hyopneumoniae_168-L_gene57101062.pdb
-0.628636 -0.766325  0.132527     2.442632
-0.718422  0.506971 -0.476288     6.237007
 0.297804 -0.394622 -0.869245    -0.739997
>../../../../class2/lys//data/domains/Catalytic_domain/structures/LysRS-II_AF_Bact_Porphyromonas_gingivalis_ATCC_33277_gene29256363.pdb
-0.115586 -0.567245  0.815397     5.407044
-0.334806 -0.750613 -0.569637     7.690981
 0.935171 -0.338842 -0.103156    -1.918120
>../../../../class2/lys//data/domains/Catalytic_domain/structures/LysRS-II_AF_Bact_Prochlorococcus_marinus_subsp_marinus_str_CCMP1375_gene54201108.pdb
-0.504994 -0.832269  0.228712     1.670152
-0.695915  0.235862 -0.678285     5.449654
 0.510572 -0.501694 -0.698298    -1.838191
>../../../../class2/lys//data/domains/Catalytic_domain/structures/LysRS-II_AF_Bact_Streptobacillus_moniliformis_DSM_12112_gene29673899.pdb
-0.438021 -0.787012  0.434453     3.162326
-0.692148 -0.013140 -0.721636    -0.724140
 0.573645 -0.616797 -0.538973     1.255593
>../../../../class2/lys//data/domains/Catalytic_domain/structures/LysRS-II_AF_Euk_Ostreococcus_tauri_gene9837657.pdb
-0.745744 -0.635345  0.200506     3.008847
-0.626705  0.566853 -0.534714    -1.461735
 0.226071 -0.524418 -0.820901    -1.680171
>../../../../class2/lys//data/domains/Catalytic_domain/structures/LysRS-II_AF_Euk_Solanum_lycopersicum_gene778357.pdb
 0.876877  0.444487 -0.183082     1.000579
-0.475885  0.748786 -0.461360     2.757071
-0.067979  0.491681  0.868118    -2.598061
>../../../../class2/lys//data/domains/Catalytic_domain/structures/LysRS-II_AF_Euk_Theileria_annulata_gene3864794.pdb
 1.000000  0.000000  0.000000     0.000000
 0.000000  1.000000  0.000000     0.000000
 0.000000  0.000000  1.000000     0.000000
>../../../../class2/lys//data/domains/Catalytic_domain/structures/LysRS-II_AF_Euk_Zootoca_vivipara_gene118086243.pdb
-0.958417  0.248701  0.139944    -0.925348
 0.284880  0.862592  0.418065     4.903669
-0.016742  0.440548 -0.897573    -3.766570
>../../../../class2/lys//data/domains/Catalytic_domain/structures/LysRS-II_AF_Mito_Malus_domestica_gene103446975.pdb
-0.843249 -0.523649  0.121334     1.074610
-0.510545  0.709643 -0.485541    -1.736458
 0.168149 -0.471378 -0.865753    -1.717471
>../../../../class2/lys//data/domains/Catalytic_domain/structures/LysRS-II_AF_Mito_Scheffersomyces_stipitis_CBS_6054_gene4837999.pdb
-0.754062 -0.652096  0.078495     0.539121
-0.609797  0.650680 -0.452507    -1.694446
 0.244003 -0.389085 -0.888299    -2.234250
>../../../../class2/lys//data/domains/Catalytic_domain/structures/LysRS-II_PDB_Bact_G_stearothermophilus_3E9H.pdb
-0.607713 -0.581210  0.541184   -24.390609
 0.094737  0.623534  0.776035    28.723240
-0.788486  0.522876 -0.323867   102.028507
>../../../../class2/phe5//data/domains/Catalytic_domain/structures/PheRS-M_AF_Mito_Arabidopsis_thaliana_gene824983.pdb
 0.734412  0.474635 -0.485139     1.173933
 0.409703 -0.879907 -0.240640    12.132020
-0.541094 -0.022034 -0.840674     1.371935
>../../../../class2/phe5//data/domains/Catalytic_domain/structures/PheRS-M_AF_Mito_Babesia_bovis_T2Bo_gene5478469.pdb
 0.652334  0.701218 -0.287668    -1.055869
-0.742073  0.668128 -0.054146     5.587222
 0.154231  0.248792  0.956198     1.345529
>../../../../class2/phe5//data/domains/Catalytic_domain/structures/PheRS-M_AF_Mito_Candida_albicans_SC5314_gene3638806.pdb
-0.173800  0.892529  0.416155    -3.729512
 0.899157  0.316171 -0.302576     9.036397
-0.401634  0.321601 -0.857475     1.454291
>../../../../class2/phe5//data/domains/Catalytic_domain/structures/PheRS-M_AF_Mito_Crassostrea_gigas_gene105329377.pdb
-0.609289  0.319123  0.725898    -4.195031
-0.649282 -0.726291 -0.225685     5.861667
 0.455192 -0.608820  0.649722    11.404696
>../../../../class2/phe5//data/domains/Catalytic_domain/structures/PheRS-M_AF_Mito_Drosophila_melanogaster_gene36547.pdb
-0.958486 -0.000523  0.285139    -1.992776
 0.164018  0.816985  0.552842     6.817185
-0.233243  0.576659 -0.782983    -1.531710
>../../../../class2/phe5//data/domains/Catalytic_domain/structures/PheRS-M_AF_Mito_Syngnathus_acus_gene119139175.pdb
-0.918883 -0.327127  0.220547    -3.002410
 0.360588 -0.469519  0.805933     7.744539
-0.160092  0.820085  0.549391     6.132102
>../../../../class2/phe5//data/domains/Catalytic_domain/structures/PheRS-M_PDB_Mito.H_sapiens_3CMQ.pdb
-0.304219  0.932989 -0.192306   -21.714265
 0.621781  0.347421  0.701917   -11.665040
 0.721692  0.093964 -0.685807    12.226081
