>../../../../class2/gly2//data/domains/Catalytic_domain/structures/GlyRS-Bα_AF_Bact_Brachyspira_pilosicoli_95_1000_gene56440230.pdb
-0.730276  0.130892  0.670495    40.082927
 0.409071 -0.702276  0.582640    56.775202
 0.547135  0.699768  0.459311     9.292079
>../../../../class2/gly2//data/domains/Catalytic_domain/structures/GlyRS-Bα_AF_Bact_Chlamydia_pneumoniae_TW-183_gene45051002.pdb
 0.991033  0.102771 -0.085395    43.788281
 0.130347 -0.884147  0.448657    40.274040
-0.029393 -0.455765 -0.889615    -4.500616
>../../../../class2/gly2//data/domains/Catalytic_domain/structures/GlyRS-Bα_AF_Bact_Lacticaseibacillus_paracasei_gene61269714.pdb
 0.660826 -0.294563 -0.690320    40.864332
 0.706587  0.554295  0.439877    58.310990
 0.253070 -0.778453  0.574427     8.541784
>../../../../class2/gly2//data/domains/Catalytic_domain/structures/GlyRS-Bα_AF_Bact_Prochlorococcus_marinus_subsp_marinus_str_CCMP1375_gene54200602.pdb
 0.709867  0.172282 -0.682941    40.624649
 0.034667  0.959902  0.278184    58.589177
 0.703482 -0.221149  0.675430     8.418275
>../../../../class2/gly2//data/domains/Catalytic_domain/structures/GlyRS-Bα_AF_Bact_Salmonella_enterica_subsp_enterica_serovar_Typhimurium_str_LT2_gene1255180.pdb
 0.879160 -0.034345 -0.475288    40.720225
-0.375327  0.564639 -0.735060    58.058717
 0.293612  0.824623  0.483517     6.733451
>../../../../class2/gly2//data/domains/Catalytic_domain/structures/GlyRS-Bα_AF_Bact_Streptobacillus_moniliformis_DSM_12112_gene29673275.pdb
 0.705303  0.184671 -0.684430    40.532610
 0.249925  0.838708  0.483845    58.167008
 0.663389 -0.512313  0.545390     8.286514
>../../../../class2/gly2//data/domains/Catalytic_domain/structures/GlyRS-Bα_AF_Euk_Ostreococcus_tauri_gene9837276.pdb
 0.630070 -0.467695 -0.619898    43.821904
-0.682421 -0.714422 -0.154608    41.145599
-0.370559  0.520445 -0.769300    -2.885327
>../../../../class2/gly2//data/domains/Catalytic_domain/structures/GlyRS-Bα_AF_Mito_Nymphaea_colorata_gene116265348.pdb
 0.971326  0.166658  0.169560    42.177656
-0.005336 -0.697722  0.716349    39.577180
 0.237691 -0.696713 -0.676826    -4.338064
>../../../../class2/gly2//data/domains/Catalytic_domain/structures/GlyRS-Bα_PDB_Bact_A_aeolicus_5f5w.pdb
 0.007193 -0.231982 -0.972693    41.704771
 0.654532 -0.734302  0.179968    98.624389
-0.756000 -0.637953  0.146558   -20.824928
>../../../../class2/gly2//data/domains/Catalytic_domain/structures/GlyRS-Bα_PDB_Bact_C_jejuni_3ufg.pdb
 0.914790  0.373661 -0.153418     6.994910
 0.144806 -0.657939 -0.739018    73.026500
-0.377082  0.653830 -0.655984    -1.065007
>../../../../class2/gly2//data/domains/Catalytic_domain/structures/GlyRS-Bα_PDB_Bact_T_maritima_1j5w.pdb
 1.000000  0.000000  0.000000     0.000000
 0.000000  1.000000  0.000000     0.000000
 0.000000  0.000000  1.000000     0.000000
>../../../../class2/phe1//data/domains/Catalytic_domain/structures/PheRS-Bα_AF_Bact_Brachyspira_pilosicoli_95_1000_gene56440383.pdb
-0.267249  0.734134 -0.624200    47.891986
 0.939231  0.343282  0.001613    66.260116
 0.215460 -0.585837 -0.781263     9.672942
>../../../../class2/phe1//data/domains/Catalytic_domain/structures/PheRS-Bα_AF_Bact_Chlamydia_psittaci_6BC_gene12243227.pdb
 0.344133  0.933418  0.101508    45.962385
 0.789537 -0.229176 -0.569306    68.428439
-0.508137  0.276061 -0.815835     7.768917
>../../../../class2/phe1//data/domains/Catalytic_domain/structures/PheRS-Bα_AF_Bact_Ferrimonas_balearica_DSM_9799_gene67181906.pdb
 0.072405  0.058376  0.995666    47.402701
-0.981437 -0.173583  0.081547    69.721938
 0.177591 -0.983088  0.044724     5.494926
>../../../../class2/phe1//data/domains/Catalytic_domain/structures/PheRS-Bα_AF_Bact_Mycobacterium_intracellulare_ATCC_13950_gene11909689.pdb
-0.543431 -0.838437 -0.041298    47.770277
-0.552303  0.320059  0.769755    72.659496
-0.632174  0.441118 -0.637002    -1.496688
>../../../../class2/phe1//data/domains/Catalytic_domain/structures/PheRS-Bα_AF_Bact_Mycoplasma_capricolum_subsp_capricolum_ATCC_27343_gene23778662.pdb
 0.128347  0.409369  0.903296    48.970334
-0.885634 -0.362577  0.290156    69.138860
 0.446296 -0.837230  0.316016     8.327770
>../../../../class2/phe1//data/domains/Catalytic_domain/structures/PheRS-Bα_AF_Bact_Porphyromonas_gingivalis_ATCC_33277_gene29256875.pdb
 0.229470  0.902668 -0.364053    46.426237
 0.973228 -0.217828  0.073343    63.779065
-0.013096 -0.371137 -0.928486     7.440897
>../../../../class2/phe1//data/domains/Catalytic_domain/structures/PheRS-Bα_AF_Bact_Prochlorococcus_marinus_subsp_marinus_str_CCMP1375_gene54200681.pdb
-0.821811  0.564596 -0.076539    47.022919
-0.243797 -0.227043  0.942876    74.841007
 0.514967  0.793525  0.324233     0.985866
>../../../../class2/phe1//data/domains/Catalytic_domain/structures/PheRS-Bα_AF_Bact_Staphylococcus_argenteus_gene66839332.pdb
-0.417858  0.811556  0.408377    44.250152
-0.425088 -0.571910  0.701583    72.615891
 0.802929  0.119566  0.583960     7.819608
>../../../../class2/phe1//data/domains/Catalytic_domain/structures/PheRS-Bα_PDB_Bact.A_E_coli_3PCO.pdb
-0.313612  0.682915 -0.659754    78.645005
-0.453237  0.502889  0.735988    11.331950
 0.834400  0.529840  0.151810    18.794209
>../../../../class2/phe1//data/domains/Catalytic_domain/structures/PheRS-Bα_PDB_Bact.A_T_thermophilus_1PYS.pdb
-0.981208 -0.118178 -0.152526    71.123260
 0.187577 -0.769495 -0.610486   111.444148
-0.045222 -0.627624  0.777202    31.381449
