>../../../../class2/asp1//data/domains/Catalytic_domain/structures/AspRS_AF_Arch_Candidatus_Methanomassiliicoccus_intestinalis_Issoire-Mx1_gene16154434.pdb
 0.395271 -0.593392  0.701176    63.347503
 0.248996  0.803975  0.540024    37.702874
-0.884173 -0.038866  0.465540    -7.735854
>../../../../class2/asp1//data/domains/Catalytic_domain/structures/AspRS_AF_Arch_unclassified_Euryarchaeota_proteinHHT76046.1.pdb
 0.544430 -0.667876  0.507481    56.640931
 0.125394  0.663008  0.738036    37.742982
-0.829381 -0.338174  0.444709    -5.963949
>../../../../class2/asp1//data/domains/Catalytic_domain/structures/AspRS_AF_Bact_Bacillus_anthracis_str_Ames_Ancestor_gene45024275.pdb
 0.499266  0.761920  0.412566    60.373424
 0.828879 -0.558691  0.028715    43.435105
 0.252375  0.327631 -0.910475    -7.185271
>../../../../class2/asp1//data/domains/Catalytic_domain/structures/AspRS_AF_Bact_Brachyspira_pilosicoli_95_1000_gene56440011.pdb
 0.445769 -0.849788  0.281335    58.562040
 0.219998  0.408654  0.885778    36.879302
-0.867693 -0.332960  0.369117    -5.697686
>../../../../class2/asp1//data/domains/Catalytic_domain/structures/AspRS_AF_Bact_Chlamydia_muridarum_str_Nigg_gene1246197.pdb
-0.084297 -0.987216 -0.135270    58.473604
 0.555925 -0.159257  0.815834    36.400670
-0.826947 -0.006428  0.562243    -6.064207
>../../../../class2/asp1//data/domains/Catalytic_domain/structures/AspRS_AF_Bact_Mycoplasma_hyopneumoniae_168-L_gene57101115.pdb
 0.503205 -0.063885  0.861802    63.840432
-0.115385  0.983367  0.140270    33.922256
-0.856429 -0.170024  0.487464    -7.901393
>../../../../class2/asp1//data/domains/Catalytic_domain/structures/AspRS_AF_Bact_Nocardia_cyriacigeorgica_GUH-2_gene45501717.pdb
-0.151340  0.987362  0.047043    56.141536
-0.930325 -0.126191 -0.344342    33.179281
-0.334054 -0.095878  0.937665    -4.612291
>../../../../class2/asp1//data/domains/Catalytic_domain/structures/AspRS_AF_Bact_Porphyromonas_gingivalis_ATCC_33277_gene29255515.pdb
 0.820933 -0.562689 -0.097217    59.416146
-0.490944 -0.608554 -0.623407    37.738347
 0.291622  0.559503 -0.775830    -4.126516
>../../../../class2/asp1//data/domains/Catalytic_domain/structures/AspRS_AF_Bact_Prochlorococcus_marinus_subsp_marinus_str_CCMP1375_gene54201182.pdb
-0.148685 -0.987914  0.043798    60.361159
 0.508700 -0.038431  0.860086    42.007424
-0.848008  0.150162  0.508266    -8.410047
>../../../../class2/asp1//data/domains/Catalytic_domain/structures/AspRS_AF_Bact_Xylella_fastidiosa_Temecula1_gene58016479.pdb
-0.225919  0.974023 -0.015503    56.964337
-0.897181 -0.214243 -0.386221    39.038107
-0.379510 -0.073346  0.922276    -4.573232
>../../../../class2/asp1//data/domains/Catalytic_domain/structures/AspRS_AF_Mito_Oryza_sativa_Japonica_Group_gene4324505.pdb
-0.398666 -0.734317 -0.549403    56.860925
-0.237671  0.661327 -0.711449    33.307855
 0.885764 -0.153053 -0.438174    -1.502885
>../../../../class2/asp1//data/domains/Catalytic_domain/structures/AspRS_AF_Mito_Oryzias_melastigma_gene112147132.pdb
 0.456640  0.154807  0.876079    57.053776
-0.614580  0.766897  0.184825    39.355245
-0.643251 -0.622819  0.445337    -6.025234
>../../../../class2/asp1//data/domains/Catalytic_domain/structures/AspRS_PDB_Bact_E_coli_1c0a.pdb
 1.000000  0.000000  0.000000     0.000000
 0.000000  1.000000  0.000000     0.000000
 0.000000  0.000000  1.000000     0.000000
>../../../../class2/sep//data/domains/Catalytic_domain/structures/SepRS_AF_Arch_Methanothrix_thermoacetophila_PT_gene4462697.pdb
 0.162129  0.068431  0.984394    60.420473
-0.060605  0.996400 -0.059284    40.316032
-0.984907 -0.050048  0.165693     8.286604
>../../../../class2/sep//data/domains/Catalytic_domain/structures/SepRS_AF_Arch_unclassified_Candidatus_Bathyarchaeota_proteinUCD26266.1.pdb
-0.351040  0.901526 -0.253025    52.216583
 0.297963  0.363726  0.882565    38.079504
 0.887687  0.234424 -0.396304    10.721292
>../../../../class2/sep//data/domains/Catalytic_domain/structures/SepRS_AF_Arch_unclassified_Lokiarchaeota_proteinTFF69421.1.pdb
 0.098098 -0.572127 -0.814277    53.439005
-0.860842  0.361758 -0.357886    33.511486
 0.499328  0.736072 -0.457023    10.328834
>../../../../class2/sep//data/domains/Catalytic_domain/structures/SepRS_AF_Arch_unclassified_Thermoprotei_proteinRLF12424.1.pdb
 0.719104  0.673209  0.172275    54.339165
 0.550810 -0.703348  0.449343    42.603888
 0.423672 -0.228233 -0.876591    11.026575
>../../../../class2/sep//data/domains/Catalytic_domain/structures/SepRS_PDB_Arch_2DU4_A_fulgidus.pdb
 0.863836 -0.496914 -0.082840    63.587815
 0.176772  0.145008  0.973511    42.424471
-0.471739 -0.855598  0.213104    81.128511
>../../../../class2/sep//data/domains/Catalytic_domain/structures/SepRS_PDB_Arch_2ODR_M_maripadulis.pdb
-0.261166 -0.964368  0.042272    85.399228
-0.941882  0.264174  0.207535    95.353866
-0.211307  0.014386 -0.977314    52.377266
