>../../../../class2/ala//data/domains/Catalytic_domain/structures/AlaRS_AF_Arch_Candidatus_Korarchaeum_cryptofilum_OPF8_gene6094822.pdb
 1.000000  0.000000  0.000000     0.000000
 0.000000  1.000000  0.000000     0.000000
 0.000000  0.000000  1.000000     0.000000
>../../../../class2/ala//data/domains/Catalytic_domain/structures/AlaRS_AF_Arch_Candidatus_Nitrosopumilus_koreensis_AR1_gene13725795.pdb
-0.110635 -0.309480 -0.944448    -3.778539
-0.601807 -0.735399  0.311475     2.705845
-0.790941  0.602836 -0.104886    -4.202133
>../../../../class2/ala//data/domains/Catalytic_domain/structures/AlaRS_AF_Arch_Sulfolobus_islandicus_YG5714_gene7807284.pdb
 0.420939 -0.901831 -0.097523    -0.591666
 0.837735  0.427733 -0.339478     3.530715
 0.347865  0.061201  0.935545     1.456772
>../../../../class2/ala//data/domains/Catalytic_domain/structures/AlaRS_AF_Arch_Thermoplasma_acidophilum_DSM_1728_gene1456391.pdb
-0.084276 -0.303876 -0.948977    -2.183599
-0.609464 -0.737731  0.290357     1.967555
-0.788322  0.602837 -0.123028    -3.098406
>../../../../class2/ala//data/domains/Catalytic_domain/structures/AlaRS_AF_Bact_Brucella_melitensis_bv_1_str_16M_gene29593597.pdb
 0.048929 -0.777391 -0.627112    -4.719026
-0.153120 -0.626281  0.764413    -3.160615
-0.986996  0.058622 -0.149677   -10.293668
>../../../../class2/ala//data/domains/Catalytic_domain/structures/AlaRS_AF_Bact_Chlamydia_psittaci_6BC_gene12242512.pdb
-0.167260  0.984095  0.059836    -4.776812
 0.633056  0.153727 -0.758688    -1.948134
-0.755820 -0.089018 -0.648700    -4.491957
>../../../../class2/ala//data/domains/Catalytic_domain/structures/AlaRS_AF_Bact_Lactobacillus_acidophilus_La-14_gene56942022.pdb
-0.664142 -0.171489 -0.727672   -11.078299
 0.747407 -0.129832 -0.651557    -2.184738
 0.017260 -0.976594  0.214399     1.010564
>../../../../class2/ala//data/domains/Catalytic_domain/structures/AlaRS_AF_Bact_Nocardia_farcinica_IFM_10152_gene61134339.pdb
-0.597182  0.582495 -0.551428    -5.835121
 0.706785  0.057092 -0.705121    -2.925277
-0.379247 -0.810827 -0.445793    -3.276434
>../../../../class2/ala//data/domains/Catalytic_domain/structures/AlaRS_AF_Bact_Porphyromonas_gingivalis_ATCC_33277_gene29256567.pdb
-0.301022  0.948692 -0.096795    -4.765733
 0.643544  0.127189 -0.754767    -0.851338
-0.703730 -0.289494 -0.648812    -3.011244
>../../../../class2/ala//data/domains/Catalytic_domain/structures/AlaRS_AF_Bact_Prochlorococcus_marinus_subsp_marinus_str_CCMP1375_gene54199407.pdb
-0.893345  0.400150 -0.204485    -4.900042
-0.147756  0.168183  0.974619    -4.464946
 0.424384  0.900886 -0.091121    -2.776299
>../../../../class2/ala//data/domains/Catalytic_domain/structures/AlaRS_AF_Bact_Streptobacillus_moniliformis_DSM_12112_gene29672963.pdb
 0.014208  0.992439  0.121912    -6.878460
 0.616344  0.087314 -0.782622    -4.804811
-0.787349  0.086259 -0.610443    -1.302234
>../../../../class2/ala//data/domains/Catalytic_domain/structures/AlaRS_AF_Bact_Treponema_pallidum_subsp_pertenue_str_SamoaD_gene57879528.pdb
 0.786902 -0.485667  0.380674    -8.456303
 0.563394  0.313783 -0.764282    10.308530
 0.251738  0.815885  0.520538     0.449306
>../../../../class2/ala//data/domains/Catalytic_domain/structures/AlaRS_AF_Euk_Cyanidioschyzon_merolae_strain_10D_gene16993235.pdb
 0.499818 -0.805109  0.319345    -1.248980
 0.809933  0.303813 -0.501703    -3.949510
 0.306904  0.509409  0.803936     3.649065
>../../../../class2/ala//data/domains/Catalytic_domain/structures/AlaRS_AF_Euk_Marasmius_oreades_gene66078979.pdb
-0.028646 -0.350748 -0.936031    -4.061221
-0.445029 -0.834015  0.326141    -3.077781
-0.895058  0.425904 -0.132202     0.880105
>../../../../class2/ala//data/domains/Catalytic_domain/structures/AlaRS_AF_Euk_Plasmodium_berghei_ANKA_gene55150801.pdb
-0.507018  0.695937 -0.508531    -8.994570
 0.516968 -0.226557 -0.825479    -2.293262
-0.689693 -0.681427 -0.244909    -3.384727
>../../../../class2/ala//data/domains/Catalytic_domain/structures/AlaRS_AF_Euk_Saccharomyces_cerevisiae_S288C_gene854513.pdb
-0.188098 -0.347161 -0.918748    -0.559056
-0.838686 -0.430021  0.334196     0.119911
-0.511101  0.833403 -0.210273    -1.189253
>../../../../class2/ala//data/domains/Catalytic_domain/structures/AlaRS_PDB_Bact_E_coli_3HXV.pdb
 0.482691  0.385213 -0.786524   -16.470076
 0.146534  0.849890  0.506176   -32.039918
 0.863445 -0.359579  0.353788   -11.941631
>../../../../class2/phe4//data/domains/Catalytic_domain/structures/PheRS-Aβ_AF_Arch_Candidatus_Nitrosopumilus_koreensis_AR1_gene13724457.pdb
-0.466121  0.351400 -0.811942   -16.015699
 0.862684 -0.023031 -0.505219   -13.323342
-0.196234 -0.935942 -0.292412    -9.925485
>../../../../class2/phe4//data/domains/Catalytic_domain/structures/PheRS-Aβ_AF_Arch_Halalkalicoccus_jeotgali_B3_gene9420006.pdb
 0.701523 -0.677351  0.221499   -14.937039
 0.422522  0.145036 -0.894673   -12.067828
 0.573882  0.721222  0.387942   -11.539639
>../../../../class2/phe4//data/domains/Catalytic_domain/structures/PheRS-Aβ_AF_Arch_Sulfolobus_islandicus_YG5714_gene7807969.pdb
-0.589201  0.243137 -0.770537   -16.112983
 0.767657 -0.129075 -0.627727   -12.230961
-0.252081 -0.961366 -0.110594    -5.850073
>../../../../class2/phe4//data/domains/Catalytic_domain/structures/PheRS-Aβ_AF_Arch_Thermoplasma_volcanium_GSS1_gene1441711.pdb
-0.753760  0.484661 -0.443790   -15.667563
-0.510393 -0.006378  0.859918   -14.101718
 0.413938  0.874679  0.252175   -10.831363
>../../../../class2/phe4//data/domains/Catalytic_domain/structures/PheRS-Aβ_AF_Euk_Astyanax_mexicanus_gene103044481.pdb
 0.095286  0.874859  0.474914   -13.179397
-0.752263 -0.249166  0.609932   -14.049228
 0.651937 -0.415378  0.634382    -3.427072
>../../../../class2/phe4//data/domains/Catalytic_domain/structures/PheRS-Aβ_AF_Euk_Drosophila_melanogaster_gene42888.pdb
-0.015032 -0.974555 -0.223646   -12.927647
 0.914825  0.076872 -0.396467   -11.090357
 0.403571 -0.210556  0.890391    -4.027188
>../../../../class2/phe4//data/domains/Catalytic_domain/structures/PheRS-Aβ_AF_Euk_Plasmodium_falciparum_3D7_gene810604.pdb
-0.402986  0.565343 -0.719715   -17.306902
 0.804540 -0.156021 -0.573038    -9.404212
-0.436254 -0.809966 -0.391966    -7.107037
>../../../../class2/phe4//data/domains/Catalytic_domain/structures/PheRS-Aβ_AF_Euk_Saccharomyces_cerevisiae_S288C_gene850749.pdb
 0.825728  0.369758  0.425972   -16.962995
 0.511342 -0.171884 -0.842013   -10.252292
-0.238123  0.913091 -0.331002   -12.765633
>../../../../class2/phe4//data/domains/Catalytic_domain/structures/PheRS-Aβ_PDB_Euk.B_H_sapiens_3L4G.pdb
 0.008583  0.772003  0.635560   -98.537281
-0.512304  0.549230 -0.660221   -28.219611
-0.858761 -0.319934  0.400214    58.273692
