>../../../../class2/phe1//data/domains/Catalytic_domain/structures/PheRS-Bα_AF_Bact_Brachyspira_pilosicoli_95_1000_gene56440383.pdb
-0.610247  0.062171  0.789768   -12.397863
 0.079497 -0.987078  0.139131     9.371632
 0.788213  0.147688  0.597418     8.586381
>../../../../class2/phe1//data/domains/Catalytic_domain/structures/PheRS-Bα_AF_Bact_Chlamydia_psittaci_6BC_gene12243227.pdb
-0.134143 -0.366262  0.920792   -11.657104
-0.747091 -0.573084 -0.336793     9.565339
 0.651045 -0.733094 -0.196756    11.920294
>../../../../class2/phe1//data/domains/Catalytic_domain/structures/PheRS-Bα_AF_Bact_Ferrimonas_balearica_DSM_9799_gene67181906.pdb
 0.373402  0.844959 -0.382903   -11.109917
 0.287049 -0.497741 -0.818448     6.983099
-0.882142  0.195698 -0.428402    13.220980
>../../../../class2/phe1//data/domains/Catalytic_domain/structures/PheRS-Bα_AF_Bact_Mycobacterium_intracellulare_ATCC_13950_gene11909689.pdb
 0.961025 -0.263200  0.084597    -7.307220
 0.270127  0.828833 -0.489966     2.447813
 0.058842  0.493722  0.867627    17.758089
>../../../../class2/phe1//data/domains/Catalytic_domain/structures/PheRS-Bα_AF_Bact_Mycoplasma_capricolum_subsp_capricolum_ATCC_27343_gene23778662.pdb
 0.099740  0.730648 -0.675430   -13.296425
 0.348271 -0.661511 -0.664161     7.136490
-0.932072 -0.168990 -0.320443    10.923516
>../../../../class2/phe1//data/domains/Catalytic_domain/structures/PheRS-Bα_AF_Bact_Porphyromonas_gingivalis_ATCC_33277_gene29256875.pdb
-0.586480  0.138327  0.798065    -9.038732
-0.448360 -0.876021 -0.177651    10.202969
 0.674548 -0.462009  0.575789     8.277015
>../../../../class2/phe1//data/domains/Catalytic_domain/structures/PheRS-Bα_AF_Bact_Prochlorococcus_marinus_subsp_marinus_str_CCMP1375_gene54200681.pdb
-0.016890 -0.660388 -0.750734   -10.280796
 0.999845 -0.007370 -0.016012     3.816752
 0.005041 -0.750888  0.660410    19.169961
>../../../../class2/phe1//data/domains/Catalytic_domain/structures/PheRS-Bα_AF_Bact_Staphylococcus_argenteus_gene66839332.pdb
-0.277314 -0.024455 -0.960468   -13.478589
 0.861286 -0.449339 -0.237237     9.711394
-0.425774 -0.893027  0.145671    15.986498
>../../../../class2/phe1//data/domains/Catalytic_domain/structures/PheRS-Bα_PDB_Bact.A_E_coli_3PCO.pdb
-0.321222 -0.892781 -0.315846     0.358716
 0.790282 -0.436482  0.430044     2.908048
-0.521797 -0.111468  0.845756   -52.874335
>../../../../class2/phe1//data/domains/Catalytic_domain/structures/PheRS-Bα_PDB_Bact.A_T_thermophilus_1PYS.pdb
 0.218041  0.951096 -0.218802   -61.150041
 0.730436 -0.010351  0.682902   -10.858305
 0.647241 -0.308722 -0.696972    24.269359
>../../../../class2/thr//data/domains/Catalytic_domain/structures/ThrRS_AF_Arch_Candidatus_Methanomethylophilus_alvus_Mx1201_gene15140074.pdb
-0.594845 -0.504554 -0.625767    -3.788395
-0.316164 -0.568876  0.759224     0.038792
-0.739053  0.649466  0.178871     4.851839
>../../../../class2/thr//data/domains/Catalytic_domain/structures/ThrRS_AF_Arch_Candidatus_Nitrosopumilus_koreensis_AR1_gene13725077.pdb
 0.494781 -0.806758 -0.323007    -1.252316
 0.732811  0.587123 -0.343910     6.018501
 0.467097 -0.066543  0.881699    11.215550
>../../../../class2/thr//data/domains/Catalytic_domain/structures/ThrRS_AF_Arch_Pyrococcus_furiosus_DSM_3638_gene1469226.pdb
 0.655881 -0.754721 -0.014688    -1.598174
 0.694057  0.610584 -0.381408     6.530257
 0.296825  0.239964  0.924290     9.094169
>../../../../class2/thr//data/domains/Catalytic_domain/structures/ThrRS_AF_Arch_Sulfolobus_islandicus_M164_gene7940156.pdb
 0.278984 -0.587255  0.759802    -8.688379
-0.918472  0.067782  0.389633     2.296497
-0.280315 -0.806559 -0.520467     9.083257
>../../../../class2/thr//data/domains/Catalytic_domain/structures/ThrRS_AF_Bact_Bifidobacterium_longum_subsp_longum_JCM_1217_gene69578309.pdb
 0.928223  0.343848  0.142027    -0.350993
-0.355860  0.931953  0.069478     1.019828
-0.108473 -0.115033  0.987421     2.428248
>../../../../class2/thr//data/domains/Catalytic_domain/structures/ThrRS_AF_Bact_Brachyspira_pilosicoli_95_1000_gene56439092.pdb
 0.380227  0.461396  0.801587    -2.431187
-0.862891 -0.135016  0.487022    -1.254051
 0.332937 -0.876861  0.346797     2.754220
>../../../../class2/thr//data/domains/Catalytic_domain/structures/ThrRS_AF_Bact_Brucella_abortus_2308_gene3787745.pdb
-0.676761  0.506848 -0.533948    -1.881719
 0.733281  0.528631 -0.427608    -0.836084
 0.065529 -0.680922 -0.729419     2.493326
>../../../../class2/thr//data/domains/Catalytic_domain/structures/ThrRS_AF_Bact_Lactobacillus_acidophilus_La-14_gene56943112.pdb
 0.758583 -0.498810  0.419214     2.025550
 0.335972 -0.251818 -0.907585    -1.678845
 0.558278  0.829323 -0.023438     0.674500
>../../../../class2/thr//data/domains/Catalytic_domain/structures/ThrRS_AF_Bact_Mycoplasma_hyopneumoniae_168-L_gene57101460.pdb
-0.761935 -0.226363 -0.606807    -4.605928
-0.594559 -0.127051  0.793951     1.548141
-0.256817  0.965721 -0.037781     3.915906
>../../../../class2/thr//data/domains/Catalytic_domain/structures/ThrRS_AF_Bact_Porphyromonas_gingivalis_ATCC_33277_gene29256174.pdb
-0.111650  0.912780  0.392895    -1.295448
-0.889941 -0.267771  0.369193     1.643282
 0.442198 -0.308434  0.842217     2.302806
>../../../../class2/thr//data/domains/Catalytic_domain/structures/ThrRS_AF_Bact_Prochlorococcus_marinus_subsp_marinus_str_CCMP1375_gene54200406.pdb
 0.172947 -0.662418 -0.728898     1.602838
 0.814991 -0.319309  0.483560    -0.112915
-0.553063 -0.677676  0.484641     3.143261
>../../../../class2/thr//data/domains/Catalytic_domain/structures/ThrRS_AF_Bact_Streptobacillus_moniliformis_DSM_12112_gene29674242.pdb
 0.552123 -0.818934  0.156549    -1.015158
 0.647994  0.303321 -0.698642    -0.545269
 0.524657  0.487179  0.698135     2.597176
>../../../../class2/thr//data/domains/Catalytic_domain/structures/ThrRS_AF_Euk_Arabidopsis_thaliana_gene832741.pdb
 0.962248  0.269320  0.039310     0.247332
-0.205779  0.814418 -0.542566     2.532151
-0.178139  0.513994  0.839093     1.166377
>../../../../class2/thr//data/domains/Catalytic_domain/structures/ThrRS_AF_Euk_Cercospora_beticola_gene35433465.pdb
 0.510903  0.855163 -0.087607    -0.743656
 0.040776 -0.125905 -0.991204     0.468256
-0.858671  0.502837 -0.099196     1.091279
>../../../../class2/thr//data/domains/Catalytic_domain/structures/ThrRS_AF_Euk_Cryptococcus_gattii_WM276_gene10188143.pdb
 1.000000  0.000000  0.000000     0.000000
 0.000000  1.000000  0.000000     0.000000
 0.000000  0.000000  1.000000     0.000000
>../../../../class2/thr//data/domains/Catalytic_domain/structures/ThrRS_AF_Euk_Cyanidioschyzon_merolae_strain_10D_gene16997242.pdb
-0.479083  0.222010 -0.849230     0.422482
 0.868037  0.263501 -0.420807    -0.730751
 0.130349 -0.938765 -0.318952     1.114998
>../../../../class2/thr//data/domains/Catalytic_domain/structures/ThrRS_AF_Mito_Cyanidioschyzon_merolae_strain_10D_gene16995590.pdb
 0.372501 -0.817115 -0.439962    -0.955645
 0.875348  0.466821 -0.125871    -0.471514
 0.308235 -0.338232  0.889151     3.014464
>../../../../class2/thr//data/domains/Catalytic_domain/structures/ThrRS_AF_Mito_Oryza_sativa_Japonica_Group_gene4345200.pdb
-0.415315  0.465479  0.781565     0.667773
 0.451737 -0.640211  0.621340     0.614403
 0.789587  0.611113  0.055615     0.476854
>../../../../class2/thr//data/domains/Catalytic_domain/structures/ThrRS_PDB_Bact_E_coli_1evk.pdb
-0.047076  0.587417 -0.807914   -24.699644
 0.103901 -0.801544 -0.588840    55.017256
-0.993473 -0.111663 -0.023300    47.396789
>../../../../class2/thr//data/domains/Catalytic_domain/structures/ThrRS_PDB_Bact_S_aureus_1nyr.pdb
-0.307600  0.511064 -0.802618    18.453816
-0.769217  0.362947  0.525904   -33.902173
 0.560078  0.779155  0.281477   -57.088879
