>structures/PheRS-Aα_AF_Arch_Candidatus_Nitrosopumilus_koreensis_AR1_gene13724458.pdb
-0.394700 -0.907305  0.144945    -8.869205
-0.918239  0.395074 -0.027432     5.256534
-0.032375 -0.143921 -0.989059     7.831051
>structures/PheRS-Aα_AF_Arch_Haloterrigena_turkmenica_DSM_5511_gene8744248.pdb
 0.236731 -0.239638  0.941559    -1.928689
-0.215689 -0.957885 -0.189563    -0.046505
 0.947331 -0.158209 -0.278448    -0.913440
>structures/PheRS-Aα_AF_Arch_Thermoplasma_volcanium_GSS1_gene1441177.pdb
 0.999336  0.013761 -0.033725     0.746467
-0.013634  0.999899  0.004000    -0.531195
 0.033777 -0.003537  0.999423     0.986040
>structures/PheRS-Aα_AF_Arch_Thermosphaera_aggregans_DSM_11486_gene9165306.pdb
-0.473917 -0.857097  0.201960     0.985602
-0.777736  0.299858 -0.552460    -3.205663
 0.412952 -0.418892 -0.808703    -6.682246
>structures/PheRS-Aα_AF_Euk_Cyanidioschyzon_merolae_strain_10D_gene16993638.pdb
 0.330730 -0.766828 -0.550084     0.753336
 0.859405  0.003891  0.511281     8.711950
-0.389924 -0.641841  0.660303    -3.397710
>structures/PheRS-Aα_AF_Euk_Megalobrama_amblycephala_gene125266654.pdb
 0.386818  0.908993 -0.155250    -1.693016
-0.658902  0.154662 -0.736157    -1.788650
-0.645151  0.387054  0.658764    -8.012459
>structures/PheRS-Aα_AF_Euk_Plasmodium_falciparum_3D7_gene813233.pdb
-0.924319  0.299203 -0.236878    -7.115131
 0.122166  0.820046  0.559107     4.869285
 0.361537  0.487855 -0.794537   -11.223957
>structures/PheRS-Aα_AF_Euk_Saccharomyces_cerevisiae_S288C_gene850522.pdb
-0.959101  0.016225 -0.282599    -6.568579
-0.146895  0.824873  0.545900     5.185947
 0.241965  0.565086 -0.788753    -3.112793
>structures/PheRS-Aα_AF_Euk_Schizosaccharomyces_pombe_gene2543647.pdb
 0.042466  0.644326  0.763571    -1.745545
 0.503156 -0.674061  0.540811     7.709862
 0.863151  0.361229 -0.352821    -4.427768
>structures/PheRS-Aα_PDB_Euk.B_H_sapiens_3L4G.C.pdb
 0.132275  0.552251  0.823117   -43.473899
-0.566025 -0.639620  0.520098   114.323776
 0.813707 -0.534701  0.227982    38.642193
