>../../../../class2//asn/data/domains/Anticodon_binding_domain_DNK//structures/AsnRS_AF_Arch_Candidatus_Korarchaeum_cryptofilum_OPF8_gene6094562.pdb
-0.357408  0.774715  0.521609     2.548604
 0.874881  0.082254  0.477303     0.289836
 0.326869  0.626938 -0.707181     2.263991
>../../../../class2//asp1/data/domains/Anticodon_binding_domain_DNK//structures/AspRS_AF_Bact_Bacillus_anthracis_str_Ames_Ancestor_gene45024275.pdb
-0.474815  0.341687  0.811049     7.754208
 0.873333  0.068992  0.482212     3.840445
 0.108809  0.937278 -0.331165    -1.665865
>../../../../class2//asp2/data/domains/Anticodon_binding_domain_DNK//structures/AspRS-E_AF_Euk_Caenorhabditis_elegans_gene176334.pdb
 0.995038  0.096968 -0.022278     0.778171
-0.098141  0.993388 -0.059563    -0.264813
 0.016355  0.061454  0.997976     3.802343
>../../../../class2//asp2/data/domains/Anticodon_binding_domain_DNK//structures/AsxRS_AF_Arch_Methanobacterium_lacus_gene10277817.pdb
 0.070766 -0.616901 -0.783853     3.193334
 0.573569 -0.617752  0.537959     7.321336
-0.816095 -0.487663  0.310119    -0.266352
>../../../../class2//lys/data/domains/Anticodon_binding_domain_DNK//structures/LysRS-II_AF_Arch_Aciduliprofundum_boonei_T469_gene8827564.pdb
 1.000000  0.000000  0.000000     0.000000
 0.000000  1.000000  0.000000     0.000000
 0.000000  0.000000  1.000000     0.000000
>../../../../class1//met/data/domains/EMAP//structures/MetRS_AF_Arch_Aciduliprofundum_boonei_T469_gene8827030.pdb
 0.657157 -0.500592 -0.563517   -14.647651
-0.682093 -0.713104 -0.161961    10.572806
-0.320770  0.490805 -0.810072   -10.186564
>../../../../class1//tyr/data/domains/EMAP//structures/TyrRS_AF_Euk_Seriola_dumerili_gene111223086.pdb
 0.643580  0.695004  0.320584   -39.544782
-0.615257  0.220634  0.756822    41.904970
 0.455263 -0.684317  0.569602    35.755387
>../../../../class2//phe2/data/domains/EMAP//structures/PheRS-Bβ_AF_Bact_Brachyspira_pilosicoli_95_1000_gene56440382.pdb
-0.472979  0.734752  0.486241   -69.304158
 0.864577  0.493339  0.095518     3.970735
-0.169700  0.465570 -0.868589    18.388092
