>structures/LysRS-II_AF_Arch_Aciduliprofundum_boonei_T469_gene8827564.pdb
 0.725929  0.639369 -0.253444    -8.222342
-0.598129  0.404980 -0.691543    -0.004641
-0.339511  0.653604  0.676413    -1.991134
>structures/LysRS-II_AF_Arch_Archaeoglobus_sulfaticallidus_PM70-1_gene15393615.pdb
 0.981791 -0.188734 -0.021563    -2.506823
 0.189451  0.981143  0.038296    -1.642124
 0.013929 -0.041684  0.999034     1.019028
>structures/LysRS-II_AF_Arch_Candidatus_Woesearchaeota_archaeon_proteinMBS3172198.1.pdb
 0.526536 -0.776031 -0.347182    -4.503399
 0.829109  0.378434  0.411541    -1.951915
-0.187983 -0.504543  0.842674     0.054795
>structures/LysRS-II_AF_Arch_Thermogladius_calderae_1633_gene13013549.pdb
 0.312607  0.768455 -0.558350    -6.610989
-0.613892 -0.285113 -0.736103     0.823904
-0.724854  0.572877  0.382620    -3.059938
>structures/LysRS-II_AF_Bact_Chlamydia_muridarum_str_Nigg_gene1245697.pdb
 0.232635  0.743178 -0.627349    -7.570680
-0.628386 -0.377469 -0.680182     2.141621
-0.742302  0.552452  0.379190    -0.455757
>structures/LysRS-II_AF_Bact_Cupriavidus_taiwanensis_LMG_19424_gene29762375.pdb
 0.929444 -0.365651  0.049317     0.099953
 0.358370  0.926459  0.115085    -1.868735
-0.087771 -0.089292  0.992131     2.039399
>structures/LysRS-II_AF_Bact_Leuconostoc_gelidum_JB7_gene61037106.pdb
 0.995111 -0.088308  0.044217    -4.414925
 0.074968  0.966901  0.243890     1.408750
-0.064291 -0.239383  0.968794    -1.744354
>structures/LysRS-II_AF_Bact_Mycobacterium_intracellulare_ATCC_13950_gene11907187.pdb
 0.999594 -0.028217  0.004033    -0.021844
 0.028222  0.999601 -0.001280    -0.626044
-0.003995  0.001393  0.999991     0.065009
>structures/LysRS-II_AF_Bact_Mycoplasma_hyopneumoniae_168-L_gene57101062.pdb
 0.990368 -0.105875 -0.089227    -6.684900
 0.125568  0.958328  0.256594     1.121586
 0.058342 -0.265326  0.962392    -4.145514
>structures/LysRS-II_AF_Bact_Porphyromonas_gingivalis_ATCC_33277_gene29256363.pdb
 0.661132  0.744808 -0.090367    -8.641350
-0.538595  0.387297 -0.748276     0.179750
-0.522323  0.543380  0.657204    -2.641916
>structures/LysRS-II_AF_Bact_Prochlorococcus_marinus_subsp_marinus_str_CCMP1375_gene54201108.pdb
 0.987047  0.126772  0.098322    -5.301042
-0.125157  0.991883 -0.022445     2.459223
-0.100370  0.009849  0.994901    -2.017159
>structures/LysRS-II_AF_Bact_Streptobacillus_moniliformis_DSM_12112_gene29673899.pdb
 0.955493  0.277073  0.101312    -0.048088
-0.238723  0.927925 -0.286297    -1.609408
-0.173335  0.249369  0.952770     0.108608
>structures/LysRS-II_AF_Euk_Homo_sapiens_gene3735.pdb
 0.998122  0.036134 -0.049461    -0.177554
-0.039251  0.997204 -0.063581    -1.549074
 0.047026  0.065403  0.996750    -0.946031
>structures/LysRS-II_AF_Euk_Ostreococcus_tauri_gene9837657.pdb
 0.982151 -0.151962 -0.110846    -0.907386
 0.166153  0.977143  0.132608     0.235904
 0.088161 -0.148658  0.984951     0.327845
>structures/LysRS-II_AF_Euk_Solanum_lycopersicum_gene778357.pdb
-0.283058 -0.569841  0.771465    -2.756812
-0.772157 -0.341721 -0.535724     3.454885
 0.568903 -0.747334 -0.343280    -2.155354
>structures/LysRS-II_AF_Euk_Theileria_annulata_gene3864794.pdb
-0.626424 -0.665228  0.406283     0.625222
-0.742751  0.351295 -0.570011     1.396598
 0.236462 -0.658835 -0.714158    -2.166832
>structures/LysRS-II_AF_Euk_Zootoca_vivipara_gene118086243.pdb
 0.425165 -0.551954 -0.717343    -3.245597
 0.806616 -0.128489  0.576942     6.461654
-0.410616 -0.823916  0.390585    -3.133591
>structures/LysRS-II_AF_Mito_Malus_domestica_gene103446975.pdb
 0.930140 -0.367148 -0.006503     0.485021
 0.359572  0.907069  0.218936     0.813766
-0.074484 -0.205979  0.975718     2.309680
>structures/LysRS-II_AF_Mito_Scheffersomyces_stipitis_CBS_6054_gene4837999.pdb
 0.988745 -0.123832 -0.083961     0.287886
 0.145046  0.930977  0.335027     2.583555
 0.036679 -0.343435  0.938460     1.038654
>structures/LysRS-II_PDB_Bact_G_stearothermophilus_3E9H.pdb
-0.024234  0.061014 -0.997843    30.930690
 0.937996  0.346642 -0.001585   -28.818803
 0.345798 -0.936011 -0.065632  -100.820228
