>structures/LysRS-II_AF_Arch_Aciduliprofundum_boonei_T469_gene8827564.pdb
 0.893891  0.404445 -0.193349    -7.667528
-0.440270  0.710859 -0.548491    -1.230278
-0.084391  0.575417  0.813495    -3.338059
>structures/LysRS-II_AF_Arch_Archaeoglobus_sulfaticallidus_PM70-1_gene15393615.pdb
 0.893744 -0.394139 -0.214186    -2.401850
 0.442976  0.850696  0.282998    -0.257437
 0.070667 -0.347807  0.934899     0.415725
>structures/LysRS-II_AF_Arch_Candidatus_Woesearchaeota_archaeon_proteinMBS3172198.1.pdb
 0.358220 -0.741665 -0.567108    -4.020897
 0.863173  0.031591  0.503918    -1.117368
-0.355823 -0.670026  0.651502    -0.480505
>structures/LysRS-II_AF_Arch_Thermogladius_calderae_1633_gene13013549.pdb
 0.581646  0.698704 -0.416534    -6.227603
-0.659004  0.104561 -0.744836    -0.614036
-0.476867  0.707728  0.521266    -4.464197
>structures/LysRS-II_AF_Bact_Chlamydia_muridarum_str_Nigg_gene1245697.pdb
 0.484232  0.706771 -0.515746    -7.660766
-0.708583 -0.029004 -0.705032     1.779737
-0.513255  0.706847  0.486761    -2.132287
>structures/LysRS-II_AF_Bact_Cupriavidus_taiwanensis_LMG_19424_gene29762375.pdb
 0.853572 -0.495854 -0.159823     0.013377
 0.518519  0.778835  0.352923     1.201236
-0.050523 -0.384116  0.921901     1.433440
>structures/LysRS-II_AF_Bact_Escherichia_coli_O157:H7_str._Sakai_gene916412.pdb
 0.862753 -0.459912 -0.210089    -0.363639
 0.505574  0.790563  0.345550     0.890973
 0.007166 -0.404340  0.914581     0.758969
>structures/LysRS-II_AF_Bact_Leuconostoc_gelidum_JB7_gene61037106.pdb
 0.950755 -0.254078 -0.177507    -4.304458
 0.309168  0.817885  0.485261     1.574606
 0.021887 -0.516244  0.856162    -3.232464
>structures/LysRS-II_AF_Bact_Mycobacterium_intracellulare_ATCC_13950_gene11907187.pdb
 0.957347 -0.235790 -0.167002     0.013181
 0.271406  0.932112  0.239805     1.455328
 0.099121 -0.274902  0.956349    -0.263329
>structures/LysRS-II_AF_Bact_Mycoplasma_hyopneumoniae_168-L_gene57101062.pdb
 0.912585 -0.257130 -0.317920    -5.961483
 0.386104  0.797823  0.463036     0.072085
 0.134583 -0.545310  0.827360    -5.879883
>structures/LysRS-II_AF_Bact_Porphyromonas_gingivalis_ATCC_33277_gene29256363.pdb
 0.846013  0.531868 -0.037126    -8.004979
-0.459620  0.692258 -0.556353    -1.009542
-0.270205  0.487746  0.830116    -4.138110
>structures/LysRS-II_AF_Bact_Prochlorococcus_marinus_subsp_marinus_str_CCMP1375_gene54201108.pdb
 0.990530 -0.119236 -0.068071    -5.534133
 0.133293  0.954012  0.268503     1.744143
 0.032926 -0.275033  0.960871    -3.696032
>structures/LysRS-II_AF_Bact_Streptobacillus_moniliformis_DSM_12112_gene29673899.pdb
 0.999826  0.018653  0.000225     0.291880
-0.018651  0.999813 -0.005095     0.274231
-0.000320  0.005089  0.999987     0.164534
>structures/LysRS-II_AF_Euk_Homo_sapiens_gene3735.pdb
 0.956148 -0.202717 -0.211393     0.182322
 0.242313  0.952943  0.182168    -0.139987
 0.164517 -0.225402  0.960275    -1.135060
>structures/LysRS-II_AF_Euk_Ostreococcus_tauri_gene9837657.pdb
 0.886017 -0.343163 -0.311788    -1.142608
 0.442600  0.826324  0.348272     1.616151
 0.138124 -0.446573  0.884022    -0.516375
>structures/LysRS-II_AF_Euk_Saccharomyces_cerevisiae_S288C_gene851607.pdb
 0.728290 -0.509733 -0.458002    -2.286138
 0.685066  0.525312  0.504710     3.673372
-0.016673 -0.681337  0.731780    -0.342577
>structures/LysRS-II_AF_Euk_Solanum_lycopersicum_gene778357.pdb
-0.200788 -0.333542  0.921105    -3.254124
-0.647543 -0.660360 -0.380279     3.564453
 0.735100 -0.672810 -0.083391    -4.039844
>structures/LysRS-II_AF_Euk_Theileria_annulata_gene3864794.pdb
-0.476309 -0.598594  0.644062     0.523624
-0.793978 -0.021921 -0.607551     2.500489
 0.377795 -0.800753 -0.464829    -3.066397
>structures/LysRS-II_AF_Euk_Zootoca_vivipara_gene118086243.pdb
 0.300025 -0.352914 -0.886249    -4.120969
 0.757202 -0.476958  0.446269     5.955833
-0.580198 -0.804961  0.124128    -5.927400
>structures/LysRS-II_AF_Mito_Malus_domestica_gene103446975.pdb
 0.821468 -0.527220 -0.217323    -0.271041
 0.563062  0.689558  0.455490     3.141564
-0.090287 -0.496537  0.863307     1.519047
>structures/LysRS-II_AF_Mito_Scheffersomyces_stipitis_CBS_6054_gene4837999.pdb
 0.940561 -0.107519 -0.322157     0.247358
 0.286049  0.762154  0.580773     7.665315
 0.183089 -0.638405  0.747608    -2.495775
>structures/LysRS-II_PDB_Bact_G_stearothermophilus_3E9H.pdb
-0.296336  0.142705 -0.944362    53.616714
 0.953910  0.093220 -0.285245   -43.179671
 0.047328 -0.985366 -0.163752   -84.731859
