>../../../../class2/gly2//data/domains/Catalytic_domain/structures/GlyRS-Bα_AF_Bact_Brachyspira_pilosicoli_95_1000_gene56440230.pdb
-0.105222  0.919482  0.378788    11.375376
 0.962382 -0.001795  0.271693     2.754832
 0.250497  0.393127 -0.884705    52.932367
>../../../../class2/gly2//data/domains/Catalytic_domain/structures/GlyRS-Bα_AF_Bact_Chlamydia_pneumoniae_TW-183_gene45051002.pdb
 0.363072  0.139154 -0.921311    10.902235
-0.475828 -0.822441 -0.311736   -16.675019
-0.801103  0.551568 -0.232392    62.148978
>../../../../class2/gly2//data/domains/Catalytic_domain/structures/GlyRS-Bα_AF_Bact_Lacticaseibacillus_paracasei_gene61269714.pdb
 0.159181 -0.984311 -0.076120    10.493623
 0.214354 -0.040805  0.975903     2.624376
-0.963698 -0.171661  0.204495    51.299604
>../../../../class2/gly2//data/domains/Catalytic_domain/structures/GlyRS-Bα_AF_Bact_Prochlorococcus_marinus_subsp_marinus_str_CCMP1375_gene54200602.pdb
 0.837970 -0.541417  0.068361    10.099450
 0.116225  0.299457  0.947004     2.924515
-0.533196 -0.785616  0.313863    51.303652
>../../../../class2/gly2//data/domains/Catalytic_domain/structures/GlyRS-Bα_AF_Bact_Salmonella_enterica_subsp_enterica_serovar_Typhimurium_str_LT2_gene1255180.pdb
 0.793429  0.344857  0.501541     9.080968
-0.473474  0.867499  0.152541     1.535166
-0.382482 -0.358497  0.851580    51.603918
>../../../../class2/gly2//data/domains/Catalytic_domain/structures/GlyRS-Bα_AF_Bact_Streptobacillus_moniliformis_DSM_12112_gene29673275.pdb
 0.693000 -0.708915 -0.131116    10.218221
 0.201014  0.015346  0.979468     2.833515
-0.692347 -0.705127  0.153136    51.640167
>../../../../class2/gly2//data/domains/Catalytic_domain/structures/GlyRS-Bα_AF_Euk_Ostreococcus_tauri_gene9837276.pdb
 0.333363  0.524231 -0.783614    11.517582
-0.942577  0.203316 -0.264972   -15.497081
 0.020415  0.826949  0.561907    61.245772
>../../../../class2/gly2//data/domains/Catalytic_domain/structures/GlyRS-Bα_AF_Mito_Nymphaea_colorata_gene116265348.pdb
 0.620578 -0.112517 -0.776031    10.430756
-0.363308 -0.918279 -0.157389   -16.154425
-0.694904  0.379610 -0.610741    63.952839
>../../../../class2/gly2//data/domains/Catalytic_domain/structures/GlyRS-Bα_PDB_Bact_A_aeolicus_5f5w.pdb
-0.882644 -0.236101 -0.406443   -30.696064
-0.134247 -0.702054  0.699356     5.611102
-0.450463  0.671846  0.587968    23.302267
>../../../../class2/gly2//data/domains/Catalytic_domain/structures/GlyRS-Bα_PDB_Bact_C_jejuni_3ufg.pdb
 0.058249  0.977007 -0.205097   -19.053781
-0.658868 -0.116722 -0.743148    22.381593
-0.750000  0.178420  0.636919    65.673441
>../../../../class2/gly2//data/domains/Catalytic_domain/structures/GlyRS-Bα_PDB_Bact_T_maritima_1j5w.pdb
 0.452327 -0.465351  0.760821    12.467438
-0.523787  0.551842  0.648935   -13.492598
-0.721836 -0.692040  0.005869   121.196359
>../../../../class2/his//data/domains/Catalytic_domain/structures/HisRS_AF_Arch_Candidatus_Methanomassiliicoccus_intestinalis_Issoire-Mx1_gene16154026.pdb
 0.496231 -0.685266  0.533072     7.748742
 0.673363  0.691361  0.261921     2.040346
-0.548030  0.228978  0.804507    43.521582
>../../../../class2/his//data/domains/Catalytic_domain/structures/HisRS_AF_Arch_Candidatus_Nitrosopumilus_koreensis_AR1_gene13725657.pdb
-0.366181 -0.805454 -0.466000     6.968472
-0.838051  0.503113 -0.211063    -0.840977
 0.404452  0.313245 -0.859242    45.392011
>../../../../class2/his//data/domains/Catalytic_domain/structures/HisRS_AF_Arch_Desulfurococcus_amylolyticus_1221n_gene7171287.pdb
-0.189199  0.981422 -0.031846     4.552203
 0.414010  0.109137  0.903706    -0.525577
 0.890393  0.157796 -0.426967    47.216748
>../../../../class2/his//data/domains/Catalytic_domain/structures/HisRS_AF_Arch_Methanoregula_formicica_SMSP_gene14310605.pdb
 0.192208 -0.956441  0.219719     7.090793
 0.895312  0.262583  0.359816     3.918829
-0.401837  0.127557  0.906783    45.494972
>../../../../class2/his//data/domains/Catalytic_domain/structures/HisRS_AF_Bact_Chlamydia_muridarum_str_Nigg_gene1246198.pdb
 0.228630 -0.968715 -0.096537     4.733044
-0.742210 -0.109280 -0.661198    -0.638459
 0.629963  0.222821 -0.743975    44.052767
>../../../../class2/his//data/domains/Catalytic_domain/structures/HisRS_AF_Bact_Lacticaseibacillus_paracasei_gene61269730.pdb
-0.682937  0.025667 -0.730026     0.458318
-0.308586  0.895692  0.320173    -1.104123
 0.662096  0.443934 -0.603781    46.115146
>../../../../class2/his//data/domains/Catalytic_domain/structures/HisRS_AF_Bact_Paracoccus_denitrificans_PD1222_gene75501415.pdb
-0.049963  0.940931  0.334892     6.704161
 0.468938 -0.273952  0.839671    -0.683016
 0.881817  0.198996 -0.427551    45.455981
>../../../../class2/his//data/domains/Catalytic_domain/structures/HisRS_AF_Bact_Prochlorococcus_marinus_subsp_marinus_str_CCMP1375_gene54200127.pdb
 0.197493  0.963705  0.179634     4.621451
 0.409849 -0.247630  0.877897     5.725709
 0.890517 -0.099756 -0.443879    48.894617
>../../../../class2/his//data/domains/Catalytic_domain/structures/HisRS_AF_Bact_Streptobacillus_moniliformis_DSM_12112_gene29674169.pdb
-0.672179 -0.075092 -0.736570     1.250222
-0.331028  0.920352  0.208261    -2.959289
 0.662265  0.383814 -0.643499    47.208681
>../../../../class2/his//data/domains/Catalytic_domain/structures/HisRS_AF_Bact_Streptomyces_albidoflavus_gene15149169.pdb
-0.485628 -0.197103 -0.851655     5.358042
-0.607821  0.776333  0.166918     1.029781
 0.628267  0.598714 -0.496812    45.017486
>../../../../class2/his//data/domains/Catalytic_domain/structures/HisRS_AF_Bact_Thermus_thermophilus_HB8_gene3168691.pdb
-0.742594  0.217044 -0.633598     0.926111
-0.089278  0.905511  0.414825    -0.627826
 0.663765  0.364613 -0.653050    45.227253
>../../../../class2/his//data/domains/Catalytic_domain/structures/HisRS_AF_Bact_Treponema_denticola_ATCC_35405_gene2741405.pdb
 0.666928 -0.599160  0.442961     4.939589
-0.650015 -0.758452 -0.047230     2.164409
 0.364264 -0.256432 -0.895296    44.409658
>../../../../class2/his//data/domains/Catalytic_domain/structures/HisRS_AF_Euk_Arabidopsis_thaliana_gene823753.pdb
-0.546159 -0.193270 -0.815081     5.431522
-0.607281  0.761564  0.226339     0.060171
 0.576992  0.618601 -0.533304    45.678919
>../../../../class2/his//data/domains/Catalytic_domain/structures/HisRS_AF_Euk_Cryptococcus_gattii_WM276_gene10186972.pdb
-0.462189  0.883433  0.076987     4.838566
-0.446637 -0.156907 -0.880850     0.084857
-0.766092 -0.441504  0.467094    46.553539
>../../../../class2/his//data/domains/Catalytic_domain/structures/HisRS_AF_Euk_Plasmodium_falciparum_3D7_gene812010.pdb
-0.831331 -0.555776  0.001496    19.019770
-0.552138  0.826190  0.112043     0.971934
-0.063506  0.092319 -0.993702    38.892470
>../../../../class2/his//data/domains/Catalytic_domain/structures/HisRS_AF_Euk_Platysiphonia_delicata_gene33353157.pdb
-0.671286 -0.013878 -0.741068    -0.709022
-0.326246  0.903294  0.278610    -2.380759
 0.665536  0.428797 -0.610897    47.693475
>../../../../class2/his//data/domains/Catalytic_domain/structures/HisRS_PDB_Arch_T_acidophilum_1WU7.pdb
-0.490035  0.268725  0.829248   -61.281394
-0.610025  0.573824 -0.546440    17.629079
-0.622685 -0.773636 -0.117264    96.708949
>../../../../class2/his//data/domains/Catalytic_domain/structures/HisRS_PDB_Bact_B_thailandensis_4e51.pdb
 1.000000 -0.000000  0.000000     0.000000
 0.000000  1.000000  0.000000     0.000000
-0.000000  0.000000  1.000000     0.000000
>../../../../class2/his//data/domains/Catalytic_domain/structures/HisRS_PDB_Bact_E_coli_1HTT.pdb
 0.789192 -0.320174 -0.524085    34.226526
-0.563380 -0.717148 -0.410246    13.835978
-0.244496  0.619022 -0.746347    50.196584
