>../../../../class2/phe4//data/domains/Catalytic_domain/structures/PheRS-Aβ_AF_Arch_Candidatus_Nitrosopumilus_koreensis_AR1_gene13724457.pdb
 0.693461 -0.435095 -0.574286    -3.632657
 0.572215 -0.151760  0.805939     3.469249
-0.437814 -0.887503  0.143728    -2.243102
>../../../../class2/phe4//data/domains/Catalytic_domain/structures/PheRS-Aβ_AF_Arch_Halalkalicoccus_jeotgali_B3_gene9420006.pdb
 0.608808  0.435500 -0.663093    -3.691780
-0.771188  0.520934 -0.365919     3.363604
 0.186070  0.734144  0.653002    -5.627981
>../../../../class2/phe4//data/domains/Catalytic_domain/structures/PheRS-Aβ_AF_Arch_Sulfolobus_islandicus_YG5714_gene7807969.pdb
 0.604666 -0.516024 -0.606711    -1.601996
 0.690382 -0.040289  0.722322     3.203653
-0.397180 -0.855626  0.331892    -0.207703
>../../../../class2/phe4//data/domains/Catalytic_domain/structures/PheRS-Aβ_AF_Arch_Thermoplasma_volcanium_GSS1_gene1441711.pdb
-0.270851  0.322807  0.906882    -5.043269
 0.632429 -0.650576  0.420456     5.239296
 0.725722  0.687420 -0.027943    -4.387590
>../../../../class2/phe4//data/domains/Catalytic_domain/structures/PheRS-Aβ_AF_Euk_Astyanax_mexicanus_gene103044481.pdb
-0.424280 -0.411188  0.806791    -2.367429
-0.292419 -0.781011 -0.551828    -0.187460
 0.857017 -0.470050  0.211129     1.878709
>../../../../class2/phe4//data/domains/Catalytic_domain/structures/PheRS-Aβ_AF_Euk_Drosophila_melanogaster_gene42888.pdb
 1.000000  0.000000  0.000000     0.000000
 0.000000  1.000000  0.000000     0.000000
 0.000000  0.000000  1.000000     0.000000
>../../../../class2/phe4//data/domains/Catalytic_domain/structures/PheRS-Aβ_AF_Euk_Plasmodium_falciparum_3D7_gene810604.pdb
 0.574377 -0.474493 -0.667044     0.404253
 0.552768 -0.376204  0.743585     5.016474
-0.603770 -0.795818  0.046202    -2.488522
>../../../../class2/phe4//data/domains/Catalytic_domain/structures/PheRS-Aβ_AF_Euk_Saccharomyces_cerevisiae_S288C_gene850749.pdb
 0.349555  0.222597 -0.910089    -2.484643
-0.706696 -0.575113 -0.412100     5.494374
-0.615136  0.787208 -0.043725    -6.410791
>../../../../class2/phe4//data/domains/Catalytic_domain/structures/PheRS-Aβ_PDB_Euk.B_H_sapiens_3L4G.pdb
-0.811850  0.370599 -0.451172     9.578142
 0.131721 -0.636557 -0.759898    68.203561
-0.568814 -0.676352  0.467972    81.758372
>../../../../class2/ser2//data/domains/Catalytic_domain/structures/SerRS-A_AF_Arch_Conexivisphaera_calida_protein1635512986.pdb
 0.802850 -0.484114  0.347944    28.038281
 0.444238  0.096562 -0.890690   -11.819265
 0.397598  0.869660  0.292587   -13.370845
>../../../../class2/ser2//data/domains/Catalytic_domain/structures/SerRS-A_AF_Arch_Ignisphaera_aggregans_protein304378874.pdb
 0.130537 -0.976465 -0.171685    30.011225
 0.558215  0.215497 -0.801223   -12.551459
 0.819363  0.008752  0.573208   -12.822021
>../../../../class2/ser2//data/domains/Catalytic_domain/structures/SerRS-A_AF_Arch_Methanosarcina_barkeri_protein805401349.pdb
 0.375347  0.807278  0.455431    27.074358
 0.702692  0.072580 -0.707782   -13.346917
-0.604432  0.585692 -0.540025   -11.674107
>../../../../class2/ser2//data/domains/Catalytic_domain/structures/SerRS-A_AF_Arch_Unclassified_Thermoplasmata_protein1635512986.pdb
 0.890723 -0.234148  0.389598    26.541552
 0.411453  0.051063 -0.910000   -14.043364
 0.193181  0.970859  0.141824   -13.549496
>../../../../class2/ser2//data/domains/Catalytic_domain/structures/SerRS-A_PDB_Arch_M_barkeri_2cjb.pdb
-0.630964  0.054995 -0.773860   122.556267
-0.757897  0.169427  0.629989   -28.684614
 0.165759  0.984007 -0.065222   -13.474416
