>../../../../class2/phe3//data/domains/Catalytic_domain/structures/PheRS-Aα_AF_Arch_Candidatus_Nitrosopumilus_koreensis_AR1_gene13724458.pdb
 1.000000  0.000000  0.000000     0.000000
 0.000000  1.000000  0.000000     0.000000
 0.000000  0.000000  1.000000     0.000000
>../../../../class2/phe3//data/domains/Catalytic_domain/structures/PheRS-Aα_AF_Arch_Haloterrigena_turkmenica_DSM_5511_gene8744248.pdb
 0.101334  0.976156 -0.191965     1.726646
-0.491075 -0.118732 -0.862988    -6.295871
-0.865203  0.181720  0.467334     9.994130
>../../../../class2/phe3//data/domains/Catalytic_domain/structures/PheRS-Aα_AF_Arch_Thermoplasma_volcanium_GSS1_gene1441177.pdb
-0.359569 -0.932733 -0.026827     2.248942
-0.905261  0.355662 -0.232393    -8.145029
 0.226302 -0.059276 -0.972252    10.326857
>../../../../class2/phe3//data/domains/Catalytic_domain/structures/PheRS-Aα_AF_Arch_Thermosphaera_aggregans_DSM_11486_gene9165306.pdb
 0.900496  0.041409  0.432888     3.667392
 0.052472  0.977836 -0.202691    -8.713139
-0.431686  0.205237  0.878365    16.360385
>../../../../class2/phe3//data/domains/Catalytic_domain/structures/PheRS-Aα_AF_Euk_Cyanidioschyzon_merolae_strain_10D_gene16993638.pdb
-0.912796  0.298087 -0.279190    -6.645151
 0.107587  0.834948  0.539710    -4.636210
 0.393990  0.462608 -0.794208    12.832137
>../../../../class2/phe3//data/domains/Catalytic_domain/structures/PheRS-Aα_AF_Euk_Megalobrama_amblycephala_gene125266654.pdb
 0.465757 -0.487620  0.738442     3.645534
-0.450548 -0.848893 -0.276382    -5.366917
 0.761628 -0.203977 -0.615074    17.113760
>../../../../class2/phe3//data/domains/Catalytic_domain/structures/PheRS-Aα_AF_Euk_Plasmodium_falciparum_3D7_gene813233.pdb
 0.223163 -0.878067 -0.423316    -0.070936
 0.832073 -0.054631  0.551969     0.649034
-0.507792 -0.475409  0.718424    18.282932
>../../../../class2/phe3//data/domains/Catalytic_domain/structures/PheRS-Aα_AF_Euk_Schizosaccharomyces_pombe_gene2543647.pdb
-0.483093  0.392918 -0.782456    -5.137268
-0.040401 -0.902705 -0.428359    -3.310750
-0.874637 -0.175325  0.451964    12.702795
>../../../../class2/phe3//data/domains/Catalytic_domain/structures/PheRS-Aα_PDB_Euk.B_H_sapiens_3L4G.C.pdb
 0.470070  0.387474 -0.793031   -88.320805
-0.513524 -0.610698 -0.602778    64.542954
-0.717863  0.690589 -0.088094   -46.406693
>../../../../class2/pro3//data/domains/Catalytic_domain/structures/ProRS-M_AF_Euk_Candida_albicans_SC5314_gene3640100.pdb
-0.150244  0.802168 -0.577887    -2.519897
 0.155911 -0.557983 -0.815075     4.372750
-0.976278 -0.212559 -0.041233     7.832974
>../../../../class2/pro3//data/domains/Catalytic_domain/structures/ProRS-M_AF_Mito_Drosophila_melanogaster_gene38331.pdb
-0.893510  0.441761 -0.080535    -3.594100
 0.187477  0.529965  0.827037    -2.369589
 0.408034  0.723867 -0.556349     9.888559
>../../../../class2/pro3//data/domains/Catalytic_domain/structures/ProRS-M_AF_Mito_Mauremys_reevesii_gene120369760.pdb
 0.327070 -0.854588 -0.403365    -1.311487
 0.919906  0.190211  0.342919     2.382993
-0.216330 -0.483217  0.848353    10.695800
>../../../../class2/pro3//data/domains/Catalytic_domain/structures/ProRS-M_AF_Mito_Schizosaccharomyces_pombe_gene2540642.pdb
-0.091919  0.883124 -0.460047    -3.571633
-0.198004 -0.468987 -0.860724    -0.178838
-0.975882  0.011974  0.217971     8.815100
