>structures/LeuRS-B_AF_Bact_Bifidobacterium_longum_subsp_longum_JCM_1217_gene69578373.pdb
 1.000000  0.000000  0.000000     0.000000
 0.000000  1.000000  0.000000     0.000000
 0.000000  0.000000  1.000000     0.000000
>structures/LeuRS-B_AF_Bact_Brachyspira_pilosicoli_95_1000_gene56439070.pdb
 0.636836  0.753439 -0.163613    -0.426560
-0.731437  0.523294 -0.437221    -1.093511
-0.243802  0.398111  0.884346     5.548072
>structures/LeuRS-B_AF_Bact_Chlamydia_psittaci_6BC_gene12243068.pdb
-0.458519  0.695974  0.552612    -0.787665
 0.769602  0.000031  0.638524    -1.915779
 0.444379  0.718067 -0.535637     4.108722
>structures/LeuRS-B_AF_Bact_Clostridium_botulinum_A_str_ATCC_3502_gene5187707.pdb
-0.401778 -0.853019  0.333066     2.760887
-0.770795  0.118650 -0.625937    -2.068994
 0.494418 -0.508213 -0.705174     4.056815
>structures/LeuRS-B_AF_Bact_Escherichia_coli_O157_H7_str._Sakai_gene917041.pdb
 0.809688  0.537178  0.236315     0.015486
-0.453003  0.828089 -0.330239    -0.033969
-0.373087  0.160339  0.913837     8.321211
>structures/LeuRS-B_AF_Bact_Mycoplasma_hyopneumoniae_168-L_gene57101518.pdb
-0.281003  0.168415 -0.944814     1.027407
 0.026017 -0.982783 -0.182921    -3.852974
-0.959354 -0.075983  0.271783     2.643257
>structures/LeuRS-B_AF_Bact_Orientia_tsutsugamushi_str_Ikeda_gene66652454.pdb
-0.376282  0.721756  0.580930     2.721480
 0.695146 -0.194594  0.692030    -5.851788
 0.612522  0.664230 -0.428504     6.107475
>structures/LeuRS-B_AF_Bact_Porphyromonas_gingivalis_ATCC_33277_gene29256038.pdb
 0.823322  0.556441  0.111867     1.066520
-0.436965  0.747210 -0.500738    -3.975360
-0.362219  0.363387  0.858340     4.295174
>structures/LeuRS-B_AF_Bact_Thermus_thermophilus_HB8_gene3168656.pdb
-0.369487 -0.842310  0.392419     1.459529
-0.688634 -0.035340 -0.724247    -7.355189
 0.623909 -0.537833 -0.566986     5.462671
>structures/LeuRS-B_AF_Euk_Bathycoccus_prasinos_gene19015540.pdb
-0.426454  0.824414  0.372127     1.341102
 0.754348  0.097151  0.649246    -4.770349
 0.499095  0.557587 -0.663325     2.821970
>structures/LeuRS-B_AF_Euk_Klebsormidium_nitens_protein971510658.pdb
-0.257119 -0.030410 -0.965901     2.028257
 0.258675 -0.965198 -0.038471    -3.276956
-0.931116 -0.259746  0.256037     4.354298
>structures/LeuRS-B_AF_Euk_Plasmodium_falciparum_3D7_gene2655460.pdb
 0.987587 -0.126991  0.092443     4.761011
 0.091767  0.944113  0.316591    -5.723577
-0.127481 -0.304178  0.944047     7.383366
>structures/LeuRS-B_AF_Euk_Thalassiosira_pseudonana_CCMP1335_gene7441753.pdb
 0.739032  0.673660 -0.003754     3.276323
-0.579501  0.632875 -0.513467    -9.538715
-0.343526  0.381644  0.858101     2.143131
>structures/LeuRS-B_AF_Mito_Drosophila_melanogaster_gene38581.pdb
 0.606685 -0.141841 -0.782186    -2.155815
 0.097751 -0.963174  0.250480    17.030575
-0.788910 -0.228422 -0.570478   -23.101680
>structures/LeuRS-B_AF_Mito_Homo_sapiens_gene23395.pdb
-0.337416  0.021300  0.941115    -0.945220
 0.882188 -0.341692  0.324022    14.223930
 0.328473  0.939571  0.096502   -14.162167
>structures/LeuRS-B_PDB_Bact_T_therm_2V0C.pdb
 0.932866 -0.093410 -0.347902   -11.599308
 0.047135 -0.925837  0.374971   -32.213418
-0.357127 -0.366196 -0.859279    25.269206
