>structures/LeuRS-B_AF_Bact_Bifidobacterium_longum_subsp_longum_JCM_1217_gene69578373.pdb
-0.458519  0.769602  0.444379    -0.712604
 0.695974  0.000031  0.718067    -2.402082
 0.552612  0.638524 -0.535637     3.859329
>structures/LeuRS-B_AF_Bact_Brachyspira_pilosicoli_95_1000_gene56439070.pdb
-0.963509  0.234830  0.128474     0.934315
 0.267133  0.812991  0.517384     1.233301
 0.017049  0.532824 -0.846055     0.047159
>structures/LeuRS-B_AF_Bact_Chlamydia_psittaci_6BC_gene12243068.pdb
 1.000000  0.000000  0.000000     0.000000
 0.000000  1.000000  0.000000     0.000000
 0.000000  0.000000  1.000000     0.000000
>structures/LeuRS-B_AF_Bact_Clostridium_botulinum_A_str_ATCC_3502_gene5187707.pdb
-0.188029  0.254838 -0.948527    -1.738927
 0.069566 -0.959871 -0.271676     2.261691
-0.979697 -0.117068  0.162756     1.966320
>structures/LeuRS-B_AF_Bact_Mycoplasma_hyopneumoniae_168-L_gene57101518.pdb
-0.282770 -0.867208  0.409867    -3.083695
-0.881604  0.066621 -0.467265     0.109528
 0.377910 -0.493469 -0.783373     0.680096
>structures/LeuRS-B_AF_Bact_Orientia_tsutsugamushi_str_Ikeda_gene66652454.pdb
 0.980191 -0.184079  0.073072    -3.685696
 0.174836  0.977574  0.117399     3.093801
-0.093044 -0.102298  0.990393    -1.385429
>structures/LeuRS-B_AF_Bact_Porphyromonas_gingivalis_ATCC_33277_gene29256038.pdb
-0.875119  0.480842 -0.054386    -2.357687
 0.313046  0.648243  0.694107     1.463558
 0.369011  0.590401 -0.717815    -0.343389
>structures/LeuRS-B_AF_Bact_Thermus_thermophilus_HB8_gene3168656.pdb
-0.084155  0.124069 -0.988699    -4.588410
 0.193199 -0.971358 -0.138338     2.727609
-0.977544 -0.202658  0.057774    -2.957239
>structures/LeuRS-B_AF_Euk_Bathycoccus_prasinos_gene19015540.pdb
 0.997810 -0.056602  0.034218    -3.788197
 0.062666  0.974518 -0.215377     0.542748
-0.021155  0.217050  0.975931     0.072719
>structures/LeuRS-B_AF_Euk_Klebsormidium_nitens_protein971510658.pdb
-0.097795 -0.846008  0.524124    -2.347219
-0.842425 -0.210025 -0.496196     1.879531
 0.529865 -0.490061 -0.692159     0.600034
>structures/LeuRS-B_AF_Euk_Plasmodium_falciparum_3D7_gene2655460.pdb
-0.442430  0.653755  0.613889    -4.216711
 0.602003 -0.290876  0.743629     6.048931
 0.664717  0.698567 -0.264870    -1.182693
>structures/LeuRS-B_AF_Euk_Thalassiosira_pseudonana_CCMP1335_gene7441753.pdb
-0.939049  0.343494 -0.014096    -8.566404
 0.263805  0.746272  0.611135     1.431059
 0.220440  0.570167 -0.791401    -1.504120
>structures/LeuRS-B_AF_Mito_Drosophila_melanogaster_gene38581.pdb
-0.569023 -0.758609  0.317372     3.886218
-0.146273 -0.286417 -0.946874   -20.032199
 0.809208 -0.585216  0.052014    26.917849
>structures/LeuRS-B_AF_Mito_Homo_sapiens_gene23395.pdb
 0.977953  0.149766 -0.145524     4.511416
 0.002616  0.688035  0.725672   -13.172949
 0.208807 -0.710054  0.672475    20.259283
>structures/LeuRS-B_PDB_Bact_T_therm_2V0C.pdb
-0.551487 -0.830695  0.076208    -9.149423
 0.382829 -0.333201 -0.861637     8.314178
 0.741151 -0.446007  0.501771   -36.618703
