>structures/LeuRS-B_AF_Bact_Bifidobacterium_longum_subsp_longum_JCM_1217_gene69578373.pdb
-0.530806  0.449750 -0.718310   -13.073551
-0.398458 -0.880489 -0.256848    -6.955668
-0.747981  0.149880  0.646576   -18.984958
>structures/LeuRS-B_AF_Bact_Brachyspira_pilosicoli_95_1000_gene56439070.pdb
-0.558926 -0.601406 -0.570888   -15.992136
 0.556078 -0.782558  0.279965    -1.922679
-0.615125 -0.160978  0.771821   -17.059792
>structures/LeuRS-B_AF_Bact_Chlamydia_psittaci_6BC_gene12243068.pdb
 0.124683 -0.902101  0.413120    -9.762100
-0.872860 -0.297703 -0.386637     4.282637
 0.471772 -0.312388 -0.824527    -4.174508
>structures/LeuRS-B_AF_Bact_Clostridium_botulinum_A_str_ATCC_3502_gene5187707.pdb
-0.366444  0.929300 -0.046040   -16.737827
 0.558630  0.259312  0.787838    -2.480570
 0.744077  0.262979 -0.614159   -19.175163
>structures/LeuRS-B_AF_Bact_Escherichia_coli_O157_H7_str._Sakai_gene917041.pdb
-0.235716 -0.190013 -0.953065    -7.347807
 0.343190 -0.933788  0.101290    -5.556050
-0.909207 -0.303207  0.285320   -10.766702
>structures/LeuRS-B_AF_Bact_Mycoplasma_hyopneumoniae_168-L_gene57101518.pdb
 0.897207 -0.250261  0.363853    -9.711687
 0.319317  0.936787 -0.143059     5.471317
-0.305051  0.244538  0.920405     0.100769
>structures/LeuRS-B_AF_Bact_Orientia_tsutsugamushi_str_Ikeda_gene66652454.pdb
 0.347799 -0.915848  0.200647   -21.448508
-0.277830 -0.305071 -0.910902   -14.959610
 0.895459  0.261064 -0.360553   -26.301643
>structures/LeuRS-B_AF_Bact_Porphyromonas_gingivalis_ATCC_33277_gene29256038.pdb
-0.564069 -0.318903 -0.761661   -15.475421
 0.264528 -0.943587  0.199171    -2.911584
-0.782209 -0.089134  0.616607   -20.069808
>structures/LeuRS-B_AF_Bact_Thermus_thermophilus_HB8_gene3168656.pdb
-0.416069  0.897026 -0.149099   -25.322757
 0.411479  0.331944  0.848822     7.101787
 0.810908  0.291818 -0.507219   -12.881596
>structures/LeuRS-B_AF_Euk_Bathycoccus_prasinos_gene19015540.pdb
 0.393547 -0.756362  0.522531   -19.245756
-0.737014 -0.599327 -0.312438     3.955788
 0.549483 -0.262153 -0.793312   -13.606538
>structures/LeuRS-B_AF_Euk_Klebsormidium_nitens_protein971510658.pdb
 1.000000  0.000000  0.000000     0.000000
 0.000000  1.000000  0.000000     0.000000
 0.000000  0.000000  1.000000     0.000000
>structures/LeuRS-B_AF_Euk_Plasmodium_falciparum_3D7_gene2655460.pdb
-0.680899  0.338091 -0.649670   -19.223577
-0.387132 -0.919162 -0.072594   -13.214919
-0.621695  0.202079  0.756743   -34.864673
>structures/LeuRS-B_AF_Euk_Thalassiosira_pseudonana_CCMP1335_gene7441753.pdb
-0.424323 -0.316732 -0.848311   -16.086477
 0.519263 -0.852603  0.058601     3.599569
-0.741833 -0.415630  0.526246   -11.116678
>structures/LeuRS-B_AF_Mito_Drosophila_melanogaster_gene38581.pdb
 0.640536 -0.153156  0.752501   -28.383456
-0.436989  0.733088  0.521174   -28.081590
-0.631470 -0.662665  0.402641   -20.454562
>structures/LeuRS-B_AF_Mito_Homo_sapiens_gene23395.pdb
-0.352586 -0.869348  0.346289     0.838408
-0.445521 -0.169475 -0.879084    -9.008671
 0.822918 -0.464232 -0.327558    -7.464016
