>structures/LeuRS-B_AF_Bact_Bifidobacterium_longum_subsp_longum_JCM_1217_gene69578373.pdb
 0.498979 -0.843273 -0.199779     0.174432
 0.799122  0.358533  0.482553     4.582779
-0.335296 -0.400431  0.852779    -5.780179
>structures/LeuRS-B_AF_Bact_Brachyspira_pilosicoli_95_1000_gene56439070.pdb
 0.999964  0.008284  0.001602    -0.429225
-0.008303  0.999893  0.012071    -0.453578
-0.001501 -0.012083  0.999926     0.536259
>structures/LeuRS-B_AF_Bact_Chlamydia_psittaci_6BC_gene12243068.pdb
-0.868526  0.491863  0.061098    -5.542886
 0.491804  0.839915  0.229502    -9.563497
 0.061566  0.229377 -0.971389     6.096228
>structures/LeuRS-B_AF_Bact_Clostridium_botulinum_A_str_ATCC_3502_gene5187707.pdb
 0.054231 -0.534295  0.843557     1.331441
-0.301994 -0.814013 -0.496168     0.111964
 0.951766 -0.227842 -0.205498     0.243524
>structures/LeuRS-B_AF_Bact_Mycoplasma_hyopneumoniae_168-L_gene57101518.pdb
-0.112556  0.511597 -0.851822    -8.846564
-0.740148 -0.615134 -0.271644   -12.304310
-0.662957  0.599899  0.447894    11.626625
>structures/LeuRS-B_AF_Bact_Orientia_tsutsugamushi_str_Ikeda_gene66652454.pdb
-0.903204  0.171406 -0.393501     1.777241
-0.134650  0.757361  0.638963    14.570075
 0.407544  0.630099 -0.660972    -7.095411
>structures/LeuRS-B_AF_Bact_Porphyromonas_gingivalis_ATCC_33277_gene29256038.pdb
 0.939753 -0.299970  0.163955     0.863158
 0.262643  0.940544  0.215399     0.608893
-0.218820 -0.159360  0.962664    -2.470070
>structures/LeuRS-B_AF_Bact_Thermus_thermophilus_HB8_gene3168656.pdb
-0.036511 -0.513160  0.857516     6.518993
-0.199364 -0.837099 -0.509430    -2.599614
 0.979245 -0.189557 -0.071742    11.172661
>structures/LeuRS-B_AF_Euk_Bathycoccus_prasinos_gene19015540.pdb
-0.968180  0.248436  0.030107     3.141513
 0.250247  0.961999  0.109240    -1.922332
-0.001824  0.113298 -0.993559     4.038616
>structures/LeuRS-B_AF_Euk_Klebsormidium_nitens_protein971510658.pdb
-0.541635  0.565066 -0.622359   -17.336154
-0.620050 -0.768468 -0.158098   -14.422747
-0.567599  0.300263  0.766599     5.303202
>structures/LeuRS-B_AF_Euk_Thalassiosira_pseudonana_CCMP1335_gene7441753.pdb
 0.987216 -0.079025  0.138419     2.477485
 0.027488  0.939837  0.340516    -3.312071
-0.157001 -0.332358  0.929994     4.196858
>structures/LeuRS-B_AF_Mito_Drosophila_melanogaster_gene38581.pdb
-0.218575  0.898280 -0.381205    -6.043070
 0.002255 -0.390185 -0.920734    26.507833
-0.975817 -0.202109  0.083259    -2.350475
>structures/LeuRS-B_AF_Mito_Homo_sapiens_gene23395.pdb
-0.623767  0.651892 -0.431221   -15.945498
 0.330908  0.720079  0.609907    -2.063474
 0.708107  0.237745 -0.664878   -10.085515
