>../../../../class2/gly3//data/domains/Catalytic_domain/structures/GlyRS-E_AF_Arch_Methanosalsum_zhilinae_DSM_4017_gene10821854.pdb
 0.873082  0.474128  0.113711    -0.047541
-0.069815  0.352383 -0.933248    -2.382883
-0.482549  0.806863  0.340760    -5.182675
>../../../../class2/gly3//data/domains/Catalytic_domain/structures/GlyRS-E_AF_Euk_Cryptococcus_neoformans_var_neoformans_JEC21_gene3258293.pdb
-0.186223 -0.917833  0.350576    -1.093672
-0.952549  0.256101  0.164504    -2.335509
-0.240770 -0.303306 -0.921973    -5.607424
>../../../../class2/gly3//data/domains/Catalytic_domain/structures/GlyRS-E_AF_Euk_Girardinichthys_multiradiatus_gene124858359.pdb
 0.906159  0.385805  0.173295    -1.397546
-0.042042  0.489879 -0.870776    -1.404462
-0.420843  0.781776  0.460128    -6.953497
>../../../../class2/gly3//data/domains/Catalytic_domain/structures/GlyRS-E_AF_Euk_Plasmodium_yoelii_gene3801472.pdb
 0.640435  0.766371 -0.050179     0.419615
-0.055757 -0.018768 -0.998268    -4.205369
-0.765986  0.642123  0.030711    -5.502723
>../../../../class2/gly3//data/domains/Catalytic_domain/structures/GlyRS-E_AF_Euk_Schizosaccharomyces_pombe_gene2543181.pdb
 0.979238  0.175949  0.100673    -0.486857
-0.041727  0.660942 -0.749276    -1.051107
-0.198373  0.729519  0.654561    -6.757359
>../../../../class2/gly3//data/domains/Catalytic_domain/structures/GlyRS-E_PDB_Euk_H_sapiens_2q5h.pdb
 0.255055 -0.531077 -0.808025  -122.384390
 0.837933  0.538405 -0.089373   -85.536788
 0.482509 -0.654276  0.582330    33.843904
>../../../../class2/phe5//data/domains/Catalytic_domain/structures/PheRS-M_AF_Mito_Arabidopsis_thaliana_gene824983.pdb
-0.514675 -0.594799  0.617514    -2.884016
 0.024619 -0.730184 -0.682806     6.059726
 0.857032 -0.336221  0.390451     1.530839
>../../../../class2/phe5//data/domains/Catalytic_domain/structures/PheRS-M_AF_Mito_Babesia_bovis_T2Bo_gene5478469.pdb
-0.790013 -0.611649  0.042017    -1.671139
-0.517526  0.702047  0.489180     0.701288
-0.328704  0.364713 -0.871170    -2.589240
>../../../../class2/phe5//data/domains/Catalytic_domain/structures/PheRS-M_AF_Mito_Candida_albicans_SC5314_gene3638806.pdb
 0.422321 -0.865507 -0.269336     1.442888
 0.498809  0.470003 -0.728208     3.622512
 0.756858  0.173190  0.630215    -1.754874
>../../../../class2/phe5//data/domains/Catalytic_domain/structures/PheRS-M_AF_Mito_Crassostrea_gigas_gene105329377.pdb
 0.383272 -0.271516 -0.882826    -0.956910
-0.254440 -0.949871  0.181672     6.525433
-0.887898  0.154997 -0.433143   -11.248826
>../../../../class2/phe5//data/domains/Catalytic_domain/structures/PheRS-M_AF_Mito_Drosophila_melanogaster_gene36547.pdb
 1.000000  0.000000  0.000000     0.000000
 0.000000  1.000000  0.000000     0.000000
 0.000000  0.000000  1.000000     0.000000
>../../../../class2/phe5//data/domains/Catalytic_domain/structures/PheRS-M_AF_Mito_Syngnathus_acus_gene119139175.pdb
 0.975748  0.050003 -0.213109    -0.577849
 0.208075  0.090445  0.973922     5.009058
 0.067973 -0.994645  0.077847    -5.827986
>../../../../class2/phe5//data/domains/Catalytic_domain/structures/PheRS-M_PDB_Mito.H_sapiens_3CMQ.pdb
 0.227544 -0.864720  0.447754    13.047252
 0.922592  0.338546  0.184961    -7.371152
-0.311525  0.371007  0.874818   -26.487320
