>structures/AspRS-E_AF_Euk_Caenorhabditis_elegans_gene176334.pdb
 0.381783 -0.721096  0.578154    33.736702
-0.487527 -0.688554 -0.536853    12.060403
 0.785213 -0.076905 -0.614432    28.916556
>structures/AspRS-E_AF_Euk_Cryptococcus_neoformans_var_neoformans_JEC21_gene3258977.pdb
-0.705820 -0.173762 -0.686750    43.939725
 0.109910  0.930848 -0.348486    22.002294
 0.699813 -0.321449 -0.637912    34.060810
>structures/AspRS-E_AF_Euk_Homo_sapiens_gene1615.pdb
-0.844816 -0.017457 -0.534772    27.144371
 0.027061  0.996794 -0.075290     6.883915
 0.534372 -0.078077 -0.841636    29.793488
>structures/AspRS-E_AF_Euk_Thalassiosira_pseudonana_CCMP1335_gene7443135.pdb
 0.283873 -0.827775  0.483947    33.524527
-0.543901 -0.554666 -0.629696    11.359973
 0.789675 -0.084465 -0.607683    31.124012
>structures/AspRS-E_AF_Euk_Theileria_orientalis_strain_Shintoku_gene20715543.pdb
 0.428917 -0.616767  0.660021    34.649914
-0.465342 -0.777097 -0.423766    12.842502
 0.774265 -0.125375 -0.620318    28.350549
>structures/AspRS-E_PDB_Euk_S_cerevisiae_1EOV.pdb
-0.091040  0.951433  0.294086     4.988347
-0.710555  0.144845 -0.688572    44.828636
-0.697727 -0.271652  0.662859    -3.516316
>structures/AsxRS_AF_Arch_Candidatus_Korarchaeum_cryptofilum_OPF8_gene6094477.pdb
-0.032508 -0.998949  0.032299    34.018763
-0.613831 -0.005549 -0.789418    10.922444
 0.788768 -0.045488 -0.613006    33.134311
>structures/AsxRS_AF_Arch_Candidatus_Methanomassiliicoccus_intestinalis_Issoire-Mx1_gene16154831.pdb
-0.254017 -0.963566 -0.083757    34.926275
-0.620344  0.228749 -0.750231    11.521468
 0.742057 -0.138614 -0.655849    32.847385
>structures/AsxRS_AF_Arch_Candidatus_Nitrosopumilus_koreensis_AR1_gene13725312.pdb
-0.641302 -0.648965 -0.409361    29.817836
-0.453249  0.750892 -0.480341     6.836231
 0.619110 -0.122501 -0.775691    33.761448
>structures/AsxRS_AF_Arch_Methanobacterium_lacus_gene10277817.pdb
-0.891468  0.087832 -0.444488    28.096151
 0.096959  0.995286  0.002210     8.350009
 0.442587 -0.041127 -0.895782    32.624171
>structures/AsxRS_AF_Bact_Clostridium_acetobutylicum_DSM_1731_gene45000055.pdb
 0.236819 -0.764608  0.599409    35.838857
-0.529720 -0.618806 -0.580066    13.086712
 0.814441 -0.180148 -0.551573    32.907579
>structures/AsxRS_AF_Bact_Spirochaetes_bacterium_GWE1_32_154_proteinOHD39701.1.pdb
-0.812468 -0.237430 -0.532469    34.620841
-0.208544  0.971243 -0.114874    11.055421
 0.544431  0.017711 -0.838618    33.018221
>structures/AsxRS_AF_Bact_Tropheryma_whipplei_TW08_27_gene67388547.pdb
 0.020303  0.965873 -0.258219    36.366842
-0.877208 -0.106705 -0.468102    10.062539
-0.479681  0.236016  0.845105    32.752192
>structures/AsxRS_PDB_Arch_T_kodarensis_1b8a.pdb
 0.999985  0.001823  0.005144    -0.217583
-0.001837  0.999995  0.002644    -0.105237
-0.005139 -0.002654  0.999983     0.111519
>structures/AsxRS_PDB_Bact_T_thermophilus_1n9w.pdb
 0.894642  0.354693 -0.271676    22.015316
-0.146393  0.807221  0.571807   -17.193761
 0.422118 -0.471792  0.774099   -32.243524
