>structures/AspRS-E_AF_Euk_Caenorhabditis_elegans_gene176334.pdb
 0.387504 -0.724900  0.569526    33.557796
-0.491622 -0.685112 -0.537521    12.165871
 0.779839 -0.071701 -0.621861    29.021308
>structures/AspRS-E_AF_Euk_Cryptococcus_neoformans_var_neoformans_JEC21_gene3258977.pdb
-0.704430 -0.165887 -0.690116    44.210580
 0.111994  0.934146 -0.338863    22.079747
 0.700882 -0.315994 -0.639462    34.237103
>structures/AspRS-E_AF_Euk_Thalassiosira_pseudonana_CCMP1335_gene7443135.pdb
 0.285242 -0.831941  0.475932    33.496703
-0.548309 -0.548921 -0.630907    11.475720
 0.786126 -0.080997 -0.612735    31.211838
>structures/AspRS-E_AF_Euk_Theileria_orientalis_strain_Shintoku_gene20715543.pdb
 0.430764 -0.613004  0.662321    34.634041
-0.463386 -0.780008 -0.420548    12.825532
 0.774413 -0.125753 -0.620057    28.369900
>structures/AspRS-E_PDB_Euk_S_cerevisiae_1EOV.pdb
-0.092875  0.948794  0.301933     4.336653
-0.711499  0.148891 -0.686732    44.624281
-0.696522 -0.278606  0.661238    -3.323584
>structures/AsxRS_AF_Arch_Candidatus_Korarchaeum_cryptofilum_OPF8_gene6094477.pdb
-0.031729 -0.999110  0.027779    34.014634
-0.614405 -0.002425 -0.788987    10.955445
 0.788352 -0.042101 -0.613782    33.163821
>structures/AsxRS_AF_Arch_Candidatus_Methanomassiliicoccus_intestinalis_Issoire-Mx1_gene16154831.pdb
-0.253214 -0.963374 -0.088279    34.917488
-0.620270  0.231702 -0.749386    11.552199
 0.742393 -0.134998 -0.656222    32.876121
>structures/AsxRS_AF_Arch_Candidatus_Nitrosopumilus_koreensis_AR1_gene13725312.pdb
-0.640241 -0.647215 -0.413768    29.791975
-0.451595  0.752849 -0.478833     6.871122
 0.621413 -0.119713 -0.774283    33.802777
>structures/AsxRS_AF_Arch_Methanobacterium_lacus_gene10277817.pdb
-0.889463  0.090681 -0.447920    28.071701
 0.099502  0.995030  0.003855     8.390148
 0.446043 -0.041140 -0.894066    32.671916
>structures/AsxRS_AF_Bact_Clostridium_acetobutylicum_DSM_1731_gene45000055.pdb
 0.226782 -0.759184  0.610089    35.999306
-0.527035 -0.622430 -0.578632    13.072226
 0.819026 -0.190315 -0.541272    32.882127
>structures/AsxRS_AF_Bact_Spirochaetes_bacterium_GWE1_32_154_proteinOHD39701.1.pdb
-0.809409 -0.235179 -0.538097    34.527449
-0.207688  0.971728 -0.112294    11.102056
 0.549293  0.020865 -0.835369    33.073184
>structures/AsxRS_AF_Bact_Tropheryma_whipplei_TW08_27_gene67388547.pdb
 0.017193  0.966106 -0.257571    36.364421
-0.876724 -0.109280 -0.468416    10.094412
-0.480687  0.233872  0.845130    32.780419
>structures/AsxRS_PDB_Arch_T_kodarensis_1b8a.pdb
 0.999951  0.004925  0.008572    -0.368779
-0.004940  0.999986  0.001776     0.062282
-0.008563 -0.001818  0.999962     0.249090
>structures/AsxRS_PDB_Bact_T_thermophilus_1n9w.pdb
 0.886719  0.371815 -0.274743    23.093246
-0.158346  0.802600  0.575118   -16.936891
 0.434346 -0.466463  0.770556   -32.463500
