>structures/GlyRS-B_AF_Bact_Escherichia_coli_O157:H7_str._Sakai_gene915622.pdb
 0.680268 -0.708184 -0.188974     2.845397
 0.711194  0.700118 -0.063552    -1.658251
 0.177310 -0.091165  0.979923     0.052124
>structures/GlyRS-Bα_AF_Bact_Brachyspira_pilosicoli_95_1000_gene56440230.pdb
-0.053759  0.386651  0.920658     0.240267
-0.067006 -0.921310  0.383012    -1.734614
 0.996303 -0.041100  0.075437     0.107783
>structures/GlyRS-Bα_AF_Bact_Chlamydia_pneumoniae_TW-183_gene45051002.pdb
 0.715090 -0.459568 -0.526729   -10.320102
 0.300111 -0.478698  0.825095    -7.418225
-0.631331 -0.748095 -0.204391   -17.979471
>structures/GlyRS-Bα_AF_Bact_Lacticaseibacillus_paracasei_gene61269714.pdb
 0.812867 -0.582428 -0.005103     0.522251
 0.581359  0.811849 -0.054075     0.034633
 0.035637  0.040989  0.998524     0.056192
>structures/GlyRS-Bα_AF_Bact_Prochlorococcus_marinus_subsp_marinus_str_CCMP1375_gene54200602.pdb
 0.976993  0.212936  0.011958     0.524478
-0.203894  0.949007 -0.240443     0.514148
-0.062547  0.232473  0.970590     0.500754
>structures/GlyRS-Bα_AF_Bact_Salmonella_enterica_subsp_enterica_serovar_Typhimurium_str_LT2_gene1255180.pdb
 0.700161  0.683678 -0.205811    -0.550753
-0.330478  0.054804 -0.942221     0.880310
-0.632897  0.727723  0.264312    -1.315321
>structures/GlyRS-Bα_AF_Bact_Streptobacillus_moniliformis_DSM_12112_gene29673275.pdb
 1.000000  0.000000  0.000000     0.000000
 0.000000  1.000000  0.000000     0.000000
 0.000000  0.000000  1.000000     0.000000
>structures/GlyRS-Bα_AF_Euk_Ostreococcus_tauri_gene9837276.pdb
 0.051930 -0.207934 -0.976763    -8.168543
-0.239914 -0.952037  0.189915    -7.028069
-0.969404  0.224477 -0.099326   -16.467369
>structures/GlyRS-Bα_AF_Mito_Nymphaea_colorata_gene116265348.pdb
 0.867856 -0.474639 -0.146777   -10.283476
 0.053303 -0.204775  0.977357    -9.060628
-0.493948 -0.856029 -0.152416   -17.486965
>structures/GlyRS-Bα_PDB_Bact_A_aeolicus_5f5w.pdb
-0.342896 -0.733995 -0.586237    -8.717490
 0.932149 -0.343116 -0.115626    49.178151
-0.116279 -0.586108  0.801846     2.384810
>structures/GlyRS-Bα_PDB_Bact_C_jejuni_3ufg.pdb
 0.461921  0.489559 -0.739568   -24.805317
 0.471874 -0.841700 -0.262442    12.323741
-0.750976 -0.227755 -0.619809    25.310906
>structures/GlyRS-Bα_PDB_Bact_T_maritima_1j5w.pdb
 0.717325  0.238604  0.654609   -47.997968
 0.162926  0.856040 -0.490562   -52.241826
-0.677421  0.458545  0.575184    -4.262165
