>structures/GluGlnRS_AF_Bact_Campylobacter_lari_RM2100_gene7410051.pdb
 0.993513 -0.053940  0.100112     3.335445
 0.050335  0.998002  0.038192     1.422126
-0.101972 -0.032905  0.994243    -3.309359
>structures/GluRS-B_AF_Bact_Chlamydia_psittaci_6BC_gene12242467.pdb
-0.237268 -0.588041  0.773248     1.304078
 0.081250 -0.805201 -0.587409     8.172747
 0.968040 -0.076547  0.238827    -8.191352
>structures/GluRS-B_AF_Bact_[Eubacterium]_eligens_ATCC_27750_gene41357084.pdb
 0.064664 -0.388450  0.919198     2.690302
-0.381663 -0.860720 -0.336888     0.688708
 0.922037 -0.329040 -0.203914    -3.053938
>structures/GluRS-B_AF_Bact_Porphyromonas_gingivalis_ATCC_33277_gene29255772.pdb
 0.962111  0.249925  0.108992     1.061000
-0.222834  0.951101 -0.213896     2.071066
-0.157120  0.181505  0.970757    -2.791261
>structures/GluRS-B_AF_Bact_Treponema_pallidum_subsp_pertenue_str_SamoaD_gene57879197.pdb
 0.050167 -0.180104  0.982367    -0.506130
-0.088844 -0.980511 -0.175227     1.768149
 0.994781 -0.078487 -0.065191    -1.239288
>structures/GluRS-B_AF_Euk_Cryptococcus_neoformans_var_grubii_H99_gene23890400.pdb
 1.000000  0.000000  0.000000     0.000000
 0.000000  1.000000  0.000000     0.000000
 0.000000  0.000000  1.000000     0.000000
>structures/GluRS-B_AF_Mito_Drosophila_melanogaster_gene39828.pdb
-0.200458  0.026185 -0.979352     2.865724
 0.282422 -0.955662 -0.083358     4.669374
-0.938112 -0.293300  0.184175    -0.622376
>structures/GluRS-B_AF_Mito_Homo_sapiens_gene124454.pdb
-0.052266 -0.096963 -0.993915     0.222883
 0.570145 -0.820020  0.050017     6.724579
-0.819880 -0.564061  0.098142    -4.118662
>structures/GluRS-B_PDB_Bact_T_therm_1J09.pdb
 0.987031  0.081289 -0.138430   -40.317971
-0.066259  0.991729  0.109928   -25.833880
 0.146221 -0.099330  0.984252   -10.269508
>structures/GlxRS-B_AF_Bact_Bifidobacterium_animalis_subsp_lactis_BLC1_gene66532600.pdb
-0.183532  0.171541  0.967931     1.501492
-0.109052 -0.982132  0.153380     1.637374
 0.976946 -0.077404  0.198959    -1.139906
>structures/GlxRS-B_AF_Bact_Mycoplasma_hyopneumoniae_168-L_gene57101016.pdb
 0.175630 -0.296788  0.938654     1.689897
-0.288155 -0.927213 -0.239255     2.196099
 0.941340 -0.228457 -0.248367    -3.012341
>structures/GlxRS-B_AF_Bact_Paracoccus_denitrificans_PD1222_gene75500422.pdb
 0.174369 -0.430049  0.885807     2.356989
-0.430137 -0.842486 -0.324345     0.910381
 0.885764 -0.324463 -0.331883    -3.896370
>structures/GlxRS-B_AF_Bact_Prochlorococcus_marinus_subsp_marinus_str_CCMP1375_gene54199839.pdb
 0.659468 -0.599386 -0.453693     1.994925
 0.734026  0.383217  0.560670     1.238483
-0.162195 -0.702766  0.692685    -2.373049
>structures/GlxRS-B_AF_Euk_Arabidopsis_thaliana_gene836526.pdb
-0.077170  0.058542 -0.995298    -2.415445
 0.408260 -0.908889 -0.085114     5.061799
-0.909598 -0.412909  0.046238    -2.808805
>structures/GlxRS-B_AF_Euk_Ostreococcus_tauri_proteinOUS48355.1.pdb
 0.077249  0.584627 -0.807616    -2.454761
-0.173351 -0.789823 -0.588328     1.576982
-0.981826  0.185449  0.040333    -5.613011
>structures/GlxRS-B_AF_Euk_Plasmodium_knowlesi_strain_H_gene7321821.pdb
 0.018794 -0.179818  0.983520     0.632835
-0.055070 -0.982387 -0.178559     2.702970
 0.998306 -0.050807 -0.028365    -2.763767
>structures/GlxRS-B_AF_Mito_Cyanidioschyzon_merolae_strain_10D_gene16997617.pdb
 0.053773  0.617248 -0.784929    -1.765455
-0.153550 -0.771606 -0.617290     0.591835
-0.986677  0.153720  0.053287    -3.031630
>structures/GlxRS-B_PDB_Bact_S_elong_2CFO.pdb
 0.440837 -0.262740 -0.858272    39.072335
 0.624370  0.776715  0.082924    10.329575
 0.644845 -0.572435  0.506451   -35.992578
