>structures/GluGlnRS_AF_Bact_Campylobacter_lari_RM2100_gene7410051.pdb
 0.151322 -0.126723 -0.980328     0.311456
 0.559514 -0.806600  0.190632     2.487124
-0.814890 -0.577354 -0.051153    -4.413818
>structures/GluRS-B_AF_Bact_Chlamydia_psittaci_6BC_gene12242467.pdb
-0.979528  0.166166 -0.113635     4.215116
-0.069894  0.248641  0.966071    -4.746327
 0.188782  0.954236 -0.231937    -7.379160
>structures/GluRS-B_AF_Bact_Escherichia_coli_O157:H7_str._Sakai_gene915601.pdb
 0.962325 -0.165290 -0.215893    -3.214985
 0.162125  0.986238 -0.032414    -0.421592
 0.218280 -0.003809  0.975879    -3.690358
>structures/GluRS-B_AF_Bact_[Eubacterium]_eligens_ATCC_27750_gene41357084.pdb
-0.849147  0.433568  0.301608     0.289179
 0.476026  0.380886  0.792670     2.664871
 0.228798  0.816667 -0.529818    -3.593123
>structures/GluRS-B_AF_Bact_Porphyromonas_gingivalis_ATCC_33277_gene29255772.pdb
 0.236221 -0.305374 -0.922467    -0.403292
 0.743608 -0.554290  0.373912     0.613687
-0.625497 -0.774280  0.096144    -3.076565
>structures/GluRS-B_AF_Bact_Treponema_pallidum_subsp_pertenue_str_SamoaD_gene57879197.pdb
-0.965142  0.218015  0.144812    -1.868166
 0.252585  0.630903  0.733595     0.145554
 0.068573  0.744601 -0.663978    -1.666317
>structures/GluRS-B_AF_Euk_Cryptococcus_neoformans_var_grubii_H99_gene23890400.pdb
 0.053773 -0.153550 -0.986677    -2.805429
 0.617248 -0.771606  0.153720     2.012408
-0.784929 -0.617290  0.053287    -0.858877
>structures/GluRS-B_AF_Mito_Drosophila_melanogaster_gene39828.pdb
 0.881281  0.424509 -0.207694    -2.671024
-0.467898  0.721954 -0.509759     0.039672
-0.066451  0.546420  0.834871    -5.884132
>structures/GluRS-B_PDB_Bact_T_therm_1J09.pdb
-0.088714 -0.038513 -0.995312     8.918359
 0.686611 -0.726271 -0.033096    -4.798250
-0.721592 -0.686329  0.090874    46.245184
>structures/GlxRS-B_AF_Bact_Bifidobacterium_animalis_subsp_lactis_BLC1_gene66532600.pdb
-0.959369  0.217825 -0.179341    -1.812340
 0.101928  0.860246  0.499588     1.455828
 0.263100  0.461009 -0.847496    -2.971882
>structures/GlxRS-B_AF_Bact_Mycoplasma_hyopneumoniae_168-L_gene57101016.pdb
-0.872179  0.361455  0.329626    -0.180078
 0.479275  0.496437  0.723772     0.929309
 0.097973  0.789240 -0.606219    -3.517185
>structures/GlxRS-B_AF_Bact_Paracoccus_denitrificans_PD1222_gene75500422.pdb
-0.801535  0.421842  0.423781     0.927781
 0.572922  0.338911  0.746257     2.169957
 0.171179  0.840945 -0.513332    -3.429722
>structures/GlxRS-B_AF_Bact_Prochlorococcus_marinus_subsp_marinus_str_CCMP1375_gene54199839.pdb
 0.080938  0.604313 -0.792625    -0.531995
-0.189084 -0.771484 -0.607503     1.964637
-0.978620  0.199043  0.051823    -3.284932
>structures/GlxRS-B_AF_Euk_Arabidopsis_thaliana_gene836526.pdb
 0.832248  0.547450 -0.087536    -0.993053
-0.501134  0.675311 -0.541128    -3.804363
-0.237126  0.494220  0.836372    -2.262762
>structures/GlxRS-B_AF_Euk_Ostreococcus_tauri_proteinOUS48355.1.pdb
 0.999419 -0.033898  0.003649     2.239822
 0.034010  0.998726 -0.037266    -1.586871
-0.002381  0.037369  0.999299    -0.145340
>structures/GlxRS-B_AF_Euk_Plasmodium_knowlesi_strain_H_gene7321821.pdb
-0.979133  0.178817  0.096557    -0.448903
 0.191094  0.648469  0.736866    -0.097450
 0.069150  0.739941 -0.669108    -3.168577
>structures/GlxRS-B_AF_Mito_Cyanidioschyzon_merolae_strain_10D_gene16997617.pdb
 1.000000  0.000000  0.000000     0.000000
 0.000000  1.000000  0.000000     0.000000
 0.000000  0.000000  1.000000     0.000000
>structures/GlxRS-B_AF_Mito_Homo_sapiens_gene124454.pdb
 0.730367  0.667848 -0.143332     0.461626
-0.584945  0.503181 -0.636119    -3.722025
-0.352709  0.548442  0.758161    -5.345975
>structures/GlxRS-B_PDB_Bact_S_elong_2CFO.pdb
-0.707884  0.429537 -0.560712    33.220332
-0.113372 -0.852644 -0.510044    12.362116
-0.697171 -0.297483  0.652270   -39.743609
