>structures/GluRS-B_AF_Bact_Chlamydia_psittaci_6BC_gene12242467.pdb
 0.940693 -0.032862  0.337663    -7.496251
-0.116889  0.902961  0.413519    -5.993573
-0.318485 -0.428463  0.845569     1.110728
>structures/GluRS-B_AF_Bact_[Eubacterium]_eligens_ATCC_27750_gene41357084.pdb
 0.954966 -0.269317 -0.124533    -1.551525
 0.288535  0.940761  0.178089     0.632355
 0.069193 -0.206001  0.976102     3.340033
>structures/GluRS-B_AF_Bact_Porphyromonas_gingivalis_ATCC_33277_gene29255772.pdb
-0.085679  0.097783  0.991513    -1.334691
 0.054957 -0.993193  0.102698    -0.425737
 0.994806  0.063290  0.079722     1.548946
>structures/GluRS-B_AF_Bact_Treponema_pallidum_subsp_pertenue_str_SamoaD_gene57879197.pdb
 1.000000  0.000000  0.000000     0.000000
 0.000000  1.000000  0.000000     0.000000
 0.000000  0.000000  1.000000     0.000000
>structures/GluRS-B_AF_Euk_Cryptococcus_neoformans_var_grubii_H99_gene23890400.pdb
 0.050245 -0.088208  0.994834     1.411668
-0.178629 -0.980824 -0.077944     1.549222
 0.982633 -0.173790 -0.065039     0.707743
>structures/GluRS-B_AF_Mito_Drosophila_melanogaster_gene39828.pdb
-0.972774 -0.190037  0.132648     0.513653
-0.153043  0.956572  0.248087    -3.477441
-0.174034  0.221032 -0.959613     2.676410
>structures/GluRS-B_PDB_Bact_T_therm_1J09.pdb
 0.204344 -0.199828  0.958286    -7.971537
-0.127113 -0.976071 -0.176431    34.985838
 0.970611 -0.085758 -0.224855   -33.732196
>structures/GlxRS-B_AF_Bact_Bifidobacterium_animalis_subsp_lactis_BLC1_gene66532600.pdb
 0.970223  0.057748  0.235230     0.193713
 0.033504  0.929830 -0.366461    -0.217333
-0.239886  0.363430  0.900207     1.909281
>structures/GlxRS-B_AF_Bact_Mycoplasma_hyopneumoniae_168-L_gene57101016.pdb
 0.969983 -0.160202 -0.182944    -1.635918
 0.176568  0.981281  0.076885    -0.578669
 0.167202 -0.106879  0.980112     2.177622
>structures/GlxRS-B_AF_Bact_Paracoccus_denitrificans_PD1222_gene75500422.pdb
 0.930117 -0.260169 -0.259220    -2.283342
 0.311365  0.932914  0.180893     0.579568
 0.194767 -0.248964  0.948727     3.093523
>structures/GlxRS-B_AF_Bact_Prochlorococcus_marinus_subsp_marinus_str_CCMP1375_gene54199839.pdb
-0.196143 -0.762094  0.617041    -0.951246
-0.829668 -0.206429 -0.518688     0.237027
 0.522665 -0.613677 -0.591796     2.637980
>structures/GlxRS-B_AF_Euk_Arabidopsis_thaliana_gene836526.pdb
-0.945752 -0.324860  0.004464    -1.902962
-0.312411  0.913110  0.261971    -2.701711
-0.089180  0.246365 -0.965065    -2.344368
>structures/GlxRS-B_AF_Euk_Ostreococcus_tauri_proteinOUS48355.1.pdb
-0.957310  0.283621  0.055823    -4.312417
 0.235277  0.652324  0.720499     0.975903
 0.167934  0.702875 -0.691206    -1.623659
>structures/GlxRS-B_AF_Euk_Plasmodium_knowlesi_strain_H_gene7321821.pdb
 0.998203  0.040418  0.044241    -1.508492
-0.040252  0.999179 -0.004639    -1.050721
-0.044392  0.002850  0.999010     1.058108
>structures/GlxRS-B_AF_Mito_Cyanidioschyzon_merolae_strain_10D_gene16997617.pdb
-0.965197  0.252457  0.068267    -1.728056
 0.217835  0.631631  0.744037     1.554908
 0.144718  0.733013 -0.664642    -0.957020
>structures/GlxRS-B_PDB_Bact_S_elong_2CFO.pdb
 0.603805 -0.650671  0.460486   -33.552663
-0.747865 -0.662343  0.044729   -13.020347
 0.275896 -0.371389 -0.886539    39.176386
