>structures/GluGlnRS_AF_Bact_Campylobacter_lari_RM2100_gene7410051.pdb
 0.037406  0.437128 -0.898621    -1.544618
 0.059447 -0.898631 -0.434659     3.852126
-0.997530 -0.037161 -0.059600    -5.326800
>structures/GluRS-B_AF_Bact_Chlamydia_psittaci_6BC_gene12242467.pdb
-0.825373 -0.212078 -0.523242     6.007413
-0.489696  0.730159  0.476514    -0.331923
 0.280992  0.649531 -0.706507    -4.223074
>structures/GluRS-B_AF_Bact_[Eubacterium]_eligens_ATCC_27750_gene41357084.pdb
-0.999569 -0.018486 -0.022789    -1.958881
-0.026706  0.894920  0.445428     4.359868
 0.012161  0.445844 -0.895028    -4.630895
>structures/GluRS-B_AF_Bact_Porphyromonas_gingivalis_ATCC_33277_gene29255772.pdb
-0.025574  0.208696 -0.977646    -1.568880
 0.324912 -0.923135 -0.205559     2.849935
-0.945399 -0.322905 -0.044200    -3.140069
>structures/GluRS-B_AF_Bact_Treponema_pallidum_subsp_pertenue_str_SamoaD_gene57879197.pdb
-0.945752 -0.312411 -0.089180    -2.852844
-0.324860  0.913110  0.246365     2.426335
 0.004464  0.261971 -0.965065    -1.546204
>structures/GluRS-B_AF_Euk_Cryptococcus_neoformans_var_grubii_H99_gene23890400.pdb
-0.076611  0.407724 -0.909885    -4.830118
 0.060496 -0.908985 -0.412415     3.569245
-0.995224 -0.086640  0.044973    -1.842540
>structures/GluRS-B_AF_Mito_Drosophila_melanogaster_gene39828.pdb
 0.983224 -0.139110 -0.117975    -2.491885
 0.134377  0.989805 -0.047205    -0.148820
 0.123339  0.030560  0.991894    -5.006343
>structures/GluRS-B_PDB_Bact_T_therm_1J09.pdb
-0.241107  0.497968 -0.833004    -3.165786
 0.058097 -0.849380 -0.524574    28.701362
-0.968758 -0.174873  0.175861    40.225664
>structures/GlxRS-B_AF_Bact_Bifidobacterium_animalis_subsp_lactis_BLC1_gene66532600.pdb
-0.912011 -0.360298 -0.196013    -3.231926
-0.327479  0.927373 -0.180934     2.735073
 0.246968 -0.100824 -0.963764    -3.377504
>structures/GlxRS-B_AF_Bact_Mycoplasma_hyopneumoniae_168-L_gene57101016.pdb
-0.988168 -0.140507  0.061501    -1.402432
-0.107798  0.921472  0.373188     2.971193
-0.109107  0.362142 -0.925715    -3.746280
>structures/GlxRS-B_AF_Bact_Paracoccus_denitrificans_PD1222_gene75500422.pdb
-0.994518 -0.019935  0.102645    -1.153665
 0.032316  0.874998  0.483046     4.483843
-0.099443  0.483716 -0.869557    -4.390597
>structures/GlxRS-B_AF_Bact_Prochlorococcus_marinus_subsp_marinus_str_CCMP1375_gene54199839.pdb
 0.394107  0.841427 -0.369702    -2.259748
-0.565284 -0.095247 -0.819379     3.631327
-0.724661  0.531910  0.438108    -4.004728
>structures/GlxRS-B_AF_Euk_Arabidopsis_thaliana_gene836526.pdb
 1.000000  0.000000  0.000000     0.000000
 0.000000  1.000000  0.000000     0.000000
 0.000000  0.000000  1.000000     0.000000
>structures/GlxRS-B_AF_Euk_Ostreococcus_tauri_proteinOUS48355.1.pdb
 0.816702 -0.535142 -0.215919     1.063413
 0.567370  0.676379  0.469684     4.314438
-0.105304 -0.506098  0.856023     0.254588
>structures/GlxRS-B_AF_Euk_Plasmodium_knowlesi_strain_H_gene7321821.pdb
-0.928065 -0.349574 -0.128427    -1.205747
-0.370610  0.900854  0.226077     2.293600
 0.036663  0.257410 -0.965606    -2.817893
>structures/GlxRS-B_AF_Mito_Cyanidioschyzon_merolae_strain_10D_gene16997617.pdb
 0.832248 -0.501134 -0.237126    -1.616589
 0.547450  0.675311  0.494220     4.231078
-0.087536 -0.541128  0.836372    -0.253066
>structures/GlxRS-B_PDB_Bact_S_elong_2CFO.pdb
-0.365991  0.854588 -0.368416    29.351365
-0.808316 -0.488101 -0.329217    11.106791
-0.461169  0.177306  0.869417   -43.000496
