>structures/GluGlnRS_AF_Bact_Campylobacter_lari_RM2100_gene7410051.pdb
-0.061609 -0.125134  0.990225    -1.703120
-0.216637 -0.966782 -0.135650    -0.197504
 0.974306 -0.222877  0.032453     3.913061
>structures/GluRS-B_AF_Bact_Chlamydia_psittaci_6BC_gene12242467.pdb
 0.940573 -0.033199  0.337965    -7.509689
-0.117112  0.902446  0.414578    -6.017562
-0.318759 -0.429521  0.844929     1.105769
>structures/GluRS-B_AF_Bact_[Eubacterium]_eligens_ATCC_27750_gene41357084.pdb
 0.955170 -0.269126 -0.123378    -1.529311
 0.287937  0.941400  0.175667     0.632846
 0.068871 -0.203316  0.976688     3.367920
>structures/GluRS-B_AF_Bact_Porphyromonas_gingivalis_ATCC_33277_gene29255772.pdb
-0.084962  0.097343  0.991618    -1.336472
 0.054548 -0.993269  0.102179    -0.420789
 0.994890  0.062772  0.079080     1.552458
>structures/GluRS-B_AF_Bact_Treponema_pallidum_subsp_pertenue_str_SamoaD_gene57879197.pdb
 1.000000  0.000000  0.000000     0.000000
 0.000000  1.000000  0.000000     0.000000
 0.000000  0.000000  1.000000     0.000000
>structures/GluRS-B_AF_Euk_Cryptococcus_neoformans_var_grubii_H99_gene23890400.pdb
 0.050167 -0.088844  0.994781     1.415302
-0.180104 -0.980511 -0.078487     1.545266
 0.982367 -0.175227 -0.065191     0.726243
>structures/GluRS-B_AF_Mito_Drosophila_melanogaster_gene39828.pdb
-0.972625 -0.190492  0.133091     0.490258
-0.153400  0.956530  0.248029    -3.476367
-0.174553  0.220823 -0.959567     2.664183
>structures/GluRS-B_PDB_Bact_T_therm_1J09.pdb
 0.204344 -0.199828  0.958286    -7.971537
-0.127113 -0.976071 -0.176431    34.985838
 0.970611 -0.085758 -0.224855   -33.732196
>structures/GlxRS-B_AF_Bact_Bifidobacterium_animalis_subsp_lactis_BLC1_gene66532600.pdb
 0.969315  0.052104  0.240236     0.192020
 0.040380  0.930253 -0.364690    -0.101510
-0.242482  0.363200  0.899604     1.856348
>structures/GlxRS-B_AF_Bact_Mycoplasma_hyopneumoniae_168-L_gene57101016.pdb
 0.969983 -0.160202 -0.182944    -1.635918
 0.176568  0.981281  0.076885    -0.578669
 0.167202 -0.106879  0.980112     2.177622
>structures/GlxRS-B_AF_Bact_Paracoccus_denitrificans_PD1222_gene75500422.pdb
 0.930433 -0.258969 -0.259286    -2.258359
 0.310074  0.933444  0.180379     0.568852
 0.195316 -0.248228  0.948807     3.111838
>structures/GlxRS-B_AF_Bact_Prochlorococcus_marinus_subsp_marinus_str_CCMP1375_gene54199839.pdb
-0.197307 -0.761886  0.616927    -0.949742
-0.830540 -0.204427 -0.518086     0.234345
 0.520839 -0.614605 -0.592442     2.655376
>structures/GlxRS-B_AF_Euk_Arabidopsis_thaliana_gene836526.pdb
-0.945598 -0.325305  0.004660    -1.902459
-0.312844  0.913122  0.261413    -2.701082
-0.089294  0.245733 -0.965216    -2.343621
>structures/GlxRS-B_AF_Euk_Ostreococcus_tauri_proteinOUS48355.1.pdb
-0.956858  0.284968  0.056712    -4.316585
 0.236484  0.650407  0.721835     0.990611
 0.168814  0.704105 -0.689737    -1.608641
>structures/GlxRS-B_AF_Euk_Plasmodium_knowlesi_strain_H_gene7321821.pdb
 0.998169  0.040498  0.044921    -1.525061
-0.040321  0.999175 -0.004830    -1.047541
-0.045079  0.003010  0.998979     1.034107
>structures/GlxRS-B_AF_Mito_Cyanidioschyzon_merolae_strain_10D_gene16997617.pdb
-0.965142  0.252585  0.068573    -1.725547
 0.218015  0.630903  0.744601     1.556199
 0.144812  0.733595 -0.663978    -0.942642
>structures/GlxRS-B_AF_Mito_Homo_sapiens_gene124454.pdb
-0.876891 -0.479546  0.033144    -3.431290
-0.472381  0.872447  0.125266    -4.759229
-0.088988  0.094188 -0.991569     0.002717
>structures/GlxRS-B_PDB_Bact_S_elong_2CFO.pdb
 0.601114 -0.655317  0.457408   -33.508561
-0.752102 -0.657400  0.046554   -13.020442
 0.270192 -0.372002 -0.888038    39.238382
