>../../../../class2/gly2//data/domains/Catalytic_domain/structures/GlyRS-Bα_AF_Bact_Brachyspira_pilosicoli_95_1000_gene56440230.pdb
-0.730276  0.130892  0.670495    40.082927
 0.409071 -0.702276  0.582640    56.775202
 0.547135  0.699768  0.459311     9.292079
>../../../../class2/gly2//data/domains/Catalytic_domain/structures/GlyRS-Bα_AF_Bact_Chlamydia_pneumoniae_TW-183_gene45051002.pdb
 0.991033  0.102771 -0.085395    43.788281
 0.130347 -0.884147  0.448657    40.274040
-0.029393 -0.455765 -0.889615    -4.500616
>../../../../class2/gly2//data/domains/Catalytic_domain/structures/GlyRS-Bα_AF_Bact_Lacticaseibacillus_paracasei_gene61269714.pdb
 0.660826 -0.294563 -0.690320    40.864332
 0.706587  0.554295  0.439877    58.310990
 0.253070 -0.778453  0.574427     8.541784
>../../../../class2/gly2//data/domains/Catalytic_domain/structures/GlyRS-Bα_AF_Bact_Prochlorococcus_marinus_subsp_marinus_str_CCMP1375_gene54200602.pdb
 0.709867  0.172282 -0.682941    40.624649
 0.034667  0.959902  0.278184    58.589177
 0.703482 -0.221149  0.675430     8.418275
>../../../../class2/gly2//data/domains/Catalytic_domain/structures/GlyRS-Bα_AF_Bact_Salmonella_enterica_subsp_enterica_serovar_Typhimurium_str_LT2_gene1255180.pdb
 0.879160 -0.034345 -0.475288    40.720225
-0.375327  0.564639 -0.735060    58.058717
 0.293612  0.824623  0.483517     6.733451
>../../../../class2/gly2//data/domains/Catalytic_domain/structures/GlyRS-Bα_AF_Bact_Streptobacillus_moniliformis_DSM_12112_gene29673275.pdb
 0.705303  0.184671 -0.684430    40.532610
 0.249925  0.838708  0.483845    58.167008
 0.663389 -0.512313  0.545390     8.286514
>../../../../class2/gly2//data/domains/Catalytic_domain/structures/GlyRS-Bα_AF_Euk_Ostreococcus_tauri_gene9837276.pdb
 0.630070 -0.467695 -0.619898    43.821904
-0.682421 -0.714422 -0.154608    41.145599
-0.370559  0.520445 -0.769300    -2.885327
>../../../../class2/gly2//data/domains/Catalytic_domain/structures/GlyRS-Bα_AF_Mito_Nymphaea_colorata_gene116265348.pdb
 0.971326  0.166658  0.169560    42.177656
-0.005336 -0.697722  0.716349    39.577180
 0.237691 -0.696713 -0.676826    -4.338064
>../../../../class2/gly2//data/domains/Catalytic_domain/structures/GlyRS-Bα_PDB_Bact_A_aeolicus_5f5w.pdb
 0.007193 -0.231982 -0.972693    41.704771
 0.654532 -0.734302  0.179968    98.624389
-0.756000 -0.637953  0.146558   -20.824928
>../../../../class2/gly2//data/domains/Catalytic_domain/structures/GlyRS-Bα_PDB_Bact_C_jejuni_3ufg.pdb
 0.914790  0.373661 -0.153418     6.994910
 0.144806 -0.657939 -0.739018    73.026500
-0.377082  0.653830 -0.655984    -1.065007
>../../../../class2/gly2//data/domains/Catalytic_domain/structures/GlyRS-Bα_PDB_Bact_T_maritima_1j5w.pdb
 1.000000  0.000000  0.000000     0.000000
 0.000000  1.000000  0.000000     0.000000
 0.000000  0.000000  1.000000     0.000000
>../../../../class2/phe3//data/domains/Catalytic_domain/structures/PheRS-Aα_AF_Arch_Candidatus_Nitrosopumilus_koreensis_AR1_gene13724458.pdb
 0.041070  0.070262  0.996683    40.778724
-0.530842 -0.843558  0.081342    62.243743
 0.846475 -0.532422  0.002653     2.625841
>../../../../class2/phe3//data/domains/Catalytic_domain/structures/PheRS-Aα_AF_Arch_Haloterrigena_turkmenica_DSM_5511_gene8744248.pdb
-0.888256  0.199760  0.413639    50.429534
 0.306755 -0.412309  0.857848    67.393058
 0.341911  0.888874  0.304958     7.621877
>../../../../class2/phe3//data/domains/Catalytic_domain/structures/PheRS-Aα_AF_Arch_Thermoplasma_volcanium_GSS1_gene1441177.pdb
 0.157853 -0.071121 -0.984898    50.633051
 0.969379  0.201169  0.140839    68.660907
 0.188114 -0.976971  0.100698     8.979007
>../../../../class2/phe3//data/domains/Catalytic_domain/structures/PheRS-Aα_AF_Arch_Thermosphaera_aggregans_DSM_11486_gene9165306.pdb
-0.397215  0.263433  0.879104    56.695729
-0.559534 -0.828795 -0.004462    68.810830
 0.727422 -0.493661  0.476610    10.560521
>../../../../class2/phe3//data/domains/Catalytic_domain/structures/PheRS-Aα_AF_Euk_Cyanidioschyzon_merolae_strain_10D_gene16993638.pdb
 0.361402  0.519145 -0.774517    53.045161
 0.436317 -0.828264 -0.351578    70.613534
-0.824024 -0.210874 -0.525848    -0.442335
>../../../../class2/phe3//data/domains/Catalytic_domain/structures/PheRS-Aα_AF_Euk_Megalobrama_amblycephala_gene125266654.pdb
 0.753973 -0.261934 -0.602424    57.659539
 0.171971  0.963786 -0.203821    65.765491
 0.633995  0.050076  0.771714     8.622582
>../../../../class2/phe3//data/domains/Catalytic_domain/structures/PheRS-Aα_AF_Euk_Plasmodium_falciparum_3D7_gene813233.pdb
-0.456802 -0.507641  0.730502    58.879809
-0.846981  0.499241 -0.182706    62.896225
-0.271947 -0.702182 -0.658017     2.217414
>../../../../class2/phe3//data/domains/Catalytic_domain/structures/PheRS-Aα_AF_Euk_Schizosaccharomyces_pombe_gene2543647.pdb
-0.888353 -0.213005  0.406764    53.019788
 0.246517  0.526127  0.813891    68.560273
-0.387373  0.823297 -0.414878     0.279522
>../../../../class2/phe3//data/domains/Catalytic_domain/structures/PheRS-Aα_PDB_Euk.B_H_sapiens_3L4G.C.pdb
-0.726179  0.671091 -0.149335    -5.459555
 0.136944  0.354053  0.925145    51.767838
 0.673729  0.651370 -0.349008  -106.365172
