>../../../../class2/ser2//data/domains/Catalytic_domain/structures/SerRS-A_AF_Arch_Conexivisphaera_calida_protein1635512986.pdb
 0.807536 -0.514197 -0.288940   -17.279418
 0.511483  0.366551  0.777191    -3.496494
-0.293718 -0.775398  0.559006    11.637405
>../../../../class2/ser2//data/domains/Catalytic_domain/structures/SerRS-A_AF_Arch_Ignisphaera_aggregans_protein304378874.pdb
 0.243976 -0.663399 -0.707374   -16.120108
 0.437579 -0.575636  0.690773    -1.667921
-0.865448 -0.478064  0.149848    12.456995
>../../../../class2/ser2//data/domains/Catalytic_domain/structures/SerRS-A_AF_Arch_Methanosarcina_barkeri_protein805401349.pdb
 0.808842  0.581315  0.088583   -19.089362
-0.587982  0.801392  0.109762    -1.860630
-0.007183 -0.140866  0.990003    11.552386
>../../../../class2/ser2//data/domains/Catalytic_domain/structures/SerRS-A_AF_Arch_Unclassified_Thermoplasmata_protein1635512986.pdb
 0.914537 -0.333743 -0.228556   -19.877334
 0.392164  0.593052  0.703205    -3.227828
-0.099144 -0.732738  0.673249    13.048354
>../../../../class2/ser2//data/domains/Catalytic_domain/structures/SerRS-A_PDB_Arch_M_barkeri_2cjb.pdb
-0.964977 -0.029163 -0.260708    49.612761
 0.167502  0.696353 -0.697879    48.877279
 0.201897 -0.717106 -0.667080    56.805767
>../../../../class2/thr//data/domains/Catalytic_domain/structures/ThrRS_AF_Arch_Candidatus_Methanomethylophilus_alvus_Mx1201_gene15140074.pdb
-0.199603  0.514600 -0.833874    -0.914917
 0.415843 -0.726078 -0.547617    -2.672828
-0.887261 -0.456067 -0.069066     0.239656
>../../../../class2/thr//data/domains/Catalytic_domain/structures/ThrRS_AF_Arch_Candidatus_Nitrosopumilus_koreensis_AR1_gene13725077.pdb
-0.299914 -0.827531  0.474599    -2.932119
-0.284132 -0.397434 -0.872534    -7.798321
 0.910671 -0.396534 -0.115932     7.709490
>../../../../class2/thr//data/domains/Catalytic_domain/structures/ThrRS_AF_Arch_Pyrococcus_furiosus_DSM_3638_gene1469226.pdb
-0.255883 -0.731803  0.631655    -4.229941
-0.055137 -0.641296 -0.765310    -6.178144
 0.965134 -0.230658  0.123748     6.871133
>../../../../class2/thr//data/domains/Catalytic_domain/structures/ThrRS_AF_Arch_Sulfolobus_islandicus_M164_gene7940156.pdb
 0.805487 -0.550491 -0.219431    -3.345236
 0.497669  0.427329  0.754795    -8.942401
-0.321739 -0.717182  0.618170    -1.104676
>../../../../class2/thr//data/domains/Catalytic_domain/structures/ThrRS_AF_Bact_Bifidobacterium_longum_subsp_longum_JCM_1217_gene69578309.pdb
 0.623966 -0.712896  0.320070    -1.219342
 0.569775  0.134726 -0.810682     0.889544
 0.534811  0.688206  0.490255     2.681360
>../../../../class2/thr//data/domains/Catalytic_domain/structures/ThrRS_AF_Bact_Brachyspira_pilosicoli_95_1000_gene56439092.pdb
 1.000000  0.000000  0.000000     0.000000
 0.000000  1.000000  0.000000     0.000000
 0.000000  0.000000  1.000000     0.000000
>../../../../class2/thr//data/domains/Catalytic_domain/structures/ThrRS_AF_Bact_Brucella_abortus_2308_gene3787745.pdb
-0.869016 -0.489119 -0.074659    -0.197624
-0.466916  0.760755  0.450822     0.387084
-0.163708  0.426631 -0.889486     0.545253
>../../../../class2/thr//data/domains/Catalytic_domain/structures/ThrRS_AF_Bact_Lactobacillus_acidophilus_La-14_gene56943112.pdb
 0.179290  0.294812  0.938585     1.565148
-0.189420 -0.925848  0.326995     3.775011
 0.965389 -0.236413 -0.110152     2.719809
>../../../../class2/thr//data/domains/Catalytic_domain/structures/ThrRS_AF_Bact_Mycoplasma_hyopneumoniae_168-L_gene57101460.pdb
 0.138277  0.337732 -0.931030    -2.773743
-0.043244 -0.937105 -0.346359    -2.461443
-0.989449  0.088155 -0.114976     0.036574
>../../../../class2/thr//data/domains/Catalytic_domain/structures/ThrRS_AF_Bact_Porphyromonas_gingivalis_ATCC_33277_gene29256174.pdb
 0.872755  0.475416  0.110809    -2.212571
-0.319058  0.727338 -0.607603     0.536524
-0.369460  0.494934  0.786473     2.164436
>../../../../class2/thr//data/domains/Catalytic_domain/structures/ThrRS_AF_Bact_Prochlorococcus_marinus_subsp_marinus_str_CCMP1375_gene54200406.pdb
-0.820460 -0.200452 -0.535411     0.721877
 0.457372  0.331751 -0.825077     1.299765
 0.343012 -0.921824 -0.180507     3.925710
>../../../../class2/thr//data/domains/Catalytic_domain/structures/ThrRS_AF_Bact_Streptobacillus_moniliformis_DSM_12112_gene29674242.pdb
-0.175131 -0.413663  0.893427    -0.098772
-0.290560 -0.845318 -0.448344     0.615912
 0.940694 -0.338113  0.027847     1.397461
>../../../../class2/thr//data/domains/Catalytic_domain/structures/ThrRS_AF_Euk_Arabidopsis_thaliana_gene832741.pdb
 0.484824 -0.428007  0.762730    -2.802266
 0.629503 -0.434658 -0.644048     2.100825
 0.607184  0.792390  0.058699     3.391932
>../../../../class2/thr//data/domains/Catalytic_domain/structures/ThrRS_AF_Euk_Cercospora_beticola_gene35433465.pdb
-0.128760  0.599802  0.789721    -1.405365
 0.983167 -0.026885  0.180720     2.024816
 0.129628  0.799697 -0.586243     1.614066
>../../../../class2/thr//data/domains/Catalytic_domain/structures/ThrRS_AF_Euk_Cryptococcus_gattii_WM276_gene10188143.pdb
 0.380227 -0.862891  0.332937    -1.074687
 0.461396 -0.135016 -0.876861     3.367489
 0.801587  0.487022  0.346797     1.604402
>../../../../class2/thr//data/domains/Catalytic_domain/structures/ThrRS_AF_Euk_Cyanidioschyzon_merolae_strain_10D_gene16997242.pdb
-0.889143 -0.452896 -0.065646     0.151077
-0.449594  0.891261 -0.059332     2.597450
 0.085379 -0.023241 -0.996077     1.898131
>../../../../class2/thr//data/domains/Catalytic_domain/structures/ThrRS_AF_Mito_Cyanidioschyzon_merolae_strain_10D_gene16995590.pdb
-0.511228 -0.826121  0.237003    -0.012576
-0.215382 -0.143813 -0.965882     0.338103
 0.832019 -0.544832 -0.104410     1.620955
>../../../../class2/thr//data/domains/Catalytic_domain/structures/ThrRS_AF_Mito_Oryza_sativa_Japonica_Group_gene4345200.pdb
-0.284766  0.932698 -0.221321    -1.185853
-0.944520 -0.233581  0.230915     3.150879
 0.163678  0.274799  0.947468     2.588347
>../../../../class2/thr//data/domains/Catalytic_domain/structures/ThrRS_PDB_Bact_E_coli_1evk.pdb
-0.439037  0.877496  0.192993   -42.137566
 0.835474  0.477739 -0.271567   -57.051083
-0.330500  0.042012 -0.942871    24.999777
>../../../../class2/thr//data/domains/Catalytic_domain/structures/ThrRS_PDB_Bact_S_aureus_1nyr.pdb
 0.728962  0.134172 -0.671276    16.985014
-0.536421 -0.497249 -0.681906    66.183578
-0.425284  0.857170 -0.290503   -19.861047
