>../../../../class2/asp2//data/domains/Catalytic_domain/structures/AspRS-E_AF_Euk_Caenorhabditis_elegans_gene176334.pdb
 0.999314 -0.010773 -0.035437    -2.256670
 0.008681  0.998241 -0.058645    -0.495400
 0.036007  0.058298  0.997650     1.986980
>../../../../class2/asp2//data/domains/Catalytic_domain/structures/AspRS-E_AF_Euk_Cryptococcus_neoformans_var_neoformans_JEC21_gene3258977.pdb
 0.322479 -0.791859 -0.518621    -1.837323
 0.373641 -0.396915  0.838362   -12.616939
-0.869713 -0.464132  0.167874    -0.522595
>../../../../class2/asp2//data/domains/Catalytic_domain/structures/AspRS-E_AF_Euk_Thalassiosira_pseudonana_CCMP1335_gene7443135.pdb
 0.994434 -0.101788 -0.027202    -0.448839
 0.103617  0.991597  0.077455     0.488605
 0.019089 -0.079843  0.996625     0.902201
>../../../../class2/asp2//data/domains/Catalytic_domain/structures/AspRS-E_AF_Euk_Theileria_orientalis_strain_Shintoku_gene20715543.pdb
 0.993889  0.076854 -0.079234    -3.146629
-0.090697  0.977717 -0.189324    -0.428281
 0.062918  0.195353  0.978713     2.349353
>../../../../class2/asp2//data/domains/Catalytic_domain/structures/AspRS-E_PDB_Euk_S_cerevisiae_1EOV.pdb
-0.284719  0.043491  0.957624   -53.558643
 0.587621 -0.781357  0.210197     1.245099
 0.757388  0.622567  0.196911   -15.859274
>../../../../class2/asp2//data/domains/Catalytic_domain/structures/AsxRS_AF_Arch_Candidatus_Korarchaeum_cryptofilum_OPF8_gene6094477.pdb
 0.942364 -0.323067 -0.087056     1.684270
 0.312770  0.758146  0.572179     1.668103
-0.118851 -0.566429  0.815495    -0.604290
>../../../../class2/asp2//data/domains/Catalytic_domain/structures/AsxRS_AF_Arch_Candidatus_Methanomassiliicoccus_intestinalis_Issoire-Mx1_gene16154831.pdb
 0.874131 -0.457980 -0.161710     0.449533
 0.445683  0.624036  0.641830     1.358705
-0.193032 -0.633114  0.749603     0.149879
>../../../../class2/asp2//data/domains/Catalytic_domain/structures/AsxRS_AF_Arch_Candidatus_Nitrosopumilus_koreensis_AR1_gene13725312.pdb
 0.502015 -0.709599 -0.494419     3.533852
 0.715918  0.020224  0.697892     6.292143
-0.485224 -0.704316  0.518167     0.697192
>../../../../class2/asp2//data/domains/Catalytic_domain/structures/AsxRS_AF_Arch_Methanobacterium_lacus_gene10277817.pdb
 0.046477 -0.527856 -0.848062     0.382821
 0.566337 -0.685424  0.457663     7.197042
-0.822862 -0.501560  0.267088    -0.761593
>../../../../class2/asp2//data/domains/Catalytic_domain/structures/AsxRS_AF_Bact_Clostridium_acetobutylicum_DSM_1731_gene45000055.pdb
 1.000000  0.000000  0.000000     0.000000
 0.000000  1.000000  0.000000     0.000000
 0.000000  0.000000  1.000000     0.000000
>../../../../class2/asp2//data/domains/Catalytic_domain/structures/AsxRS_AF_Bact_Spirochaetes_bacterium_GWE1_32_154_proteinOHD39701.1.pdb
 0.336791 -0.535645 -0.774374     1.435585
 0.642090 -0.470881  0.604973     1.551704
-0.688689 -0.700967  0.185344     0.431805
>../../../../class2/asp2//data/domains/Catalytic_domain/structures/AsxRS_AF_Bact_Tropheryma_whipplei_TW08_27_gene67388547.pdb
-0.000132  0.432312  0.901724     1.004786
 0.642092 -0.691250  0.331498     1.447699
 0.766627  0.579034 -0.277493     0.351453
>../../../../class2/asp2//data/domains/Catalytic_domain/structures/AsxRS_PDB_Arch_T_kodarensis_1b8a.pdb
 0.295470 -0.519416  0.801814   -29.795049
-0.763494 -0.632875 -0.128629    38.496132
 0.574260 -0.574174 -0.583566     6.630399
>../../../../class2/asp2//data/domains/Catalytic_domain/structures/AsxRS_PDB_Bact_T_thermophilus_1n9w.pdb
 0.615217 -0.749031  0.245888   -38.926255
-0.681057 -0.662064 -0.312780    43.416361
 0.397076  0.024964 -0.917446    44.661959
>../../../../class2/phe1//data/domains/Catalytic_domain/structures/PheRS-Bα_AF_Bact_Brachyspira_pilosicoli_95_1000_gene56440383.pdb
-0.959328  0.073244  0.272628    -1.517172
 0.275599  0.452109  0.848318    -2.311280
-0.061123  0.888950 -0.453907    -2.930859
>../../../../class2/phe1//data/domains/Catalytic_domain/structures/PheRS-Bα_AF_Bact_Chlamydia_psittaci_6BC_gene12243227.pdb
-0.412048  0.193464  0.890386    -2.921050
 0.672774 -0.594420  0.440499     0.679872
 0.614485  0.780536  0.114772    -3.981055
>../../../../class2/phe1//data/domains/Catalytic_domain/structures/PheRS-Bα_AF_Bact_Ferrimonas_balearica_DSM_9799_gene67181906.pdb
 0.786673  0.616091  0.039718    -2.861903
-0.583957  0.763433 -0.275977     2.907955
-0.200349  0.193910  0.960343    -1.881341
>../../../../class2/phe1//data/domains/Catalytic_domain/structures/PheRS-Bα_AF_Bact_Mycobacterium_intracellulare_ATCC_13950_gene11909689.pdb
 0.700635 -0.603468 -0.380705    -1.819751
 0.470416 -0.010502  0.882382     9.945001
-0.536488 -0.797318  0.276522     0.526856
>../../../../class2/phe1//data/domains/Catalytic_domain/structures/PheRS-Bα_AF_Bact_Mycoplasma_capricolum_subsp_capricolum_ATCC_27343_gene23778662.pdb
 0.588748  0.758271 -0.280002    -3.301556
-0.789140  0.464186 -0.402230    -0.261902
-0.175027  0.457773  0.871671    -1.083052
>../../../../class2/phe1//data/domains/Catalytic_domain/structures/PheRS-Bα_AF_Bact_Porphyromonas_gingivalis_ATCC_33277_gene29256875.pdb
-0.807894  0.490373  0.326867     1.362951
 0.364545 -0.019965  0.930972    -0.845008
 0.463049  0.871284 -0.162633    -4.502389
>../../../../class2/phe1//data/domains/Catalytic_domain/structures/PheRS-Bα_AF_Bact_Prochlorococcus_marinus_subsp_marinus_str_CCMP1375_gene54200681.pdb
-0.124602 -0.095612 -0.987589    -5.364026
-0.301406 -0.944663  0.129484     8.897459
-0.945320  0.313799  0.088888    -0.109586
>../../../../class2/phe1//data/domains/Catalytic_domain/structures/PheRS-Bα_AF_Bact_Staphylococcus_argenteus_gene66839332.pdb
-0.068278  0.544618 -0.835900    -6.718066
-0.754581 -0.576292 -0.313839     3.082179
-0.652645  0.609327  0.450307    -4.572150
>../../../../class2/phe1//data/domains/Catalytic_domain/structures/PheRS-Bα_PDB_Bact.A_E_coli_3PCO.pdb
-0.043476 -0.613125 -0.788788    44.956687
-0.813938 -0.436090  0.383835   -42.839995
-0.579322  0.658713 -0.480087    10.833671
>../../../../class2/phe1//data/domains/Catalytic_domain/structures/PheRS-Bα_PDB_Bact.A_T_thermophilus_1PYS.pdb
-0.252672  0.952411  0.170501   -48.821970
 0.406553  0.264415 -0.874528    -9.800891
-0.877993 -0.151651 -0.454016    24.485349
