>../../../../class2/gly1//data/domains/Catalytic_domain/structures/GlyRS-A_AF_Arch_Candidatus_Nitrosopumilus_sediminis_gene13697160.pdb
 0.115349 -0.407130  0.906057     0.121487
-0.370066 -0.864095 -0.341162    -0.443943
 0.921817 -0.295948 -0.250337     1.537017
>../../../../class2/gly1//data/domains/Catalytic_domain/structures/GlyRS-A_AF_Arch_Candidatus_Woesearchaeota_archaeon_proteinMBT4248212.1.pdb
-0.834170  0.535027  0.133813    -0.180075
 0.436430  0.492048  0.753271    -1.750303
 0.337178  0.686757 -0.643954    -0.264749
>../../../../class2/gly1//data/domains/Catalytic_domain/structures/GlyRS-A_AF_Arch_Sulfolobus_islandicus_YN1551_gene7810979.pdb
 0.900437 -0.406024  0.156071     2.076427
 0.386120  0.911288  0.143060    -0.163147
-0.200311 -0.068554  0.977331     2.658083
>../../../../class2/gly1//data/domains/Catalytic_domain/structures/GlyRS-A_AF_Arch_Thermoplasma_acidophilum_DSM_1728_gene1455843.pdb
 0.083804 -0.590216  0.802884     0.143722
-0.606008 -0.669786 -0.429118    -0.135135
 0.791032 -0.450592 -0.413806     1.484122
>../../../../class2/gly1//data/domains/Catalytic_domain/structures/GlyRS-A_AF_Bact_Capnocytophaga_ochracea_DSM_7271_gene29675716.pdb
 1.000000 -0.000000  0.000000     0.000000
 0.000000  1.000000  0.000000     0.000000
-0.000000  0.000000  1.000000     0.000000
>../../../../class2/gly1//data/domains/Catalytic_domain/structures/GlyRS-A_AF_Bact_Corynebacterium_ulcerans_809_gene75260805.pdb
-0.785622 -0.547480  0.288208     3.900175
-0.597423  0.792395 -0.123273    -2.679112
-0.160885 -0.269028 -0.949600     0.982772
>../../../../class2/gly1//data/domains/Catalytic_domain/structures/GlyRS-A_AF_Bact_Treponema_denticola_ATCC_35405_gene2741635.pdb
 0.241240 -0.498747 -0.832499     2.356841
 0.919604 -0.156586  0.360291    -2.542672
-0.310052 -0.852486  0.420875    -0.975638
>../../../../class2/gly1//data/domains/Catalytic_domain/structures/GlyRS-A_PDB_Bact_T_thermophilus_1ati.pdb
-0.337510  0.931257  0.137284   -28.334667
-0.077255  0.117946 -0.990010    29.304357
-0.938146 -0.344744  0.032136    36.357827
>../../../../class2/pro3//data/domains/Catalytic_domain/structures/ProRS-M_AF_Euk_Candida_albicans_SC5314_gene3640100.pdb
 0.127278 -0.066894  0.989609    -3.442585
-0.070169 -0.995831 -0.058290     2.870084
 0.989382 -0.062021 -0.131442     2.295961
>../../../../class2/pro3//data/domains/Catalytic_domain/structures/ProRS-M_AF_Mito_Drosophila_melanogaster_gene38331.pdb
 0.381286 -0.777327 -0.500384     2.062331
 0.900437  0.189689  0.391446     0.177057
-0.209364 -0.599818  0.772260    -1.145501
>../../../../class2/pro3//data/domains/Catalytic_domain/structures/ProRS-M_AF_Mito_Mauremys_reevesii_gene120369760.pdb
-0.873546  0.474118 -0.110136    -3.078689
 0.242146  0.619587  0.746644     1.476362
 0.422236  0.625558 -0.656044    -0.973244
>../../../../class2/pro3//data/domains/Catalytic_domain/structures/ProRS-M_AF_Mito_Schizosaccharomyces_pombe_gene2540642.pdb
 0.360588 -0.218603  0.906746     0.320515
-0.321632 -0.941663 -0.099116     1.188855
 0.875516 -0.255898 -0.409862     0.169564
