>../../../../class2/his//data/domains/Catalytic_domain/structures/HisRS_AF_Arch_Candidatus_Methanomassiliicoccus_intestinalis_Issoire-Mx1_gene16154026.pdb
 0.111690 -0.007083 -0.993718     0.484199
-0.824177 -0.559352 -0.088648    -4.256311
-0.555210  0.828900 -0.068312     1.960256
>../../../../class2/his//data/domains/Catalytic_domain/structures/HisRS_AF_Arch_Candidatus_Nitrosopumilus_koreensis_AR1_gene13725657.pdb
-0.010131  0.008844  0.999910    -0.246595
 0.932591 -0.360715  0.012639    -0.756592
 0.360794  0.932634 -0.004593     3.138914
>../../../../class2/his//data/domains/Catalytic_domain/structures/HisRS_AF_Arch_Desulfurococcus_amylolyticus_1221n_gene7171287.pdb
-0.749493 -0.615157  0.244626    -0.848891
-0.177419 -0.169355 -0.969454    -0.494818
 0.637795 -0.770001  0.017790     5.761601
>../../../../class2/his//data/domains/Catalytic_domain/structures/HisRS_AF_Arch_Methanoregula_formicica_SMSP_gene14310605.pdb
 0.091701  0.284658 -0.954233    -1.255272
-0.976259 -0.163144 -0.142485    -5.310389
-0.196237  0.944645  0.262940     3.765679
>../../../../class2/his//data/domains/Catalytic_domain/structures/HisRS_AF_Bact_Chlamydia_muridarum_str_Nigg_gene1246198.pdb
-0.538561  0.274011  0.796788     1.799947
 0.837965  0.273087  0.472480    -1.351905
-0.088127  0.922140 -0.376685     4.364153
>../../../../class2/his//data/domains/Catalytic_domain/structures/HisRS_AF_Bact_Lacticaseibacillus_paracasei_gene61269730.pdb
-0.232611 -0.519303  0.822324     1.754632
 0.523989 -0.779226 -0.343865     0.257547
 0.819346  0.350901  0.453365     8.904791
>../../../../class2/his//data/domains/Catalytic_domain/structures/HisRS_AF_Bact_Paracoccus_denitrificans_PD1222_gene75501415.pdb
-0.835903 -0.546761  0.048148    -0.250936
-0.221906  0.256414 -0.940749    -0.886531
 0.502020 -0.797060 -0.335667     3.361128
>../../../../class2/his//data/domains/Catalytic_domain/structures/HisRS_AF_Bact_Prochlorococcus_marinus_subsp_marinus_str_CCMP1375_gene54200127.pdb
-0.930892 -0.312706  0.188826    -3.395320
-0.228179  0.094102 -0.969061    -6.272595
 0.285263 -0.945177 -0.158952     7.828252
>../../../../class2/his//data/domains/Catalytic_domain/structures/HisRS_AF_Bact_Streptobacillus_moniliformis_DSM_12112_gene29674169.pdb
-0.225303 -0.427136  0.875667     0.912541
 0.534426 -0.805676 -0.255492     2.178694
 0.814634  0.410416  0.409793     8.302921
>../../../../class2/his//data/domains/Catalytic_domain/structures/HisRS_AF_Bact_Streptomyces_albidoflavus_gene15149169.pdb
-0.229971 -0.543899  0.807023     0.472106
 0.778592 -0.600337 -0.182732    -2.752242
 0.583874  0.586318  0.561536     4.438466
>../../../../class2/his//data/domains/Catalytic_domain/structures/HisRS_AF_Bact_Thermus_thermophilus_HB8_gene3168691.pdb
-0.233830 -0.558995  0.795518     2.493290
 0.331341 -0.815037 -0.475318    -0.697075
 0.914077  0.152444  0.375798     8.202253
>../../../../class2/his//data/domains/Catalytic_domain/structures/HisRS_AF_Bact_Treponema_denticola_ATCC_35405_gene2741405.pdb
-0.496859  0.634253  0.592330     1.054693
 0.670221  0.714036 -0.202377    -3.857626
-0.551303  0.296439 -0.779864     5.031845
>../../../../class2/his//data/domains/Catalytic_domain/structures/HisRS_AF_Euk_Arabidopsis_thaliana_gene823753.pdb
-0.136026 -0.579474  0.803559    -0.013384
 0.782644 -0.560157 -0.271463    -1.749086
 0.607425  0.591975  0.529718     4.641594
>../../../../class2/his//data/domains/Catalytic_domain/structures/HisRS_AF_Euk_Cryptococcus_gattii_WM276_gene10186972.pdb
 0.960900  0.000550 -0.276895    -0.634399
 0.276783 -0.030429  0.960451    -1.364212
-0.007898 -0.999537 -0.029391     5.613928
>../../../../class2/his//data/domains/Catalytic_domain/structures/HisRS_AF_Euk_Plasmodium_falciparum_3D7_gene812010.pdb
 0.542207  0.017419  0.840064    -0.497431
 0.577218 -0.734257 -0.357332    -5.129924
 0.610599  0.678648 -0.408174   -10.093581
>../../../../class2/his//data/domains/Catalytic_domain/structures/HisRS_AF_Euk_Platysiphonia_delicata_gene33353157.pdb
-0.230123 -0.509768  0.828963     1.283177
 0.546306 -0.772610 -0.323457     1.986380
 0.805353  0.378432  0.456285    10.188301
>../../../../class2/his//data/domains/Catalytic_domain/structures/HisRS_PDB_Arch_T_acidophilum_1WU7.pdb
 0.884759  0.428927 -0.182272   -16.016873
 0.462802 -0.762531  0.452062    -1.964733
 0.054913 -0.484322 -0.873165    89.042904
>../../../../class2/his//data/domains/Catalytic_domain/structures/HisRS_PDB_Bact_B_thailandensis_4e51.pdb
-0.441602 -0.167607 -0.881417    42.627594
-0.101818 -0.966688  0.234834   -11.763094
-0.891415  0.193447  0.409826    -9.241336
>../../../../class2/his//data/domains/Catalytic_domain/structures/HisRS_PDB_Bact_E_coli_1HTT.pdb
-0.041670 -0.282899  0.958244   -19.097825
 0.401996  0.873276  0.275295   -16.847087
-0.914693  0.396682  0.077335   -16.466337
>../../../../class2/pyl//data/domains/Catalytic_domain/structures/PylRS_AF_Arch_Candidatus_Methanomassiliicoccus_intestinalis_Issoire-Mx1_gene16153983.pdb
-0.274284 -0.894017  0.354263    -0.040658
-0.809996  0.016214 -0.586212    -1.803116
 0.518339 -0.447740 -0.728597     1.414202
>../../../../class2/pyl//data/domains/Catalytic_domain/structures/PylRS_AF_Arch_Methanosalsum_zhilinae_DSM_4017_gene10822650.pdb
-0.137380  0.345401  0.928345    -1.087472
 0.303995 -0.877299  0.371395     1.924821
 0.942716  0.333234  0.015523     6.007528
>../../../../class2/pyl//data/domains/Catalytic_domain/structures/PylRS_AF_Arch_Unclassified_Candidatus_Bathyarchaeota_proteinUCH69683.1.pdb
 0.999644 -0.018872 -0.018875    -0.581943
 0.019450  0.999333  0.030920    -0.181182
 0.018279 -0.031277  0.999344     0.216218
>../../../../class2/pyl//data/domains/Catalytic_domain/structures/PylRS_AF_Bact_Unclassified_Actinobacteria_proteinMBU2601214.1.pdb
 1.000000  0.000000  0.000000     0.000000
 0.000000  1.000000  0.000000     0.000000
 0.000000  0.000000  1.000000     0.000000
>../../../../class2/pyl//data/domains/Catalytic_domain/structures/PylRS_AF_Bact_Unclassified_Aerophobetes_proteinMCD6471581.1.pdb
 0.977687 -0.177671 -0.112074    -0.045614
 0.185754  0.980359  0.066273    -0.767205
 0.098097 -0.085613  0.991487     0.029847
>../../../../class2/pyl//data/domains/Catalytic_domain/structures/PylRS_AF_Bact_unclassified_Desulfosarcina_proteinMBC2741817.pdb
 0.916812 -0.399214 -0.009162    -5.289105
 0.376417  0.856346  0.353527    -0.073664
-0.133286 -0.327566  0.935380     5.611833
>../../../../class2/pyl//data/domains/Catalytic_domain/structures/PylRS_AF_Bact_unclassified_Lachnospiraceae_proteinHCE77498.1.pdb
-0.515753  0.673096  0.530038    -2.773285
 0.576124 -0.185415  0.796054     4.165470
 0.634098  0.715935 -0.292159     1.030133
>../../../../class2/pyl//data/domains/Catalytic_domain/structures/PylRS_PDB_Arch_M_mazei_2Q7E.pdb
 0.381714 -0.557225 -0.737424    37.243687
-0.768140 -0.634984  0.082204    33.882672
-0.514058  0.535066 -0.670409     8.670460
>../../../../class2/pyl//data/domains/Catalytic_domain/structures/PylRS_PDB_Bact_D_hafniense_2ZNJ.pdb
 0.922643  0.094595  0.373875   -30.241736
 0.273795 -0.843409 -0.462274   -21.631428
 0.271601  0.528879 -0.804065   -40.422692
