>../../../../class2/asp2//data/domains/Catalytic_domain/structures/AspRS-E_AF_Euk_Caenorhabditis_elegans_gene176334.pdb
 0.485829  0.685456 -0.542328    -8.291402
-0.734852 -0.015627 -0.678047     3.106686
-0.473246  0.727947  0.496117    -1.172152
>../../../../class2/asp2//data/domains/Catalytic_domain/structures/AspRS-E_AF_Euk_Cryptococcus_neoformans_var_neoformans_JEC21_gene3258977.pdb
 0.849948 -0.458474  0.259597   -15.605458
 0.392568  0.879707  0.268338     4.269128
-0.351395 -0.126164  0.927687   -11.184098
>../../../../class2/asp2//data/domains/Catalytic_domain/structures/AspRS-E_AF_Euk_Thalassiosira_pseudonana_CCMP1335_gene7443135.pdb
 0.556816  0.703932 -0.440948    -6.164107
-0.718600  0.141975 -0.680777     2.597183
-0.416617  0.695933  0.584900    -1.970870
>../../../../class2/asp2//data/domains/Catalytic_domain/structures/AspRS-E_AF_Euk_Theileria_orientalis_strain_Shintoku_gene20715543.pdb
 0.401087  0.645617 -0.649852    -8.905679
-0.751558 -0.173668 -0.636396     3.439173
-0.523726  0.743652  0.415563    -0.511699
>../../../../class2/asp2//data/domains/Catalytic_domain/structures/AspRS-E_PDB_Euk_S_cerevisiae_1EOV.pdb
-0.086397 -0.840923  0.534214   -24.080423
-0.323622 -0.483451 -0.813354    51.984794
 0.942234 -0.243154 -0.230372    16.344254
>../../../../class2/asp2//data/domains/Catalytic_domain/structures/AsxRS_AF_Arch_Candidatus_Korarchaeum_cryptofilum_OPF8_gene6094477.pdb
 0.754387  0.655793 -0.028922    -3.592974
-0.578941  0.643921 -0.500193     2.134152
-0.309400  0.394083  0.865431    -2.972120
>../../../../class2/asp2//data/domains/Catalytic_domain/structures/AsxRS_AF_Arch_Candidatus_Methanomassiliicoccus_intestinalis_Issoire-Mx1_gene16154831.pdb
 0.853938  0.520256  0.011134    -4.804053
-0.472244  0.783764 -0.403361     2.448086
-0.218577  0.339187  0.914973    -2.231445
>../../../../class2/asp2//data/domains/Catalytic_domain/structures/AsxRS_AF_Arch_Candidatus_Nitrosopumilus_koreensis_AR1_gene13725312.pdb
 1.000000  0.000000  0.000000     0.000000
 0.000000  1.000000  0.000000     0.000000
 0.000000  0.000000  1.000000     0.000000
>../../../../class2/asp2//data/domains/Catalytic_domain/structures/AsxRS_AF_Arch_Methanobacterium_lacus_gene10277817.pdb
 0.827454 -0.512032 -0.230527    -0.229634
 0.559214  0.714120  0.421085     3.247882
-0.050985 -0.477342  0.877237     1.412799
>../../../../class2/asp2//data/domains/Catalytic_domain/structures/AsxRS_AF_Bact_Clostridium_acetobutylicum_DSM_1731_gene45000055.pdb
 0.502015  0.715918 -0.485224    -5.940411
-0.709599  0.020224 -0.704316     2.871409
-0.494419  0.697892  0.518167    -3.005293
>../../../../class2/asp2//data/domains/Catalytic_domain/structures/AsxRS_AF_Bact_Spirochaetes_bacterium_GWE1_32_154_proteinOHD39701.1.pdb
 0.962043 -0.269402 -0.043550    -4.208917
 0.261354  0.863609  0.431130     1.588810
-0.078537 -0.426147  0.901238    -2.384249
>../../../../class2/asp2//data/domains/Catalytic_domain/structures/AsxRS_AF_Bact_Tropheryma_whipplei_TW08_27_gene67388547.pdb
 0.085793 -0.563883  0.821386    -4.597510
-0.523870 -0.726790 -0.444225     2.036989
 0.847467 -0.392188 -0.357755    -2.231444
>../../../../class2/asp2//data/domains/Catalytic_domain/structures/AsxRS_PDB_Arch_T_kodarensis_1b8a.pdb
-0.675684 -0.432765  0.596796     3.259844
-0.629158  0.760443 -0.160890    20.101572
-0.384202 -0.484190 -0.786097    42.047701
>../../../../class2/asp2//data/domains/Catalytic_domain/structures/AsxRS_PDB_Bact_T_thermophilus_1n9w.pdb
-0.372180 -0.862003  0.344142   -15.989312
-0.726546  0.501304  0.469921    -0.544344
-0.577593 -0.075140 -0.812859    69.614515
>../../../../class2/phe3//data/domains/Catalytic_domain/structures/PheRS-Aα_AF_Arch_Candidatus_Nitrosopumilus_koreensis_AR1_gene13724458.pdb
-0.536461  0.585511 -0.607771     3.782716
 0.100799 -0.670562 -0.734974     6.474595
-0.837884 -0.455548  0.300711    -7.008296
>../../../../class2/phe3//data/domains/Catalytic_domain/structures/PheRS-Aα_AF_Arch_Haloterrigena_turkmenica_DSM_5511_gene8744248.pdb
 0.181969 -0.695608 -0.694995    -7.085630
 0.978661  0.059515  0.196673     3.560278
-0.095445 -0.715953  0.691594    -2.653158
>../../../../class2/phe3//data/domains/Catalytic_domain/structures/PheRS-Aα_AF_Arch_Thermoplasma_volcanium_GSS1_gene1441177.pdb
-0.484693  0.751382  0.447770    -8.396168
 0.384116 -0.277071  0.880731     4.400431
 0.785829  0.598880 -0.154323    -2.026731
>../../../../class2/phe3//data/domains/Catalytic_domain/structures/PheRS-Aα_AF_Arch_Thermosphaera_aggregans_DSM_11486_gene9165306.pdb
-0.176294  0.425115 -0.887805   -13.259374
 0.399108 -0.793597 -0.459257     0.806661
-0.899796 -0.435294 -0.029761    -1.491742
>../../../../class2/phe3//data/domains/Catalytic_domain/structures/PheRS-Aα_AF_Euk_Cyanidioschyzon_merolae_strain_10D_gene16993638.pdb
 0.312069  0.058020  0.948286    -3.053843
-0.460825 -0.863611  0.204491    -0.420102
 0.830815 -0.500809 -0.242770     4.461331
>../../../../class2/phe3//data/domains/Catalytic_domain/structures/PheRS-Aα_AF_Euk_Megalobrama_amblycephala_gene125266654.pdb
-0.974709 -0.124348 -0.185688   -11.582835
-0.221120  0.657018  0.720717    -2.148105
 0.032381  0.743549 -0.667897    -2.678524
>../../../../class2/phe3//data/domains/Catalytic_domain/structures/PheRS-Aα_AF_Euk_Plasmodium_falciparum_3D7_gene813233.pdb
 0.681473  0.721755  0.121095    -6.636574
-0.145998  0.296215 -0.943897    -7.234583
-0.717133  0.625561  0.307237    -1.953804
>../../../../class2/phe3//data/domains/Catalytic_domain/structures/PheRS-Aα_AF_Euk_Schizosaccharomyces_pombe_gene2543647.pdb
 0.761241 -0.638243 -0.114710    -2.973326
 0.623366  0.768974 -0.141756    -1.162744
 0.178684  0.036404  0.983233     2.529179
>../../../../class2/phe3//data/domains/Catalytic_domain/structures/PheRS-Aα_PDB_Euk.B_H_sapiens_3L4G.C.pdb
-0.126466 -0.984921  0.118053   117.371996
 0.922730 -0.073120  0.378448   -10.445743
-0.364109  0.156792  0.918064    23.916798
