>../../../../class2/asp2//data/domains/Catalytic_domain/structures/AspRS-E_AF_Euk_Caenorhabditis_elegans_gene176334.pdb
 0.291500  0.318503 -0.901989     2.202269
-0.809307 -0.420569 -0.410055    -5.710785
-0.509952  0.849516  0.135171    10.806584
>../../../../class2/asp2//data/domains/Catalytic_domain/structures/AspRS-E_AF_Euk_Cryptococcus_neoformans_var_neoformans_JEC21_gene3258977.pdb
 1.000000  0.000000  0.000000     0.000000
 0.000000  1.000000  0.000000     0.000000
 0.000000  0.000000  1.000000     0.000000
>../../../../class2/asp2//data/domains/Catalytic_domain/structures/AspRS-E_AF_Euk_Thalassiosira_pseudonana_CCMP1335_gene7443135.pdb
 0.340275  0.407346 -0.847515     4.092829
-0.833605 -0.286370 -0.472330    -7.043151
-0.435104  0.867215  0.242121    10.482715
>../../../../class2/asp2//data/domains/Catalytic_domain/structures/AspRS-E_AF_Euk_Theileria_orientalis_strain_Shintoku_gene20715543.pdb
 0.229036  0.217880 -0.948721     1.637734
-0.778071 -0.544685 -0.312928    -5.163482
-0.584935  0.809844  0.044773    11.350282
>../../../../class2/asp2//data/domains/Catalytic_domain/structures/AspRS-E_PDB_Euk_S_cerevisiae_1EOV.pdb
-0.533642 -0.819115  0.210419     2.126879
-0.360838 -0.004495 -0.932618    42.456502
 0.764867 -0.573612 -0.293169    36.157285
>../../../../class2/asp2//data/domains/Catalytic_domain/structures/AsxRS_AF_Arch_Candidatus_Korarchaeum_cryptofilum_OPF8_gene6094477.pdb
 0.521902  0.670306 -0.527549     6.449530
-0.816576  0.213794 -0.536186    -8.424198
-0.246622  0.710620  0.658936    10.125798
>../../../../class2/asp2//data/domains/Catalytic_domain/structures/AsxRS_AF_Arch_Candidatus_Methanomassiliicoccus_intestinalis_Issoire-Mx1_gene16154831.pdb
 0.617189  0.632515 -0.467977     5.305063
-0.779025  0.407756 -0.476294    -7.684283
-0.110442  0.658529  0.744407    10.597085
>../../../../class2/asp2//data/domains/Catalytic_domain/structures/AsxRS_AF_Arch_Candidatus_Nitrosopumilus_koreensis_AR1_gene13725312.pdb
 0.849948  0.392568 -0.351395     7.657861
-0.458474  0.879707 -0.126164   -12.321305
 0.259597  0.268338  0.927687    13.280904
>../../../../class2/asp2//data/domains/Catalytic_domain/structures/AsxRS_AF_Arch_Methanobacterium_lacus_gene10277817.pdb
 0.940828  0.011559 -0.338687     8.231971
 0.119564  0.923826  0.363662    -9.573802
 0.317092 -0.382638  0.867779    15.395135
>../../../../class2/asp2//data/domains/Catalytic_domain/structures/AsxRS_AF_Bact_Clostridium_acetobutylicum_DSM_1731_gene45000055.pdb
 0.322479  0.373641 -0.869713     4.852190
-0.791859 -0.396915 -0.464132    -6.705307
-0.518621  0.838362  0.167874     9.712421
>../../../../class2/asp2//data/domains/Catalytic_domain/structures/AsxRS_AF_Bact_Spirochaetes_bacterium_GWE1_32_154_proteinOHD39701.1.pdb
 0.947672  0.261822 -0.182664     5.509557
-0.203174  0.935979  0.287512    -8.672097
 0.246247 -0.235355  0.940197    10.350597
>../../../../class2/asp2//data/domains/Catalytic_domain/structures/AsxRS_AF_Bact_Tropheryma_whipplei_TW08_27_gene67388547.pdb
-0.429962 -0.619695  0.656590     5.358653
-0.612967 -0.333584 -0.716236    -8.291334
 0.662876 -0.710422 -0.236424    10.409636
>../../../../class2/asp2//data/domains/Catalytic_domain/structures/AsxRS_PDB_Arch_T_kodarensis_1b8a.pdb
-0.687771  0.099898  0.719022     3.647361
-0.192729  0.929812 -0.313537    -1.664760
-0.699876 -0.354218 -0.620244    58.574722
>../../../../class2/asp2//data/domains/Catalytic_domain/structures/AsxRS_PDB_Bact_T_thermophilus_1n9w.pdb
-0.400848 -0.508595  0.762005   -30.488191
-0.401257  0.845195  0.353041   -13.761381
-0.823598 -0.164244 -0.542872    73.629532
>../../../../class2/ser2//data/domains/Catalytic_domain/structures/SerRS-A_AF_Arch_Conexivisphaera_calida_protein1635512986.pdb
-0.501676 -0.656888  0.562868    19.208258
-0.861391  0.319511 -0.394864    -5.622033
 0.079539 -0.682943 -0.726128    -0.044528
>../../../../class2/ser2//data/domains/Catalytic_domain/structures/SerRS-A_AF_Arch_Ignisphaera_aggregans_protein304378874.pdb
-0.922314 -0.283287  0.262840    19.589186
-0.276673  0.958919  0.062661    -7.685901
-0.269793 -0.014928 -0.962803    -0.639653
>../../../../class2/ser2//data/domains/Catalytic_domain/structures/SerRS-A_AF_Arch_Methanosarcina_barkeri_protein805401349.pdb
-0.156341 -0.325711  0.932454    19.264423
-0.242800 -0.902420 -0.355929    -5.270231
 0.957395 -0.282046  0.062002    -2.424742
>../../../../class2/ser2//data/domains/Catalytic_domain/structures/SerRS-A_AF_Arch_Unclassified_Thermoplasmata_protein1635512986.pdb
-0.317102 -0.673454  0.667762    20.972995
-0.911993  0.023339 -0.409542    -4.219860
 0.260223 -0.738860 -0.621586    -1.741906
>../../../../class2/ser2//data/domains/Catalytic_domain/structures/SerRS-A_PDB_Arch_M_barkeri_2cjb.pdb
 0.399316 -0.734896 -0.548155    45.010101
 0.579518 -0.260974  0.772044   -98.285705
-0.710426 -0.625955  0.321674     4.635362
