>../../../../class2/asp1//data/domains/Catalytic_domain/structures/AspRS_AF_Arch_Candidatus_Methanomassiliicoccus_intestinalis_Issoire-Mx1_gene16154434.pdb
-0.845967 -0.464952 -0.261075    -3.227186
-0.303858  0.017998  0.952547    -1.800846
-0.438189  0.885153 -0.156505    -0.871398
>../../../../class2/asp1//data/domains/Catalytic_domain/structures/AspRS_AF_Arch_unclassified_Euryarchaeota_proteinHHT76046.1.pdb
-0.761539 -0.528345 -0.375380    -0.515568
-0.233616 -0.316480  0.919382    -3.862895
-0.604551  0.787840  0.117582     4.627434
>../../../../class2/asp1//data/domains/Catalytic_domain/structures/AspRS_AF_Bact_Bacillus_anthracis_str_Ames_Ancestor_gene45024275.pdb
-0.543214  0.487452 -0.683600    -5.520425
 0.836194  0.387302 -0.388300    -0.038982
 0.075482 -0.782552 -0.617992     4.629631
>../../../../class2/asp1//data/domains/Catalytic_domain/structures/AspRS_AF_Bact_Brachyspira_pilosicoli_95_1000_gene56440011.pdb
-0.824997 -0.319919 -0.465866    -0.325369
-0.258719 -0.519083  0.814627    -3.317830
-0.502438  0.792593  0.345473     3.032850
>../../../../class2/asp1//data/domains/Catalytic_domain/structures/AspRS_AF_Bact_Chlamydia_muridarum_str_Nigg_gene1246197.pdb
-0.929739  0.296123 -0.218854     0.721356
-0.362840 -0.635548  0.681488    -3.499596
 0.062712  0.713014  0.698339     3.219606
>../../../../class2/asp1//data/domains/Catalytic_domain/structures/AspRS_AF_Bact_Mycoplasma_hyopneumoniae_168-L_gene57101115.pdb
-0.555402 -0.831306  0.021411    -0.203878
-0.390797  0.283649  0.875683    -3.180884
-0.734034  0.477989 -0.482411    -3.015151
>../../../../class2/asp1//data/domains/Catalytic_domain/structures/AspRS_AF_Bact_Nocardia_cyriacigeorgica_GUH-2_gene45501717.pdb
 0.493908 -0.143815  0.857539     4.494659
-0.762277  0.402851  0.506602    -5.693081
-0.418318 -0.903896  0.089344     4.030256
>../../../../class2/asp1//data/domains/Catalytic_domain/structures/AspRS_AF_Bact_Porphyromonas_gingivalis_ATCC_33277_gene29255515.pdb
 0.371793  0.928316  0.000353     0.086986
 0.458986 -0.183495 -0.869288    -0.934707
-0.806909  0.323357 -0.494306     3.660123
>../../../../class2/asp1//data/domains/Catalytic_domain/structures/AspRS_AF_Bact_Prochlorococcus_marinus_subsp_marinus_str_CCMP1375_gene54201182.pdb
-0.886782  0.329303 -0.324310    -5.885089
-0.442495 -0.402264  0.801487    -2.381986
 0.133473  0.854250  0.502435     3.487481
>../../../../class2/asp1//data/domains/Catalytic_domain/structures/AspRS_AF_Bact_Xylella_fastidiosa_Temecula1_gene58016479.pdb
 0.480341 -0.080449  0.873385    -0.506181
-0.801830  0.363272  0.474449    -2.332662
-0.355445 -0.928204  0.109988     6.154293
>../../../../class2/asp1//data/domains/Catalytic_domain/structures/AspRS_AF_Mito_Oryza_sativa_Japonica_Group_gene4324505.pdb
 0.837532 -0.425976  0.342176     5.748321
 0.285018 -0.193686 -0.938750    -3.278485
 0.466159  0.883759 -0.040808     4.014198
>../../../../class2/asp1//data/domains/Catalytic_domain/structures/AspRS_AF_Mito_Oryzias_melastigma_gene112147132.pdb
-0.051170 -0.998581  0.014733    -1.148644
-0.486825  0.037822  0.872680    -3.342027
-0.871999  0.037483 -0.488070     5.636846
>../../../../class2/asp1//data/domains/Catalytic_domain/structures/AspRS_PDB_Bact_E_coli_1c0a.pdb
-0.199038 -0.747934  0.633229    43.028778
 0.515293  0.469747  0.716806   -46.974934
-0.833581  0.468970  0.291907    36.740535
>../../../../class2/thr//data/domains/Catalytic_domain/structures/ThrRS_AF_Arch_Candidatus_Methanomethylophilus_alvus_Mx1201_gene15140074.pdb
 1.000000  0.000000  0.000000     0.000000
 0.000000  1.000000  0.000000     0.000000
 0.000000  0.000000  1.000000     0.000000
>../../../../class2/thr//data/domains/Catalytic_domain/structures/ThrRS_AF_Arch_Candidatus_Nitrosopumilus_koreensis_AR1_gene13725077.pdb
-0.870727  0.339133 -0.356124    -8.146698
-0.364653  0.040614  0.930257    -0.715291
 0.329944  0.939861  0.088302     3.978017
>../../../../class2/thr//data/domains/Catalytic_domain/structures/ThrRS_AF_Arch_Pyrococcus_furiosus_DSM_3638_gene1469226.pdb
-0.828643  0.076610 -0.554511    -6.531299
-0.532865  0.195503  0.823306    -2.177252
 0.171482  0.977706 -0.121180     4.269115
>../../../../class2/thr//data/domains/Catalytic_domain/structures/ThrRS_AF_Arch_Sulfolobus_islandicus_M164_gene7940156.pdb
 0.330253  0.924573 -0.189995    -0.964458
 0.201827 -0.265804 -0.942663     3.945158
-0.922062  0.272972 -0.274386     5.562504
>../../../../class2/thr//data/domains/Catalytic_domain/structures/ThrRS_AF_Bact_Bifidobacterium_longum_subsp_longum_JCM_1217_gene69578309.pdb
-0.360449 -0.412654 -0.836536    -0.589608
-0.336594 -0.778856  0.529233    -3.850125
-0.869931  0.472335  0.141841    -1.823808
>../../../../class2/thr//data/domains/Catalytic_domain/structures/ThrRS_AF_Bact_Brachyspira_pilosicoli_95_1000_gene56439092.pdb
-0.199603  0.415843 -0.887261     1.141495
 0.514600 -0.726078 -0.456067    -1.360567
-0.833874 -0.547617 -0.069066    -2.210060
>../../../../class2/thr//data/domains/Catalytic_domain/structures/ThrRS_AF_Bact_Brucella_abortus_2308_gene3787745.pdb
 0.124020  0.035118  0.991658     0.868903
-0.032939 -0.998677  0.039486    -2.008610
 0.991733 -0.037561 -0.122700    -2.291030
>../../../../class2/thr//data/domains/Catalytic_domain/structures/ThrRS_AF_Bact_Lactobacillus_acidophilus_La-14_gene56943112.pdb
-0.970975 -0.234207  0.048534     0.062386
-0.210446  0.932978  0.292002    -4.626151
-0.113670  0.273313 -0.955185    -5.749336
>../../../../class2/thr//data/domains/Catalytic_domain/structures/ThrRS_AF_Bact_Mycoplasma_hyopneumoniae_168-L_gene57101460.pdb
 0.832195 -0.535985  0.142031     0.663315
 0.554002  0.814403 -0.172709    -1.057512
-0.023101  0.222413  0.974679     1.459846
>../../../../class2/thr//data/domains/Catalytic_domain/structures/ThrRS_AF_Bact_Porphyromonas_gingivalis_ATCC_33277_gene29256174.pdb
 0.020622 -0.229953 -0.972983    -0.096476
 0.848815 -0.510206  0.138572    -3.851708
-0.528287 -0.828741  0.184666    -0.775156
>../../../../class2/thr//data/domains/Catalytic_domain/structures/ThrRS_AF_Bact_Prochlorococcus_marinus_subsp_marinus_str_CCMP1375_gene54200406.pdb
 0.049359  0.995852 -0.076431    -1.939005
-0.910859  0.076276  0.405609    -3.720509
 0.409756  0.049597  0.910846    -3.781277
>../../../../class2/thr//data/domains/Catalytic_domain/structures/ThrRS_AF_Bact_Streptobacillus_moniliformis_DSM_12112_gene29674242.pdb
-0.920654  0.030928 -0.389153     0.185640
-0.307868  0.555403  0.772493    -2.505585
 0.240028  0.831006 -0.501812    -2.558856
>../../../../class2/thr//data/domains/Catalytic_domain/structures/ThrRS_AF_Euk_Arabidopsis_thaliana_gene832741.pdb
-0.373610 -0.797275 -0.474097    -0.465358
-0.482979 -0.269155  0.833239    -5.799428
-0.791926  0.540285 -0.284509    -1.254282
>../../../../class2/thr//data/domains/Catalytic_domain/structures/ThrRS_AF_Euk_Cercospora_beticola_gene35433465.pdb
 0.320996 -0.840206  0.437052     0.830490
-0.837240 -0.036033  0.545647    -4.198812
-0.442708 -0.541068 -0.715021    -2.238299
>../../../../class2/thr//data/domains/Catalytic_domain/structures/ThrRS_AF_Euk_Cryptococcus_gattii_WM276_gene10188143.pdb
-0.594845 -0.316164 -0.739053     1.344523
-0.504554 -0.568876  0.649466    -5.040486
-0.625767  0.759224  0.178871    -3.267957
>../../../../class2/thr//data/domains/Catalytic_domain/structures/ThrRS_AF_Euk_Cyanidioschyzon_merolae_strain_10D_gene16997242.pdb
-0.085242  0.479863  0.873192     0.509715
-0.168845 -0.870664  0.461991    -4.060255
 0.981950 -0.108053  0.155239    -3.891129
>../../../../class2/thr//data/domains/Catalytic_domain/structures/ThrRS_AF_Mito_Cyanidioschyzon_merolae_strain_10D_gene16995590.pdb
-0.724448  0.589552 -0.357215    -0.190625
-0.488337 -0.073186  0.869581    -2.298513
 0.486520  0.804408  0.340920    -2.483290
>../../../../class2/thr//data/domains/Catalytic_domain/structures/ThrRS_AF_Mito_Oryza_sativa_Japonica_Group_gene4345200.pdb
-0.481021 -0.528131 -0.699783     0.370784
 0.462968  0.524805 -0.714311    -5.397054
 0.744499 -0.667576 -0.007935    -3.124264
>../../../../class2/thr//data/domains/Catalytic_domain/structures/ThrRS_PDB_Bact_E_coli_1evk.pdb
 0.727901 -0.012150  0.685575   -36.429612
-0.682228  0.087411  0.725896     6.916313
-0.068747 -0.996098  0.055338    62.431455
>../../../../class2/thr//data/domains/Catalytic_domain/structures/ThrRS_PDB_Bact_S_aureus_1nyr.pdb
 0.011110 -0.993995  0.108859    42.884529
 0.956957  0.042144  0.287153   -32.089442
-0.290016  0.100984  0.951679   -51.073600
