>../../../../class2/phe5//data/domains/Catalytic_domain/structures/PheRS-M_AF_Mito_Arabidopsis_thaliana_gene824983.pdb
 0.463985  0.732211  0.498584     8.501525
-0.657764 -0.092223  0.747557    48.039660
 0.593350 -0.674806  0.438832    66.368930
>../../../../class2/phe5//data/domains/Catalytic_domain/structures/PheRS-M_AF_Mito_Babesia_bovis_T2Bo_gene5478469.pdb
 0.626376 -0.236119 -0.742901    11.251878
-0.358284 -0.933597 -0.005359    52.488172
-0.692305  0.269526 -0.669380    62.079740
>../../../../class2/phe5//data/domains/Catalytic_domain/structures/PheRS-M_AF_Mito_Candida_albicans_SC5314_gene3638806.pdb
-0.333257 -0.003822  0.942828     7.877999
-0.060801 -0.997823 -0.025536    53.575256
 0.940873 -0.065835  0.332300    64.435219
>../../../../class2/phe5//data/domains/Catalytic_domain/structures/PheRS-M_AF_Mito_Crassostrea_gigas_gene105329377.pdb
-0.218261  0.975799  0.013364     2.846165
 0.652634  0.156132 -0.741412    52.388658
-0.725555 -0.153099 -0.670917    55.560480
>../../../../class2/phe5//data/domains/Catalytic_domain/structures/PheRS-M_AF_Mito_Drosophila_melanogaster_gene36547.pdb
-0.371783 -0.859242  0.351397    12.169891
 0.851588 -0.466367 -0.239376    53.526873
 0.369562  0.210250  0.905107    64.807389
>../../../../class2/phe5//data/domains/Catalytic_domain/structures/PheRS-M_AF_Mito_Syngnathus_acus_gene119139175.pdb
-0.510584 -0.447637 -0.734115     5.916933
 0.722018  0.240409 -0.648763    52.043245
 0.466898 -0.861293  0.200453    60.417671
>../../../../class2/phe5//data/domains/Catalytic_domain/structures/PheRS-M_PDB_Mito.H_sapiens_3CMQ.pdb
-0.988246  0.151791 -0.018169     4.411440
-0.152853 -0.983097  0.100779    74.228936
-0.002564  0.102371  0.994743    43.818582
>../../../../class2/thr//data/domains/Catalytic_domain/structures/ThrRS_AF_Arch_Candidatus_Methanomethylophilus_alvus_Mx1201_gene15140074.pdb
 0.011110  0.956957 -0.290016    15.419634
-0.993995  0.042144  0.100984    49.136977
 0.108859  0.287153  0.951679    53.151859
>../../../../class2/thr//data/domains/Catalytic_domain/structures/ThrRS_AF_Arch_Candidatus_Nitrosopumilus_koreensis_AR1_gene13725077.pdb
-0.454703 -0.234494  0.859219    13.572575
 0.881625 -0.255445  0.396845    57.716085
 0.126425  0.937956  0.322887    55.866952
>../../../../class2/thr//data/domains/Catalytic_domain/structures/ThrRS_AF_Arch_Pyrococcus_furiosus_DSM_3638_gene1469226.pdb
-0.569824 -0.099687  0.815698    12.136641
 0.818276  0.022557  0.574382    56.017856
-0.075658  0.994763  0.068718    55.928635
>../../../../class2/thr//data/domains/Catalytic_domain/structures/ThrRS_AF_Arch_Sulfolobus_islandicus_M164_gene7940156.pdb
 0.462755 -0.324016 -0.825149    17.561532
-0.410090 -0.903468  0.124786    50.791770
-0.785929  0.280640 -0.550960    59.437314
>../../../../class2/thr//data/domains/Catalytic_domain/structures/ThrRS_AF_Bact_Bifidobacterium_longum_subsp_longum_JCM_1217_gene69578309.pdb
-0.075000 -0.886106  0.457373    12.244118
 0.261226  0.425189  0.866588    49.461520
-0.962359  0.184472  0.199585    50.180889
>../../../../class2/thr//data/domains/Catalytic_domain/structures/ThrRS_AF_Bact_Brachyspira_pilosicoli_95_1000_gene56439092.pdb
 0.728962 -0.536421 -0.425284    14.674213
 0.134172 -0.497249  0.857170    47.655118
-0.671276 -0.681906 -0.290503    50.762930
>../../../../class2/thr//data/domains/Catalytic_domain/structures/ThrRS_AF_Bact_Brucella_abortus_2308_gene3787745.pdb
-0.321819 -0.943051  0.084180    14.238379
-0.030112 -0.078671 -0.996446    48.055900
 0.946322 -0.323210 -0.003080    50.451198
>../../../../class2/thr//data/domains/Catalytic_domain/structures/ThrRS_AF_Bact_Lactobacillus_acidophilus_La-14_gene56943112.pdb
-0.174336  0.811811  0.557287    12.571852
 0.944720  0.297499 -0.137837    48.232697
-0.277690  0.502450 -0.818799    46.439416
>../../../../class2/thr//data/domains/Catalytic_domain/structures/ThrRS_AF_Bact_Mycoplasma_hyopneumoniae_168-L_gene57101460.pdb
 0.540900  0.713773 -0.444921    13.853625
-0.808356  0.587296 -0.040555    48.465458
 0.232353  0.381591  0.894651    54.410720
>../../../../class2/thr//data/domains/Catalytic_domain/structures/ThrRS_AF_Bact_Porphyromonas_gingivalis_ATCC_33277_gene29256174.pdb
 0.964608 -0.252592  0.075686    11.795735
-0.045745  0.122378  0.991429    48.913377
-0.259689 -0.959803  0.106492    51.349741
>../../../../class2/thr//data/domains/Catalytic_domain/structures/ThrRS_AF_Bact_Prochlorococcus_marinus_subsp_marinus_str_CCMP1375_gene54200406.pdb
-0.989785  0.069449  0.124509    12.935369
-0.045364 -0.981358  0.186757    50.541147
 0.135158  0.179201  0.974484    48.328375
>../../../../class2/thr//data/domains/Catalytic_domain/structures/ThrRS_AF_Bact_Streptobacillus_moniliformis_DSM_12112_gene29674242.pdb
-0.375209  0.290365  0.880288    13.794897
 0.925848  0.071300  0.371110    48.656360
 0.044993  0.954256 -0.295586    49.979121
>../../../../class2/thr//data/domains/Catalytic_domain/structures/ThrRS_AF_Euk_Arabidopsis_thaliana_gene832741.pdb
-0.236874 -0.420127  0.876005    10.152234
 0.273866  0.836226  0.475103    49.196704
-0.932142  0.352448 -0.083022    50.211346
>../../../../class2/thr//data/domains/Catalytic_domain/structures/ThrRS_AF_Euk_Cercospora_beticola_gene35433465.pdb
-0.674278  0.114559  0.729538    11.903414
-0.393941  0.779794 -0.486551    47.856578
-0.624628 -0.615465 -0.480668    49.873435
>../../../../class2/thr//data/domains/Catalytic_domain/structures/ThrRS_AF_Euk_Cryptococcus_gattii_WM276_gene10188143.pdb
-0.307600 -0.769217  0.560078    11.572531
 0.511064  0.362947  0.779155    47.354706
-0.802618  0.525904  0.281477    48.709846
>../../../../class2/thr//data/domains/Catalytic_domain/structures/ThrRS_AF_Euk_Cyanidioschyzon_merolae_strain_10D_gene16997242.pdb
-0.451050 -0.793840  0.407888    12.756220
 0.172053 -0.525785 -0.833035    48.128438
 0.875758 -0.305562  0.373738    48.328959
>../../../../class2/thr//data/domains/Catalytic_domain/structures/ThrRS_AF_Mito_Cyanidioschyzon_merolae_strain_10D_gene16995590.pdb
-0.613601 -0.296202  0.731955    13.892308
 0.750952 -0.505419  0.424998    48.971016
 0.244059  0.810442  0.532559    50.150380
>../../../../class2/thr//data/domains/Catalytic_domain/structures/ThrRS_AF_Mito_Oryza_sativa_Japonica_Group_gene4345200.pdb
 0.225095  0.689825 -0.688094    11.096276
 0.569046  0.480182  0.667542    48.235444
 0.790898 -0.541818 -0.284455    48.621269
>../../../../class2/thr//data/domains/Catalytic_domain/structures/ThrRS_PDB_Bact_E_coli_1evk.pdb
-0.621687  0.368172  0.691343     3.645689
-0.762997 -0.085170 -0.640766    92.051189
-0.177030 -0.925849  0.333863   110.585466
>../../../../class2/thr//data/domains/Catalytic_domain/structures/ThrRS_PDB_Bact_S_aureus_1nyr.pdb
 1.000000  0.000000  0.000000     0.000000
 0.000000  1.000000  0.000000     0.000000
 0.000000  0.000000  1.000000     0.000000
