>structures/AspRS_AF_Arch_Candidatus_Methanomassiliicoccus_intestinalis_Issoire-Mx1_gene16154434.pdb
-0.984072 -0.074616  0.161352    -9.679379
-0.112779  0.963650 -0.242198     0.328820
-0.137415 -0.256538 -0.956716    -2.875944
>structures/AspRS_AF_Arch_unclassified_Euryarchaeota_proteinHHT76046.1.pdb
-0.946531 -0.308434  0.094591    -6.691178
-0.308247  0.951155  0.016951     5.402503
-0.095200 -0.013113 -0.995372    -0.606186
>structures/AspRS_AF_Bact_Bacillus_anthracis_str_Ames_Ancestor_gene45024275.pdb
-0.110421  0.151131 -0.982327    -8.583996
 0.170653 -0.970810 -0.168542     5.495767
-0.979124 -0.186248  0.081407    -5.082628
>structures/AspRS_AF_Bact_Brachyspira_pilosicoli_95_1000_gene56440011.pdb
-0.988028 -0.127446  0.086938    -5.052838
-0.092271  0.939797  0.329042     2.300458
-0.123639  0.317080 -0.940305     0.165422
>structures/AspRS_AF_Bact_Chlamydia_muridarum_str_Nigg_gene1246197.pdb
-0.852491  0.310982  0.420177    -5.685399
 0.512691  0.654262  0.555958     2.056389
-0.102013  0.689370 -0.717190     0.477937
>structures/AspRS_AF_Bact_Mycoplasma_hyopneumoniae_168-L_gene57101115.pdb
-0.940307 -0.320714  0.113867    -7.898714
-0.319756  0.717989 -0.618261    -3.956472
 0.116529 -0.617765 -0.777681    -0.335127
>structures/AspRS_AF_Bact_Nocardia_cyriacigeorgica_GUH-2_gene45501717.pdb
-0.066128 -0.407288  0.910903    -2.534274
-0.493165 -0.780264 -0.384678     1.474044
 0.867419 -0.474663 -0.149263     3.959021
>structures/AspRS_AF_Bact_Porphyromonas_gingivalis_ATCC_33277_gene29255515.pdb
 0.113813  0.791145 -0.600946    -3.933700
-0.977792 -0.017946 -0.208810     1.778461
-0.175984  0.611365  0.771532    -1.808047
>structures/AspRS_AF_Bact_Prochlorococcus_marinus_subsp_marinus_str_CCMP1375_gene54201182.pdb
-0.859895  0.428020  0.278171   -10.094625
 0.509167  0.680243  0.527274     5.623763
 0.036460  0.595036 -0.802872    -2.717526
>structures/AspRS_AF_Bact_Xylella_fastidiosa_Temecula1_gene58016479.pdb
-0.115264 -0.368141  0.922598    -3.469146
-0.412378 -0.827236 -0.381609     4.463621
 0.903692 -0.424445 -0.056463     0.058354
>structures/AspRS_AF_Mito_Homo_sapiens_gene55157.pdb
-0.015137  0.842115 -0.539085    -4.759631
-0.854462 -0.290902 -0.430431     2.480180
-0.519294  0.454112  0.723959    -5.731310
>structures/AspRS_AF_Mito_Oryza_sativa_Japonica_Group_gene4324505.pdb
 1.000000 -0.000057  0.000865     0.027709
 0.000057  1.000000 -0.000788     0.020239
-0.000864  0.000788  0.999999    -0.039642
>structures/AspRS_AF_Mito_Oryzias_melastigma_gene112147132.pdb
-0.640506 -0.767779 -0.016371    -4.414570
-0.630793  0.538147 -0.559015     4.120767
 0.438010 -0.347726 -0.828996    -1.638508
>structures/AspRS_PDB_Bact_E_coli_1c0a.pdb
-0.346587 -0.184564  0.919681    27.346491
-0.694646  0.709369 -0.119423    15.842196
-0.630352 -0.680244 -0.374065    61.058793
