>../../../../class1//trp/data/domains/Anticodon_binding_domain_WY//structures/TrpRS_AF_Arch_Natrialba_magadii_ATCC_43099_gene8824932.pdb
-0.948680  0.315622 -0.019713    -4.850087
 0.237241  0.751533  0.615561     6.522320
 0.209100  0.579294 -0.787843     1.399554
>../../../../class1//trp/data/domains/Anticodon_binding_domain_WY//structures/TrpRS_AF_Arch_Nitrosopumilus_maritimus_SCM1_gene5773245.pdb
-0.971680  0.141392 -0.189329    -6.794090
 0.038322  0.884910  0.464183     7.371384
 0.233171  0.443782 -0.865268     2.382396
>../../../../class1//trp/data/domains/Anticodon_binding_domain_WY//structures/TrpRS_AF_Arch_Sulfolobus_islandicus_M1627_gene7814138.pdb
 0.997770  0.044211  0.050000    -2.853899
-0.048510  0.994909  0.088331     4.596691
-0.045840 -0.090560  0.994835     2.129623
>../../../../class1//trp/data/domains/Anticodon_binding_domain_WY//structures/TrpRS_AF_Arch_Thermoplasma_acidophilum_DSM_1728_gene1456706.pdb
 0.104521 -0.565245  0.818275    -3.439114
-0.976872 -0.212674 -0.022131    14.390190
 0.186536 -0.797037 -0.574401     0.333399
>../../../../class1//trp/data/domains/Anticodon_binding_domain_WY//structures/TrpRS_AF_Bact_Anoxybacillus_flavithermus_WK1_gene7038388.pdb
 0.980707 -0.171314 -0.094157    -0.175762
 0.188806  0.954912  0.229121     0.452296
 0.050660 -0.242478  0.968833     0.842778
>../../../../class1//trp/data/domains/Anticodon_binding_domain_WY//structures/TrpRS_AF_Bact_Brachyspira_pilosicoli_95_1000_gene56440833.pdb
-0.065574 -0.278543  0.958183    -4.586443
 0.005854 -0.960340 -0.278770     2.294126
 0.997831 -0.012671  0.064604    -3.404805
>../../../../class1//trp/data/domains/Anticodon_binding_domain_WY//structures/TrpRS_AF_Bact_Helicobacter_cinaedi_PAGU611_gene66538868.pdb
 1.000000  0.000000  0.000000     0.000000
 0.000000  1.000000  0.000000     0.000000
 0.000000  0.000000  1.000000     0.000000
>../../../../class1//trp/data/domains/Anticodon_binding_domain_WY//structures/TrpRS_AF_Bact_Mycoplasma_hyopneumoniae_168-L_gene57101461.pdb
 0.962526  0.261801 -0.070739    -2.760823
-0.269987  0.949621 -0.159142    -2.269352
 0.025512  0.172277  0.984718     0.299542
>../../../../class1//trp/data/domains/Anticodon_binding_domain_WY//structures/TrpRS_AF_Bact_Porphyromonas_gingivalis_ATCC_33277_gene29255389.pdb
-0.063964  0.649609 -0.757573    -5.267380
-0.261996 -0.743430 -0.615361     2.471076
-0.962947  0.159120  0.217747    -2.152757
>../../../../class1//trp/data/domains/Anticodon_binding_domain_WY//structures/TrpRS_AF_Bact_Prochlorococcus_marinus_subsp_marinus_str_CCMP1375_gene54200405.pdb
-0.994041  0.089803  0.061790    -9.605022
 0.105936  0.929452  0.353406     1.206757
-0.025694  0.357846 -0.933427    -5.282820
>../../../../class1//trp/data/domains/Anticodon_binding_domain_WY//structures/TrpRS_AF_Bact_Streptomyces_albidoflavus_gene15147734.pdb
 0.099485  0.862228 -0.496654    -3.999381
-0.548567 -0.368901 -0.750324     1.705689
-0.830167  0.347094  0.436290    -2.001035
>../../../../class1//trp/data/domains/Anticodon_binding_domain_WY//structures/TrpRS_AF_Bact_Thermus_thermophilus_HB8_gene3168998.pdb
-0.863898 -0.497361 -0.079450    -4.054656
-0.485266  0.864164 -0.133179     2.968099
 0.134896 -0.076498 -0.987902    -2.277593
>../../../../class1//trp/data/domains/Anticodon_binding_domain_WY//structures/TrpRS_AF_Euk_Cryptococcus_neoformans_var_neoformans_JEC21_gene3254069.pdb
 0.353950 -0.751150  0.557219    -6.612991
-0.662170 -0.622016 -0.417883     8.017946
 0.660493 -0.221064 -0.717552     0.602557
>../../../../class1//trp/data/domains/Anticodon_binding_domain_WY//structures/TrpRS_AF_Euk_Cyanidioschyzon_merolae_strain_10D_gene16993299.pdb
-0.836176 -0.502068 -0.220765    -6.994663
-0.496110  0.864004 -0.085858     5.337351
 0.233848  0.037731 -0.971541     1.709555
>../../../../class1//trp/data/domains/Anticodon_binding_domain_WY//structures/TrpRS_AF_Euk_Drosophila_melanogaster_gene45399.pdb
-0.951177 -0.287097 -0.113302   -11.085062
-0.294746  0.953847  0.057451     5.482353
 0.091578  0.088041 -0.991898    -1.246912
>../../../../class1//trp/data/domains/Anticodon_binding_domain_WY//structures/TrpRS_AF_Euk_Saccharomyces_cerevisiae_S288C_gene854056.pdb
 0.191041  0.407793  0.892865    -6.645727
 0.289119 -0.892643  0.345830     5.987444
 0.938037  0.192077 -0.288432    -0.038020
>../../../../class1//trp/data/domains/Anticodon_binding_domain_WY//structures/TrpRS_AF_Mito_Bufo_gargarizans_gene122922343.pdb
-0.466790 -0.858637  0.211778    -5.908867
-0.766130  0.272996 -0.581824     2.642861
 0.441761 -0.433839 -0.785259    -1.560942
>../../../../class1//trp/data/domains/Anticodon_binding_domain_WY//structures/TrpRS_AF_Mito_Cyanidioschyzon_merolae_strain_10D_gene16992222.pdb
 0.000669 -0.258933  0.965895    -1.664316
-0.234976 -0.938892 -0.251531     2.707108
 0.972001 -0.226794 -0.061471     3.122447
>../../../../class1//trp/data/domains/Anticodon_binding_domain_WY//structures/TrpRS_AF_Vir_Megavirus_chiliensis_gene11257301.pdb
-0.974959 -0.057639 -0.214784    -4.128116
-0.137281  0.915824  0.377386     7.315856
 0.174952  0.397421 -0.900804     3.229128
>../../../../class1//trp/data/domains/Anticodon_binding_domain_WY//structures/TrpRS_PDB_Arch_P_hori_3JXE.pdb
 0.958623 -0.081926  0.272636    32.982732
 0.272178 -0.016925 -0.962098    25.324300
 0.083436  0.996495  0.006073   -24.606235
>../../../../class1//trp/data/domains/Anticodon_binding_domain_WY//structures/TrpRS_PDB_Bact_G_stearo_1I6M.pdb
-0.526436  0.128285  0.840481   -13.649195
 0.662257  0.681804  0.310740   -60.496822
-0.533180  0.720199 -0.443884    31.989492
>../../../../class1//trp/data/domains/Anticodon_binding_domain_WY//structures/TrpRS_PDB_Bact_Y_pestis_3N9I.pdb
-0.436487 -0.643290  0.629013    46.885150
-0.284652 -0.564477 -0.774816    64.573418
 0.853494 -0.517247  0.063273     5.588933
>../../../../class1//trp/data/domains/Anticodon_binding_domain_WY//structures/TrpRS_PDB_Euk_S_Cerevisiae_3KT3.pdb
-0.267833 -0.837388 -0.476495   -34.808825
-0.896708  0.035766  0.441175  -124.111603
-0.352392  0.545438 -0.760472   -86.965686
>../../../../class1//tyr/data/domains/Anticodon_binding_domain_WY//structures/TyrRS_AF_Arch_Candidatus_Korarchaeum_cryptofilum_OPF8_gene6094625.pdb
-0.563130 -0.825024  0.047111    -9.442738
-0.789301  0.553878  0.264995     8.070855
-0.244721  0.112042 -0.963098     4.457958
>../../../../class1//tyr/data/domains/Anticodon_binding_domain_WY//structures/TyrRS_AF_Arch_Desulfurococcus_amylolyticus_1221n_gene7171652.pdb
-0.976131 -0.148407  0.158569    -7.730271
-0.019465  0.786959  0.616698     6.164772
-0.216310  0.598892 -0.771063     4.902136
>../../../../class1//tyr/data/domains/Anticodon_binding_domain_WY//structures/TyrRS_AF_Arch_Methanothermococcus_okinawensis_IH1_gene10772133.pdb
 0.048676  0.366567  0.929117    -9.936721
-0.108819 -0.922737  0.369751    10.687890
 0.992869 -0.119103 -0.005025     3.070111
>../../../../class1//tyr/data/domains/Anticodon_binding_domain_WY//structures/TyrRS_AF_Arch_Thermoplasma_acidophilum_DSM_1728_gene1456112.pdb
 0.941029  0.296832 -0.162342    -6.147094
-0.336761  0.775707 -0.533733     3.770531
-0.032499  0.556929  0.829924     2.577484
>../../../../class1//tyr/data/domains/Anticodon_binding_domain_WY//structures/TyrRS_AF_Euk_Drosophila_melanogaster_gene39829.pdb
 0.649413  0.583383 -0.487778    -3.930085
-0.243901  0.767351  0.593030     2.623438
 0.720260 -0.266152  0.640615     9.392727
>../../../../class1//tyr/data/domains/Anticodon_binding_domain_WY//structures/TyrRS_AF_Euk_Plasmodium_falciparum_3D7_gene2655248.pdb
-0.973323 -0.214064 -0.082571    -7.304578
-0.223499  0.965952  0.130324     6.517933
 0.051862  0.145302 -0.988027     3.289927
>../../../../class1//tyr/data/domains/Anticodon_binding_domain_WY//structures/TyrRS_AF_Euk_Seriola_dumerili_gene111223086.pdb
 0.666135  0.568489  0.482788    -2.361382
-0.372458 -0.307260  0.875709     3.254176
 0.646172 -0.763159  0.007061    10.963469
>../../../../class1//tyr/data/domains/Anticodon_binding_domain_WY//structures/TyrRS_AF_Vir_Megavirus_chiliensis_gene11257765.pdb
 0.527167  0.241516  0.814718    -7.933064
-0.511631 -0.675292  0.531238    12.899002
 0.678475 -0.696886 -0.232425    -0.689333
>../../../../class1//tyr/data/domains/Anticodon_binding_domain_WY//structures/TyrRS_PDB_Arch_M_jannashii_1U7D.pdb
 0.022880 -0.926464 -0.375688    43.703472
 0.429306  0.348480 -0.833222     3.984369
 0.902869 -0.142221  0.405709     0.459460
>../../../../class1//tyr/data/domains/Anticodon_binding_domain_WY//structures/TyrRS_PDB_Vir_Acanthamoeba_polyphaga_mimivirus_2J5B.pdb
-0.687524  0.267641 -0.675040    41.485901
-0.697131  0.016947  0.716743     9.327460
 0.203270  0.963370  0.174930   -85.753289
