>structures/ProRS-B_AF_Bact_Acinetobacter_baylyi_ADP1_gene45233245.pdb
 0.585688 -0.645028 -0.490825    27.748163
 0.715730  0.695769 -0.060299   -16.508144
 0.380395 -0.315982  0.869169    10.217130
>structures/ProRS-B_AF_Bact_Brachyspira_pilosicoli_95_1000_gene56438966.pdb
 0.029671 -0.068466 -0.997212    27.581304
 0.934771 -0.351434  0.051942   -13.225783
-0.354011 -0.933706  0.053572    11.995014
>structures/ProRS-B_AF_Bact_Chlamydia_psittaci_6BC_gene12242703.pdb
-0.719460 -0.621929  0.309164    30.640064
-0.566164  0.783006  0.257603   -15.424711
-0.402288  0.010298 -0.915455    13.714862
>structures/ProRS-B_AF_Bact_Clostridium_acetobutylicum_DSM_1731_gene44999665.pdb
 0.595187 -0.523564 -0.609617    28.874177
 0.733754  0.663404  0.146627   -11.745925
 0.327654 -0.534580  0.779017    12.125022
>structures/ProRS-B_AF_Bact_Corynebacterium_ulcerans_809_gene75260584.pdb
-0.935466 -0.349518 -0.052348    33.529734
-0.193678  0.383097  0.903175   -11.454488
-0.295622  0.855028 -0.426069    15.308771
>structures/ProRS-B_AF_Bact_Escherichia_coli_O157:H7_str._Sakai_gene913939.pdb
-0.000213  0.790802 -0.612071    27.317683
 0.738431 -0.412613 -0.533357   -16.146480
-0.674329 -0.452086 -0.583865    11.683042
>structures/ProRS-B_AF_Bact_Prochlorococcus_marinus_subsp_marinus_str_CCMP1375_gene54199876.pdb
 0.702092 -0.568451 -0.428871    29.584855
 0.643037  0.764846  0.038925   -12.206794
 0.305893 -0.303109  0.902527    11.621652
>structures/ProRS-B_AF_Bact_Streptobacillus_moniliformis_DSM_12112_gene29673723.pdb
 0.966859 -0.221490 -0.126985    26.725833
 0.158124  0.909997 -0.383279   -10.564017
 0.200449  0.350497  0.914862    12.018706
>structures/ProRS-B_PDB_Bact_S_aureus_5znj.pdb
 0.887242  0.074624 -0.455229    32.835124
 0.255151  0.742751  0.619047   -26.497243
 0.384318 -0.665396  0.639959    -5.093849
>structures/ProRS_PDB_Bact_E_faecalis_2J3M.pdb
 1.000000  0.000000  0.000000     0.000000
 0.000000  1.000000  0.000000     0.000000
 0.000000  0.000000  1.000000     0.000000
