>structures/ProRS-B_AF_Bact_Acinetobacter_baylyi_ADP1_gene45233245.pdb
 0.751119 -0.581246 -0.313006    -0.289572
 0.660153  0.664445  0.350302    -6.554975
 0.004364 -0.469750  0.882789     0.371967
>structures/ProRS-B_AF_Bact_Brachyspira_pilosicoli_95_1000_gene56438966.pdb
 0.108825 -0.306988 -0.945471     0.381221
 0.722799 -0.628519  0.287271    -2.641518
-0.682436 -0.714648  0.153492     0.724684
>structures/ProRS-B_AF_Bact_Chlamydia_psittaci_6BC_gene12242703.pdb
-0.863474 -0.475830  0.167328     2.983021
-0.499708  0.852123 -0.155492    -4.575242
-0.068596 -0.217879 -0.973562     2.601571
>structures/ProRS-B_AF_Bact_Clostridium_acetobutylicum_DSM_1731_gene44999665.pdb
 0.750873 -0.506046 -0.424391     1.487798
 0.658924  0.530400  0.533380    -1.758738
-0.044818 -0.680142  0.731709     0.028422
>structures/ProRS-B_AF_Bact_Corynebacterium_ulcerans_809_gene75260584.pdb
-0.993189 -0.115742  0.013368     6.764866
-0.075270  0.724972  0.684653    -1.139949
-0.088935  0.678984 -0.728746     2.262176
>structures/ProRS-B_AF_Bact_Escherichia_coli_O157:H7_str._Sakai_gene913939.pdb
-0.015612  0.618961 -0.785267    -0.695270
 0.439155 -0.701313 -0.561518    -5.522345
-0.898276 -0.353621 -0.260871     1.470376
>structures/ProRS-B_AF_Bact_Prochlorococcus_marinus_subsp_marinus_str_CCMP1375_gene54199876.pdb
 0.837459 -0.489701 -0.242602     2.033904
 0.544197  0.706542  0.452380    -2.244298
-0.050122 -0.510873  0.858194    -0.413562
>structures/ProRS-B_AF_Bact_Streptobacillus_moniliformis_DSM_12112_gene29673723.pdb
 0.999947  0.005309  0.008856     0.368827
-0.005276  0.999979 -0.003780    -0.030339
-0.008876  0.003733  0.999954     0.149858
>structures/ProRS-B_PDB_Bact_S_aureus_5znj.pdb
 0.970533  0.057480 -0.234013    -0.076648
 0.188130  0.426093  0.884902   -22.020828
 0.150575 -0.902852  0.402723   -10.560513
>structures/ProRS-M_AF_Euk_Candida_albicans_SC5314_gene3640100.pdb
 0.581299 -0.783408 -0.219917    -0.388337
 0.810744  0.580617  0.074683    -7.900788
 0.069180 -0.221709  0.972656     5.089788
>structures/ProRS-M_AF_Mito_Acanthaster_planci_gene110989971.pdb
 0.761024 -0.647987  0.030903    42.136697
 0.427349  0.536599  0.727623   -13.992548
-0.488072 -0.540532  0.685281   -21.972098
>structures/ProRS-M_AF_Mito_Patella_vulgata_gene126818129.pdb
-0.104873 -0.668068 -0.736673    55.251826
-0.255737  0.733963 -0.629204     5.033541
 0.961041  0.122408 -0.247823   -22.427280
>structures/ProRS-M_AF_Mito_Priapulus_caudatus_gene106814725.pdb
-0.373308  0.864226  0.337275    22.373954
 0.703225  0.500735 -0.504716   -35.860697
-0.605075  0.048766 -0.794674    -6.727011
>structures/ProRS-M_AF_Mito_Schizosaccharomyces_pombe_gene2540642.pdb
 0.021147 -0.862825 -0.505061    -8.486680
 0.304402 -0.475632  0.825296    -3.612292
-0.952309 -0.171194  0.252588   -33.133534
>structures/ProRS_PDB_Bact_E_faecalis_2J3M.pdb
 0.970243  0.150222  0.189900   -26.937702
-0.209376  0.914429  0.346383    10.793100
-0.121616 -0.375836  0.918671   -11.971225
