>structures/ProRS-B_AF_Bact_Acinetobacter_baylyi_ADP1_gene45233245.pdb
 0.743715 -0.590571 -0.313232    -0.211636
 0.668490  0.659150  0.344446    -6.762523
 0.003047 -0.465562  0.885010     0.462354
>structures/ProRS-B_AF_Bact_Brachyspira_pilosicoli_95_1000_gene56438966.pdb
 0.111655 -0.303266 -0.946342     0.166227
 0.719970 -0.631707  0.287384    -2.544081
-0.684965 -0.713426  0.147809     0.615420
>structures/ProRS-B_AF_Bact_Chlamydia_psittaci_6BC_gene12242703.pdb
-0.872140 -0.463737  0.155951     3.374341
-0.485897  0.858264 -0.165191    -4.218240
-0.057242 -0.219845 -0.973854     2.717391
>structures/ProRS-B_AF_Bact_Clostridium_acetobutylicum_DSM_1731_gene44999665.pdb
 0.756422 -0.497386 -0.424773     1.344582
 0.652546  0.529362  0.542179    -1.477907
-0.044814 -0.687301  0.724989    -0.104371
>structures/ProRS-B_AF_Bact_Corynebacterium_ulcerans_809_gene75260584.pdb
-0.992798 -0.118448  0.017950     6.602371
-0.074510  0.727826  0.681702    -0.979182
-0.093811  0.675455 -0.731410     2.262993
>structures/ProRS-B_AF_Bact_Prochlorococcus_marinus_subsp_marinus_str_CCMP1375_gene54199876.pdb
 0.838767 -0.488162 -0.241182     2.001955
 0.541972  0.705952  0.455959    -2.243109
-0.052318 -0.513157  0.856699    -0.414309
>structures/ProRS-B_AF_Bact_Streptobacillus_moniliformis_DSM_12112_gene29673723.pdb
 1.000000 -0.000000  0.000000     0.000000
 0.000000  1.000000  0.000000     0.000000
-0.000000  0.000000  1.000000     0.000000
>structures/ProRS-B_PDB_Bact_S_aureus_5znj.pdb
 0.972989  0.063648 -0.221905    -0.231972
 0.175055  0.423217  0.888956   -21.725866
 0.150494 -0.903790  0.400644   -10.538095
>structures/ProRS_PDB_Bact_E_faecalis_2J3M.pdb
 0.966859  0.158124  0.200449   -26.578826
-0.221490  0.909997  0.350497    11.320194
-0.126985 -0.383279  0.914862   -11.650628
