>../../../../class1/cys//data/domains/Catalytic_domain/structures/CysRS_AF_Arch_Aciduliprofundum_boonei_T469_gene8827372.pdb
-0.127824 -0.159593 -0.978872    -3.686370
 0.601889 -0.796928  0.051333     3.768158
-0.788284 -0.582611  0.197924     2.016902
>../../../../class1/cys//data/domains/Catalytic_domain/structures/CysRS_AF_Arch_Candidatus_Nitrosopumilus_sediminis_gene13696907.pdb
-0.116478 -0.542463 -0.831966    -0.534843
 0.722596 -0.620972  0.303724     0.416246
-0.681386 -0.565798  0.464311     8.611394
>../../../../class1/cys//data/domains/Catalytic_domain/structures/CysRS_AF_Arch_Methanospirillum_hungatei_JF-1_gene3922979.pdb
 1.000000  0.000000  0.000000     0.000000
 0.000000  1.000000  0.000000     0.000000
 0.000000  0.000000  1.000000     0.000000
>../../../../class1/cys//data/domains/Catalytic_domain/structures/CysRS_AF_Arch_Pyrobaculum_ferrireducens_gene11593896.pdb
 0.920493  0.348913  0.175932    -2.061162
-0.268938  0.892316 -0.362553    -1.307486
-0.283486  0.286413  0.915207     5.668838
>../../../../class1/cys//data/domains/Catalytic_domain/structures/CysRS_AF_Bact_Bordetella_avium_197N_gene41394405.pdb
 0.941353 -0.285650  0.179607    -1.019183
 0.195072  0.895036  0.401070    -0.418505
-0.275321 -0.342512  0.898267     5.165936
>../../../../class1/cys//data/domains/Catalytic_domain/structures/CysRS_AF_Bact_Lactobacillus_amylovorus_GRL1118_gene66523130.pdb
 0.994121  0.009690  0.107836    -2.099043
-0.010232  0.999938  0.004473    -0.904967
-0.107786 -0.005550  0.994159     4.022287
>../../../../class1/cys//data/domains/Catalytic_domain/structures/CysRS_AF_Bact_Mycobacterium_canettii_CIPT_140010059_gene45427568.pdb
-0.163542 -0.901968  0.399635    -1.333208
-0.768984 -0.137210 -0.624370     0.652563
 0.617995 -0.409423 -0.671159     4.398668
>../../../../class1/cys//data/domains/Catalytic_domain/structures/CysRS_AF_Bact_Mycoplasma_hyopneumoniae_168-L_gene57101512.pdb
 0.951444  0.243526  0.188279     0.182753
-0.218565  0.965157 -0.143879    -0.017365
-0.216757  0.095742  0.971519     3.453686
>../../../../class1/cys//data/domains/Catalytic_domain/structures/CysRS_AF_Bact_Porphyromonas_gingivalis_ATCC_33277_gene29256960.pdb
 0.095173 -0.487498 -0.867921    -1.137621
 0.776197 -0.509549  0.371320     4.994057
-0.623266 -0.709017  0.329900     4.169677
>../../../../class1/cys//data/domains/Catalytic_domain/structures/CysRS_AF_Bact_Prochlorococcus_marinus_subsp_marinus_str_CCMP1375_gene54200571.pdb
 0.581633  0.813187  0.020736    -0.789543
-0.557504  0.417059 -0.717810     0.768136
-0.592362  0.405942  0.695930     2.940490
>../../../../class1/cys//data/domains/Catalytic_domain/structures/CysRS_AF_Bact_Streptobacillus_moniliformis_DSM_12112_gene29673427.pdb
-0.116800  0.161434 -0.979947    -5.107591
 0.268132 -0.944935 -0.187625     2.207827
-0.956276 -0.284670  0.067082    -0.199276
>../../../../class1/cys//data/domains/Catalytic_domain/structures/CysRS_AF_Bact_Treponema_pallidum_subsp_pertenue_str_SamoaD_gene57878631.pdb
-0.046645 -0.434785 -0.899326    -0.816755
 0.764019 -0.595512  0.248277     4.373592
-0.643506 -0.675521  0.359961     1.817415
>../../../../class1/cys//data/domains/Catalytic_domain/structures/CysRS_AF_Euk_Arabidopsis_thaliana_gene833874.pdb
 0.939648  0.220786  0.261373    -3.196366
-0.224102  0.974410 -0.017441    -0.103666
-0.258535 -0.042186  0.965080     7.709189
>../../../../class1/cys//data/domains/Catalytic_domain/structures/CysRS_AF_Euk_Cyanidioschyzon_merolae_strain_10D_gene16993418.pdb
 0.425071  0.905149 -0.004422    -6.239299
-0.511452  0.236149 -0.826226    -2.847264
-0.746814  0.353467  0.563321    12.253451
>../../../../class1/cys//data/domains/Catalytic_domain/structures/CysRS_AF_Euk_Drosophila_melanogaster_gene36784.pdb
 0.221414  0.852369 -0.473753    -1.970096
-0.415469 -0.357062 -0.836595     2.741246
-0.882248  0.382064  0.275074    10.037771
>../../../../class1/cys//data/domains/Catalytic_domain/structures/CysRS_AF_Euk_Micromonas_commoda_gene8246535.pdb
-0.141803 -0.484168  0.863408    -2.794970
-0.378287 -0.779516 -0.499253    -0.040894
 0.914763 -0.397411 -0.072617     8.568723
>../../../../class1/cys//data/domains/Catalytic_domain/structures/CysRS_AF_Mito_Morone_saxatilis_gene118339815.pdb
 0.304640 -0.471302 -0.827689    -2.624865
 0.824831 -0.304004  0.476693    -2.848862
-0.476287 -0.827923  0.296133     3.642676
>../../../../class1/cys//data/domains/Catalytic_domain/structures/CysRS_AF_Mito_Saccharomyces_cerevisiae_S288C_gene855474.pdb
 0.330834 -0.096624 -0.938729    -2.343260
 0.546855 -0.791069  0.274152     2.511753
-0.769090 -0.604047 -0.208873     8.821678
>../../../../class1/cys//data/domains/Catalytic_domain/structures/CysRS_AF_Vir_Megavirus_chiliensis_gene11257271.pdb
 0.055505  0.070134  0.995992     1.308350
 0.054567 -0.996252  0.067112     2.040068
 0.996966  0.050624 -0.059124     8.757827
>../../../../class1/cys//data/domains/Catalytic_domain/structures/CysRS_PDB_Bact_E_coli_1LI5.pdb
 0.622714 -0.782088  0.023784    17.616223
 0.235368  0.158243 -0.958938    19.464282
 0.746210  0.602742  0.282618  -127.435435
>../../../../class1/cys//data/domains/Catalytic_domain/structures/CysRS_PDB_Bact_M_smegmatis_3C8Z.pdb
-0.612590  0.443426 -0.654298    -4.230739
 0.179084  0.884145  0.431528     3.093713
 0.769845  0.147176 -0.621029   -46.917788
>../../../../class1/glu2//data/domains/Catalytic_domain/structures/GlxRS-A_AF_Arch_Candidatus_Korarchaeum_cryptofilum_OPF8_gene6094352.pdb
-0.068767 -0.996998 -0.035594     2.311690
-0.630664  0.071089 -0.772793     5.038472
 0.773003 -0.030694 -0.633659    12.595776
>../../../../class1/glu2//data/domains/Catalytic_domain/structures/GlxRS-A_AF_Arch_Methanothrix_soehngenii_GP6_gene10459943.pdb
-0.120073  0.977119  0.175561     0.558547
 0.865493  0.016403  0.500652     5.863463
 0.486316  0.212061 -0.847659    10.002435
>../../../../class1/glu2//data/domains/Catalytic_domain/structures/GlxRS-A_AF_Arch_Nitrosopumilus_maritimus_SCM1_gene5773999.pdb
 0.833393  0.017737  0.552396     2.546145
-0.217024  0.929706  0.297569     7.194301
-0.508288 -0.367875  0.778660    10.661446
>../../../../class1/glu2//data/domains/Catalytic_domain/structures/GlxRS-A_AF_Arch_Sulfolobus_islandicus_LAL14_1_gene15298417.pdb
-0.283462  0.731262 -0.620407    -2.053829
-0.537416 -0.656943 -0.528782     2.105838
-0.794250  0.183527  0.579210    10.193518
>../../../../class1/glu2//data/domains/Catalytic_domain/structures/GlxRS-A_PDB_Arch_M_thermau_3AII.pdb
-0.965162  0.192031  0.177726   -17.933697
-0.227123 -0.277618 -0.933458    74.191568
-0.129913 -0.941303  0.311562    28.498183
