>../../../../class2/pyl//data/domains/Catalytic_domain/structures/PylRS_AF_Arch_Candidatus_Methanomassiliicoccus_intestinalis_Issoire-Mx1_gene16153983.pdb
 0.279627 -0.294705 -0.913760    -5.604261
 0.788505 -0.472512  0.393691     2.101926
-0.547785 -0.830591  0.100249    -0.485608
>../../../../class2/pyl//data/domains/Catalytic_domain/structures/PylRS_AF_Arch_Methanosalsum_zhilinae_DSM_4017_gene10822650.pdb
 1.000000  0.000000  0.000000     0.000000
 0.000000  1.000000  0.000000     0.000000
 0.000000  0.000000  1.000000     0.000000
>../../../../class2/pyl//data/domains/Catalytic_domain/structures/PylRS_AF_Arch_Unclassified_Candidatus_Bathyarchaeota_proteinUCH69683.1.pdb
-0.114699  0.277521  0.953848    -6.203767
 0.336629 -0.892517  0.300156     0.118750
 0.934626  0.355520  0.008949    -0.417494
>../../../../class2/pyl//data/domains/Catalytic_domain/structures/PylRS_AF_Bact_Unclassified_Actinobacteria_proteinMBU2601214.1.pdb
-0.137380  0.303995  0.942716    -6.397926
 0.345401 -0.877299  0.333234     0.062345
 0.928345  0.371395  0.015523     0.201426
>../../../../class2/pyl//data/domains/Catalytic_domain/structures/PylRS_AF_Bact_Unclassified_Aerophobetes_proteinMCD6471581.1.pdb
 0.010950  0.243643  0.969803    -6.594304
 0.207940 -0.949214  0.236123     0.718442
 0.978080  0.199076 -0.061057    -0.109336
>../../../../class2/pyl//data/domains/Catalytic_domain/structures/PylRS_AF_Bact_unclassified_Desulfosarcina_proteinMBC2741817.pdb
-0.134804  0.004503  0.990862    -0.334342
-0.076480 -0.997054 -0.005873     0.003805
 0.987916 -0.076573  0.134751    -4.500045
>../../../../class2/pyl//data/domains/Catalytic_domain/structures/PylRS_AF_Bact_unclassified_Lachnospiraceae_proteinHCE77498.1.pdb
 0.843919  0.525296 -0.108923    -3.802297
-0.473120  0.633048 -0.612705    -4.189669
-0.252898  0.568608  0.782769    -0.782297
>../../../../class2/pyl//data/domains/Catalytic_domain/structures/PylRS_PDB_Arch_M_mazei_2Q7E.pdb
-0.773745  0.384435 -0.503517     7.118600
 0.630317  0.546724 -0.551174   -14.026950
 0.063395 -0.743843 -0.665341    47.462548
>../../../../class2/pyl//data/domains/Catalytic_domain/structures/PylRS_PDB_Bact_D_hafniense_2ZNJ.pdb
 0.208916  0.227945 -0.950997   -46.838094
 0.168764  0.949462  0.264651    -4.988438
 0.963262 -0.215784  0.159889   -36.658684
>../../../../class2/sep//data/domains/Catalytic_domain/structures/SepRS_AF_Arch_Methanothrix_thermoacetophila_PT_gene4462697.pdb
 0.780520  0.615308  0.110381   -16.940715
-0.611529  0.788174 -0.069383     7.280935
-0.129692 -0.013346  0.991465     8.894948
>../../../../class2/sep//data/domains/Catalytic_domain/structures/SepRS_AF_Arch_unclassified_Candidatus_Bathyarchaeota_proteinUCD26266.1.pdb
-0.622648  0.263578  0.736775   -22.383374
 0.777105  0.318687  0.542722     7.617190
-0.091751  0.910475 -0.403257     1.725897
>../../../../class2/sep//data/domains/Catalytic_domain/structures/SepRS_AF_Arch_unclassified_Lokiarchaeota_proteinTFF69421.1.pdb
-0.841087 -0.536234 -0.070895   -24.273567
-0.451640  0.768355 -0.453489     3.405231
 0.297648 -0.349404 -0.888438     3.342960
>../../../../class2/sep//data/domains/Catalytic_domain/structures/SepRS_AF_Arch_unclassified_Thermoprotei_proteinRLF12424.1.pdb
 0.174019 -0.027587  0.984356   -19.450036
 0.605110 -0.785623 -0.128991    11.292526
 0.776891  0.618090 -0.120020     3.694834
>../../../../class2/sep//data/domains/Catalytic_domain/structures/SepRS_PDB_Arch_2DU4_A_fulgidus.pdb
 0.703080  0.614934  0.357120   -71.831772
-0.207476 -0.302961  0.930144    49.384661
 0.680171 -0.728060 -0.085422    32.299963
>../../../../class2/sep//data/domains/Catalytic_domain/structures/SepRS_PDB_Arch_2ODR_M_maripadulis.pdb
-0.438929 -0.126518  0.889570   -13.288775
-0.860944  0.342541 -0.376087    74.054585
-0.257132 -0.930945 -0.259276    42.546131
