>structures/ArgRS_AF_Arch_Candidatus_Korarchaeum_cryptofilum_OPF8_gene6093502.pdb
-0.113232 -0.155315  0.981354    -6.849484
-0.049521 -0.985597 -0.161700     2.165867
 0.992334 -0.066907  0.103910     0.276956
>structures/ArgRS_AF_Arch_Candidatus_Nitrosopumilus_sediminis_gene13697696.pdb
-0.037972 -0.571977  0.819390    -5.182604
-0.437406 -0.727740 -0.528271     0.693637
 0.898462 -0.378466 -0.222552    -0.385073
>structures/ArgRS_AF_Arch_Desulfurococcus_mucosus_DSM_2162_gene10153309.pdb
-0.315786 -0.317315  0.894198   -11.222419
-0.143672 -0.915563 -0.375635    -2.656284
 0.937890 -0.247092  0.243533     0.324984
>structures/ArgRS_AF_Arch_Methanothermococcus_okinawensis_IH1_gene10773248.pdb
-0.379384  0.331595  0.863778    -5.402261
 0.195414 -0.883796  0.425109     0.699029
 0.904368  0.330074  0.270500    -0.455644
>structures/ArgRS_AF_Bact_Anoxybacillus_flavithermus_WK1_gene7039015.pdb
-0.338893 -0.665456  0.665072    -4.003223
-0.822021 -0.134420 -0.553365     3.222284
 0.457639 -0.734235 -0.501464     0.214620
>structures/ArgRS_AF_Bact_Brachyspira_pilosicoli_95_1000_gene56439668.pdb
-0.222306  0.180216  0.958176    -4.540502
 0.603389 -0.746524  0.280400     0.986759
 0.765834  0.640488  0.057217    -3.683729
>structures/ArgRS_AF_Bact_Chlamydia_psittaci_6BC_gene12242456.pdb
 0.009795 -0.133990  0.990934    -5.245198
 0.296983 -0.945877 -0.130833     2.035510
 0.954833  0.295572  0.030528    -1.426586
>structures/ArgRS_AF_Bact_Corynebacterium_ulcerans_809_gene75260071.pdb
-0.160836  0.097802  0.982123    -4.742405
 0.501384 -0.849023  0.166656     0.663258
 0.850145  0.519225  0.087517    -2.690022
>structures/ArgRS_AF_Bact_Cupriavidus_taiwanensis_LMG_19424_gene29762022.pdb
-0.162766 -0.022404  0.986410    -4.977185
 0.186259 -0.982465  0.008420    -0.343660
 0.968924  0.185099  0.164085    -0.864462
>structures/ArgRS_AF_Bact_Escherichia_coli_O157:H7_str._Sakai_gene912519.pdb
 0.963275  0.246533 -0.106408    -1.198286
-0.253305  0.965796 -0.055459    -0.556600
 0.089096  0.080376  0.992775     0.058263
>structures/ArgRS_AF_Bact_Mycoplasma_hyopneumoniae_168-L_gene57100855.pdb
-0.030061 -0.124518  0.991762    -7.806932
 0.078607 -0.989432 -0.121843     0.322289
 0.996452  0.074296  0.039531     0.661428
>structures/ArgRS_AF_Bact_Prochlorococcus_marinus_subsp_marinus_str_CCMP1375_gene54199571.pdb
-0.633085 -0.717287  0.291038    -4.919150
-0.719795  0.407174 -0.562232    -3.408313
 0.284779 -0.565428 -0.774075    -0.113612
>structures/ArgRS_AF_Bact_Streptobacillus_moniliformis_DSM_12112_gene29674021.pdb
 0.749638 -0.410377 -0.519263    -4.005172
 0.651246  0.317498  0.689256     0.428037
-0.117989 -0.854860  0.505265    -1.551842
>structures/ArgRS_AF_Euk_Homo_sapiens_gene5917.pdb
-0.917660 -0.386006  0.094332    -7.627293
-0.393642  0.915496 -0.083141    -1.270242
-0.054267 -0.113429 -0.992063    -3.633538
>structures/ArgRS_AF_Euk_Micromonas_commoda_gene8250062.pdb
-0.068021 -0.163696 -0.984163    -4.287046
 0.073651 -0.984580  0.158675     4.107050
-0.994962 -0.061691  0.079029    -0.362918
>structures/ArgRS_AF_Euk_Paulinella_chromatophora_gene6481434.pdb
-0.809461 -0.570335  0.139611    -7.580417
-0.566775  0.696805 -0.439578    -3.024080
 0.153425 -0.434949 -0.887288    -1.673306
>structures/ArgRS_AF_Euk_Polyodon_spathula_gene121324634.pdb
-0.480656  0.633332  0.606514    -5.958859
 0.526055 -0.345122  0.777275     8.551317
 0.701595  0.692662 -0.167282    -0.123971
>structures/ArgRS_AF_Euk_Thalassiosira_pseudonana_CCMP1335_gene7449555.pdb
 0.827082 -0.431659 -0.360008    -0.683383
 0.561284  0.600161  0.569884     4.443259
-0.029932 -0.673407  0.738666     3.096641
>structures/ArgRS_AF_Mito_Caenorhabditis_elegans_gene174023.pdb
-0.958892 -0.254970  0.124565    -8.445322
-0.261738  0.964263 -0.041105    -1.409315
-0.109633 -0.072019 -0.991360     4.593407
>structures/ArgRS_AF_Mito_Homo_sapiens_gene57038.pdb
 0.960063  0.273158 -0.060528    -0.945170
-0.279780  0.938265 -0.203423    -2.760723
 0.001224  0.212233  0.977218     2.893930
>structures/ArgRS_AF_Mito_Saccharomyces_cerevisiae_S288C_gene851942.pdb
 0.651385  0.741998 -0.158545    -2.900425
-0.555514  0.324051 -0.765765     2.338531
-0.516819  0.586882  0.623272    -1.807336
>structures/ArgRS_AF_Vir_Megavirus_chiliensis_gene11257368.pdb
 1.000000  0.000000  0.000000     0.000000
 0.000000  1.000000  0.000000     0.000000
 0.000000  0.000000  1.000000     0.000000
>structures/ArgRS_PDB_Arch_2ZUF.pdb
-0.867537  0.460285 -0.188460    19.686780
-0.397312 -0.413392  0.819298   -15.778356
 0.299203  0.785649  0.541510   -21.671595
>structures/ArgRS_PDB_Bact_1IQ0.pdb
 0.479983 -0.388607  0.786512    17.479888
-0.199697  0.824602  0.529295   -54.462306
-0.854247 -0.411116  0.318191    35.950173
>structures/ArgRS_PDB_Euk_S_cerevisiae_1BS2.pdb
-0.484366 -0.755287  0.441510    81.891246
-0.678956  0.642785  0.354748   -12.282891
-0.551733 -0.127938 -0.824150    16.205518
