>structures/ArgRS_AF_Arch_Candidatus_Korarchaeum_cryptofilum_OPF8_gene6093502.pdb
 0.835068 -0.530502 -0.145700     3.567318
 0.548772  0.784527  0.288734     0.013655
-0.038868 -0.321069  0.946258    -1.629908
>structures/ArgRS_AF_Arch_Candidatus_Nitrosopumilus_sediminis_gene13697696.pdb
 0.558801 -0.591212 -0.581558     2.051078
 0.828947  0.377703  0.412536     0.978858
-0.024240 -0.712607  0.701145    -0.188729
>structures/ArgRS_AF_Arch_Desulfurococcus_mucosus_DSM_2162_gene10153309.pdb
 0.765654 -0.630519 -0.127356     1.795528
 0.586103  0.602237  0.542027     3.702972
-0.265060 -0.489649  0.830654    -6.875941
>structures/ArgRS_AF_Arch_Methanothermococcus_okinawensis_IH1_gene10773248.pdb
 0.927021 -0.214279  0.307759     2.029418
 0.263850  0.955867 -0.129232     0.953798
-0.266485  0.201003  0.942647    -0.430091
>structures/ArgRS_AF_Bact_Anoxybacillus_flavithermus_WK1_gene7039015.pdb
 0.038647 -0.584991 -0.810119     3.687256
 0.904098 -0.324810  0.277678    -0.620642
-0.425574 -0.743158  0.516336     1.360449
>structures/ArgRS_AF_Bact_Brachyspira_pilosicoli_95_1000_gene56439668.pdb
 0.989281  0.137089  0.050297    -0.677986
-0.131196  0.985666 -0.106062    -0.835260
-0.064116  0.098326  0.993087     0.041310
>structures/ArgRS_AF_Bact_Chlamydia_psittaci_6BC_gene12242456.pdb
 0.961650 -0.195394 -0.192486     1.807715
 0.236868  0.945450  0.223646    -0.627939
 0.138287 -0.260663  0.955475    -0.304946
>structures/ArgRS_AF_Bact_Corynebacterium_ulcerans_809_gene75260071.pdb
 1.000000  0.000000  0.000000     0.000000
 0.000000  1.000000  0.000000     0.000000
 0.000000  0.000000  1.000000     0.000000
>structures/ArgRS_AF_Bact_Cupriavidus_taiwanensis_LMG_19424_gene29762022.pdb
 0.948825 -0.315609 -0.011046     1.134213
 0.313057  0.935399  0.164388     1.623092
-0.041550 -0.159433  0.986334    -0.299862
>structures/ArgRS_AF_Bact_Mycoplasma_hyopneumoniae_168-L_gene57100855.pdb
 0.895419 -0.407666 -0.178980     3.149644
 0.440470  0.869722  0.222645     1.588444
 0.064898 -0.278196  0.958329    -2.870438
>structures/ArgRS_AF_Bact_Prochlorococcus_marinus_subsp_marinus_str_CCMP1375_gene54199571.pdb
-0.006397 -0.173995 -0.984726     0.231316
 0.707906 -0.696306  0.118434     4.656708
-0.706278 -0.696336  0.127626    -0.645298
>structures/ArgRS_AF_Bact_Streptobacillus_moniliformis_DSM_12112_gene29674021.pdb
 0.093869 -0.516057  0.851395     0.783737
-0.553979 -0.737628 -0.386021     0.678863
 0.827222 -0.435420 -0.355126     0.808998
>structures/ArgRS_AF_Euk_Micromonas_commoda_gene8250062.pdb
-0.800350 -0.516459  0.304483     3.564751
-0.582172  0.790817 -0.188903    -1.765239
-0.143230 -0.328450 -0.933598     1.218140
>structures/ArgRS_AF_Euk_Paulinella_chromatophora_gene6481434.pdb
-0.011409  0.059938 -0.998137    -0.460062
 0.486550 -0.871731 -0.057909     3.280141
-0.873578 -0.486305 -0.019217    -3.236887
>structures/ArgRS_AF_Euk_Polyodon_spathula_gene121324634.pdb
 0.938854  0.316215  0.136238     6.290919
-0.132743  0.697508 -0.704175    -5.665690
-0.317698  0.643033  0.696834     0.380778
>structures/ArgRS_AF_Euk_Thalassiosira_pseudonana_CCMP1335_gene7449555.pdb
 0.125737 -0.216639  0.968121     6.153082
-0.423274 -0.894300 -0.145146     0.055503
 0.897234 -0.391530 -0.204144     4.879920
>structures/ArgRS_AF_Mito_Caenorhabditis_elegans_gene174023.pdb
-0.075292  0.475005 -0.876756     5.594968
 0.058586 -0.875626 -0.479423     5.210205
-0.995439 -0.087463  0.038099    -3.413879
>structures/ArgRS_AF_Mito_Saccharomyces_cerevisiae_S288C_gene851942.pdb
-0.820014  0.540118  0.189340     1.283632
 0.272359  0.077287  0.959087    -0.904334
 0.503386  0.838033 -0.210482     2.155426
>structures/ArgRS_AF_Vir_Megavirus_chiliensis_gene11257368.pdb
-0.160836  0.501384  0.850145     1.191612
 0.097802 -0.849023  0.519225     2.423666
 0.982123  0.166656  0.087517     4.782514
>structures/ArgRS_PDB_Arch_2ZUF.pdb
 0.194131  0.395485  0.897722   -28.167587
 0.427205  0.789713 -0.440284     6.241644
-0.883068  0.468984 -0.015646    19.814898
>structures/ArgRS_PDB_Bact_1IQ0.pdb
-0.901111  0.123456  0.415641     1.859794
-0.226145 -0.951714 -0.207601    69.051022
 0.369942 -0.281067  0.885519    15.869005
>structures/ArgRS_PDB_Euk_S_cerevisiae_1BS2.pdb
-0.734230  0.325210 -0.595940    -3.550387
 0.244202 -0.692535 -0.678794    29.811020
-0.633460 -0.643921  0.429063    84.345809
