>structures/ArgRS_AF_Arch_Candidatus_Korarchaeum_cryptofilum_OPF8_gene6093502.pdb
-0.159147 -0.682242  0.713595    -6.271629
-0.648595 -0.472685 -0.596568     3.250906
 0.744309 -0.557777 -0.367272    -1.093114
>structures/ArgRS_AF_Arch_Candidatus_Nitrosopumilus_sediminis_gene13697696.pdb
-0.302997 -0.871269  0.386112    -5.615134
-0.850922  0.064917 -0.521265     2.099352
 0.429097 -0.486493 -0.761052    -2.983625
>structures/ArgRS_AF_Arch_Desulfurococcus_mucosus_DSM_2162_gene10153309.pdb
-0.383953 -0.769985  0.509611   -12.641041
-0.580668 -0.227769 -0.781630     2.244235
 0.717917 -0.596024 -0.359653    -2.371276
>structures/ArgRS_AF_Arch_Methanothermococcus_okinawensis_IH1_gene10773248.pdb
-0.230103 -0.243749  0.942146    -5.630782
-0.328525 -0.891835 -0.310970     2.186205
 0.916037 -0.381073  0.125136    -3.008316
>structures/ArgRS_AF_Bact_Anoxybacillus_flavithermus_WK1_gene7039015.pdb
-0.762609 -0.598770  0.244748    -3.163296
-0.646790  0.711396 -0.274916     2.539704
-0.009501 -0.367954 -0.929795    -1.591730
>structures/ArgRS_AF_Bact_Brachyspira_pilosicoli_95_1000_gene56439668.pdb
 0.131887 -0.294396  0.946539    -4.804142
-0.062270 -0.955455 -0.288492     4.198193
 0.989307 -0.020893 -0.144345    -5.575175
>structures/ArgRS_AF_Bact_Chlamydia_psittaci_6BC_gene12242456.pdb
 0.154987 -0.658091  0.736814    -4.718156
-0.469125 -0.705398 -0.531352     3.638242
 0.869426 -0.263305 -0.418054    -3.013420
>structures/ArgRS_AF_Bact_Corynebacterium_ulcerans_809_gene75260071.pdb
 0.125737 -0.423274  0.897234    -5.128612
-0.216639 -0.894300 -0.391530     3.293266
 0.968121 -0.145146 -0.204144    -4.952661
>structures/ArgRS_AF_Bact_Cupriavidus_taiwanensis_LMG_19424_gene29762022.pdb
-0.051175 -0.574321  0.817029    -6.053797
-0.468870 -0.708517 -0.527413     1.701995
 0.881783 -0.410071 -0.233023    -4.078552
>structures/ArgRS_AF_Bact_Mycoplasma_hyopneumoniae_168-L_gene57100855.pdb
-0.008466 -0.666585  0.745381    -7.959162
-0.602701 -0.591398 -0.535724     2.423994
 0.797922 -0.453777 -0.396745    -1.530696
>structures/ArgRS_AF_Bact_Prochlorococcus_marinus_subsp_marinus_str_CCMP1375_gene54199571.pdb
-0.935214 -0.348699 -0.061515    -7.616015
-0.351852  0.934662  0.051065    -0.595530
 0.039689  0.069400 -0.996799    -5.203795
>structures/ArgRS_AF_Bact_Streptobacillus_moniliformis_DSM_12112_gene29674021.pdb
 0.989628 -0.135008 -0.049073    -4.690688
 0.143530  0.943292  0.299333     2.219846
 0.005878 -0.303272  0.952886    -4.459235
>structures/ArgRS_AF_Euk_Homo_sapiens_gene5917.pdb
-0.977756  0.203711  0.049955    -8.529151
 0.194173  0.789052  0.582832     4.076699
 0.079313  0.579567 -0.811056    -5.603614
>structures/ArgRS_AF_Euk_Micromonas_commoda_gene8250062.pdb
 0.007944 -0.688746 -0.724960    -2.931398
 0.737832 -0.485296  0.469139     3.861894
-0.674937 -0.538625  0.504324    -1.395146
>structures/ArgRS_AF_Euk_Paulinella_chromatophora_gene6481434.pdb
-0.991253 -0.065334 -0.114669    -9.520751
-0.094281  0.958554  0.268858     1.772418
 0.092351  0.277318 -0.956330    -5.191505
>structures/ArgRS_AF_Euk_Polyodon_spathula_gene121324634.pdb
-0.111917  0.310532  0.943952    -1.687032
 0.046152 -0.947270  0.317095     6.889851
 0.992645  0.079054  0.091684     1.913832
>structures/ArgRS_AF_Euk_Thalassiosira_pseudonana_CCMP1335_gene7449555.pdb
 1.000000  0.000000  0.000000     0.000000
 0.000000  1.000000  0.000000     0.000000
 0.000000  0.000000  1.000000     0.000000
>structures/ArgRS_AF_Mito_Caenorhabditis_elegans_gene174023.pdb
-0.935031  0.334349  0.118014    -9.783937
 0.337015  0.734655  0.588815    -1.062067
 0.110170  0.590332 -0.799606     0.651364
>structures/ArgRS_AF_Mito_Homo_sapiens_gene57038.pdb
 0.636444  0.746752 -0.193132    -4.235017
-0.584925  0.304046 -0.751944    -3.999802
-0.502795  0.591538  0.630302    -4.032547
>structures/ArgRS_AF_Mito_Saccharomyces_cerevisiae_S288C_gene851942.pdb
 0.231039  0.785284 -0.574413    -2.670800
-0.265185 -0.517208 -0.813740     3.075478
-0.936108  0.340331  0.088750    -3.964499
>structures/ArgRS_AF_Vir_Megavirus_chiliensis_gene11257368.pdb
 0.827082  0.561284 -0.029932    -1.836026
-0.431659  0.600161 -0.673407    -0.876359
-0.360008  0.569884  0.738666    -5.065546
>structures/ArgRS_PDB_Arch_2ZUF.pdb
-0.945753  0.136272  0.294927     6.174817
-0.071788 -0.972997  0.219370    -4.260151
 0.316857  0.186297  0.929997   -37.129103
>structures/ArgRS_PDB_Bact_1IQ0.pdb
 0.302126  0.167405  0.938454   -19.730985
 0.246201  0.937357 -0.246471   -65.125751
-0.920926  0.305513  0.241984   -15.614995
>structures/ArgRS_PDB_Euk_S_cerevisiae_1BS2.pdb
-0.766021 -0.251796  0.591448    58.068519
 0.175501  0.803212  0.569253   -55.072925
-0.618394  0.539860 -0.571087   -29.368346
