>structures/ArgRS_AF_Arch_Candidatus_Korarchaeum_cryptofilum_OPF8_gene6093502.pdb
-0.123289 -0.154885  0.980209    -7.003167
-0.049384 -0.985564 -0.161943     2.110786
 0.991141 -0.068372  0.113861     0.196669
>structures/ArgRS_AF_Arch_Candidatus_Nitrosopumilus_sediminis_gene13697696.pdb
-0.039387 -0.569100  0.821325    -5.242756
-0.434637 -0.730373 -0.526922     0.699912
 0.899744 -0.377732 -0.218585    -0.404230
>structures/ArgRS_AF_Arch_Desulfurococcus_mucosus_DSM_2162_gene10153309.pdb
-0.324829 -0.323048  0.888890   -11.306055
-0.137240 -0.913808 -0.382256    -2.518822
 0.935762 -0.246159  0.252497     0.239448
>structures/ArgRS_AF_Arch_Methanothermococcus_okinawensis_IH1_gene10773248.pdb
-0.385023  0.325177  0.863723    -5.437853
 0.193762 -0.886533  0.420138     0.663759
 0.902338  0.329120  0.278328    -0.486114
>structures/ArgRS_AF_Bact_Anoxybacillus_flavithermus_WK1_gene7039015.pdb
-0.344545 -0.663435  0.664186    -4.088906
-0.818014 -0.134953 -0.559143     3.267055
 0.460589 -0.735963 -0.496201     0.215499
>structures/ArgRS_AF_Bact_Brachyspira_pilosicoli_95_1000_gene56439668.pdb
-0.230187  0.176354  0.957034    -4.642760
 0.603075 -0.745980  0.282515     1.047478
 0.763750  0.642194  0.065360    -3.776478
>structures/ArgRS_AF_Bact_Chlamydia_psittaci_6BC_gene12242456.pdb
 0.006017 -0.131967  0.991236    -5.323302
 0.301024 -0.945035 -0.127643     2.014331
 0.953597  0.299154  0.034039    -1.508551
>structures/ArgRS_AF_Bact_Corynebacterium_ulcerans_809_gene75260071.pdb
-0.161476  0.095401  0.982255    -4.760570
 0.494034 -0.853808  0.164141     0.580846
 0.854316  0.511773  0.090738    -2.657193
>structures/ArgRS_AF_Bact_Cupriavidus_taiwanensis_LMG_19424_gene29762022.pdb
-0.165286 -0.014190  0.986144    -5.129551
 0.189598 -0.981703  0.017652    -0.356880
 0.967850  0.189888  0.164952    -0.887371
>structures/ArgRS_AF_Bact_Escherichia_coli_O157:H7_str._Sakai_gene912519.pdb
 0.963844  0.244257 -0.106505    -1.200964
-0.250100  0.967161 -0.045267    -0.468045
 0.091951  0.070267  0.993281    -0.023624
>structures/ArgRS_AF_Bact_Mycoplasma_hyopneumoniae_168-L_gene57100855.pdb
-0.038041 -0.122394  0.991752    -7.927227
 0.073946 -0.990094 -0.119353     0.255927
 0.996536  0.068796  0.046715     0.589538
>structures/ArgRS_AF_Bact_Prochlorococcus_marinus_subsp_marinus_str_CCMP1375_gene54199571.pdb
-0.630703 -0.719108  0.291716    -4.938109
-0.719097  0.400250 -0.568066    -3.366578
 0.291741 -0.568053 -0.769548    -0.155366
>structures/ArgRS_AF_Bact_Streptobacillus_moniliformis_DSM_12112_gene29674021.pdb
 0.747553 -0.411506 -0.521370    -4.089760
 0.653075  0.312314  0.689893     0.438691
-0.121064 -0.856226  0.502216    -1.571236
>structures/ArgRS_AF_Euk_Homo_sapiens_gene5917.pdb
-0.915164 -0.392656  0.091085    -7.639998
-0.399965  0.912646 -0.084289    -1.324003
-0.050031 -0.113569 -0.992270    -3.644890
>structures/ArgRS_AF_Euk_Micromonas_commoda_gene8250062.pdb
-0.065861 -0.159436 -0.985009    -4.360528
 0.067780 -0.985587  0.154997     4.117353
-0.995524 -0.056556  0.075719    -0.462535
>structures/ArgRS_AF_Euk_Paulinella_chromatophora_gene6481434.pdb
-0.812363 -0.566054  0.140178    -7.571536
-0.562660  0.697670 -0.443475    -3.001434
 0.153233 -0.439136 -0.885257    -1.732297
>structures/ArgRS_AF_Euk_Polyodon_spathula_gene121324634.pdb
-0.479417  0.635387  0.605345    -5.952808
 0.521231 -0.348781  0.778891     8.472155
 0.706030  0.688938 -0.163972    -0.058514
>structures/ArgRS_AF_Euk_Thalassiosira_pseudonana_CCMP1335_gene7449555.pdb
 0.822401 -0.434993 -0.366657    -0.845047
 0.568198  0.595856  0.567544     4.304540
-0.028403 -0.675083  0.737195     3.041792
>structures/ArgRS_AF_Mito_Caenorhabditis_elegans_gene174023.pdb
-0.957210 -0.259767  0.127554    -8.513481
-0.265750  0.963508 -0.032076    -1.550549
-0.114567 -0.064601 -0.991313     4.580213
>structures/ArgRS_AF_Mito_Homo_sapiens_gene57038.pdb
 0.961277  0.268506 -0.062049    -1.038473
-0.275540  0.940396 -0.199331    -2.764642
 0.004829  0.208710  0.977966     2.882136
>structures/ArgRS_AF_Vir_Megavirus_chiliensis_gene11257368.pdb
 0.999996 -0.002187  0.001739    -0.011245
 0.002194  0.999988 -0.004490    -0.066376
-0.001729  0.004494  0.999988    -0.012595
>structures/ArgRS_PDB_Arch_2ZUF.pdb
-0.862460  0.464282 -0.201506    19.868808
-0.406401 -0.397975  0.822468   -15.686179
 0.301663  0.791238  0.531923   -21.563315
>structures/ArgRS_PDB_Bact_1IQ0.pdb
 0.485616 -0.380310  0.787109    16.753182
-0.199728  0.828319  0.523446   -54.763758
-0.851050 -0.411401  0.326287    35.949662
>structures/ArgRS_PDB_Euk_S_cerevisiae_1BS2.pdb
-0.477373 -0.757088  0.446018    81.712325
-0.682557  0.639158  0.354390   -11.890472
-0.553381 -0.135256 -0.821873    16.803431
