>../../../../class2/phe3//data/domains/Catalytic_domain/structures/PheRS-Aα_AF_Arch_Candidatus_Nitrosopumilus_koreensis_AR1_gene13724458.pdb
 1.000000  0.000000  0.000000     0.000000
 0.000000  1.000000  0.000000     0.000000
 0.000000  0.000000  1.000000     0.000000
>../../../../class2/phe3//data/domains/Catalytic_domain/structures/PheRS-Aα_AF_Arch_Haloterrigena_turkmenica_DSM_5511_gene8744248.pdb
 0.101334  0.976156 -0.191965     1.726646
-0.491075 -0.118732 -0.862988    -6.295871
-0.865203  0.181720  0.467334     9.994130
>../../../../class2/phe3//data/domains/Catalytic_domain/structures/PheRS-Aα_AF_Arch_Thermoplasma_volcanium_GSS1_gene1441177.pdb
-0.359569 -0.932733 -0.026827     2.248942
-0.905261  0.355662 -0.232393    -8.145029
 0.226302 -0.059276 -0.972252    10.326857
>../../../../class2/phe3//data/domains/Catalytic_domain/structures/PheRS-Aα_AF_Arch_Thermosphaera_aggregans_DSM_11486_gene9165306.pdb
 0.900496  0.041409  0.432888     3.667392
 0.052472  0.977836 -0.202691    -8.713139
-0.431686  0.205237  0.878365    16.360385
>../../../../class2/phe3//data/domains/Catalytic_domain/structures/PheRS-Aα_AF_Euk_Cyanidioschyzon_merolae_strain_10D_gene16993638.pdb
-0.912796  0.298087 -0.279190    -6.645151
 0.107587  0.834948  0.539710    -4.636210
 0.393990  0.462608 -0.794208    12.832137
>../../../../class2/phe3//data/domains/Catalytic_domain/structures/PheRS-Aα_AF_Euk_Megalobrama_amblycephala_gene125266654.pdb
 0.465757 -0.487620  0.738442     3.645534
-0.450548 -0.848893 -0.276382    -5.366917
 0.761628 -0.203977 -0.615074    17.113760
>../../../../class2/phe3//data/domains/Catalytic_domain/structures/PheRS-Aα_AF_Euk_Plasmodium_falciparum_3D7_gene813233.pdb
 0.223163 -0.878067 -0.423316    -0.070936
 0.832073 -0.054631  0.551969     0.649034
-0.507792 -0.475409  0.718424    18.282932
>../../../../class2/phe3//data/domains/Catalytic_domain/structures/PheRS-Aα_AF_Euk_Schizosaccharomyces_pombe_gene2543647.pdb
-0.483093  0.392918 -0.782456    -5.137268
-0.040401 -0.902705 -0.428359    -3.310750
-0.874637 -0.175325  0.451964    12.702795
>../../../../class2/phe3//data/domains/Catalytic_domain/structures/PheRS-Aα_PDB_Euk.B_H_sapiens_3L4G.C.pdb
 0.470070  0.387474 -0.793031   -88.320805
-0.513524 -0.610698 -0.602778    64.542954
-0.717863  0.690589 -0.088094   -46.406693
>../../../../class2/ser1//data/domains/Catalytic_domain/structures/SerRS_AF_Arch_Candidatus_Methanomassiliicoccus_intestinalis_Issoire-Mx1_gene16154337.pdb
 0.148056 -0.803912 -0.576025     7.795572
 0.905790 -0.123591  0.405302     5.402791
-0.397019 -0.581766  0.709877    -0.993929
>../../../../class2/ser1//data/domains/Catalytic_domain/structures/SerRS_AF_Arch_Methanospirillum_hungatei_JF-1_gene3924775.pdb
 0.210920  0.827615 -0.520159     3.861491
-0.556562 -0.335777 -0.759929     6.232346
-0.803587  0.449785  0.389797    -4.291288
>../../../../class2/ser1//data/domains/Catalytic_domain/structures/SerRS_AF_Arch_Nitrosopumilus_maritimus_SCM1_gene5773574.pdb
-0.050211  0.584595  0.809770     5.810698
 0.429685 -0.719275  0.545907    10.339784
 0.901582  0.375357 -0.215076    -0.574406
>../../../../class2/ser1//data/domains/Catalytic_domain/structures/SerRS_AF_Arch_Thermoproteus_uzoniensis_768-20_gene10361450.pdb
 0.223159  0.242709  0.944083     6.779601
 0.070385 -0.969991  0.232732     9.453929
 0.972238  0.014513 -0.233545     1.929617
>../../../../class2/ser1//data/domains/Catalytic_domain/structures/SerRS_AF_Bact_Bifidobacterium_longum_subsp_longum_JCM_1217_gene69578844.pdb
 0.968186 -0.208313  0.138642     5.149723
 0.230181  0.958723 -0.166934     3.211214
-0.098145  0.193536  0.976172    -3.031247
>../../../../class2/ser1//data/domains/Catalytic_domain/structures/SerRS_AF_Bact_Brucella_suis_1330_gene45051948.pdb
 0.308998  0.035119  0.950414     5.626632
-0.322410 -0.936277  0.139419     8.227871
 0.894747 -0.349503 -0.277985    -3.328440
>../../../../class2/ser1//data/domains/Catalytic_domain/structures/SerRS_AF_Bact_Chlamydia_psittaci_6BC_gene12242544.pdb
-0.207345  0.294053 -0.933028     5.608305
-0.011003 -0.954395 -0.298342     7.634563
-0.978206 -0.051594  0.201124    -1.386264
>../../../../class2/ser1//data/domains/Catalytic_domain/structures/SerRS_AF_Bact_Clostridium_acetobutylicum_DSM_1731_gene44996495.pdb
 0.112561  0.658187  0.744392     3.378267
 0.327251 -0.731914  0.597670     7.355419
 0.938209  0.176328 -0.297777    -5.044059
>../../../../class2/ser1//data/domains/Catalytic_domain/structures/SerRS_AF_Bact_Mycoplasma_hyopneumoniae_168-L_gene57101125.pdb
-0.101287  0.741911 -0.662804     7.029284
-0.202243 -0.667674 -0.716456     5.949913
-0.974083  0.061479  0.217673    -3.061920
>../../../../class2/ser1//data/domains/Catalytic_domain/structures/SerRS_AF_Bact_Prochlorococcus_marinus_subsp_marinus_str_CCMP1375_gene54200639.pdb
 0.230859 -0.403691  0.885290     9.666870
-0.387589 -0.872717 -0.296885     4.797155
 0.892457 -0.274590 -0.357940     0.256944
>../../../../class2/ser1//data/domains/Catalytic_domain/structures/SerRS_AF_Bact_Streptobacillus_moniliformis_DSM_12112_gene29673293.pdb
 0.290489  0.119783  0.949351     4.766590
-0.192925 -0.964428  0.180718     8.247848
 0.937228 -0.235651 -0.257047    -3.581807
>../../../../class2/ser1//data/domains/Catalytic_domain/structures/SerRS_AF_Bact_Treponema_pallidum_subsp_pertenue_str_SamoaD_gene57879171.pdb
 0.009649  0.749877 -0.661507     4.235981
-0.522206 -0.560384 -0.642862     7.522747
-0.852765  0.351646  0.386183    -3.089511
>../../../../class2/ser1//data/domains/Catalytic_domain/structures/SerRS_AF_Euk_Cyanidioschyzon_merolae_strain_10D_gene16995416.pdb
 0.689471  0.713620 -0.124003     3.380733
-0.547382  0.401240 -0.734425     5.495392
-0.474345  0.574241  0.667266    -3.911012
>../../../../class2/ser1//data/domains/Catalytic_domain/structures/SerRS_AF_Euk_Thunnus_albacares_gene122982782.pdb
 0.990765 -0.090168  0.101264     6.357498
 0.109911  0.971417 -0.210401     3.768818
-0.079398  0.219588  0.972356    -4.816376
>../../../../class2/ser1//data/domains/Catalytic_domain/structures/SerRS_AF_Euk_Trichomonas_vaginalis_G3_gene4762654.pdb
 0.215505  0.672252 -0.708262     5.307788
-0.057309 -0.715347 -0.696415     5.527334
-0.974820  0.190671 -0.115635    -2.662688
>../../../../class2/ser1//data/domains/Catalytic_domain/structures/SerRS_AF_Euk_Vitis_vinifera_gene100261399.pdb
 0.967461  0.221798  0.121756     4.433901
-0.146359  0.883103 -0.445766     4.206595
-0.206393  0.413442  0.886830    -3.912498
>../../../../class2/ser1//data/domains/Catalytic_domain/structures/SerRS_AF_Mito_Cervus_elaphus_gene122688911.pdb
 0.247529 -0.426121  0.870144    11.021034
-0.481573 -0.833409 -0.271139     3.934088
 0.840724 -0.351923 -0.411502     0.871556
>../../../../class2/ser1//data/domains/Catalytic_domain/structures/SerRS_AF_Mito_Drechmeria_coniospora_gene63718051.pdb
-0.142781  0.534683 -0.832903     7.899882
 0.074332 -0.833356 -0.547716     5.157536
-0.986959 -0.140114  0.079243    -3.346569
>../../../../class2/ser1//data/domains/Catalytic_domain/structures/SerRS_PDB_Bact_K_pneumoniae_6h9x.pdb
-0.899972 -0.435452  0.020797   -17.722636
 0.433621 -0.899071 -0.060368   -18.604486
 0.044986 -0.045312  0.997959     4.939417
>../../../../class2/ser1//data/domains/Catalytic_domain/structures/SerRS_PDB_Bact_T_thermophilus_1ser.pdb
-0.455009 -0.120095  0.882351    28.920785
-0.052519  0.992758  0.108040   -51.522316
-0.888937  0.002819 -0.458021   130.348451
>../../../../class2/ser1//data/domains/Catalytic_domain/structures/SerRS_PDB_Mito_B_taurus_1wle.pdb
-0.689091  0.724634  0.007721    29.147561
 0.572506  0.550895 -0.607250   -12.363112
-0.444287 -0.414030 -0.794474   101.364859
