>../../../../class2/gly1//data/domains/Catalytic_domain/structures/GlyRS-A_AF_Arch_Candidatus_Nitrosopumilus_sediminis_gene13697160.pdb
 0.558589  0.782526 -0.275013    31.818834
-0.817259  0.462622 -0.343612     0.172823
-0.141658  0.416694  0.897941    89.456689
>../../../../class2/gly1//data/domains/Catalytic_domain/structures/GlyRS-A_AF_Arch_Candidatus_Woesearchaeota_archaeon_proteinMBT4248212.1.pdb
 0.197527 -0.411255 -0.889861    32.199670
 0.235964 -0.861110  0.450345     1.620926
-0.951475 -0.298931 -0.073051    90.944965
>../../../../class2/gly1//data/domains/Catalytic_domain/structures/GlyRS-A_AF_Arch_Sulfolobus_islandicus_YN1551_gene7810979.pdb
-0.835644 -0.528002  0.151369    31.035937
-0.358661  0.315807 -0.878423    -1.863647
 0.416006 -0.788340 -0.453277    89.869556
>../../../../class2/gly1//data/domains/Catalytic_domain/structures/GlyRS-A_AF_Arch_Thermoplasma_acidophilum_DSM_1728_gene1455843.pdb
 0.710212  0.662973 -0.236780    31.557747
-0.703379  0.682239 -0.199518     0.055990
 0.029265  0.308246  0.950856    89.337491
>../../../../class2/gly1//data/domains/Catalytic_domain/structures/GlyRS-A_AF_Bact_Capnocytophaga_ochracea_DSM_7271_gene29675716.pdb
-0.477013 -0.794640  0.375508    30.523662
-0.604513 -0.013496 -0.796481     1.107307
 0.637983 -0.606931 -0.473933    89.806859
>../../../../class2/gly1//data/domains/Catalytic_domain/structures/GlyRS-A_AF_Bact_Corynebacterium_ulcerans_809_gene75260805.pdb
 0.793438 -0.458402 -0.400404    31.182777
 0.606545  0.540829  0.582758    -1.983994
-0.050587 -0.705246  0.707156    93.476722
>../../../../class2/gly1//data/domains/Catalytic_domain/structures/GlyRS-A_AF_Bact_Treponema_denticola_ATCC_35405_gene2741635.pdb
-0.955829  0.053639  0.288987    31.098166
 0.105247  0.980473  0.166119     0.630609
-0.274434  0.189196 -0.942810    93.349393
>../../../../class2/gly1//data/domains/Catalytic_domain/structures/GlyRS-A_PDB_Bact_T_thermophilus_1ati.pdb
-0.123899 -0.676577  0.725874    34.982352
 0.953932 -0.282645 -0.100624   -11.197154
 0.273245  0.679967  0.680428    36.640333
>../../../../class2/ser2//data/domains/Catalytic_domain/structures/SerRS-A_AF_Arch_Conexivisphaera_calida_protein1635512986.pdb
-0.762647  0.395410  0.511879    46.441695
 0.531186  0.834434  0.146839    -1.963536
-0.369068  0.383889 -0.846415    84.035260
>../../../../class2/ser2//data/domains/Catalytic_domain/structures/SerRS-A_AF_Arch_Ignisphaera_aggregans_protein304378874.pdb
-0.342825  0.451013  0.824050    45.837016
 0.916504 -0.031907  0.398752    -1.427648
 0.206136  0.891947 -0.402416    82.027491
>../../../../class2/ser2//data/domains/Catalytic_domain/structures/SerRS-A_AF_Arch_Methanosarcina_barkeri_protein805401349.pdb
-0.878072 -0.459349  0.134119    48.578936
-0.430622  0.636265 -0.640102    -0.783332
 0.208695 -0.619811 -0.756493    83.455070
>../../../../class2/ser2//data/domains/Catalytic_domain/structures/SerRS-A_AF_Arch_Unclassified_Thermoplasmata_protein1635512986.pdb
-0.844274  0.264046  0.466349    49.374645
 0.305648  0.952037  0.014302    -2.702269
-0.440205  0.154614 -0.884485    83.507606
>../../../../class2/ser2//data/domains/Catalytic_domain/structures/SerRS-A_PDB_Arch_M_barkeri_2cjb.pdb
 1.000000  0.000000  0.000000     0.000000
 0.000000  1.000000  0.000000     0.000000
 0.000000  0.000000  1.000000     0.000000
