>structures/AsnRS_AF_Arch_Candidatus_Korarchaeum_cryptofilum_OPF8_gene6094562.pdb
 0.916943  0.390726 -0.080920    -1.772676
-0.372085  0.764044 -0.527057    -2.497587
-0.144108  0.513391  0.845968    -1.277874
>structures/AsnRS_AF_Arch_Candidatus_Nitrososphaera_gargensis_Ga92_gene13796664.pdb
-0.326544  0.783583  0.528551    -2.503861
 0.585566 -0.271248  0.763896     0.017144
 0.741945  0.558947 -0.370265    -1.479093
>structures/AsnRS_AF_Arch_Ferroplasma_acidarmanus_Fer1_gene16025664.pdb
 0.019981 -0.335249  0.941918     3.763198
-0.543011 -0.794683 -0.271326    -1.624016
 0.839488 -0.506050 -0.197922     4.916266
>structures/AsnRS_AF_Arch_Pyrococcus_sp_ST04_gene13021535.pdb
 0.078088 -0.333606  0.939473     3.080780
-0.480067 -0.838483 -0.257842    -0.890105
 0.873749 -0.430876 -0.225628     4.531449
>structures/AsnRS_AF_Bact_Clostridium_acetobutylicum_DSM_1731_gene44999755.pdb
-0.354348  0.711524  0.606770    -1.578086
 0.619015 -0.307870  0.722521    -1.564901
 0.700898  0.631624 -0.331351    -1.951035
>structures/AsnRS_AF_Bact_Escherichia_coli_O157:H7_str._Sakai_gene917756.pdb
-0.183481  0.388718  0.902903    -0.473332
 0.347777 -0.833426  0.429479     2.826218
 0.919448  0.392811  0.017731     3.118916
>structures/AsnRS_AF_Bact_Mycoplasma_hyopneumoniae_168-L_gene57101291.pdb
 0.073958 -0.068848  0.994882     2.626675
-0.221859 -0.973750 -0.050893    -0.003634
 0.972270 -0.216960 -0.087292     6.157931
>structures/AsnRS_AF_Bact_Porphyromonas_gingivalis_ATCC_33277_gene29256423.pdb
 0.008796 -0.307797  0.951412     1.816090
-0.396081 -0.874701 -0.279318    -1.254065
 0.918174 -0.374379 -0.129607     4.927325
>structures/AsnRS_AF_Bact_Streptobacillus_moniliformis_DSM_12112_gene29673200.pdb
-0.431727  0.693817  0.576394    -1.893472
 0.633387 -0.221778  0.741374    -1.401711
 0.642209  0.685152 -0.343707    -1.589968
>structures/AsnRS_AF_Bact_Thermus_thermophilus_HB8_gene3168522.pdb
 0.058662  0.065831  0.996105     2.684608
-0.138696 -0.987608  0.073437     1.081304
 0.988596 -0.142464 -0.048805     5.280664
>structures/AsnRS_AF_Bact_Treponema_pallidum_subsp_pertenue_str_SamoaD_gene57879132.pdb
-0.311405  0.721738  0.618160    -2.245996
 0.560615 -0.385713  0.732759    -0.743884
 0.767292  0.574735 -0.284504    -1.710452
>structures/AsnRS_AF_Bact_unclassified_Blastocatellia_proteinRPI49177.1.pdb
 0.014299  0.277771  0.960541     1.425872
 0.096854 -0.956507  0.275163     2.338724
 0.995196  0.089097 -0.040581     4.114794
>structures/AsnRS_AF_Euk_Candida_albicans_SC5314_gene3646227.pdb
 0.170096 -0.145654  0.974604     5.177038
-0.402364 -0.913080 -0.066235     2.186473
 0.899539 -0.380879 -0.213917     1.974227
>structures/AsnRS_AF_Euk_Cryptococcus_gattii_WM276_gene10190222.pdb
 0.279388 -0.073771  0.957340     5.146517
-0.361410 -0.931799  0.033671     3.668348
 0.889565 -0.355399 -0.286995    -0.914649
>structures/AsnRS_AF_Euk_Encephalitozoon_intestinalis_ATCC_50506_gene9698489.pdb
 0.008277 -0.438871  0.898512     2.588063
-0.461818 -0.798655 -0.385842    -2.594391
 0.886936 -0.411755 -0.209289     5.036286
>structures/AsnRS_AF_Euk_Homo_sapiens_gene4677.pdb
 0.180935 -0.381384  0.906537     5.052932
-0.541590 -0.808038 -0.231850    -0.320658
 0.820940 -0.449022 -0.352756     0.845057
>structures/AsnRS_AF_Euk_Saccharomyces_cerevisiae_S288C_gene856412.pdb
 0.205026  0.334882  0.919684     1.989920
-0.017766 -0.938217  0.345591     4.568620
 0.978595 -0.087194 -0.186409    -5.270653
>structures/AsnRS_AF_Euk_Vitis_vinifera_gene100257593.pdb
-0.539066  0.536044  0.649664    -4.753639
 0.558477 -0.349903  0.752111    -1.887718
 0.630484  0.768261 -0.110748    -3.124879
>structures/AsnRS_AF_Mito_Homo_sapiens_gene79731.pdb
 1.000000  0.000000  0.000000     0.000000
 0.000000  1.000000  0.000000     0.000000
 0.000000  0.000000  1.000000     0.000000
>structures/AsnRS_AF_Mito_Zeugodacus_cucurbitae_gene105213230.pdb
 0.011860 -0.099642 -0.994953    -2.746795
 0.432879 -0.896439  0.094936     2.445278
-0.901374 -0.431820  0.032501    -2.083804
>structures/AsnRS_PDB_Arch_P_horikoshii_1X54.pdb
 0.342767 -0.808466 -0.478427    18.234264
 0.698345  0.559928 -0.445864    15.803923
 0.628351 -0.181280  0.756514   -18.328604
>structures/AsnRS_PDB_Bact_E_anophelis_6pqh.pdb
-0.805536  0.576100 -0.138635   -18.740469
 0.486943  0.776915  0.399110    28.225203
 0.337635  0.253991 -0.906362   -46.852800
