>structures/GlxRS-A_AF_Arch_Candidatus_Korarchaeum_cryptofilum_OPF8_gene6094352.pdb
 1.000000 -0.000000  0.000000     0.000000
 0.000000  1.000000  0.000000     0.000000
-0.000000  0.000000  1.000000     0.000000
>structures/GlxRS-A_AF_Arch_Methanothrix_soehngenii_GP6_gene10459943.pdb
-0.109326  0.114185 -0.987426    -1.544103
 0.217317 -0.966603 -0.135838     3.212583
-0.969959 -0.229435  0.080861     2.854769
>structures/GlxRS-A_AF_Arch_Nitrosopumilus_maritimus_SCM1_gene5773999.pdb
-0.291243 -0.886998  0.358345    -3.554794
-0.853216  0.071428 -0.516644     1.107302
 0.432667 -0.456215 -0.777604    -0.345438
>structures/GlxRS-A_AF_Arch_Sulfolobus_islandicus_LAL14_1_gene15298417.pdb
-0.321168  0.468382  0.823085     1.560085
 0.225889 -0.806155  0.546889     4.849101
 0.919688  0.361569  0.153109     6.146164
>structures/GlxRS-A_PDB_Arch_M_thermau_3AII.pdb
 0.069980 -0.633672  0.770430   -23.043256
 0.928117 -0.241737 -0.283129    30.405817
 0.365653  0.734862  0.571205   -60.683087
