>structures/CysRS_AF_Arch_Aciduliprofundum_boonei_T469_gene8827372.pdb
 0.459574  0.796819 -0.392264     6.013570
-0.562210 -0.080906 -0.823027    -4.787554
-0.687541  0.598777  0.410797    -1.366365
>structures/CysRS_AF_Arch_Candidatus_Nitrosopumilus_sediminis_gene13696907.pdb
 0.306736  0.639514 -0.704936     2.096707
-0.571765 -0.468302 -0.673631     0.979973
-0.760919  0.609685  0.222006     2.218937
>structures/CysRS_AF_Arch_Methanospirillum_hungatei_JF-1_gene3922979.pdb
 0.254588 -0.386086 -0.886635    10.736807
 0.879689 -0.288350  0.378156    -1.676416
-0.401662 -0.876237  0.266225    -0.057342
>structures/CysRS_AF_Arch_Pyrobaculum_ferrireducens_gene11593896.pdb
 0.464759 -0.492359 -0.735923     4.661513
 0.853824  0.029101  0.519747     0.064749
-0.234486 -0.869906  0.433913     3.442526
>structures/CysRS_AF_Bact_Bordetella_avium_197N_gene41394405.pdb
 0.378484 -0.156462 -0.912288     5.840191
 0.682422 -0.618709  0.389230    -0.686398
-0.625340 -0.769883 -0.127398     1.978975
>structures/CysRS_AF_Bact_Lactobacillus_amylovorus_GRL1118_gene66523130.pdb
 0.313345 -0.340814 -0.886375     6.455037
 0.858200 -0.297992  0.417964    -1.330197
-0.406581 -0.891654  0.199112     2.679922
>structures/CysRS_AF_Bact_Mycobacterium_canettii_CIPT_140010059_gene45427568.pdb
-0.271537  0.243167  0.931202     5.704142
 0.335789 -0.882818  0.328448    -1.555253
 0.901950  0.401873  0.158065     0.646120
>structures/CysRS_AF_Bact_Mycoplasma_hyopneumoniae_168-L_gene57101512.pdb
 0.479237 -0.410666 -0.775684     7.213866
 0.831475 -0.070563  0.551063     0.521482
-0.281037 -0.909051  0.307642     1.554808
>structures/CysRS_AF_Bact_Porphyromonas_gingivalis_ATCC_33277_gene29256960.pdb
 0.297816  0.759631 -0.578157     4.350981
-0.394095 -0.453789 -0.799228    -2.556190
-0.869480  0.465871  0.164221    -2.797904
>structures/CysRS_AF_Bact_Prochlorococcus_marinus_subsp_marinus_str_CCMP1375_gene54200571.pdb
 0.848912 -0.393377 -0.352992     6.851367
 0.520023  0.741023  0.424806    -0.238073
 0.094466 -0.544187  0.833629     0.863121
>structures/CysRS_AF_Bact_Streptobacillus_moniliformis_DSM_12112_gene29673427.pdb
 0.737760  0.633964 -0.231948     8.405495
-0.541810  0.351122 -0.763646    -6.875184
-0.402682  0.689059  0.602532     0.081202
>structures/CysRS_AF_Bact_Treponema_pallidum_subsp_pertenue_str_SamoaD_gene57878631.pdb
 0.303293  0.712541 -0.632692     7.315310
-0.501255 -0.445380 -0.741876    -3.299946
-0.810405  0.542146  0.222084    -2.524941
>structures/CysRS_AF_Euk_Arabidopsis_thaliana_gene833874.pdb
 0.452458 -0.292418 -0.842481     2.724005
 0.848048 -0.151142  0.507908    -1.416385
-0.275855 -0.944271  0.179599     3.349163
>structures/CysRS_AF_Euk_Cyanidioschyzon_merolae_strain_10D_gene16993418.pdb
 0.952199 -0.247133 -0.179560    -1.115993
 0.303948  0.825233  0.476032    -0.609390
 0.030536 -0.507854  0.860902     7.615064
>structures/CysRS_AF_Euk_Drosophila_melanogaster_gene36784.pdb
 0.999802 -0.019089 -0.005571    -0.138274
 0.019096  0.999817  0.001226     0.161852
 0.005547 -0.001333  0.999984    -0.042836
>structures/CysRS_AF_Euk_Micromonas_commoda_gene8246535.pdb
-0.696122  0.615498  0.369563     2.181429
 0.253928 -0.270403  0.928656    -0.868403
 0.671517  0.740300  0.031942     3.267310
>structures/CysRS_AF_Mito_Morone_saxatilis_gene118339815.pdb
 0.100461  0.738395 -0.666843     7.789266
-0.247758 -0.630555 -0.735538    -1.533832
-0.963599  0.239108  0.119597     2.518266
>structures/CysRS_AF_Mito_Saccharomyces_cerevisiae_S288C_gene855474.pdb
 0.504280  0.842862 -0.187842     1.506917
-0.243449 -0.069940 -0.967389    -0.976504
-0.828513  0.533565  0.169924    -0.143805
>structures/CysRS_AF_Vir_Megavirus_chiliensis_gene11257271.pdb
-0.862497  0.428088  0.269890     2.132270
 0.457787  0.432678  0.776673     1.753334
 0.215709  0.793429 -0.569157    -1.385016
>structures/CysRS_PDB_Bact_E_coli_1LI5.pdb
-0.629828 -0.772101  0.084708   123.678614
 0.736789 -0.559352  0.379824   -31.504461
-0.245881  0.301636  0.921172   -56.719855
>structures/CysRS_PDB_Bact_M_smegmatis_3C8Z.pdb
-0.876308 -0.395626  0.274891    51.070360
-0.329690  0.076437 -0.940990   -22.699113
 0.351268 -0.915225 -0.197416   -12.999384
