>structures/CysRS_AF_Arch_Aciduliprofundum_boonei_T469_gene8827372.pdb
-0.102826 -0.109210 -0.988686    -3.404025
 0.584195 -0.811101  0.028836     3.713935
-0.805073 -0.574621  0.147202     2.723141
>structures/CysRS_AF_Arch_Candidatus_Nitrosopumilus_sediminis_gene13696907.pdb
-0.120456 -0.490427 -0.863117    -0.712339
 0.715468 -0.645617  0.266992     0.567845
-0.688183 -0.585372  0.428653     9.293206
>structures/CysRS_AF_Arch_Methanospirillum_hungatei_JF-1_gene3922979.pdb
 0.999984  0.002914 -0.004791     0.133103
-0.002881  0.999972  0.006940    -0.132380
 0.004812 -0.006926  0.999964     0.079608
>structures/CysRS_AF_Arch_Pyrobaculum_ferrireducens_gene11593896.pdb
 0.969496  0.227725  0.090659    -1.310922
-0.197702  0.945167 -0.259950    -0.960416
-0.144885  0.234097  0.961357     7.095934
>structures/CysRS_AF_Bact_Bordetella_avium_197N_gene41394405.pdb
 0.948742 -0.274667  0.156353    -1.081855
 0.204830  0.911112  0.357659    -0.264412
-0.240692 -0.307300  0.920670     5.343970
>structures/CysRS_AF_Bact_Lactobacillus_amylovorus_GRL1118_gene66523130.pdb
 0.998987  0.000316  0.045003    -1.617968
-0.003137  0.998032  0.062625    -0.890063
-0.044895 -0.062703  0.997022     4.829558
>structures/CysRS_AF_Bact_Mycobacterium_canettii_CIPT_140010059_gene45427568.pdb
-0.138145 -0.874331  0.465254    -1.351444
-0.775516 -0.196693 -0.599906     1.194993
 0.616029 -0.443686 -0.650886     4.736858
>structures/CysRS_AF_Bact_Mycoplasma_hyopneumoniae_168-L_gene57101512.pdb
 0.966498  0.192064  0.170273     0.432357
-0.170063  0.976051 -0.135659    -0.429183
-0.192250  0.102157  0.976014     4.255459
>structures/CysRS_AF_Bact_Porphyromonas_gingivalis_ATCC_33277_gene29256960.pdb
 0.091867 -0.390078 -0.916187    -0.992818
 0.754457 -0.573221  0.319706     4.909445
-0.649889 -0.720594  0.241637     4.708657
>structures/CysRS_AF_Bact_Prochlorococcus_marinus_subsp_marinus_str_CCMP1375_gene54200571.pdb
 0.641633  0.766417 -0.030193    -0.120291
-0.551098  0.433276 -0.713136     0.398683
-0.533478  0.474211  0.700375     4.249364
>structures/CysRS_AF_Bact_Streptobacillus_moniliformis_DSM_12112_gene29673427.pdb
-0.133171  0.199462 -0.970814    -5.207050
 0.221441 -0.948788 -0.225313     2.225960
-0.966038 -0.244983  0.082182     0.118901
>structures/CysRS_AF_Bact_Treponema_pallidum_subsp_pertenue_str_SamoaD_gene57878631.pdb
-0.039037 -0.424606 -0.904536    -1.273790
 0.735612 -0.624863  0.261576     3.911161
-0.676278 -0.655176  0.336738     1.838689
>structures/CysRS_AF_Euk_Arabidopsis_thaliana_gene833874.pdb
 0.973260  0.159750  0.165062    -3.166985
-0.164437  0.986273  0.015042     0.119104
-0.160393 -0.041782  0.986169     8.072136
>structures/CysRS_AF_Euk_Cyanidioschyzon_merolae_strain_10D_gene16993418.pdb
 0.496195  0.866969  0.046417    -5.140966
-0.474586  0.315613 -0.821679    -2.440469
-0.727020  0.385685  0.568057    12.865367
>structures/CysRS_AF_Euk_Drosophila_melanogaster_gene36784.pdb
 0.258428  0.883742 -0.390148    -1.185979
-0.389956 -0.274067 -0.879103     3.709739
-0.883827  0.379325  0.273794    10.118195
>structures/CysRS_AF_Euk_Homo_sapiens_gene833.pdb
 0.777402 -0.559398 -0.287609    -0.361619
 0.613673  0.774861  0.151647     1.377802
 0.138026 -0.294388  0.945666     9.650765
>structures/CysRS_AF_Euk_Micromonas_commoda_gene8246535.pdb
-0.222441 -0.365188  0.903968    -2.739297
-0.383617 -0.819621 -0.425510     0.204402
 0.896302 -0.441428  0.042226     8.867594
>structures/CysRS_AF_Mito_Homo_sapiens_gene79587.pdb
 0.997272  0.018557  0.071441    -2.337270
 0.011804  0.915326 -0.402540    -1.596884
-0.072861  0.402285  0.912610     4.461579
>structures/CysRS_AF_Mito_Morone_saxatilis_gene118339815.pdb
 0.190306 -0.454616 -0.870119    -1.506255
 0.874904 -0.323521  0.360385    -1.185192
-0.445338 -0.829854  0.336178     3.452573
>structures/CysRS_AF_Mito_Saccharomyces_cerevisiae_S288C_gene855474.pdb
 0.251659 -0.034328 -0.967207    -1.507857
 0.592744 -0.784541  0.182072     3.564626
-0.765063 -0.619126 -0.177089     8.834066
>structures/CysRS_AF_Vir_Megavirus_chiliensis_gene11257271.pdb
 0.092429  0.179183  0.979464     1.449659
 0.016562 -0.983816  0.178416     3.568541
 0.995582 -0.000269 -0.093901     8.607379
>structures/CysRS_PDB_Bact_E_coli_1LI5.pdb
 0.589528 -0.807179 -0.030305    25.514099
 0.257646  0.223467 -0.940043    10.124226
 0.765555  0.546374  0.339707  -126.701866
>structures/CysRS_PDB_Bact_M_smegmatis_3C8Z.pdb
-0.654739  0.320803 -0.684400    -3.106505
 0.127881  0.939425  0.318004     0.824896
 0.744959  0.120688 -0.656103   -47.059679
