>../../../../class1/glu2//data/domains/Catalytic_domain/structures/GlxRS-A_AF_Arch_Candidatus_Korarchaeum_cryptofilum_OPF8_gene6094352.pdb
-0.122621 -0.832949  0.539592    -2.192461
 0.257856 -0.551762 -0.793139    12.652167
 0.958371  0.041881  0.282439     6.806193
>../../../../class1/glu2//data/domains/Catalytic_domain/structures/GlxRS-A_AF_Arch_Methanothrix_soehngenii_GP6_gene10459943.pdb
-0.654143  0.702101  0.281337    -2.949704
 0.629788  0.711581 -0.311479    10.128552
-0.418884 -0.026569 -0.907651     5.125361
>../../../../class1/glu2//data/domains/Catalytic_domain/structures/GlxRS-A_AF_Arch_Nitrosopumilus_maritimus_SCM1_gene5773999.pdb
 0.980654 -0.195705  0.004229    -2.147105
 0.021338  0.128343  0.991500    11.985881
-0.194585 -0.972228  0.130036     3.781727
>../../../../class1/glu2//data/domains/Catalytic_domain/structures/GlxRS-A_AF_Arch_Sulfolobus_islandicus_LAL14_1_gene15298417.pdb
 0.315389  0.790137 -0.525560    -3.549972
-0.947931  0.288132 -0.135671     7.333618
 0.044232  0.540984  0.839869     8.301534
>../../../../class1/glu2//data/domains/Catalytic_domain/structures/GlxRS-A_PDB_Arch_M_thermau_3AII.pdb
-0.609948  0.685203  0.398071   -55.312395
-0.748586 -0.663013 -0.005778    36.356875
 0.259967 -0.301514  0.917337   -39.617798
>../../../../class1/leu2//data/domains/Catalytic_domain/structures/LeuRS-A_AF_Arch_Aciduliprofundum_boonei_T469_gene8828435.pdb
-0.302797 -0.141426 -0.942503     1.629868
 0.330243 -0.943231  0.035439     1.483490
-0.894010 -0.300524  0.332312     0.239513
>../../../../class1/leu2//data/domains/Catalytic_domain/structures/LeuRS-A_AF_Arch_Candidatus_Korarchaeum_cryptofilum_OPF8_gene6093520.pdb
-0.866204  0.499684  0.002603    -0.381266
 0.415923  0.718098  0.557981    -2.392249
 0.276945  0.484409 -0.829849    -1.397459
>../../../../class1/leu2//data/domains/Catalytic_domain/structures/LeuRS-A_AF_Arch_Candidatus_Nitrosopumilus_koreensis_AR1_gene13725794.pdb
 1.000000 -0.000000  0.000000     0.000000
 0.000000  1.000000  0.000000     0.000000
-0.000000  0.000000  1.000000     0.000000
>../../../../class1/leu2//data/domains/Catalytic_domain/structures/LeuRS-A_AF_Arch_Methanobrevibacter_smithii_ATCC_35061_gene5216355.pdb
 0.996374 -0.083348 -0.017070    -1.289665
 0.085020  0.982872  0.163506     0.463594
 0.003150 -0.164364  0.986395    -0.110232
>../../../../class1/leu2//data/domains/Catalytic_domain/structures/LeuRS-A_AF_Euk_Arabidopsis_thaliana_gene837489.pdb
-0.149152 -0.914400  0.376334    -0.814844
-0.771941 -0.130170 -0.622224     1.919101
 0.617948 -0.383313 -0.686448    -3.619590
>../../../../class1/leu2//data/domains/Catalytic_domain/structures/LeuRS-A_AF_Euk_Drosophila_melanogaster_gene326262.pdb
 0.999830 -0.003660 -0.018065    -1.743142
 0.006967  0.982415  0.186578     1.924206
 0.017065 -0.186672  0.982274    -2.789479
>../../../../class1/leu2//data/domains/Catalytic_domain/structures/LeuRS-A_AF_Euk_Leishmania_major_strain_Friedlin_gene5650139.pdb
 0.997492  0.036512  0.060628     2.101018
-0.038166  0.998924  0.026338     1.887140
-0.059602 -0.028586  0.997813    -3.646359
>../../../../class1/leu2//data/domains/Catalytic_domain/structures/LeuRS-A_AF_Euk_Neurospora_crassa_OR74A_gene3879366.pdb
 0.991274 -0.118410 -0.057926     1.018170
 0.129305  0.958868  0.252690     0.792767
 0.025622 -0.257975  0.965812    -2.486596
>../../../../class1/leu2//data/domains/Catalytic_domain/structures/LeuRS-A_PDB_Arch_P_hori_1WKB.pdb
-0.084443  0.800368  0.593533   -14.761604
-0.993762 -0.024096 -0.108891   129.098147
-0.072851 -0.599025  0.797409    26.690886
