>structures/ProRS-B_AF_Bact_Acinetobacter_baylyi_ADP1_gene45233245.pdb
 0.979940  0.170525  0.103144     0.019137
-0.150820  0.972858 -0.175504     1.276010
-0.130273  0.156427  0.979061    -0.482728
>structures/ProRS-B_AF_Bact_Brachyspira_pilosicoli_95_1000_gene56438966.pdb
 0.609290 -0.614039 -0.501719    -0.485211
 0.773283  0.320083  0.547338     0.223591
-0.175495 -0.721459  0.669850     0.545918
>structures/ProRS-B_AF_Bact_Chlamydia_psittaci_6BC_gene12242703.pdb
-0.979446  0.199650  0.028738     0.231591
 0.191690  0.876960  0.440676    -2.999573
 0.062779  0.437128 -0.897206    -0.934405
>structures/ProRS-B_AF_Bact_Clostridium_acetobutylicum_DSM_1731_gene44999665.pdb
 1.000000  0.000000  0.000000     0.000000
 0.000000  1.000000  0.000000     0.000000
 0.000000  0.000000  1.000000     0.000000
>structures/ProRS-B_AF_Bact_Corynebacterium_ulcerans_809_gene75260584.pdb
-0.872112  0.264454  0.411686     0.671495
 0.451338  0.109813  0.885570    -1.077919
 0.188984  0.958126 -0.215128    -0.528772
>structures/ProRS-B_AF_Bact_Prochlorococcus_marinus_subsp_marinus_str_CCMP1375_gene54199876.pdb
 0.994944  0.084228  0.054702    -0.272793
-0.073227  0.981147 -0.178853     0.569782
-0.068736  0.173943  0.982354    -1.202065
>structures/ProRS-B_AF_Bact_Streptobacillus_moniliformis_DSM_12112_gene29673723.pdb
 0.780561  0.624156 -0.033971    -0.444320
-0.463605  0.541611 -0.701234     0.483140
-0.419280  0.563105  0.712122     1.070161
>structures/ProRS-B_PDB_Bact_S_aureus_5znj.pdb
 0.849111  0.166904  0.501152   -11.887888
-0.365585  0.870503  0.329504    -6.119399
-0.381259 -0.462999  0.800171   -15.428745
>structures/ProRS_PDB_Bact_E_faecalis_2J3M.pdb
 0.682741  0.654921  0.323951   -16.958144
-0.461770  0.730356 -0.503337    27.358334
-0.566245  0.194057  0.801067     8.461648
