>structures/CysRS_AF_Arch_Aciduliprofundum_boonei_T469_gene8827372.pdb
-0.742567 -0.644265  0.183074    -6.642792
-0.665550  0.740426 -0.093872    -2.064493
-0.075075 -0.191551 -0.978607    -4.283967
>structures/CysRS_AF_Arch_Candidatus_Nitrosopumilus_sediminis_gene13696907.pdb
-0.630542 -0.619426  0.467685    -0.283301
-0.773753  0.549031 -0.316025     1.884868
-0.061019 -0.561139 -0.825469    -1.516845
>structures/CysRS_AF_Arch_Methanospirillum_hungatei_JF-1_gene3922979.pdb
 0.063701  0.079771  0.994776    -8.768385
 0.055694 -0.995531  0.076265     1.877593
 0.996414  0.050545 -0.067859    -1.128943
>structures/CysRS_AF_Arch_Pyrobaculum_ferrireducens_gene11593896.pdb
-0.256852  0.356026  0.898484    -3.333873
 0.316736 -0.847319  0.426298     2.944504
 0.913075  0.394077  0.104869    -3.447967
>structures/CysRS_AF_Bact_Bordetella_avium_197N_gene41394405.pdb
-0.253679 -0.276142  0.927034    -3.777565
-0.157779 -0.933736 -0.321314     2.276050
 0.954334 -0.227777  0.193300    -1.919940
>structures/CysRS_AF_Bact_Lactobacillus_amylovorus_GRL1118_gene66523130.pdb
-0.101973  0.096847  0.990062    -4.805712
 0.054216 -0.993230  0.102741     2.969561
 0.993309  0.064154  0.096032    -2.834608
>structures/CysRS_AF_Bact_Mycobacterium_canettii_CIPT_140010059_gene45427568.pdb
 0.560256 -0.436255 -0.704127    -4.342174
 0.795392  0.046048  0.604343     1.108799
-0.231224 -0.898644  0.372793    -2.289095
>structures/CysRS_AF_Bact_Mycoplasma_hyopneumoniae_168-L_gene57101512.pdb
-0.194955  0.196696  0.960887    -5.442260
 0.230079 -0.943177  0.239752     2.644805
 0.953444  0.267821  0.138621    -0.806805
>structures/CysRS_AF_Bact_Porphyromonas_gingivalis_ATCC_33277_gene29256960.pdb
-0.570039 -0.748321  0.339223    -4.251926
-0.806073  0.429428 -0.407233    -3.287642
 0.159069 -0.505576 -0.847992    -1.618262
>structures/CysRS_AF_Bact_Prochlorococcus_marinus_subsp_marinus_str_CCMP1375_gene54200571.pdb
-0.644928  0.455050  0.614001    -5.917905
 0.529978 -0.312552  0.788311     1.321392
 0.550628  0.833811 -0.039593    -1.535703
>structures/CysRS_AF_Bact_Streptobacillus_moniliformis_DSM_12112_gene29673427.pdb
-0.927748 -0.368038  0.061906    -8.933710
-0.358462  0.924913  0.126654    -0.643955
-0.103871  0.095312 -0.990013    -5.603169
>structures/CysRS_AF_Bact_Treponema_pallidum_subsp_pertenue_str_SamoaD_gene57878631.pdb
-0.557580 -0.754924  0.345246    -6.532584
-0.829749  0.494362 -0.259080    -2.157356
 0.024909 -0.430925 -0.902044    -1.619412
>structures/CysRS_AF_Euk_Arabidopsis_thaliana_gene833874.pdb
-0.268403  0.044329  0.962286    -1.067406
 0.251701 -0.961011  0.114476     2.222560
 0.929842  0.272934  0.246780    -4.032860
>structures/CysRS_AF_Euk_Cyanidioschyzon_merolae_strain_10D_gene16993418.pdb
-0.777099  0.381764  0.500373     3.112427
 0.488240 -0.136032  0.862042     4.656080
 0.397164  0.914194 -0.080683    -7.427736
>structures/CysRS_AF_Euk_Drosophila_melanogaster_gene36784.pdb
-0.905919  0.368526  0.208564     1.383871
 0.368615  0.443912  0.816740    -0.565792
 0.208406  0.816781 -0.537993    -2.812041
>structures/CysRS_AF_Euk_Micromonas_commoda_gene8246535.pdb
 0.881966 -0.464361 -0.080654    -0.683352
 0.427304  0.715611  0.552551     1.970540
-0.198866 -0.521795  0.829568    -3.926403
>structures/CysRS_AF_Mito_Morone_saxatilis_gene118339815.pdb
-0.414987 -0.848209  0.329130    -5.425207
-0.834322  0.210487 -0.509511     4.542415
 0.362894 -0.486041 -0.795029    -3.516486
>structures/CysRS_AF_Mito_Saccharomyces_cerevisiae_S288C_gene855474.pdb
-0.727953 -0.657453 -0.194526     0.097652
-0.577045  0.740715 -0.344036    -0.627173
 0.370276 -0.138191 -0.918585    -3.033181
>structures/CysRS_AF_Vir_Megavirus_chiliensis_gene11257271.pdb
 0.999848  0.000823 -0.017403     0.013141
-0.001005  0.999945 -0.010449     0.004530
 0.017393  0.010464  0.999794     0.326854
>structures/CysRS_PDB_Bact_E_coli_1LI5.pdb
 0.765823  0.600569  0.229852  -134.800142
-0.166388 -0.160204  0.972959   -23.990924
 0.621152 -0.783360 -0.022760    19.582280
>structures/CysRS_PDB_Bact_M_smegmatis_3C8Z.pdb
 0.760935  0.264310 -0.592552   -55.387944
-0.096632 -0.856913 -0.506322    -6.027602
-0.641592  0.442537 -0.626515    -3.452038
