>structures/TyrRS_AF_Euk_Drosophila_melanogaster_gene39829.pdb
 0.577108  0.630844 -0.518635     0.642183
-0.276697  0.748541  0.602598    35.544761
 0.768365 -0.204259  0.606542   -32.586810
>structures/TyrRS_AF_Euk_Homo_sapiens_gene8565.pdb
 0.875770 -0.034422  0.481499    14.439369
 0.239171  0.897362 -0.370861     2.956234
-0.419314  0.439950  0.794116    11.193349
>structures/TyrRS_AF_Euk_Saccharomyces_cerevisiae_S288C_gene853097.pdb
-0.513237  0.383033  0.768032    20.838349
 0.854976  0.306236  0.418611    81.668224
-0.074858  0.871496 -0.484656   -25.746750
>structures/TyrRS_AF_Euk_Seriola_dumerili_gene111223086.pdb
 1.000000 -0.000000  0.000000     0.000000
 0.000000  1.000000  0.000000     0.000000
-0.000000  0.000000  1.000000     0.000000
>structures/TyrRS_AF_Mito_Aspergillus_fumigatus_Af293_gene3509181.pdb
-0.541503  0.229728 -0.808702   -18.584062
-0.190352 -0.970462 -0.148220    35.225855
-0.818865  0.073676  0.569238    -6.222966
