>structures/TyrRS_AF_Arch_Candidatus_Korarchaeum_cryptofilum_OPF8_gene6094625.pdb
 0.340087  0.932002  0.125353   -38.923472
-0.023075  0.141528 -0.989665   -39.223529
-0.940111  0.333680  0.069638    37.457109
>structures/TyrRS_AF_Bact_Bifidobacterium_animalis_subsp_lactis_BLC1_gene66533077.pdb
 0.656545 -0.674750  0.337137    21.625526
 0.724912  0.687961 -0.034811   -14.753483
-0.208448  0.267249  0.940812    -1.843633
>structures/TyrRS_AF_Bact_Brachyspira_pilosicoli_95_1000_gene56440491.pdb
-0.641356  0.362523  0.676195    -7.535885
 0.761707  0.406540  0.504507    18.492056
-0.092005  0.838631 -0.536873    -5.030167
>structures/TyrRS_AF_Bact_Chlamydia_psittaci_6BC_gene12242888.pdb
 0.999839  0.016199 -0.007737    -0.534514
-0.016269  0.999827 -0.009064    -0.075397
 0.007589  0.009188  0.999929    -0.280287
>structures/TyrRS_AF_Bact_Lactococcus_lactis_subsp_cremoris_KW2_gene61108704.pdb
 0.533013 -0.788470  0.306940    24.240151
 0.811856  0.578768  0.076926   -11.662770
-0.238301  0.208188  0.948615     0.468616
>structures/TyrRS_AF_Bact_Porphyromonas_gingivalis_ATCC_33277_gene29255602.pdb
-0.433020 -0.540279 -0.721521    23.276673
-0.835418  0.541136  0.096170   -18.218379
 0.338483  0.644415 -0.685681    -1.206555
>structures/TyrRS_AF_Bact_Prochlorococcus_marinus_subsp_marinus_str_CCMP1375_gene54200747.pdb
 0.662653  0.359262 -0.657131    -8.735329
 0.498671  0.442983  0.745046     3.036562
 0.558765 -0.821399  0.114391   -22.439495
>structures/TyrRS_AF_Bact_Serratia_plymuthica_AS9_gene57666950.pdb
-0.233276 -0.855906 -0.461527    16.690156
 0.968104 -0.249039 -0.027478   -15.541277
-0.091420 -0.453216  0.886700    -5.184397
>structures/TyrRS_AF_Bact_Streptobacillus_moniliformis_DSM_12112_gene29673957.pdb
 0.658930 -0.158056 -0.735411   -10.252711
 0.542221  0.777431  0.318744     2.265197
 0.521352 -0.608785  0.597974   -17.924152
>structures/TyrRS_AF_Euk_Cryptococcus_neoformans_var_neoformans_JEC21_gene3254328.pdb
 0.978417 -0.155665  0.135897     8.491745
 0.175709  0.972839 -0.150700   -10.253214
-0.108747  0.171326  0.979194    -2.010817
>structures/TyrRS_AF_Euk_Drosophila_melanogaster_gene39829.pdb
 0.464607  0.201864 -0.862201   -14.782138
-0.677664  0.707807 -0.199451    16.678690
 0.570010  0.676949  0.465648   -40.184913
>structures/TyrRS_AF_Euk_Homo_sapiens_gene8565.pdb
 0.646289 -0.522462  0.556187     9.326912
 0.738239  0.243575 -0.629027   -36.727430
 0.193170  0.817132  0.543122   -22.058387
>structures/TyrRS_AF_Euk_Seriola_dumerili_gene111223086.pdb
 0.558821  0.634848 -0.533560   -18.256730
-0.559517  0.763520  0.322456    19.074398
 0.612095  0.118341  0.781880   -26.784834
>structures/TyrRS_AF_Mito_Aspergillus_fumigatus_Af293_gene3509181.pdb
 0.647045 -0.657163 -0.386612    24.775819
 0.626632  0.169482  0.760663     6.628387
-0.434356 -0.734447  0.521462    -6.665827
>structures/TyrRS_AF_Mito_Cyanidioschyzon_merolae_strain_10D_gene16996209.pdb
 0.493188 -0.829640  0.261656    24.576022
 0.850535  0.523015  0.055191   -13.906747
-0.182639  0.195327  0.963582     0.693390
>structures/TyrRS_AF_Mito_Homo_sapiens_gene51067.pdb
 0.748044  0.498025  0.438636    21.589548
-0.092920  0.733032 -0.673817   -14.565740
-0.657112  0.463287  0.594617    -2.429474
