>../../../../class1/glu3//data/domains/Catalytic_domain/structures/GluRS-E_AF_Euk_Cyathus_striatus_proteinKAF9013924.1.pdb
 0.899064  0.301817 -0.317161     6.279810
-0.425143  0.774886 -0.467766    -3.941522
 0.104584  0.555391  0.824987     0.429587
>../../../../class1/glu3//data/domains/Catalytic_domain/structures/GluRS-E_AF_Euk_Lichtheimia_hyalospora_proteinKAI7879902.1.pdb
 0.934631 -0.181878 -0.305591    -0.296943
 0.293922  0.878809  0.375905    -0.255607
 0.200187 -0.441152  0.874820    -8.867319
>../../../../class1/glu3//data/domains/Catalytic_domain/structures/GluRS-E_AF_Euk_Medicago_truncatula_gene11407510.pdb
 0.974853  0.015440 -0.222312     6.140026
-0.063191  0.975802 -0.209326     3.409085
 0.213700  0.218111  0.952239     0.183075
>../../../../class1/glu3//data/domains/Catalytic_domain/structures/GluRS-E_AF_Euk_Xylariaceae_sp_FL0804_proteinKAI0483267.1.pdb
-0.961950 -0.213540  0.170448    -3.423134
-0.186466  0.969062  0.161704    -2.738365
-0.199705  0.123769 -0.972008   -10.884675
>../../../../class1/glu3//data/domains/Catalytic_domain/structures/GluRS-E_PDB_Euk_Gallus_gallus_7WRU.pdb
-0.796771 -0.230736 -0.558496    54.318997
 0.604137 -0.324407 -0.727859    58.076300
-0.013236 -0.917345  0.397874   -53.507175
>../../../../class1/lys//data/domains/Catalytic_domain/structures/LysRS-I_AF_Arch_Candidatus_Bathyarchaeota_archaeon_proteinRJS75864.1.pdb
-0.642026 -0.718858  0.266543    -2.599794
-0.750531  0.518309 -0.409950     1.130850
 0.156544 -0.463247 -0.872294     0.235636
>../../../../class1/lys//data/domains/Catalytic_domain/structures/LysRS-I_AF_Arch_Candidatus_Nitrosopumilus_koreensis_AR1_gene13726042.pdb
-0.335268  0.556871  0.759928    -6.987810
 0.614295 -0.482353  0.624482     1.360482
 0.714309  0.676188 -0.180365    -1.179812
>../../../../class1/lys//data/domains/Catalytic_domain/structures/LysRS-I_AF_Arch_Ferroplasma_acidarmanus_Fer1_gene16025146.pdb
-0.717068 -0.675867  0.170343    -4.431910
-0.675031  0.612526 -0.411272    -2.472776
 0.173626 -0.409897 -0.895455    -2.162327
>../../../../class1/lys//data/domains/Catalytic_domain/structures/LysRS-I_AF_Arch_Halorubrum_lacusprofundi_ATCC_49239_gene7400505.pdb
 1.000000  0.000000  0.000000     0.000000
 0.000000  1.000000  0.000000     0.000000
 0.000000  0.000000  1.000000     0.000000
>../../../../class1/lys//data/domains/Catalytic_domain/structures/LysRS-I_AF_Bact_Cereibacter_sphaeroides_KD131_gene67447319.pdb
 0.646176 -0.636516 -0.421074    -4.452207
 0.677475  0.224361  0.700492     1.297387
-0.351402 -0.737909  0.576201    -5.066912
>../../../../class1/lys//data/domains/Catalytic_domain/structures/LysRS-I_AF_Bact_Cyanobacteria_bacterium_J007_proteinRMH73500.1.pdb
-0.371024 -0.717482  0.589543    -1.793768
-0.837011 -0.016572 -0.546935     1.579262
 0.402186 -0.696380 -0.594392     1.369006
>../../../../class1/lys//data/domains/Catalytic_domain/structures/LysRS-I_AF_Bact_Streptomyces_albidoflavus_gene15147364.pdb
-0.513349  0.534368  0.671509    -2.575600
 0.455844 -0.493176  0.740935     3.326684
 0.727103  0.686461  0.009583    -1.453130
>../../../../class1/lys//data/domains/Catalytic_domain/structures/LysRS-I_AF_Bact_Treponema_denticola_ATCC_35405_gene2739918.pdb
-0.518936  0.591223  0.617382    -2.685482
 0.382974 -0.484899  0.786259     3.442402
 0.764223  0.644459  0.025208    -1.335429
>../../../../class1/lys//data/domains/Catalytic_domain/structures/LysRS-I_PDB_Arch_P_hori_1IRX.pdb
 0.333984  0.576943 -0.745380    13.229696
-0.741323  0.649179  0.170314    -1.019091
 0.582147  0.495685  0.644517   -91.845947
