>../../../../class2/asp2//data/domains/Catalytic_domain/structures/AspRS-E_AF_Euk_Caenorhabditis_elegans_gene176334.pdb
 0.999314 -0.010773 -0.035437    -2.256670
 0.008681  0.998241 -0.058645    -0.495400
 0.036007  0.058298  0.997650     1.986980
>../../../../class2/asp2//data/domains/Catalytic_domain/structures/AspRS-E_AF_Euk_Cryptococcus_neoformans_var_neoformans_JEC21_gene3258977.pdb
 0.322479 -0.791859 -0.518621    -1.837323
 0.373641 -0.396915  0.838362   -12.616939
-0.869713 -0.464132  0.167874    -0.522595
>../../../../class2/asp2//data/domains/Catalytic_domain/structures/AspRS-E_AF_Euk_Thalassiosira_pseudonana_CCMP1335_gene7443135.pdb
 0.994434 -0.101788 -0.027202    -0.448839
 0.103617  0.991597  0.077455     0.488605
 0.019089 -0.079843  0.996625     0.902201
>../../../../class2/asp2//data/domains/Catalytic_domain/structures/AspRS-E_AF_Euk_Theileria_orientalis_strain_Shintoku_gene20715543.pdb
 0.993889  0.076854 -0.079234    -3.146629
-0.090697  0.977717 -0.189324    -0.428281
 0.062918  0.195353  0.978713     2.349353
>../../../../class2/asp2//data/domains/Catalytic_domain/structures/AspRS-E_PDB_Euk_S_cerevisiae_1EOV.pdb
-0.284719  0.043491  0.957624   -53.558643
 0.587621 -0.781357  0.210197     1.245099
 0.757388  0.622567  0.196911   -15.859274
>../../../../class2/asp2//data/domains/Catalytic_domain/structures/AsxRS_AF_Arch_Candidatus_Korarchaeum_cryptofilum_OPF8_gene6094477.pdb
 0.942364 -0.323067 -0.087056     1.684270
 0.312770  0.758146  0.572179     1.668103
-0.118851 -0.566429  0.815495    -0.604290
>../../../../class2/asp2//data/domains/Catalytic_domain/structures/AsxRS_AF_Arch_Candidatus_Methanomassiliicoccus_intestinalis_Issoire-Mx1_gene16154831.pdb
 0.874131 -0.457980 -0.161710     0.449533
 0.445683  0.624036  0.641830     1.358705
-0.193032 -0.633114  0.749603     0.149879
>../../../../class2/asp2//data/domains/Catalytic_domain/structures/AsxRS_AF_Arch_Candidatus_Nitrosopumilus_koreensis_AR1_gene13725312.pdb
 0.502015 -0.709599 -0.494419     3.533852
 0.715918  0.020224  0.697892     6.292143
-0.485224 -0.704316  0.518167     0.697192
>../../../../class2/asp2//data/domains/Catalytic_domain/structures/AsxRS_AF_Arch_Methanobacterium_lacus_gene10277817.pdb
 0.046477 -0.527856 -0.848062     0.382821
 0.566337 -0.685424  0.457663     7.197042
-0.822862 -0.501560  0.267088    -0.761593
>../../../../class2/asp2//data/domains/Catalytic_domain/structures/AsxRS_AF_Bact_Clostridium_acetobutylicum_DSM_1731_gene45000055.pdb
 1.000000  0.000000  0.000000     0.000000
 0.000000  1.000000  0.000000     0.000000
 0.000000  0.000000  1.000000     0.000000
>../../../../class2/asp2//data/domains/Catalytic_domain/structures/AsxRS_AF_Bact_Spirochaetes_bacterium_GWE1_32_154_proteinOHD39701.1.pdb
 0.336791 -0.535645 -0.774374     1.435585
 0.642090 -0.470881  0.604973     1.551704
-0.688689 -0.700967  0.185344     0.431805
>../../../../class2/asp2//data/domains/Catalytic_domain/structures/AsxRS_AF_Bact_Tropheryma_whipplei_TW08_27_gene67388547.pdb
-0.000132  0.432312  0.901724     1.004786
 0.642092 -0.691250  0.331498     1.447699
 0.766627  0.579034 -0.277493     0.351453
>../../../../class2/asp2//data/domains/Catalytic_domain/structures/AsxRS_PDB_Arch_T_kodarensis_1b8a.pdb
 0.295470 -0.519416  0.801814   -29.795049
-0.763494 -0.632875 -0.128629    38.496132
 0.574260 -0.574174 -0.583566     6.630399
>../../../../class2/asp2//data/domains/Catalytic_domain/structures/AsxRS_PDB_Bact_T_thermophilus_1n9w.pdb
 0.615217 -0.749031  0.245888   -38.926255
-0.681057 -0.662064 -0.312780    43.416361
 0.397076  0.024964 -0.917446    44.661959
>../../../../class2/ser1//data/domains/Catalytic_domain/structures/SerRS_AF_Arch_Candidatus_Methanomassiliicoccus_intestinalis_Issoire-Mx1_gene16154337.pdb
 0.889508 -0.183722  0.418357     9.972349
-0.003757  0.912630  0.408769    -3.163456
-0.456905 -0.365175  0.811101   -12.248175
>../../../../class2/ser1//data/domains/Catalytic_domain/structures/SerRS_AF_Arch_Methanospirillum_hungatei_JF-1_gene3924775.pdb
-0.594370 -0.279400 -0.754096    10.336778
-0.045546 -0.924506  0.378437     1.385256
-0.802901  0.259277  0.536773   -14.564430
>../../../../class2/ser1//data/domains/Catalytic_domain/structures/SerRS_AF_Arch_Nitrosopumilus_maritimus_SCM1_gene5773574.pdb
 0.473077 -0.675690  0.565368    14.769035
-0.143344 -0.692200 -0.707327    -1.082909
 0.869282  0.253578 -0.424321   -11.650989
>../../../../class2/ser1//data/domains/Catalytic_domain/structures/SerRS_AF_Arch_Thermoproteus_uzoniensis_768-20_gene10361450.pdb
 0.131682 -0.957930  0.255012    14.081995
-0.436084 -0.287001 -0.852913    -2.685737
 0.890219  0.001107 -0.455530    -9.343134
>../../../../class2/ser1//data/domains/Catalytic_domain/structures/SerRS_AF_Bact_Bifidobacterium_longum_subsp_longum_JCM_1217_gene69578844.pdb
 0.262900  0.959739 -0.098919     7.513992
-0.903157  0.208734 -0.375151    -0.245508
-0.339399  0.187967  0.921671   -13.520042
>../../../../class2/ser1//data/domains/Catalytic_domain/structures/SerRS_AF_Bact_Brucella_suis_1330_gene45051948.pdb
-0.266285 -0.951598  0.153469    12.552742
-0.526146  0.010093 -0.850334    -0.342218
 0.807628 -0.307178 -0.503368   -14.192997
>../../../../class2/ser1//data/domains/Catalytic_domain/structures/SerRS_AF_Bact_Chlamydia_psittaci_6BC_gene12242544.pdb
-0.066130 -0.947672 -0.312322    11.909316
 0.436844 -0.308913  0.844831    -0.742047
-0.897103 -0.080568  0.434413   -12.364198
>../../../../class2/ser1//data/domains/Catalytic_domain/structures/SerRS_AF_Bact_Clostridium_acetobutylicum_DSM_1731_gene44996495.pdb
 0.383018 -0.702128  0.600261    11.359707
-0.308464 -0.709731 -0.633350     2.053546
 0.870717  0.057426 -0.488420   -15.255375
>../../../../class2/ser1//data/domains/Catalytic_domain/structures/SerRS_AF_Bact_Mycoplasma_hyopneumoniae_168-L_gene57101125.pdb
-0.253416 -0.641337 -0.724201    10.213657
 0.314422 -0.762598  0.565316    -1.822949
-0.914833 -0.084445  0.394905   -14.100850
>../../../../class2/ser1//data/domains/Catalytic_domain/structures/SerRS_AF_Bact_Prochlorococcus_marinus_subsp_marinus_str_CCMP1375_gene54200639.pdb
-0.337197 -0.896688 -0.286790     9.326801
-0.444910  0.420247 -0.790852    -5.327289
 0.829671 -0.139078 -0.540651   -11.441390
>../../../../class2/ser1//data/domains/Catalytic_domain/structures/SerRS_AF_Bact_Streptobacillus_moniliformis_DSM_12112_gene29673293.pdb
-0.141231 -0.969898  0.198374    12.490936
-0.507093 -0.101223 -0.855927     0.535296
 0.850242 -0.221477 -0.477532   -14.194705
>../../../../class2/ser1//data/domains/Catalytic_domain/structures/SerRS_AF_Bact_Treponema_pallidum_subsp_pertenue_str_SamoaD_gene57879171.pdb
-0.567302 -0.502339 -0.652552    11.856672
 0.151625 -0.842571  0.516801     0.830901
-0.809431  0.194240  0.554160   -13.473540
>../../../../class2/ser1//data/domains/Catalytic_domain/structures/SerRS_AF_Euk_Cyanidioschyzon_merolae_strain_10D_gene16995416.pdb
-0.553664  0.448076 -0.701914     9.541694
-0.579251 -0.812792 -0.061948     1.799355
-0.598267  0.372286  0.709563   -14.098464
>../../../../class2/ser1//data/domains/Catalytic_domain/structures/SerRS_AF_Euk_Thunnus_albacares_gene122982782.pdb
 0.147666  0.976173 -0.158998     8.010963
-0.939215  0.088023 -0.331854    -0.995692
-0.309951  0.198337  0.929835   -15.635060
>../../../../class2/ser1//data/domains/Catalytic_domain/structures/SerRS_AF_Euk_Trichomonas_vaginalis_G3_gene4762654.pdb
-0.105962 -0.685621 -0.720205     9.738619
 0.012942 -0.725172  0.688446    -0.433951
-0.994286  0.063628  0.085714   -13.370005
>../../../../class2/ser1//data/domains/Catalytic_domain/structures/SerRS_AF_Euk_Vitis_vinifera_gene100261399.pdb
-0.125640  0.909824 -0.395518     8.382110
-0.897991 -0.273759 -0.344483     0.720978
-0.421696  0.311891  0.851409   -14.272850
>../../../../class2/ser1//data/domains/Catalytic_domain/structures/SerRS_AF_Mito_Cervus_elaphus_gene122688911.pdb
-0.434217 -0.864757 -0.252291     8.763188
-0.454032  0.451993 -0.767826    -6.930485
 0.778017 -0.218855 -0.588891   -11.010704
>../../../../class2/ser1//data/domains/Catalytic_domain/structures/SerRS_AF_Mito_Drechmeria_coniospora_gene63718051.pdb
 0.008515 -0.820474 -0.571620     9.542428
 0.374951 -0.527314  0.762465    -2.732208
-0.927006 -0.220821  0.303148   -14.536948
>../../../../class2/ser1//data/domains/Catalytic_domain/structures/SerRS_PDB_Bact_K_pneumoniae_6h9x.pdb
 0.412695 -0.910785 -0.012376   -14.481767
 0.878093  0.401420 -0.260413    19.403329
 0.242148  0.096604  0.965418     0.458720
>../../../../class2/ser1//data/domains/Catalytic_domain/structures/SerRS_PDB_Bact_T_thermophilus_1ser.pdb
-0.119608  0.986260  0.113951   -38.639508
 0.647260  0.164492 -0.744309   -57.100998
-0.752827 -0.015270 -0.658042   112.799785
>../../../../class2/ser1//data/domains/Catalytic_domain/structures/SerRS_PDB_Mito_B_taurus_1wle.pdb
 0.528344  0.557986 -0.639925    -2.698378
 0.796194 -0.587357  0.145216   -48.006761
-0.294836 -0.586228 -0.754591    83.215170
