>../../../../class2/asn//data/domains/Catalytic_domain/structures/AsnRS_AF_Arch_Candidatus_Korarchaeum_cryptofilum_OPF8_gene6094562.pdb
 0.085667  0.119435  0.989139    -5.149148
-0.038338 -0.991659  0.123059     4.403356
 0.995586 -0.048464 -0.080374    -2.344258
>../../../../class2/asn//data/domains/Catalytic_domain/structures/AsnRS_AF_Arch_Candidatus_Nitrososphaera_gargensis_Ga92_gene13796664.pdb
 0.386752  0.645892 -0.658214    -6.630550
-0.634372 -0.331709 -0.698242     2.911935
-0.669324  0.687599  0.281447    -3.986127
>../../../../class2/asn//data/domains/Catalytic_domain/structures/AsnRS_AF_Arch_Ferroplasma_acidarmanus_Fer1_gene16025664.pdb
 0.994890 -0.099461 -0.017388    -0.091562
 0.096774  0.988431 -0.116789    -1.028655
 0.028803  0.114509  0.993005     0.661653
>../../../../class2/asn//data/domains/Catalytic_domain/structures/AsnRS_AF_Arch_Pyrococcus_sp_ST04_gene13021535.pdb
 0.999292 -0.015270 -0.034377    -0.587300
 0.010619  0.991243 -0.131623    -1.465971
 0.036086  0.131165  0.990704    -0.175119
>../../../../class2/asn//data/domains/Catalytic_domain/structures/AsnRS_AF_Bact_Clostridium_acetobutylicum_DSM_1731_gene44999755.pdb
 0.293222  0.703147 -0.647769    -7.320151
-0.634779 -0.363460 -0.681875     4.257757
-0.714896  0.611131  0.339768    -2.750979
>../../../../class2/asn//data/domains/Catalytic_domain/structures/AsnRS_AF_Bact_Mycoplasma_hyopneumoniae_168-L_gene57101291.pdb
 0.956043  0.291921 -0.027634    -0.589604
-0.282274  0.890722 -0.356279    -2.353730
-0.079392  0.348418  0.933971    -1.342347
>../../../../class2/asn//data/domains/Catalytic_domain/structures/AsnRS_AF_Bact_Porphyromonas_gingivalis_ATCC_33277_gene29256423.pdb
 0.994641  0.100040  0.026115    -1.409705
-0.095641  0.986195 -0.135173    -0.432617
-0.039277  0.131951  0.990478    -1.390012
>../../../../class2/asn//data/domains/Catalytic_domain/structures/AsnRS_AF_Bact_Streptobacillus_moniliformis_DSM_12112_gene29673200.pdb
 0.229208  0.711707 -0.664031    -7.104215
-0.589726 -0.441199 -0.676436     4.129515
-0.774394  0.546641  0.318586    -3.023695
>../../../../class2/asn//data/domains/Catalytic_domain/structures/AsnRS_AF_Bact_Thermus_thermophilus_HB8_gene3168522.pdb
 0.936746  0.348749 -0.029682    -1.040259
-0.318694  0.814801 -0.484286    -3.199642
-0.144709  0.463113  0.874406    -1.463059
>../../../../class2/asn//data/domains/Catalytic_domain/structures/AsnRS_AF_Bact_Treponema_pallidum_subsp_pertenue_str_SamoaD_gene57879132.pdb
 0.376770  0.691264 -0.616602    -7.537527
-0.644563 -0.282423 -0.710476     3.940543
-0.665269  0.665125  0.339155    -3.729604
>../../../../class2/asn//data/domains/Catalytic_domain/structures/AsnRS_AF_Bact_unclassified_Blastocatellia_proteinRPI49177.1.pdb
 0.835420  0.537787 -0.113396    -2.480443
-0.480047  0.613513 -0.627022    -3.103968
-0.267634  0.578262  0.770704    -2.669938
>../../../../class2/asn//data/domains/Catalytic_domain/structures/AsnRS_AF_Euk_Candida_albicans_SC5314_gene3646227.pdb
 0.989725  0.071925 -0.123577    -4.504657
-0.103308  0.957229 -0.270258    -3.418283
 0.098853  0.280248  0.954824     1.406277
>../../../../class2/asn//data/domains/Catalytic_domain/structures/AsnRS_AF_Euk_Cryptococcus_gattii_WM276_gene10190222.pdb
 0.965886  0.101185 -0.238382    -7.851950
-0.176189  0.931390 -0.318545    -3.467370
 0.189795  0.349678  0.917444     1.370903
>../../../../class2/asn//data/domains/Catalytic_domain/structures/AsnRS_AF_Euk_Encephalitozoon_intestinalis_ATCC_50506_gene9698489.pdb
 1.000000  0.000000  0.000000     0.000000
 0.000000  1.000000  0.000000     0.000000
 0.000000  0.000000  1.000000     0.000000
>../../../../class2/asn//data/domains/Catalytic_domain/structures/AsnRS_AF_Euk_Vitis_vinifera_gene100257593.pdb
 0.258082  0.840054 -0.477182    -8.150053
-0.474801 -0.319869 -0.819907     6.591362
-0.841402  0.438170  0.316306    -5.260615
>../../../../class2/asn//data/domains/Catalytic_domain/structures/AsnRS_AF_Mito_Homo_sapiens_gene79731.pdb
 0.037199 -0.495554  0.867780    -5.864463
-0.425053 -0.793758 -0.435062     1.399959
 0.904404 -0.352669 -0.240164    -1.862042
>../../../../class2/asn//data/domains/Catalytic_domain/structures/AsnRS_AF_Mito_Zeugodacus_cucurbitae_gene105213230.pdb
-0.998746  0.047360 -0.016221    -9.431628
 0.039904  0.948819  0.313288     1.525896
 0.030229  0.312248 -0.949520    -4.937322
>../../../../class2/asn//data/domains/Catalytic_domain/structures/AsnRS_PDB_Arch_P_horikoshii_1X54.pdb
 0.244429 -0.438423  0.864893   -28.626739
-0.965450 -0.026942  0.259190   -11.909206
-0.090333 -0.898365 -0.429861    12.409920
>../../../../class2/asn//data/domains/Catalytic_domain/structures/AsnRS_PDB_Bact_E_anophelis_6pqh.pdb
 0.034345 -0.153503 -0.987551   -61.398846
-0.167316 -0.975071  0.145744     8.166935
-0.985305  0.160228 -0.059173   -18.756096
>../../../../class2/phe2//data/domains/Catalytic_domain/structures/PheRS-Bβ_AF_Bact_Brachyspira_pilosicoli_95_1000_gene56440382.pdb
 0.158304  0.613573 -0.773607   -20.917134
-0.440475  0.745091  0.500820    27.271887
 0.883697  0.261473  0.388215   -11.802390
>../../../../class2/phe2//data/domains/Catalytic_domain/structures/PheRS-Bβ_AF_Bact_Chlamydia_psittaci_6BC_gene12242429.pdb
 0.320435 -0.639202 -0.699101   -18.928298
-0.743813 -0.626778  0.232146    30.770002
-0.586569  0.445613 -0.676288    -9.297036
>../../../../class2/phe2//data/domains/Catalytic_domain/structures/PheRS-Bβ_AF_Bact_Ferrimonas_balearica_DSM_9799_gene67181907.pdb
 0.999320  0.035749  0.009015   -22.386829
 0.003183 -0.327255  0.944931    29.867651
 0.036730 -0.944260 -0.327146    -8.673346
>../../../../class2/phe2//data/domains/Catalytic_domain/structures/PheRS-Bβ_AF_Bact_Lacticaseibacillus_paracasei_gene61269867.pdb
-0.067888  0.530219 -0.845138   -20.479880
-0.571965  0.673386  0.468410    30.674417
 0.817464  0.515188  0.257552   -15.984272
>../../../../class2/phe2//data/domains/Catalytic_domain/structures/PheRS-Bβ_AF_Bact_Mycobacterium_intracellulare_ATCC_13950_gene11909688.pdb
 0.779372 -0.593440 -0.201019   -20.989030
-0.310683 -0.644634  0.698515    31.036752
-0.544110 -0.481950 -0.686781    -9.357132
>../../../../class2/phe2//data/domains/Catalytic_domain/structures/PheRS-Bβ_AF_Bact_Mycoplasma_hyopneumoniae_168-L_gene57101148.pdb
-0.209770  0.122536 -0.970042   -29.678517
-0.941582  0.242029  0.234189    30.057906
 0.263475  0.962500  0.064608   -12.803478
>../../../../class2/phe2//data/domains/Catalytic_domain/structures/PheRS-Bβ_AF_Bact_Porphyromonas_gingivalis_ATCC_33277_gene29257179.pdb
-0.689795  0.453195  0.564622   -22.059696
-0.048304  0.749314 -0.660451    25.162880
-0.722392 -0.482849 -0.494982    -9.309505
>../../../../class2/phe2//data/domains/Catalytic_domain/structures/PheRS-Bβ_AF_Bact_Prochlorococcus_marinus_subsp_marinus_str_CCMP1375_gene54200309.pdb
 0.276881 -0.764015 -0.582768   -19.428856
-0.849324 -0.478243  0.223455    31.848961
-0.449428  0.433088 -0.781313    -9.171392
>../../../../class2/phe2//data/domains/Catalytic_domain/structures/PheRS-Bβ_AF_Euk_Didymosphenia_geminata_gene19740299.pdb
 0.029744 -0.048349 -0.998388   -19.047633
-0.991348  0.126327 -0.035652    26.931679
 0.127847  0.990810 -0.044174    -8.836999
>../../../../class2/phe2//data/domains/Catalytic_domain/structures/PheRS-Bβ_AF_Euk_Gracilariopsis_tenuifrons_gene68635617.pdb
-0.455627 -0.331364  0.826197   -26.850242
 0.853732  0.100171  0.510987    18.908503
-0.252084  0.938170  0.237256    -6.340692
>../../../../class2/phe2//data/domains/Catalytic_domain/structures/PheRS-Bβ_PDB_Bact.B_E_coli_3PCO.pdb
-0.335417  0.934196  0.121542   -24.752319
-0.525778 -0.078582 -0.846984    56.006776
-0.781699 -0.347998  0.517538   -52.042228
>../../../../class2/phe2//data/domains/Catalytic_domain/structures/PheRS-Bβ_PDB_Bact.B_T_thermophilus_1PYS.pdb
-0.466904 -0.809887 -0.355084    45.301142
-0.785999  0.564073 -0.253037     5.479557
 0.405224  0.160952 -0.899938    -4.383865
