>structures/GlyRS-A_AF_Arch_Candidatus_Nitrosopumilus_sediminis_gene13697160.pdb
 0.967674  0.243275  0.066518    -0.005995
-0.225366  0.952476 -0.204940     0.082257
-0.113214  0.183324  0.976512    -0.136187
>structures/GlyRS-A_AF_Arch_Candidatus_Woesearchaeota_archaeon_proteinMBT4248212.1.pdb
-0.055153  0.295670 -0.953697    -0.632954
 0.049445 -0.953170 -0.298366     2.091139
-0.997253 -0.063611  0.037951     1.148869
>structures/GlyRS-A_AF_Arch_Sulfolobus_islandicus_YN1551_gene7810979.pdb
-0.313162 -0.627292  0.713046     1.302988
-0.708649 -0.345501 -0.615180    -2.021374
 0.632255 -0.697950 -0.336331     0.880810
>structures/GlyRS-A_AF_Arch_Thermoplasma_acidophilum_DSM_1728_gene1455843.pdb
 1.000000  0.000000  0.000000     0.000000
 0.000000  1.000000  0.000000     0.000000
 0.000000  0.000000  1.000000     0.000000
>structures/GlyRS-A_AF_Bact_Capnocytophaga_ochracea_DSM_7271_gene29675716.pdb
 0.074956 -0.585953  0.806871    -1.441068
-0.582736 -0.682346 -0.441388     0.516462
 0.809197 -0.437108 -0.392602     0.368637
>structures/GlyRS-A_AF_Bact_Corynebacterium_ulcerans_809_gene75260805.pdb
 0.173749 -0.724786 -0.666706     1.185376
 0.936413 -0.087988  0.339690    -0.365503
-0.304865 -0.683332  0.663411     4.247525
>structures/GlyRS-A_AF_Bact_Treponema_denticola_ATCC_35405_gene2741635.pdb
-0.772849 -0.631379  0.063758    -0.594722
-0.630231  0.775413  0.039296     1.308402
-0.074249 -0.009812 -0.997191     3.928605
>structures/GlyRS-A_PDB_Bact_T_thermophilus_1ati.pdb
-0.764381 -0.260167  0.589945     9.666180
 0.634796 -0.463942  0.617893   -20.171793
 0.112945  0.846800  0.519781   -49.394374
