>structures/PheRS-Bα_AF_Bact_Brachyspira_pilosicoli_95_1000_gene56440383.pdb
 0.097229 -0.987584  0.123384     5.576569
-0.199630 -0.140804 -0.969702     9.265010
 0.975036  0.069652 -0.210842    -5.368877
>structures/PheRS-Bα_AF_Bact_Chlamydia_psittaci_6BC_gene12243227.pdb
-0.741923 -0.568906 -0.354820     5.730419
-0.398869  0.799870 -0.448456     6.183284
 0.538938 -0.191193 -0.820360    -3.799060
>structures/PheRS-Bα_AF_Bact_Ferrimonas_balearica_DSM_9799_gene67181906.pdb
 0.294500 -0.493051 -0.818639     2.830330
 0.420589 -0.702336  0.574308     4.827991
-0.858123 -0.513444  0.000534    -3.663153
>structures/PheRS-Bα_AF_Bact_Mycobacterium_intracellulare_ATCC_13950_gene11909689.pdb
 0.263124  0.814081 -0.517724    -2.013294
-0.653978 -0.244021 -0.716077    -1.130381
-0.709280  0.526997  0.468183    -3.321776
>structures/PheRS-Bα_AF_Bact_Mycoplasma_capricolum_subsp_capricolum_ATCC_27343_gene23778662.pdb
 0.346377 -0.663893 -0.662774     3.188661
 0.665247 -0.324298  0.672515     7.734059
-0.661414 -0.673852  0.329323    -2.944845
>structures/PheRS-Bα_AF_Bact_Porphyromonas_gingivalis_ATCC_33277_gene29256875.pdb
-0.439873 -0.878760 -0.185182     6.203944
-0.126483  0.264768 -0.955981     7.182794
 0.889108 -0.397088 -0.227612    -8.263215
>structures/PheRS-Bα_AF_Bact_Prochlorococcus_marinus_subsp_marinus_str_CCMP1375_gene54200681.pdb
 1.000000  0.000000  0.000000     0.000000
 0.000000  1.000000  0.000000     0.000000
 0.000000  0.000000  1.000000     0.000000
>structures/PheRS-Bα_AF_Bact_Staphylococcus_argenteus_gene66839332.pdb
 0.836036 -0.507883 -0.207600     6.558188
 0.537824  0.683701  0.493253     3.994218
-0.108578 -0.524030  0.844750     0.158337
>structures/PheRS-Bα_PDB_Bact.A_E_coli_3PCO.pdb
 0.805058 -0.410779  0.427951    -0.445101
 0.581135  0.690892 -0.430059    47.000527
-0.119009  0.594920  0.794926   -56.144269
>structures/PheRS-Bα_PDB_Bact.A_T_thermophilus_1PYS.pdb
 0.734440  0.019770  0.678386   -16.914801
-0.622375 -0.378993  0.684846    28.150920
 0.270643 -0.925188 -0.266043    41.109854
