>../../../../class1/glu3//data/domains/Catalytic_domain/structures/GluRS-E_AF_Euk_Cyathus_striatus_proteinKAF9013924.1.pdb
-0.336738 -0.274732  0.900628    -8.089497
-0.238706 -0.900334 -0.363892     0.133383
 0.910839 -0.337521  0.237596     6.112034
>../../../../class1/glu3//data/domains/Catalytic_domain/structures/GluRS-E_AF_Euk_Lichtheimia_hyalospora_proteinKAI7879902.1.pdb
-0.672691 -0.548981  0.496091   -11.051981
-0.650416  0.119072 -0.750187     8.343979
 0.352767 -0.827310 -0.437165    -1.549296
>../../../../class1/glu3//data/domains/Catalytic_domain/structures/GluRS-E_AF_Euk_Medicago_truncatula_gene11407510.pdb
-0.513036 -0.384199  0.767584   -11.975826
-0.555359 -0.533281 -0.638113    -3.481501
 0.654501 -0.753659  0.060224     0.093234
>../../../../class1/glu3//data/domains/Catalytic_domain/structures/GluRS-E_AF_Euk_Xylariaceae_sp_FL0804_proteinKAI0483267.1.pdb
 0.643430 -0.280078 -0.712428    -8.371468
 0.604103 -0.385829  0.697277    12.541391
-0.470168 -0.879029 -0.079058    -1.873840
>../../../../class1/glu3//data/domains/Catalytic_domain/structures/GluRS-E_PDB_Euk_Gallus_gallus_7WRU.pdb
 0.236873 -0.190377  0.952706  -101.155389
 0.119125  0.978905  0.165994     1.301875
-0.964210  0.074171  0.254555   -16.439552
>../../../../class1/tyr//data/domains/Catalytic_domain/structures/TyrRS_AF_Arch_Candidatus_Korarchaeum_cryptofilum_OPF8_gene6094625.pdb
-0.683002 -0.727179  0.068696    -0.220121
-0.646040  0.557543 -0.521323     3.478740
 0.340795 -0.400445 -0.850590    -3.880740
>../../../../class1/tyr//data/domains/Catalytic_domain/structures/TyrRS_AF_Arch_Desulfurococcus_amylolyticus_1221n_gene7171652.pdb
-0.994770 -0.068686  0.075594     0.508144
-0.075493  0.992966 -0.091211     4.300062
-0.068797 -0.096441 -0.992958    -4.950115
>../../../../class1/tyr//data/domains/Catalytic_domain/structures/TyrRS_AF_Arch_Methanothermococcus_okinawensis_IH1_gene10772133.pdb
 0.120896  0.181411  0.975948    -0.686373
 0.504875 -0.857737  0.096896     6.476677
 0.854684  0.481017 -0.195287    -7.420950
>../../../../class1/tyr//data/domains/Catalytic_domain/structures/TyrRS_AF_Arch_Thermoplasma_acidophilum_DSM_1728_gene1456112.pdb
 0.884073  0.407547 -0.228737     3.797148
-0.359224  0.905663  0.225240     0.276009
 0.298955 -0.116960  0.947072    -2.492077
>../../../../class1/tyr//data/domains/Catalytic_domain/structures/TyrRS_AF_Bact_Bifidobacterium_animalis_subsp_lactis_BLC1_gene66533077.pdb
-0.959483 -0.255487  0.118819    -5.281140
-0.205211  0.922593  0.326666     1.636319
-0.193080  0.289047 -0.937642    -3.047111
>../../../../class1/tyr//data/domains/Catalytic_domain/structures/TyrRS_AF_Bact_Brachyspira_pilosicoli_95_1000_gene56440491.pdb
 0.984721 -0.090368 -0.148859     2.508958
 0.148726  0.881090  0.448956     4.138601
 0.090587 -0.464235  0.881068    -1.048413
>../../../../class1/tyr//data/domains/Catalytic_domain/structures/TyrRS_AF_Bact_Chlamydia_psittaci_6BC_gene12242888.pdb
-0.984458 -0.074026  0.159259    -0.063533
-0.009260  0.927443  0.373850     2.394525
-0.175378  0.366565 -0.913714    -3.731949
>../../../../class1/tyr//data/domains/Catalytic_domain/structures/TyrRS_AF_Bact_Lactococcus_lactis_subsp_cremoris_KW2_gene61108704.pdb
-0.992061 -0.074931  0.100999    -4.620477
-0.029633  0.919778  0.391318     2.517885
-0.122219  0.385218 -0.914696    -1.833155
>../../../../class1/tyr//data/domains/Catalytic_domain/structures/TyrRS_AF_Bact_Porphyromonas_gingivalis_ATCC_33277_gene29255602.pdb
 1.000000  0.000000  0.000000     0.000000
 0.000000  1.000000  0.000000     0.000000
 0.000000  0.000000  1.000000     0.000000
>../../../../class1/tyr//data/domains/Catalytic_domain/structures/TyrRS_AF_Bact_Prochlorococcus_marinus_subsp_marinus_str_CCMP1375_gene54200747.pdb
-0.628149  0.334168  0.702681    -0.947681
 0.647378 -0.276548  0.710227     2.664264
 0.431660  0.901029 -0.042619    -5.023206
>../../../../class1/tyr//data/domains/Catalytic_domain/structures/TyrRS_AF_Bact_Serratia_plymuthica_AS9_gene57666950.pdb
-0.482532  0.769519  0.418334    -6.016342
 0.622977 -0.034201  0.781492     0.630445
 0.615680  0.637708 -0.462890    -3.286094
>../../../../class1/tyr//data/domains/Catalytic_domain/structures/TyrRS_AF_Bact_Streptobacillus_moniliformis_DSM_12112_gene29673957.pdb
-0.691696  0.658881  0.295689    -5.707410
 0.606162  0.307105  0.733658     8.721465
 0.392586  0.686704 -0.611812    -6.322300
>../../../../class1/tyr//data/domains/Catalytic_domain/structures/TyrRS_AF_Euk_Cryptococcus_neoformans_var_neoformans_JEC21_gene3254328.pdb
-0.957226  0.118637  0.263901    -4.273045
 0.255801  0.773235  0.580235     1.849072
-0.135221  0.622922 -0.770508    -3.599104
>../../../../class1/tyr//data/domains/Catalytic_domain/structures/TyrRS_AF_Euk_Drosophila_melanogaster_gene39829.pdb
 0.587596  0.721050 -0.367176     3.954627
 0.257088  0.263899  0.929658     2.651000
 0.767227 -0.640659 -0.030307     3.849234
>../../../../class1/tyr//data/domains/Catalytic_domain/structures/TyrRS_AF_Euk_Plasmodium_falciparum_3D7_gene2655248.pdb
-0.960114 -0.225488 -0.165336     0.066727
-0.078145  0.784144 -0.615639     3.333809
 0.268467 -0.578163 -0.770489    -7.182959
>../../../../class1/tyr//data/domains/Catalytic_domain/structures/TyrRS_AF_Euk_Seriola_dumerili_gene111223086.pdb
 0.589908  0.499724  0.634259     5.542091
 0.120032 -0.831032  0.543120     3.938192
 0.798499 -0.244259 -0.550215     4.507692
>../../../../class1/tyr//data/domains/Catalytic_domain/structures/TyrRS_AF_Mito_Aspergillus_fumigatus_Af293_gene3509181.pdb
 0.511898 -0.805151 -0.299486     3.033608
-0.650255 -0.590989  0.477389    -0.464936
-0.561363 -0.049632 -0.826080   -13.995864
>../../../../class1/tyr//data/domains/Catalytic_domain/structures/TyrRS_AF_Mito_Cyanidioschyzon_merolae_strain_10D_gene16996209.pdb
-0.977418  0.004449  0.211266    -4.026987
 0.147416  0.730668  0.666628     2.450829
-0.151400  0.682718 -0.714825    -4.761770
>../../../../class1/tyr//data/domains/Catalytic_domain/structures/TyrRS_AF_Vir_Megavirus_chiliensis_gene11257765.pdb
 0.425709  0.180781  0.886617     1.692310
 0.091907 -0.983410  0.156388     4.658544
 0.900180  0.014911 -0.435262   -11.060221
>../../../../class1/tyr//data/domains/Catalytic_domain/structures/TyrRS_PDB_Arch_M_jannashii_1U7D.pdb
 0.151445 -0.930841 -0.332566    50.176151
 0.902872  0.267216 -0.336775    -3.714955
 0.402351 -0.249262  0.880899   -11.505413
>../../../../class1/tyr//data/domains/Catalytic_domain/structures/TyrRS_PDB_E_coli_Bact_1WQ4.pdb
-0.288787 -0.526825 -0.799410    58.197072
-0.817833 -0.298360  0.492067     2.949504
-0.497746  0.795887 -0.344693    17.614138
>../../../../class1/tyr//data/domains/Catalytic_domain/structures/TyrRS_PDB_Vir_Acanthamoeba_polyphaga_mimivirus_2J5B.pdb
-0.752078  0.293653 -0.590039    47.414375
-0.315249  0.625918  0.713334   -59.247530
 0.578789  0.722492 -0.378165   -70.286835
