>structures/AsnRS_AF_Arch_Candidatus_Korarchaeum_cryptofilum_OPF8_gene6094562.pdb
 1.000000  0.000000  0.000000     0.000000
 0.000000  1.000000  0.000000     0.000000
 0.000000  0.000000  1.000000     0.000000
>structures/AsnRS_AF_Arch_Candidatus_Nitrososphaera_gargensis_Ga92_gene13796664.pdb
-0.611850  0.751602  0.246442    -1.730381
 0.703092  0.374065  0.604762     1.466581
 0.362355  0.543295 -0.757317    -1.495802
>structures/AsnRS_AF_Arch_Ferroplasma_acidarmanus_Fer1_gene16025664.pdb
 0.128521  0.051066  0.990391     3.420712
 0.022019 -0.998574  0.048630     5.627720
 0.991462  0.015558 -0.129462     4.014291
>structures/AsnRS_AF_Arch_Pyrococcus_sp_ST04_gene13021535.pdb
 0.136379  0.099137  0.985684     2.578518
 0.110543 -0.990289  0.084305     6.343405
 0.984470  0.097463 -0.146013     3.484545
>structures/AsnRS_AF_Bact_Clostridium_acetobutylicum_DSM_1731_gene44999755.pdb
-0.644527  0.717380  0.264482    -1.346486
 0.693618  0.403073  0.597014     0.293944
 0.321681  0.568241 -0.757379    -2.622668
>structures/AsnRS_AF_Bact_Mycoplasma_hyopneumoniae_168-L_gene57101291.pdb
 0.046139  0.358097  0.932544     1.423185
 0.389150 -0.866231  0.313379     7.407495
 0.920018  0.348440 -0.179320     3.178647
>structures/AsnRS_AF_Bact_Porphyromonas_gingivalis_ATCC_33277_gene29256423.pdb
 0.085415  0.123255  0.988692     1.157674
 0.199544 -0.974330  0.104225     5.617897
 0.976159  0.188385 -0.107817     2.575663
>structures/AsnRS_AF_Bact_Streptobacillus_moniliformis_DSM_12112_gene29673200.pdb
-0.719104  0.650200  0.245212    -1.453506
 0.641159  0.484735  0.594935     0.524097
 0.267963  0.585040 -0.765456    -2.301580
>structures/AsnRS_AF_Bact_Thermus_thermophilus_HB8_gene3168522.pdb
-0.008218  0.467851  0.883769     1.435643
 0.437256 -0.793146  0.423943     7.894668
 0.899300  0.389917 -0.198053     2.452251
>structures/AsnRS_AF_Bact_Treponema_pallidum_subsp_pertenue_str_SamoaD_gene57879132.pdb
-0.596848  0.750914  0.282666    -1.913047
 0.702671  0.319118  0.635938     0.785485
 0.387331  0.578179 -0.718111    -2.609887
>structures/AsnRS_AF_Bact_unclassified_Blastocatellia_proteinRPI49177.1.pdb
-0.143036  0.615829  0.774787     0.047072
 0.596965 -0.570720  0.563837     7.678455
 0.789414  0.543169 -0.285995     1.210154
>structures/AsnRS_AF_Euk_Candida_albicans_SC5314_gene3646227.pdb
 0.214788  0.263416  0.940467     3.704733
 0.225400 -0.950316  0.214697     7.699974
 0.950295  0.165867 -0.263491    -1.119296
>structures/AsnRS_AF_Euk_Cryptococcus_gattii_WM276_gene10190222.pdb
 0.302552  0.343476  0.889093     3.291423
 0.289686 -0.921821  0.257541     7.516761
 0.908044  0.179638 -0.378399    -4.485566
>structures/AsnRS_AF_Euk_Encephalitozoon_intestinalis_ATCC_50506_gene9698489.pdb
 0.105446 -0.009683  0.994378     2.705851
 0.099965 -0.994784 -0.020287     5.425692
 0.989388  0.101542 -0.103928     4.126988
>structures/AsnRS_AF_Euk_Vitis_vinifera_gene100257593.pdb
-0.786578  0.550533  0.279658    -3.684863
 0.534135  0.379375  0.755496    -1.962836
 0.309830  0.743631 -0.592467    -2.853321
>structures/AsnRS_AF_Mito_Homo_sapiens_gene79731.pdb
 0.901572 -0.413243 -0.128057     0.073479
 0.415675  0.745372  0.521187     3.405488
-0.119927 -0.523117  0.843781    -1.604883
>structures/AsnRS_AF_Mito_Zeugodacus_cucurbitae_gene105213230.pdb
-0.120567  0.294881 -0.947897    -3.807424
-0.128762 -0.951441 -0.279606     3.119068
-0.984319  0.088341  0.152682    -4.793196
>structures/AsnRS_PDB_Arch_P_horikoshii_1X54.pdb
-0.046992 -0.936496 -0.347516    12.488229
 0.989584  0.003745 -0.143906    13.294657
 0.136069 -0.350659  0.926565   -26.587975
>structures/AsnRS_PDB_Bact_E_anophelis_6pqh.pdb
-0.970360  0.161377 -0.179884   -23.381378
 0.201860  0.950509 -0.236188    -7.971835
 0.132866 -0.265499 -0.954912   -53.754149
>structures/AsnRS_PDB_Euk_S_cerevisiae_1asz.pdb
 0.205229  0.237130  0.949553   -20.939043
 0.624542  0.715261 -0.313605   -95.886743
-0.753543  0.657397 -0.001305    17.919099
