>../../../../class2/ala//data/domains/Catalytic_domain/structures/AlaRS_AF_Arch_Candidatus_Korarchaeum_cryptofilum_OPF8_gene6094822.pdb
 0.336347 -0.546692 -0.766811     7.663316
 0.359047 -0.678306  0.641082    14.733729
-0.870607 -0.490947 -0.031858     6.651455
>../../../../class2/ala//data/domains/Catalytic_domain/structures/AlaRS_AF_Arch_Candidatus_Nitrosopumilus_koreensis_AR1_gene13725795.pdb
 0.899501 -0.171493 -0.401856     8.132875
-0.136426  0.763522 -0.631206     8.957586
 0.415073  0.622595  0.663393     9.211724
>../../../../class2/ala//data/domains/Catalytic_domain/structures/AlaRS_AF_Arch_Sulfolobus_islandicus_YG5714_gene7807284.pdb
-0.587977 -0.592138 -0.551050     4.836682
-0.178221 -0.569674  0.802314    12.877231
-0.789000  0.569951  0.229424     5.604366
>../../../../class2/ala//data/domains/Catalytic_domain/structures/AlaRS_AF_Arch_Thermoplasma_acidophilum_DSM_1728_gene1456391.pdb
 0.916952 -0.156167 -0.367167     8.231553
-0.114993  0.777741 -0.617976    10.826486
 0.382068  0.608876  0.695193     7.394785
>../../../../class2/ala//data/domains/Catalytic_domain/structures/AlaRS_AF_Bact_Brucella_melitensis_bv_1_str_16M_gene29593597.pdb
 0.855271  0.051641 -0.515601    16.009489
-0.515566  0.184627 -0.836723     8.469479
 0.051984  0.981451  0.184530    12.376473
>../../../../class2/ala//data/domains/Catalytic_domain/structures/AlaRS_AF_Bact_Chlamydia_psittaci_6BC_gene12242512.pdb
 0.183974  0.309326  0.932990    10.554521
-0.973730  0.186924  0.130034    11.652234
-0.134175 -0.932404  0.335590    11.790747
>../../../../class2/ala//data/domains/Catalytic_domain/structures/AlaRS_AF_Bact_Lactobacillus_acidophilus_La-14_gene56942022.pdb
-0.639128  0.767143 -0.054836     4.164935
-0.738140 -0.591814  0.323891    12.996171
 0.216018  0.247485  0.944504    17.210627
>../../../../class2/ala//data/domains/Catalytic_domain/structures/AlaRS_AF_Bact_Nocardia_farcinica_IFM_10152_gene61134339.pdb
-0.282589  0.782650  0.554620     9.805052
-0.941521 -0.336928 -0.004267    12.591065
 0.183528 -0.523392  0.832093    13.309471
>../../../../class2/ala//data/domains/Catalytic_domain/structures/AlaRS_AF_Bact_Porphyromonas_gingivalis_ATCC_33277_gene29256567.pdb
 0.086229  0.458375  0.884566     9.040300
-0.995863  0.065201  0.063291    11.771699
-0.028664 -0.886364  0.462101    11.040154
>../../../../class2/ala//data/domains/Catalytic_domain/structures/AlaRS_AF_Bact_Prochlorococcus_marinus_subsp_marinus_str_CCMP1375_gene54199407.pdb
-0.537158 -0.655464 -0.530875    10.651921
 0.049831  0.603626 -0.795709    14.287144
 0.842009 -0.453875 -0.291580    13.126734
>../../../../class2/ala//data/domains/Catalytic_domain/structures/AlaRS_AF_Bact_Streptobacillus_moniliformis_DSM_12112_gene29672963.pdb
 0.274352  0.212648  0.937823     8.980194
-0.917527  0.349842  0.189089    14.780574
-0.287880 -0.912355  0.291090    14.910786
>../../../../class2/ala//data/domains/Catalytic_domain/structures/AlaRS_AF_Bact_Treponema_pallidum_subsp_pertenue_str_SamoaD_gene57879528.pdb
-0.245963 -0.960399  0.130904    -1.326782
 0.053991  0.121268  0.991150     5.050892
-0.967774  0.250853  0.022026     8.891510
>../../../../class2/ala//data/domains/Catalytic_domain/structures/AlaRS_AF_Euk_Cyanidioschyzon_merolae_strain_10D_gene16993235.pdb
-0.516705 -0.824638 -0.230191     6.784040
-0.173687 -0.162311  0.971333    19.293506
-0.838361  0.541874 -0.059362     9.418316
>../../../../class2/ala//data/domains/Catalytic_domain/structures/AlaRS_AF_Euk_Marasmius_oreades_gene66078979.pdb
 0.923241  0.015338 -0.383915     7.357653
-0.279012  0.713726 -0.642455    16.045874
 0.264156  0.700257  0.663220    11.567962
>../../../../class2/ala//data/domains/Catalytic_domain/structures/AlaRS_AF_Euk_Plasmodium_berghei_ANKA_gene55150801.pdb
 0.083036  0.879196  0.469169     8.420223
-0.971423 -0.033635  0.234958    11.239379
 0.222355 -0.475272  0.851278    15.406954
>../../../../class2/ala//data/domains/Catalytic_domain/structures/AlaRS_AF_Euk_Saccharomyces_cerevisiae_S288C_gene854513.pdb
 0.789544 -0.521965 -0.322758     8.226741
 0.181344  0.700876 -0.689846    13.878245
 0.586288  0.486133  0.648028     6.935374
>../../../../class2/ala//data/domains/Catalytic_domain/structures/AlaRS_PDB_Bact_E_coli_3HXV.pdb
-0.576542 -0.056022 -0.815145    28.642721
 0.623920 -0.674346 -0.394945    23.163020
-0.527564 -0.736287  0.423742    36.992289
>../../../../class2/gly2//data/domains/Catalytic_domain/structures/GlyRS-Bα_AF_Bact_Brachyspira_pilosicoli_95_1000_gene56440230.pdb
 1.000000  0.000000  0.000000     0.000000
 0.000000  1.000000  0.000000     0.000000
 0.000000  0.000000  1.000000     0.000000
>../../../../class2/gly2//data/domains/Catalytic_domain/structures/GlyRS-Bα_AF_Bact_Chlamydia_pneumoniae_TW-183_gene45051002.pdb
-0.686345 -0.686724 -0.239458   -17.039435
 0.016512  0.314455 -0.949129     2.382881
 0.727088 -0.655384 -0.204486   -13.482667
>../../../../class2/gly2//data/domains/Catalytic_domain/structures/GlyRS-Bα_AF_Bact_Lacticaseibacillus_paracasei_gene61269714.pdb
-0.057616  0.018696  0.998164    -0.383208
-0.230417 -0.973079  0.004926    -1.491333
 0.971385 -0.229710  0.060373     1.044142
>../../../../class2/gly2//data/domains/Catalytic_domain/structures/GlyRS-Bα_AF_Bact_Prochlorococcus_marinus_subsp_marinus_str_CCMP1375_gene54200602.pdb
-0.115595  0.145921  0.982520    -0.091487
 0.560261 -0.807208  0.185800    -1.812331
 0.820210  0.571945  0.011556     1.033634
>../../../../class2/gly2//data/domains/Catalytic_domain/structures/GlyRS-Bα_AF_Bact_Salmonella_enterica_subsp_enterica_serovar_Typhimurium_str_LT2_gene1255180.pdb
-0.634565  0.707357  0.311404    -1.333007
 0.584288  0.175326  0.792381    -2.601123
 0.505900  0.684767 -0.524556     0.002936
>../../../../class2/gly2//data/domains/Catalytic_domain/structures/GlyRS-Bα_AF_Bact_Streptobacillus_moniliformis_DSM_12112_gene29673275.pdb
-0.052743 -0.071162  0.996069    -0.329997
 0.381787 -0.923118 -0.045734    -1.616670
 0.922744  0.377874  0.075857     0.634338
>../../../../class2/gly2//data/domains/Catalytic_domain/structures/GlyRS-Bα_AF_Euk_Ostreococcus_tauri_gene9837276.pdb
-0.941591  0.334966 -0.034704   -15.770496
 0.304677  0.803456 -0.511497     2.995026
-0.143451 -0.492195 -0.858584   -12.164052
>../../../../class2/gly2//data/domains/Catalytic_domain/structures/GlyRS-Bα_AF_Mito_Nymphaea_colorata_gene116265348.pdb
-0.578738 -0.789836 -0.203030   -16.014774
 0.298667  0.026384 -0.953993     2.874982
 0.758855 -0.612750  0.220628   -14.828963
>../../../../class2/gly2//data/domains/Catalytic_domain/structures/GlyRS-Bα_PDB_Bact_A_aeolicus_5f5w.pdb
-0.154250 -0.486141  0.860159    -0.584827
-0.987415  0.045093 -0.151585   -50.325306
 0.034905 -0.872716 -0.486979    11.434371
>../../../../class2/gly2//data/domains/Catalytic_domain/structures/GlyRS-Bα_PDB_Bact_C_jejuni_3ufg.pdb
-0.814705 -0.187339 -0.548780    25.188254
-0.247822  0.968082  0.037432   -22.909526
 0.524252  0.166495 -0.835128   -17.489188
>../../../../class2/gly2//data/domains/Catalytic_domain/structures/GlyRS-Bα_PDB_Bact_T_maritima_1j5w.pdb
-0.730276  0.409071  0.547135     0.962494
 0.130892 -0.702276  0.699768    28.123029
 0.670495  0.582640  0.459311   -64.222864
