>../../../../class1/glu3//data/domains/Catalytic_domain/structures/GluRS-E_AF_Euk_Cyathus_striatus_proteinKAF9013924.1.pdb
-0.539449  0.552779  0.635162    -7.728601
 0.820947  0.512980  0.250793    16.105410
-0.187192  0.656724 -0.730529     2.964848
>../../../../class1/glu3//data/domains/Catalytic_domain/structures/GluRS-E_AF_Euk_Lichtheimia_hyalospora_proteinKAI7879902.1.pdb
-0.224639  0.052063  0.973050   -10.347963
 0.854381 -0.469664  0.222372     5.395760
 0.468584  0.881309  0.061023     6.769749
>../../../../class1/glu3//data/domains/Catalytic_domain/structures/GluRS-E_AF_Euk_Medicago_truncatula_gene11407510.pdb
-0.360666  0.506196  0.783381    -5.388408
 0.922381  0.069012  0.380067    15.520593
 0.138325  0.859653 -0.491796     9.675380
>../../../../class1/glu3//data/domains/Catalytic_domain/structures/GluRS-E_AF_Euk_Xylariaceae_sp_FL0804_proteinKAI0483267.1.pdb
 0.285429  0.543109 -0.789660   -11.149512
-0.883296 -0.170660 -0.436650     1.608842
-0.371912  0.822136  0.431014     4.320414
>../../../../class1/glu3//data/domains/Catalytic_domain/structures/GluRS-E_PDB_Euk_Gallus_gallus_7WRU.pdb
 0.614738 -0.711139  0.341142   -52.732540
-0.702716 -0.690230 -0.172549    19.980630
 0.358173 -0.133654 -0.924039    86.850634
>../../../../class1/ile//data/domains/Catalytic_domain/structures/IleRS_AF_Arch_Candidatus_Korarchaeum_cryptofilum_OPF8_gene6094904.pdb
-0.050434 -0.857269  0.512393     0.279371
-0.771628 -0.292275 -0.564947     0.145310
 0.634072 -0.423869 -0.646752     1.032977
>../../../../class1/ile//data/domains/Catalytic_domain/structures/IleRS_AF_Arch_Candidatus_Nitrosopumilus_sediminis_gene13697091.pdb
 0.430281  0.713909 -0.552443    -4.934417
-0.478394 -0.338641 -0.810223    -0.004494
-0.765505  0.612909  0.195819     0.424216
>../../../../class1/ile//data/domains/Catalytic_domain/structures/IleRS_AF_Arch_Pyrobaculum_aerophilum_str_IM2_gene1465853.pdb
-0.232709 -0.133400 -0.963354     0.989487
 0.383305 -0.922950  0.035213     3.614151
-0.893825 -0.361064  0.265912     4.261768
>../../../../class1/ile//data/domains/Catalytic_domain/structures/IleRS_AF_Arch_Thermoplasma_acidophilum_DSM_1728_gene1456418.pdb
-0.322478  0.214166  0.922031    -0.742827
-0.155776 -0.972795  0.171475    -0.014875
 0.933671 -0.088334  0.347067    -0.014847
>../../../../class1/ile//data/domains/Catalytic_domain/structures/IleRS_AF_Bact_Chlamydia_muridarum_str_Nigg_gene1246458.pdb
-0.989921  0.112143 -0.086490    -0.641749
 0.066310  0.906658  0.416623    -3.370848
 0.125138  0.406689 -0.904956     2.451693
>../../../../class1/ile//data/domains/Catalytic_domain/structures/IleRS_AF_Bact_Lactobacillus_acidophilus_La-14_gene56942445.pdb
-0.124978 -0.496173 -0.859181     0.882878
 0.776698 -0.587759  0.226449    -0.149557
-0.617349 -0.639024  0.458834     3.954822
>../../../../class1/ile//data/domains/Catalytic_domain/structures/IleRS_AF_Bact_Mycoplasma_hyopneumoniae_168-L_gene57100872.pdb
-0.130042 -0.559825 -0.818343     2.692151
 0.796912 -0.550085  0.249675     0.759557
-0.589932 -0.619679  0.517666     2.184555
>../../../../class1/ile//data/domains/Catalytic_domain/structures/IleRS_AF_Bact_Orientia_tsutsugamushi_str_Ikeda_gene66653313.pdb
 1.000000  0.000000  0.000000     0.000000
 0.000000  1.000000  0.000000     0.000000
 0.000000  0.000000  1.000000     0.000000
>../../../../class1/ile//data/domains/Catalytic_domain/structures/IleRS_AF_Bact_Porphyromonas_gingivalis_ATCC_33277_gene29255747.pdb
 0.995920 -0.089660  0.010245     1.796064
 0.089738  0.995938 -0.007402     1.145394
-0.009540  0.008291  0.999920    -2.169465
>../../../../class1/ile//data/domains/Catalytic_domain/structures/IleRS_AF_Bact_Streptobacillus_moniliformis_DSM_12112_gene29674186.pdb
-0.041721 -0.500443 -0.864764     0.640109
 0.802914 -0.531907  0.269081     5.790474
-0.594633 -0.683104  0.424004     2.489653
>../../../../class1/ile//data/domains/Catalytic_domain/structures/IleRS_AF_Bact_Thermus_thermophilus_HB8_gene3168241.pdb
-0.995756 -0.058331 -0.071184     0.795456
-0.075501  0.960056  0.269428    -2.621141
 0.052625  0.273659 -0.960386    -0.206057
>../../../../class1/ile//data/domains/Catalytic_domain/structures/IleRS_AF_Bact_Treponema_pallidum_subsp_pertenue_str_SamoaD_gene57878975.pdb
-0.513201 -0.764446  0.390188     0.399403
-0.853177  0.404939 -0.328807    -1.529842
 0.093353 -0.501644 -0.860023     1.150519
>../../../../class1/ile//data/domains/Catalytic_domain/structures/IleRS_AF_Euk_Cyanidioschyzon_merolae_strain_10D_gene16992835.pdb
-0.749398  0.588941  0.302574     0.884330
 0.428003  0.082215  0.900030    -0.296191
 0.505189  0.803983 -0.313680     1.857930
>../../../../class1/ile//data/domains/Catalytic_domain/structures/IleRS_AF_Euk_Ostreococcus_lucimarinus_CCE9901_gene5000489.pdb
-0.243874 -0.770928  0.588384    -0.035578
-0.929587  0.012913 -0.368377    -2.225969
 0.276394 -0.636792 -0.719794     4.746236
>../../../../class1/ile//data/domains/Catalytic_domain/structures/IleRS_AF_Euk_Trypanosoma_brucei_brucei_TREU927_gene3663037.pdb
-0.049740 -0.649214  0.758978     0.128477
-0.882899 -0.326681 -0.337297    -0.540007
 0.466921 -0.686878 -0.556941     3.532864
>../../../../class1/ile//data/domains/Catalytic_domain/structures/IleRS_AF_Euk_Ustilago_maydis_521_gene23568123.pdb
 0.152949 -0.848042 -0.507377     3.541066
 0.939523 -0.034421  0.340750    -0.526820
-0.306435 -0.528810  0.791491     1.939229
>../../../../class1/ile//data/domains/Catalytic_domain/structures/IleRS_AF_Mito_Drosophila_melanogaster_gene39762.pdb
 0.872553  0.454104  0.180111     3.213522
-0.311569  0.801265 -0.510783     1.646835
-0.376265  0.389568  0.840632    -1.401865
>../../../../class1/ile//data/domains/Catalytic_domain/structures/IleRS_AF_Mito_Homo_sapiens_gene55699.pdb
-0.170914 -0.509690 -0.843211     2.149618
 0.789039 -0.583346  0.192678     0.275944
-0.590090 -0.632395  0.501867     2.576564
>../../../../class1/ile//data/domains/Catalytic_domain/structures/IleRS_AF_Vir_Megavirus_chiliensis_gene11256744.pdb
 0.962203 -0.270217 -0.033889     0.258757
 0.270107  0.931035  0.245391    -0.463719
-0.034757 -0.245269  0.968832    -0.336502
>../../../../class1/ile//data/domains/Catalytic_domain/structures/IleRS_PDB_Bact_S_aureus_1QU2.pdb
-0.743695 -0.509627 -0.432663    97.181583
 0.378043 -0.854376  0.356546    35.963106
-0.551363  0.101596  0.828056   -62.132094
>../../../../class1/ile//data/domains/Catalytic_domain/structures/IleRS_PDB_Bact_T_therm_1ILE.pdb
-0.973046 -0.140072  0.183195   -18.549143
-0.171874  0.970140 -0.171136    -9.920864
-0.153754 -0.198009 -0.968066   -32.529016
>../../../../class1/ile//data/domains/Catalytic_domain/structures/IleRS_PDB_Euk_S_cere_7D5C.pdb
 0.194120 -0.287998  0.937750   -33.496821
 0.892825  0.447918 -0.047257    -4.854375
-0.406425  0.846420  0.344081   -16.497770
