>../../../../class2/asp1//data/domains/Catalytic_domain/structures/AspRS_AF_Arch_Candidatus_Methanomassiliicoccus_intestinalis_Issoire-Mx1_gene16154434.pdb
 0.032256 -0.476757  0.878443     6.114389
 0.500245 -0.753193 -0.427149     6.899926
 0.865283  0.453215  0.214200     0.773262
>../../../../class2/asp1//data/domains/Catalytic_domain/structures/AspRS_AF_Arch_unclassified_Euryarchaeota_proteinHHT76046.1.pdb
 0.176347 -0.689249  0.702736     0.911674
 0.593623 -0.495018 -0.634484     3.679265
 0.785184  0.529050  0.321859    -1.876643
>../../../../class2/asp1//data/domains/Catalytic_domain/structures/AspRS_AF_Bact_Bacillus_anthracis_str_Ames_Ancestor_gene45024275.pdb
 0.660574  0.750255  0.027574     4.013999
-0.547075  0.455878  0.702057     1.428417
 0.514151 -0.478846  0.711586     3.441661
>../../../../class2/asp1//data/domains/Catalytic_domain/structures/AspRS_AF_Bact_Brachyspira_pilosicoli_95_1000_gene56440011.pdb
 0.107114 -0.867063  0.486547     2.420026
 0.521711 -0.367563 -0.769880     4.650407
 0.846372  0.336301  0.412985    -2.071612
>../../../../class2/asp1//data/domains/Catalytic_domain/structures/AspRS_AF_Bact_Chlamydia_muridarum_str_Nigg_gene1246197.pdb
-0.331807 -0.927469  0.172349     1.995321
 0.109339 -0.219279 -0.969516     4.842532
 0.936989 -0.302848  0.174167    -2.591028
>../../../../class2/asp1//data/domains/Catalytic_domain/structures/AspRS_AF_Bact_Mycoplasma_hyopneumoniae_168-L_gene57101115.pdb
 0.114703 -0.015152  0.993284     5.860373
 0.798315 -0.593669 -0.101245     9.450158
 0.591216  0.804567 -0.056000    -2.074506
>../../../../class2/asp1//data/domains/Catalytic_domain/structures/AspRS_AF_Bact_Nocardia_cyriacigeorgica_GUH-2_gene45501717.pdb
-0.397175  0.844231  0.359897    -0.214903
 0.794684  0.512525 -0.325263     5.486477
-0.459053  0.156818 -0.874459    -6.355748
>../../../../class2/asp1//data/domains/Catalytic_domain/structures/AspRS_AF_Bact_Porphyromonas_gingivalis_ATCC_33277_gene29255515.pdb
 0.822171 -0.371856 -0.430996     3.910103
 0.419347 -0.116356  0.900338     2.812400
-0.384945 -0.920969  0.060272    -2.636849
>../../../../class2/asp1//data/domains/Catalytic_domain/structures/AspRS_AF_Bact_Prochlorococcus_marinus_subsp_marinus_str_CCMP1375_gene54201182.pdb
-0.401869 -0.831749  0.383008     3.032048
 0.102386 -0.456460 -0.883833     3.484762
 0.909955 -0.315970  0.268597     3.392095
>../../../../class2/asp1//data/domains/Catalytic_domain/structures/AspRS_AF_Bact_Xylella_fastidiosa_Temecula1_gene58016479.pdb
-0.466922  0.832422  0.298423     1.391563
 0.771272  0.548434 -0.323048     1.509497
-0.432578  0.079327 -0.898100    -1.907843
>../../../../class2/asp1//data/domains/Catalytic_domain/structures/AspRS_AF_Mito_Oryza_sativa_Japonica_Group_gene4324505.pdb
-0.064926 -0.650978 -0.756315     1.643819
-0.506550 -0.631504  0.587035     4.086749
-0.859763  0.421225 -0.288751    -8.102619
>../../../../class2/asp1//data/domains/Catalytic_domain/structures/AspRS_AF_Mito_Oryzias_melastigma_gene112147132.pdb
 0.078617  0.022222  0.996657     0.613169
 0.992623 -0.094303 -0.076196     2.671235
 0.092295  0.995295 -0.029472    -0.797641
>../../../../class2/asp1//data/domains/Catalytic_domain/structures/AspRS_PDB_Bact_E_coli_1c0a.pdb
 0.906942  0.144144  0.395828   -54.269848
 0.381082 -0.681206 -0.625088     3.483671
 0.179537  0.717761 -0.672745   -43.406145
>../../../../class2/pyl//data/domains/Catalytic_domain/structures/PylRS_AF_Arch_Candidatus_Methanomassiliicoccus_intestinalis_Issoire-Mx1_gene16153983.pdb
-0.367977 -0.914785  0.166620    -0.054209
-0.789501  0.212721 -0.575706    -1.139628
 0.491203 -0.343393 -0.800500     1.304000
>../../../../class2/pyl//data/domains/Catalytic_domain/structures/PylRS_AF_Arch_Methanosalsum_zhilinae_DSM_4017_gene10822650.pdb
 0.010950  0.207940  0.978080     0.029754
 0.243643 -0.949214  0.199076     2.310379
 0.969803  0.236123 -0.061057     6.218860
>../../../../class2/pyl//data/domains/Catalytic_domain/structures/PylRS_AF_Arch_Unclassified_Candidatus_Bathyarchaeota_proteinUCH69683.1.pdb
 0.982276  0.166721  0.085665    -0.389229
-0.162989  0.985415 -0.048901     0.609672
-0.092568  0.034071  0.995123     0.286901
>../../../../class2/pyl//data/domains/Catalytic_domain/structures/PylRS_AF_Bact_Unclassified_Actinobacteria_proteinMBU2601214.1.pdb
 0.977687  0.185754  0.098097     0.184180
-0.177671  0.980359 -0.085613     0.746588
-0.112074  0.066273  0.991487     0.016140
>../../../../class2/pyl//data/domains/Catalytic_domain/structures/PylRS_AF_Bact_Unclassified_Aerophobetes_proteinMCD6471581.1.pdb
 1.000000  0.000000  0.000000     0.000000
 0.000000  1.000000  0.000000     0.000000
 0.000000  0.000000  1.000000     0.000000
>../../../../class2/pyl//data/domains/Catalytic_domain/structures/PylRS_AF_Bact_unclassified_Desulfosarcina_proteinMBC2741817.pdb
 0.951509 -0.272168  0.143369    -4.418782
 0.227329  0.936113  0.268355     1.245907
-0.207247 -0.222750  0.952592     6.199374
>../../../../class2/pyl//data/domains/Catalytic_domain/structures/PylRS_AF_Bact_unclassified_Lachnospiraceae_proteinHCE77498.1.pdb
-0.333028  0.694892  0.637352    -1.644857
 0.597527 -0.367362  0.712746     5.275998
 0.729420  0.618200 -0.292874     1.740531
>../../../../class2/pyl//data/domains/Catalytic_domain/structures/PylRS_PDB_Arch_M_mazei_2Q7E.pdb
 0.185307 -0.609797 -0.770590    43.590957
-0.774222 -0.573526  0.267672    26.835659
-0.605179  0.547006 -0.578397     6.924950
>../../../../class2/pyl//data/domains/Catalytic_domain/structures/PylRS_PDB_Bact_D_hafniense_2ZNJ.pdb
 0.979827 -0.008761  0.199654   -37.494814
 0.082755 -0.891572 -0.445253   -11.399680
 0.181907  0.452794 -0.872862   -38.067141
