>../../../../class2/lys//data/domains/Catalytic_domain/structures/LysRS-II_AF_Arch_Aciduliprofundum_boonei_T469_gene8827564.pdb
-0.040893  0.535332 -0.843651    -0.273029
-0.582991 -0.698510 -0.414976     4.322675
-0.811449  0.474872  0.340658     0.951063
>../../../../class2/lys//data/domains/Catalytic_domain/structures/LysRS-II_AF_Arch_Archaeoglobus_sulfaticallidus_PM70-1_gene15393615.pdb
 0.691938  0.705360 -0.153910     0.509486
-0.670667  0.549087 -0.498708    -2.356115
-0.267259  0.448297  0.852996     0.913372
>../../../../class2/lys//data/domains/Catalytic_domain/structures/LysRS-II_AF_Arch_Candidatus_Woesearchaeota_archaeon_proteinMBS3172198.1.pdb
 1.000000  0.000000  0.000000     0.000000
 0.000000  1.000000  0.000000     0.000000
 0.000000  0.000000  1.000000     0.000000
>../../../../class2/lys//data/domains/Catalytic_domain/structures/LysRS-II_AF_Arch_Thermogladius_calderae_1633_gene13013549.pdb
-0.212935  0.063061 -0.975029     1.780042
-0.069373 -0.996372 -0.049291     4.005793
-0.974600  0.057145  0.216537     0.525551
>../../../../class2/lys//data/domains/Catalytic_domain/structures/LysRS-II_AF_Bact_Chlamydia_muridarum_str_Nigg_gene1245697.pdb
-0.256265  0.027695 -0.966210     0.846036
-0.081009 -0.996688 -0.007082     4.499144
-0.963206  0.076457  0.257660     2.096666
>../../../../class2/lys//data/domains/Catalytic_domain/structures/LysRS-II_AF_Bact_Cupriavidus_taiwanensis_LMG_19424_gene29762375.pdb
 0.739529  0.667103 -0.089835     3.139847
-0.620929  0.624553 -0.473687    -4.159265
-0.259892  0.406086  0.876099     0.143926
>../../../../class2/lys//data/domains/Catalytic_domain/structures/LysRS-II_AF_Bact_Leuconostoc_gelidum_JB7_gene61037106.pdb
 0.628035  0.777769  0.025440     2.570379
-0.687732  0.570036 -0.449537     2.091889
-0.364138  0.264830  0.892899    -0.071540
>../../../../class2/lys//data/domains/Catalytic_domain/structures/LysRS-II_AF_Bact_Mycobacterium_intracellulare_ATCC_13950_gene11907187.pdb
 0.623402  0.763635 -0.168022     1.991903
-0.693336  0.440537 -0.570274    -3.877830
-0.361461  0.472005  0.804087    -0.326739
>../../../../class2/lys//data/domains/Catalytic_domain/structures/LysRS-II_AF_Bact_Mycoplasma_hyopneumoniae_168-L_gene57101062.pdb
 0.636124  0.771288 -0.021451     1.458749
-0.715471  0.579225 -0.390640     3.847903
-0.288871  0.263843  0.920294    -0.651410
>../../../../class2/lys//data/domains/Catalytic_domain/structures/LysRS-II_AF_Bact_Porphyromonas_gingivalis_ATCC_33277_gene29256363.pdb
 0.045008  0.640245 -0.766851    -1.467138
-0.425094 -0.682389 -0.594677     5.221979
-0.904030  0.352749  0.241451     0.664400
>../../../../class2/lys//data/domains/Catalytic_domain/structures/LysRS-II_AF_Bact_Prochlorococcus_marinus_subsp_marinus_str_CCMP1375_gene54201108.pdb
 0.494684  0.861034 -0.117934     2.327918
-0.718488  0.328841 -0.612893     3.164892
-0.488940  0.387923  0.781315     0.441020
>../../../../class2/lys//data/domains/Catalytic_domain/structures/LysRS-II_AF_Bact_Streptobacillus_moniliformis_DSM_12112_gene29673899.pdb
 0.422983  0.841793 -0.335365     0.948733
-0.724152  0.091555 -0.683536    -3.357701
-0.544691  0.531980  0.648312    -1.857888
>../../../../class2/lys//data/domains/Catalytic_domain/structures/LysRS-II_AF_Euk_Ostreococcus_tauri_gene9837657.pdb
 0.755976  0.649249 -0.083526     1.408290
-0.606306  0.646377 -0.463239    -3.806438
-0.246768  0.400839  0.882289     1.147847
>../../../../class2/lys//data/domains/Catalytic_domain/structures/LysRS-II_AF_Euk_Solanum_lycopersicum_gene778357.pdb
-0.837251 -0.533287  0.120895     3.256203
-0.509229  0.679846 -0.527726     0.604487
 0.199239 -0.503402 -0.840767     1.436682
>../../../../class2/lys//data/domains/Catalytic_domain/structures/LysRS-II_AF_Euk_Theileria_annulata_gene3864794.pdb
-0.993618 -0.056376 -0.097698     4.154932
-0.047377  0.994622 -0.092102    -2.331892
 0.102365 -0.086886 -0.990945    -1.041028
>../../../../class2/lys//data/domains/Catalytic_domain/structures/LysRS-II_AF_Euk_Zootoca_vivipara_gene118086243.pdb
 0.937893 -0.339147 -0.073047     5.164608
 0.330007  0.807209  0.489396     2.951742
-0.107013 -0.483107  0.868997     2.242753
>../../../../class2/lys//data/domains/Catalytic_domain/structures/LysRS-II_AF_Mito_Malus_domestica_gene103446975.pdb
 0.845508  0.533949  0.003861     3.384384
-0.488225  0.775991 -0.399342    -3.917947
-0.216224  0.335762  0.916794     1.111854
>../../../../class2/lys//data/domains/Catalytic_domain/structures/LysRS-II_AF_Mito_Scheffersomyces_stipitis_CBS_6054_gene4837999.pdb
 0.756547  0.652361  0.045399     3.930155
-0.596652  0.717022 -0.360397    -3.864966
-0.267661  0.245570  0.931694     1.526479
>../../../../class2/lys//data/domains/Catalytic_domain/structures/LysRS-II_PDB_Bact_G_stearothermophilus_3E9H.pdb
 0.673540  0.490399 -0.553040    16.937024
 0.207393  0.592770  0.778211    16.622582
 0.709459 -0.638852  0.297549  -107.369384
>../../../../class2/ser2//data/domains/Catalytic_domain/structures/SerRS-A_AF_Arch_Conexivisphaera_calida_protein1635512986.pdb
-0.623645 -0.732934  0.271797    12.901755
-0.752931  0.656680  0.043201     8.034299
-0.210148 -0.177702 -0.961384   -11.764551
>../../../../class2/ser2//data/domains/Catalytic_domain/structures/SerRS-A_AF_Arch_Ignisphaera_aggregans_protein304378874.pdb
-0.995976 -0.087259  0.020434    12.694147
-0.060431  0.822273  0.565876     6.573878
-0.066180  0.562364 -0.824237   -13.476963
>../../../../class2/ser2//data/domains/Catalytic_domain/structures/SerRS-A_AF_Arch_Methanosarcina_barkeri_protein805401349.pdb
 0.035964 -0.552019  0.833056    12.579200
-0.725401 -0.587793 -0.358181     9.713740
 0.687387 -0.591417 -0.421574   -13.435558
>../../../../class2/ser2//data/domains/Catalytic_domain/structures/SerRS-A_AF_Arch_Unclassified_Thermoplasmata_protein1635512986.pdb
-0.411013 -0.815195  0.408076    14.547606
-0.895582  0.444684 -0.013701    10.294395
-0.170296 -0.371097 -0.912845   -12.870396
>../../../../class2/ser2//data/domains/Catalytic_domain/structures/SerRS-A_PDB_Arch_M_barkeri_2cjb.pdb
 0.322884 -0.897791 -0.299530    21.173074
 0.861364  0.147616  0.486068   -72.604507
-0.392172 -0.414948  0.820987   -63.257824
