>structures/AlaRS_AF_Arch_Candidatus_Korarchaeum_cryptofilum_OPF8_gene6094822.pdb
-0.235296  0.696935 -0.677435     2.510892
 0.946250  0.323412  0.004057     5.465899
 0.221918 -0.640068 -0.735572    -0.758905
>structures/AlaRS_AF_Arch_Candidatus_Nitrosopumilus_koreensis_AR1_gene13725795.pdb
 0.107156 -0.869475  0.482214     7.903697
-0.309951 -0.490050 -0.814728     4.453977
 0.944695 -0.062160 -0.322006    -0.398768
>structures/AlaRS_AF_Arch_Sulfolobus_islandicus_YG5714_gene7807284.pdb
 0.270855  0.435960 -0.858241     4.306713
 0.651451 -0.739400 -0.169999     6.612710
-0.708696 -0.513057 -0.484276    -4.228608
>structures/AlaRS_AF_Arch_Thermoplasma_acidophilum_DSM_1728_gene1456391.pdb
 0.199232 -0.820250  0.536187     7.088193
-0.348121 -0.570709 -0.743709     4.819200
 0.916034 -0.038487 -0.399250    -0.649622
>structures/AlaRS_AF_Bact_Brucella_melitensis_bv_1_str_16M_gene29593597.pdb
-0.466800  0.385907  0.795722    10.577131
-0.685579 -0.726282 -0.049956    22.087407
 0.558640 -0.568849  0.603599    26.348417
>structures/AlaRS_AF_Bact_Chlamydia_psittaci_6BC_gene12242512.pdb
 0.960889 -0.271745  0.053355    -1.157886
 0.273598  0.901717 -0.334739     6.447566
 0.042852  0.336244  0.940799     1.273650
>structures/AlaRS_AF_Bact_Lactobacillus_acidophilus_La-14_gene56942022.pdb
 0.570882  0.744645 -0.345829    -1.365407
-0.442441 -0.075804 -0.893588    -1.252270
-0.691621  0.663142  0.286186    -4.597717
>structures/AlaRS_AF_Bact_Nocardia_farcinica_IFM_10152_gene61134339.pdb
 0.892204  0.409972  0.189458     0.168896
-0.149142  0.663417 -0.733236     6.730546
-0.426296  0.625940  0.653047     0.575383
>structures/AlaRS_AF_Bact_Porphyromonas_gingivalis_ATCC_33277_gene29256567.pdb
 0.955717  0.101324  0.276293    -4.392063
 0.107317  0.754208 -0.647806    11.996226
-0.274021  0.648771  0.709936     3.398623
>structures/AlaRS_AF_Bact_Prochlorococcus_marinus_subsp_marinus_str_CCMP1375_gene54199407.pdb
-0.050048 -0.824483  0.563669    -1.997635
-0.847142  0.333976  0.413293     5.898367
-0.529005 -0.456823 -0.715169     0.918372
>structures/AlaRS_AF_Bact_Streptobacillus_moniliformis_DSM_12112_gene29672963.pdb
 1.000000  0.000000  0.000000     0.000000
 0.000000  1.000000  0.000000     0.000000
 0.000000  0.000000  1.000000     0.000000
>structures/AlaRS_AF_Bact_Treponema_pallidum_subsp_pertenue_str_SamoaD_gene57879528.pdb
 0.027466 -0.973008 -0.229133    -2.455408
 0.932721 -0.057502  0.355984     6.154314
-0.359551 -0.223494  0.905966   -22.651014
>structures/AlaRS_AF_Euk_Cyanidioschyzon_merolae_strain_10D_gene16993235.pdb
 0.033810 -0.202271 -0.978746    -2.326103
 0.702046 -0.692200  0.167304     8.845608
-0.711329 -0.692781  0.118600    -2.594642
>structures/AlaRS_AF_Euk_Homo_sapiens_gene16.pdb
 0.631219 -0.334218 -0.699901   -23.872681
 0.428528  0.902434 -0.044455     7.857587
 0.646472 -0.271866  0.712855    31.649119
>structures/AlaRS_AF_Euk_Marasmius_oreades_gene66078979.pdb
 0.375049  0.634553  0.675781   -11.266829
-0.846700  0.531282 -0.028963     8.715611
-0.377409 -0.561321  0.736533    39.280232
>structures/AlaRS_AF_Euk_Plasmodium_berghei_ANKA_gene55150801.pdb
 0.936272  0.342812  0.076651     0.970884
-0.108820  0.490526 -0.864606     0.851076
-0.333996  0.801164  0.496570    -1.987022
>structures/AlaRS_AF_Euk_Saccharomyces_cerevisiae_S288C_gene854513.pdb
 0.346511 -0.804563  0.482294    -6.440963
-0.738737 -0.550914 -0.388280    10.704951
 0.578099 -0.221745 -0.785258     2.685199
>structures/AlaRS_AF_Mito_Drosophila_melanogaster_gene38595.pdb
-0.270923 -0.921306 -0.278920     7.232379
-0.304623  0.356923 -0.883069     9.533946
 0.913130 -0.154278 -0.377350     3.915284
>structures/AlaRS_AF_Mito_Homo_sapiens_gene57505.pdb
 0.365229 -0.669838 -0.646471    -5.158477
 0.819210  0.561103 -0.118566    12.117265
 0.442157 -0.486291  0.753670    16.453315
