>../../../../class2/gly3//data/domains/Catalytic_domain/structures/GlyRS-E_AF_Arch_Methanosalsum_zhilinae_DSM_4017_gene10821854.pdb
-0.113234 -0.548259  0.828607    24.960959
 0.493744  0.692657  0.525778    -3.743020
-0.862203  0.468656  0.192268   -27.109240
>../../../../class2/gly3//data/domains/Catalytic_domain/structures/GlyRS-E_AF_Euk_Cryptococcus_neoformans_var_neoformans_JEC21_gene3258293.pdb
 0.988636  0.037186 -0.145660    25.250622
 0.006246 -0.978247 -0.207349    -4.837825
-0.150202  0.204083 -0.967362   -27.102708
>../../../../class2/gly3//data/domains/Catalytic_domain/structures/GlyRS-E_AF_Euk_Girardinichthys_multiradiatus_gene124858359.pdb
-0.142625 -0.668839  0.729597    24.570492
 0.554228  0.556765  0.618743    -5.997026
-0.820054  0.492612  0.291281   -27.951395
>../../../../class2/gly3//data/domains/Catalytic_domain/structures/GlyRS-E_AF_Euk_Plasmodium_yoelii_gene3801472.pdb
-0.023737 -0.258510  0.965717    26.507665
 0.179874  0.949120  0.258489    -3.028958
-0.983403  0.179843  0.023970   -27.775914
>../../../../class2/gly3//data/domains/Catalytic_domain/structures/GlyRS-E_AF_Euk_Schizosaccharomyces_pombe_gene2543181.pdb
-0.193482 -0.771567  0.606010    24.003785
 0.732008  0.297742  0.612792    -5.332314
-0.653245  0.562169  0.507186   -28.403701
>../../../../class2/gly3//data/domains/Catalytic_domain/structures/GlyRS-E_PDB_Euk_H_sapiens_2q5h.pdb
-0.929848 -0.285701  0.231856   132.650822
 0.192765 -0.915002 -0.354420   -60.637635
 0.313407 -0.284863  0.905886    65.481395
>../../../../class2/phe4//data/domains/Catalytic_domain/structures/PheRS-Aβ_AF_Arch_Candidatus_Nitrosopumilus_koreensis_AR1_gene13724457.pdb
 0.987281 -0.007252  0.158819    -0.022742
-0.015407  0.989893  0.140976     3.018526
-0.158236 -0.141630  0.977191     0.907616
>../../../../class2/phe4//data/domains/Catalytic_domain/structures/PheRS-Aβ_AF_Arch_Halalkalicoccus_jeotgali_B3_gene9420006.pdb
-0.235387  0.337244 -0.911515     1.021654
-0.442855 -0.872065 -0.208287     5.563700
-0.865143  0.354640  0.354623    -0.403008
>../../../../class2/phe4//data/domains/Catalytic_domain/structures/PheRS-Aβ_AF_Arch_Sulfolobus_islandicus_YG5714_gene7807969.pdb
 1.000000 -0.000000  0.000000     0.000000
 0.000000  1.000000  0.000000     0.000000
-0.000000  0.000000  1.000000     0.000000
>../../../../class2/phe4//data/domains/Catalytic_domain/structures/PheRS-Aβ_AF_Arch_Thermoplasma_volcanium_GSS1_gene1441711.pdb
-0.020354 -0.530885  0.847200     0.948292
-0.498439 -0.729172 -0.468900     5.759926
 0.866686 -0.431821 -0.249772     2.193141
>../../../../class2/phe4//data/domains/Catalytic_domain/structures/PheRS-Aβ_AF_Euk_Astyanax_mexicanus_gene103044481.pdb
-0.796327 -0.604544  0.019736    -3.429753
-0.502170  0.642584 -0.578715    -1.128414
 0.337177 -0.470757 -0.815291    -1.156456
>../../../../class2/phe4//data/domains/Catalytic_domain/structures/PheRS-Aβ_AF_Euk_Drosophila_melanogaster_gene42888.pdb
 0.604666  0.690382 -0.397180    -1.325567
-0.516024 -0.040289 -0.855626    -0.875311
-0.606711  0.722322  0.331892    -3.217083
>../../../../class2/phe4//data/domains/Catalytic_domain/structures/PheRS-Aβ_AF_Euk_Plasmodium_falciparum_3D7_gene810604.pdb
 0.966437 -0.239712  0.092398     3.495335
 0.206227  0.938359  0.277403     0.749118
-0.153199 -0.249037  0.956300    -0.635437
>../../../../class2/phe4//data/domains/Catalytic_domain/structures/PheRS-Aβ_AF_Euk_Saccharomyces_cerevisiae_S288C_gene850749.pdb
-0.035070 -0.571785 -0.819653     3.561850
 0.375730 -0.767531  0.519349     5.503829
-0.926065 -0.289755  0.241754     0.143555
>../../../../class2/phe4//data/domains/Catalytic_domain/structures/PheRS-Aβ_PDB_Euk.B_H_sapiens_3L4G.pdb
-0.174597  0.051519 -0.983291    19.328229
 0.900274  0.412796 -0.138228   -78.504023
 0.398777 -0.909365 -0.118454    67.419276
