>../../../../class2/gly2//data/domains/Catalytic_domain/structures/GlyRS-Bα_AF_Bact_Brachyspira_pilosicoli_95_1000_gene56440230.pdb
-0.730276  0.130892  0.670495    40.082927
 0.409071 -0.702276  0.582640    56.775202
 0.547135  0.699768  0.459311     9.292079
>../../../../class2/gly2//data/domains/Catalytic_domain/structures/GlyRS-Bα_AF_Bact_Chlamydia_pneumoniae_TW-183_gene45051002.pdb
 0.991033  0.102771 -0.085395    43.788281
 0.130347 -0.884147  0.448657    40.274040
-0.029393 -0.455765 -0.889615    -4.500616
>../../../../class2/gly2//data/domains/Catalytic_domain/structures/GlyRS-Bα_AF_Bact_Lacticaseibacillus_paracasei_gene61269714.pdb
 0.660826 -0.294563 -0.690320    40.864332
 0.706587  0.554295  0.439877    58.310990
 0.253070 -0.778453  0.574427     8.541784
>../../../../class2/gly2//data/domains/Catalytic_domain/structures/GlyRS-Bα_AF_Bact_Prochlorococcus_marinus_subsp_marinus_str_CCMP1375_gene54200602.pdb
 0.709867  0.172282 -0.682941    40.624649
 0.034667  0.959902  0.278184    58.589177
 0.703482 -0.221149  0.675430     8.418275
>../../../../class2/gly2//data/domains/Catalytic_domain/structures/GlyRS-Bα_AF_Bact_Salmonella_enterica_subsp_enterica_serovar_Typhimurium_str_LT2_gene1255180.pdb
 0.879160 -0.034345 -0.475288    40.720225
-0.375327  0.564639 -0.735060    58.058717
 0.293612  0.824623  0.483517     6.733451
>../../../../class2/gly2//data/domains/Catalytic_domain/structures/GlyRS-Bα_AF_Bact_Streptobacillus_moniliformis_DSM_12112_gene29673275.pdb
 0.705303  0.184671 -0.684430    40.532610
 0.249925  0.838708  0.483845    58.167008
 0.663389 -0.512313  0.545390     8.286514
>../../../../class2/gly2//data/domains/Catalytic_domain/structures/GlyRS-Bα_AF_Euk_Ostreococcus_tauri_gene9837276.pdb
 0.630070 -0.467695 -0.619898    43.821904
-0.682421 -0.714422 -0.154608    41.145599
-0.370559  0.520445 -0.769300    -2.885327
>../../../../class2/gly2//data/domains/Catalytic_domain/structures/GlyRS-Bα_AF_Mito_Nymphaea_colorata_gene116265348.pdb
 0.971326  0.166658  0.169560    42.177656
-0.005336 -0.697722  0.716349    39.577180
 0.237691 -0.696713 -0.676826    -4.338064
>../../../../class2/gly2//data/domains/Catalytic_domain/structures/GlyRS-Bα_PDB_Bact_A_aeolicus_5f5w.pdb
 0.007193 -0.231982 -0.972693    41.704771
 0.654532 -0.734302  0.179968    98.624389
-0.756000 -0.637953  0.146558   -20.824928
>../../../../class2/gly2//data/domains/Catalytic_domain/structures/GlyRS-Bα_PDB_Bact_C_jejuni_3ufg.pdb
 0.914790  0.373661 -0.153418     6.994910
 0.144806 -0.657939 -0.739018    73.026500
-0.377082  0.653830 -0.655984    -1.065007
>../../../../class2/gly2//data/domains/Catalytic_domain/structures/GlyRS-Bα_PDB_Bact_T_maritima_1j5w.pdb
 1.000000  0.000000  0.000000     0.000000
 0.000000  1.000000  0.000000     0.000000
 0.000000  0.000000  1.000000     0.000000
>../../../../class2/sep//data/domains/Catalytic_domain/structures/SepRS_AF_Arch_Methanothrix_thermoacetophila_PT_gene4462697.pdb
-0.429899 -0.722631  0.541286    58.686703
-0.661390  0.660154  0.356034    71.674613
-0.614613 -0.204943 -0.761741     7.888365
>../../../../class2/sep//data/domains/Catalytic_domain/structures/SepRS_AF_Arch_unclassified_Candidatus_Bathyarchaeota_proteinUCD26266.1.pdb
 0.131224  0.239528 -0.961981    58.217617
 0.698853  0.665893  0.261134    69.237480
 0.703125 -0.706550 -0.080014    16.273515
>../../../../class2/sep//data/domains/Catalytic_domain/structures/SepRS_AF_Arch_unclassified_Lokiarchaeota_proteinTFF69421.1.pdb
 0.937336 -0.089808 -0.336654    61.826888
-0.222950  0.587916 -0.777591    66.283904
 0.267758  0.803921  0.531052    15.699146
>../../../../class2/sep//data/domains/Catalytic_domain/structures/SepRS_AF_Arch_unclassified_Thermoprotei_proteinRLF12424.1.pdb
 0.139791  0.662911 -0.735532    56.008220
 0.859946 -0.449524 -0.241705    73.377369
-0.490868 -0.598730 -0.632907    14.220694
>../../../../class2/sep//data/domains/Catalytic_domain/structures/SepRS_PDB_Arch_2DU4_A_fulgidus.pdb
-0.028659 -0.778912 -0.626478    98.179512
 0.042310 -0.627119  0.777774   123.895371
-0.998693 -0.004216  0.050928    40.276371
>../../../../class2/sep//data/domains/Catalytic_domain/structures/SepRS_PDB_Arch_2ODR_M_maripadulis.pdb
 0.457933 -0.590465 -0.664566    53.266602
-0.855018 -0.087864 -0.511100   145.999394
 0.243395  0.802266 -0.545094     1.097578
