>../../../../class2/phe4//data/domains/Catalytic_domain/structures/PheRS-Aβ_AF_Arch_Candidatus_Nitrosopumilus_koreensis_AR1_gene13724457.pdb
 0.987281 -0.007252  0.158819    -0.022742
-0.015407  0.989893  0.140976     3.018526
-0.158236 -0.141630  0.977191     0.907616
>../../../../class2/phe4//data/domains/Catalytic_domain/structures/PheRS-Aβ_AF_Arch_Halalkalicoccus_jeotgali_B3_gene9420006.pdb
-0.235387  0.337244 -0.911515     1.021654
-0.442855 -0.872065 -0.208287     5.563700
-0.865143  0.354640  0.354623    -0.403008
>../../../../class2/phe4//data/domains/Catalytic_domain/structures/PheRS-Aβ_AF_Arch_Sulfolobus_islandicus_YG5714_gene7807969.pdb
 1.000000 -0.000000  0.000000     0.000000
 0.000000  1.000000  0.000000     0.000000
-0.000000  0.000000  1.000000     0.000000
>../../../../class2/phe4//data/domains/Catalytic_domain/structures/PheRS-Aβ_AF_Arch_Thermoplasma_volcanium_GSS1_gene1441711.pdb
-0.020354 -0.530885  0.847200     0.948292
-0.498439 -0.729172 -0.468900     5.759926
 0.866686 -0.431821 -0.249772     2.193141
>../../../../class2/phe4//data/domains/Catalytic_domain/structures/PheRS-Aβ_AF_Euk_Astyanax_mexicanus_gene103044481.pdb
-0.796327 -0.604544  0.019736    -3.429753
-0.502170  0.642584 -0.578715    -1.128414
 0.337177 -0.470757 -0.815291    -1.156456
>../../../../class2/phe4//data/domains/Catalytic_domain/structures/PheRS-Aβ_AF_Euk_Drosophila_melanogaster_gene42888.pdb
 0.604666  0.690382 -0.397180    -1.325567
-0.516024 -0.040289 -0.855626    -0.875311
-0.606711  0.722322  0.331892    -3.217083
>../../../../class2/phe4//data/domains/Catalytic_domain/structures/PheRS-Aβ_AF_Euk_Plasmodium_falciparum_3D7_gene810604.pdb
 0.966437 -0.239712  0.092398     3.495335
 0.206227  0.938359  0.277403     0.749118
-0.153199 -0.249037  0.956300    -0.635437
>../../../../class2/phe4//data/domains/Catalytic_domain/structures/PheRS-Aβ_AF_Euk_Saccharomyces_cerevisiae_S288C_gene850749.pdb
-0.035070 -0.571785 -0.819653     3.561850
 0.375730 -0.767531  0.519349     5.503829
-0.926065 -0.289755  0.241754     0.143555
>../../../../class2/phe4//data/domains/Catalytic_domain/structures/PheRS-Aβ_PDB_Euk.B_H_sapiens_3L4G.pdb
-0.174597  0.051519 -0.983291    19.328229
 0.900274  0.412796 -0.138228   -78.504023
 0.398777 -0.909365 -0.118454    67.419276
>../../../../class2/phe5//data/domains/Catalytic_domain/structures/PheRS-M_AF_Mito_Arabidopsis_thaliana_gene824983.pdb
 0.004687  0.907950  0.419052    16.728663
-0.017029 -0.418923  0.907862    -5.407566
 0.999844 -0.011391  0.013498   -19.712523
>../../../../class2/phe5//data/domains/Catalytic_domain/structures/PheRS-M_AF_Mito_Babesia_bovis_T2Bo_gene5478469.pdb
 0.757920 -0.539792 -0.366307    22.215017
-0.645747 -0.541134 -0.538688    -4.771008
 0.092558  0.644824 -0.758706   -23.992956
>../../../../class2/phe5//data/domains/Catalytic_domain/structures/PheRS-M_AF_Mito_Candida_albicans_SC5314_gene3638806.pdb
-0.704925 -0.211147  0.677124    18.288411
 0.545232 -0.771913  0.326913    -2.733367
 0.453654  0.599639  0.659265   -24.780804
>../../../../class2/phe5//data/domains/Catalytic_domain/structures/PheRS-M_AF_Mito_Crassostrea_gigas_gene105329377.pdb
 0.263219  0.955170  0.135521    17.529901
-0.028401  0.148086 -0.988567   -10.191757
-0.964318  0.256361  0.066107   -31.821797
>../../../../class2/phe5//data/domains/Catalytic_domain/structures/PheRS-M_AF_Mito_Drosophila_melanogaster_gene36547.pdb
-0.281969 -0.949114 -0.140268    21.856866
 0.824612 -0.314476  0.470233    -1.954396
-0.490416  0.016925  0.871324   -22.555316
>../../../../class2/phe5//data/domains/Catalytic_domain/structures/PheRS-M_AF_Mito_Syngnathus_acus_gene119139175.pdb
-0.482629  0.038559 -0.874976    18.050793
 0.770015 -0.457331 -0.444888    -6.767305
-0.417308 -0.888460  0.191030   -27.324828
>../../../../class2/phe5//data/domains/Catalytic_domain/structures/PheRS-M_PDB_Mito.H_sapiens_3CMQ.pdb
-0.898944 -0.130417 -0.418199    28.833054
-0.246386 -0.638817  0.728839    -1.600063
-0.362205  0.758225  0.542128   -52.273381
