>../../../../class2/phe2//data/domains/Catalytic_domain/structures/PheRS-Bβ_AF_Bact_Brachyspira_pilosicoli_95_1000_gene56440382.pdb
 0.021770 -0.574580 -0.818159     4.504359
 0.494905 -0.704857  0.508179     1.353067
-0.868674 -0.415974  0.269018     1.915675
>../../../../class2/phe2//data/domains/Catalytic_domain/structures/PheRS-Bβ_AF_Bact_Chlamydia_psittaci_6BC_gene12242429.pdb
 0.983144  0.150034 -0.104490     0.765093
-0.140645  0.985767  0.092104    -0.953044
 0.116822 -0.075856  0.990252    -0.848605
>../../../../class2/phe2//data/domains/Catalytic_domain/structures/PheRS-Bβ_AF_Bact_Ferrimonas_balearica_DSM_9799_gene67181907.pdb
 0.262937  0.707289 -0.656206     0.568161
-0.727511 -0.301385 -0.616356     2.475680
-0.633713  0.639460  0.435315     0.877372
>../../../../class2/phe2//data/domains/Catalytic_domain/structures/PheRS-Bβ_AF_Bact_Lacticaseibacillus_paracasei_gene61269867.pdb
 0.114016 -0.653455 -0.748330     3.495349
 0.699271 -0.482271  0.527669    -1.947980
-0.705706 -0.583448  0.401955     5.312581
>../../../../class2/phe2//data/domains/Catalytic_domain/structures/PheRS-Bβ_AF_Bact_Mycobacterium_intracellulare_ATCC_13950_gene11909688.pdb
 0.718683  0.612354 -0.329420     0.930906
-0.683730  0.536143 -0.495040     1.134512
-0.126524  0.581011  0.804001     1.463549
>../../../../class2/phe2//data/domains/Catalytic_domain/structures/PheRS-Bβ_AF_Bact_Mycoplasma_hyopneumoniae_168-L_gene57101148.pdb
 0.610342 -0.607891 -0.507890     0.119783
 0.742524  0.215696  0.634140     6.023580
-0.275938 -0.764162  0.583022     8.662038
>../../../../class2/phe2//data/domains/Catalytic_domain/structures/PheRS-Bβ_AF_Bact_Porphyromonas_gingivalis_ATCC_33277_gene29257179.pdb
 0.147708 -0.317317  0.936745     4.572548
 0.190879 -0.920182 -0.341805     4.476272
 0.970437  0.229292 -0.075349    -0.134259
>../../../../class2/phe2//data/domains/Catalytic_domain/structures/PheRS-Bβ_AF_Bact_Prochlorococcus_marinus_subsp_marinus_str_CCMP1375_gene54200309.pdb
 1.000000  0.000000  0.000000     0.000000
 0.000000  1.000000  0.000000     0.000000
 0.000000  0.000000  1.000000     0.000000
>../../../../class2/phe2//data/domains/Catalytic_domain/structures/PheRS-Bβ_AF_Euk_Didymosphenia_geminata_gene19740299.pdb
 0.792190 -0.560957 -0.240338     3.868108
 0.513522  0.399939  0.759174     2.104973
-0.329743 -0.724828  0.604891    -1.807690
>../../../../class2/phe2//data/domains/Catalytic_domain/structures/PheRS-Bβ_AF_Euk_Gracilariopsis_tenuifrons_gene68635617.pdb
-0.758119 -0.580950 -0.296232     7.012373
-0.168990  0.613763 -0.771192    13.071997
 0.629840 -0.534595 -0.563480    -1.193643
>../../../../class2/phe2//data/domains/Catalytic_domain/structures/PheRS-Bβ_PDB_Bact.B_E_coli_3PCO.pdb
 0.693254  0.488857  0.529545    -3.588855
 0.153976 -0.818274  0.553823   -27.938149
 0.704053 -0.302402 -0.642544    40.857392
>../../../../class2/phe2//data/domains/Catalytic_domain/structures/PheRS-Bβ_PDB_Bact.B_T_thermophilus_1PYS.pdb
 0.354981 -0.771715  0.527679    37.834099
 0.909986  0.414597 -0.005832   -34.384397
-0.214273  0.482251  0.849424   -47.611658
>../../../../class2/thr//data/domains/Catalytic_domain/structures/ThrRS_AF_Arch_Candidatus_Methanomethylophilus_alvus_Mx1201_gene15140074.pdb
 0.116066 -0.589159 -0.799638    33.730738
 0.680393  0.633679 -0.368126     8.084395
 0.723598 -0.501341  0.474408   -20.973964
>../../../../class2/thr//data/domains/Catalytic_domain/structures/ThrRS_AF_Arch_Candidatus_Nitrosopumilus_koreensis_AR1_gene13725077.pdb
-0.154914 -0.737950 -0.656835    30.387206
-0.959466 -0.046057  0.278034    -0.222717
-0.235427  0.673282 -0.700903   -24.967674
>../../../../class2/thr//data/domains/Catalytic_domain/structures/ThrRS_AF_Arch_Pyrococcus_furiosus_DSM_3638_gene1469226.pdb
 0.077978 -0.899156 -0.430626    31.195263
-0.976351 -0.156238  0.149429     0.058382
-0.201640  0.408790 -0.890074   -22.680068
>../../../../class2/thr//data/domains/Catalytic_domain/structures/ThrRS_AF_Arch_Sulfolobus_islandicus_M164_gene7940156.pdb
 0.655013  0.053656  0.753711    26.947434
 0.692256  0.357223 -0.627035     7.909562
-0.302887  0.932477  0.196842   -20.977633
>../../../../class2/thr//data/domains/Catalytic_domain/structures/ThrRS_AF_Bact_Bifidobacterium_longum_subsp_longum_JCM_1217_gene69578309.pdb
 0.858130  0.016298 -0.513174    37.630917
-0.161973 -0.939863 -0.300702     5.267869
-0.487215  0.341161 -0.803885   -20.467514
>../../../../class2/thr//data/domains/Catalytic_domain/structures/ThrRS_AF_Bact_Brachyspira_pilosicoli_95_1000_gene56439092.pdb
 0.366325  0.904751  0.217327    36.871378
 0.473970  0.019554 -0.880324     8.262106
-0.800724  0.425491 -0.421662   -20.697306
>../../../../class2/thr//data/domains/Catalytic_domain/structures/ThrRS_AF_Bact_Brucella_abortus_2308_gene3787745.pdb
-0.760562  0.620956  0.189627    37.025756
-0.274969 -0.572639  0.772319     7.724264
 0.588164  0.535255  0.606271   -20.858300
>../../../../class2/thr//data/domains/Catalytic_domain/structures/ThrRS_AF_Bact_Lactobacillus_acidophilus_La-14_gene56943112.pdb
 0.111430 -0.786445  0.607526    41.270485
-0.787374  0.303119  0.536806     6.719195
-0.606321 -0.538167 -0.585450   -21.797541
>../../../../class2/thr//data/domains/Catalytic_domain/structures/ThrRS_AF_Bact_Mycoplasma_hyopneumoniae_168-L_gene57101460.pdb
-0.216571 -0.709263 -0.670852    33.378147
 0.939082  0.036497 -0.341751     6.785887
 0.266876 -0.703998  0.658152   -19.750955
>../../../../class2/thr//data/domains/Catalytic_domain/structures/ThrRS_AF_Bact_Porphyromonas_gingivalis_ATCC_33277_gene29256174.pdb
-0.067037  0.934360 -0.349969    36.837855
 0.750763 -0.183787 -0.634489     5.837673
-0.657161 -0.305278 -0.689163   -19.321443
>../../../../class2/thr//data/domains/Catalytic_domain/structures/ThrRS_AF_Bact_Prochlorococcus_marinus_subsp_marinus_str_CCMP1375_gene54200406.pdb
 0.199125  0.017225 -0.979823    38.921783
-0.664246  0.737487 -0.122027     5.217723
 0.720504  0.675142  0.158293   -22.522589
>../../../../class2/thr//data/domains/Catalytic_domain/structures/ThrRS_AF_Bact_Streptobacillus_moniliformis_DSM_12112_gene29674242.pdb
-0.121873 -0.988510 -0.089410    37.406144
-0.904675  0.073575  0.419702     7.452863
-0.408302  0.132037 -0.903247   -20.597481
>../../../../class2/thr//data/domains/Catalytic_domain/structures/ThrRS_AF_Euk_Arabidopsis_thaliana_gene832741.pdb
 0.866065 -0.372745 -0.333154    38.214959
-0.266466 -0.908029  0.323233     4.522315
-0.422997 -0.191167 -0.885736   -19.080114
>../../../../class2/thr//data/domains/Catalytic_domain/structures/ThrRS_AF_Euk_Cercospora_beticola_gene35433465.pdb
 0.890447  0.342296  0.299894    38.157983
-0.157857 -0.385749  0.908999     6.711771
 0.426831 -0.856756 -0.289455   -19.352867
>../../../../class2/thr//data/domains/Catalytic_domain/structures/ThrRS_AF_Euk_Cryptococcus_gattii_WM276_gene10188143.pdb
 0.725849 -0.311061 -0.613502    39.628161
-0.491235 -0.858740 -0.145789     6.938054
-0.481489  0.407195 -0.776119   -18.827651
>../../../../class2/thr//data/domains/Catalytic_domain/structures/ThrRS_AF_Euk_Cyanidioschyzon_merolae_strain_10D_gene16997242.pdb
-0.692191  0.664469 -0.281695    39.464364
-0.527312 -0.199134  0.826007     7.230762
 0.492761  0.720296  0.488221   -20.480143
>../../../../class2/thr//data/domains/Catalytic_domain/structures/ThrRS_AF_Mito_Cyanidioschyzon_merolae_strain_10D_gene16995590.pdb
-0.189864 -0.532244 -0.825026    37.103384
-0.981759  0.094356  0.165062     6.746172
-0.010007  0.841316 -0.540450   -21.617993
>../../../../class2/thr//data/domains/Catalytic_domain/structures/ThrRS_AF_Mito_Oryza_sativa_Japonica_Group_gene4345200.pdb
-0.930246  0.144875  0.337126    39.551900
-0.300269  0.227527 -0.926321     5.990576
-0.210906 -0.962934 -0.168154   -19.649284
>../../../../class2/thr//data/domains/Catalytic_domain/structures/ThrRS_PDB_Bact_E_coli_1evk.pdb
 0.555462  0.730821 -0.396689   -24.191503
 0.089311  0.421860  0.902251   -35.618619
 0.826732 -0.536595  0.169057   -20.336667
>../../../../class2/thr//data/domains/Catalytic_domain/structures/ThrRS_PDB_Bact_S_aureus_1nyr.pdb
-0.305487 -0.212907 -0.928088    98.642753
 0.702840 -0.708000 -0.068927    35.115587
-0.642412 -0.673354  0.365925     2.342498
