>../../../../class2/asn//data/domains/Catalytic_domain/structures/AsnRS_AF_Arch_Candidatus_Korarchaeum_cryptofilum_OPF8_gene6094562.pdb
 0.085667  0.119435  0.989139    -5.149148
-0.038338 -0.991659  0.123059     4.403356
 0.995586 -0.048464 -0.080374    -2.344258
>../../../../class2/asn//data/domains/Catalytic_domain/structures/AsnRS_AF_Arch_Candidatus_Nitrososphaera_gargensis_Ga92_gene13796664.pdb
 0.386752  0.645892 -0.658214    -6.630550
-0.634372 -0.331709 -0.698242     2.911935
-0.669324  0.687599  0.281447    -3.986127
>../../../../class2/asn//data/domains/Catalytic_domain/structures/AsnRS_AF_Arch_Ferroplasma_acidarmanus_Fer1_gene16025664.pdb
 0.994890 -0.099461 -0.017388    -0.091562
 0.096774  0.988431 -0.116789    -1.028655
 0.028803  0.114509  0.993005     0.661653
>../../../../class2/asn//data/domains/Catalytic_domain/structures/AsnRS_AF_Arch_Pyrococcus_sp_ST04_gene13021535.pdb
 0.999292 -0.015270 -0.034377    -0.587300
 0.010619  0.991243 -0.131623    -1.465971
 0.036086  0.131165  0.990704    -0.175119
>../../../../class2/asn//data/domains/Catalytic_domain/structures/AsnRS_AF_Bact_Clostridium_acetobutylicum_DSM_1731_gene44999755.pdb
 0.293222  0.703147 -0.647769    -7.320151
-0.634779 -0.363460 -0.681875     4.257757
-0.714896  0.611131  0.339768    -2.750979
>../../../../class2/asn//data/domains/Catalytic_domain/structures/AsnRS_AF_Bact_Mycoplasma_hyopneumoniae_168-L_gene57101291.pdb
 0.956043  0.291921 -0.027634    -0.589604
-0.282274  0.890722 -0.356279    -2.353730
-0.079392  0.348418  0.933971    -1.342347
>../../../../class2/asn//data/domains/Catalytic_domain/structures/AsnRS_AF_Bact_Porphyromonas_gingivalis_ATCC_33277_gene29256423.pdb
 0.994641  0.100040  0.026115    -1.409705
-0.095641  0.986195 -0.135173    -0.432617
-0.039277  0.131951  0.990478    -1.390012
>../../../../class2/asn//data/domains/Catalytic_domain/structures/AsnRS_AF_Bact_Streptobacillus_moniliformis_DSM_12112_gene29673200.pdb
 0.229208  0.711707 -0.664031    -7.104215
-0.589726 -0.441199 -0.676436     4.129515
-0.774394  0.546641  0.318586    -3.023695
>../../../../class2/asn//data/domains/Catalytic_domain/structures/AsnRS_AF_Bact_Thermus_thermophilus_HB8_gene3168522.pdb
 0.936746  0.348749 -0.029682    -1.040259
-0.318694  0.814801 -0.484286    -3.199642
-0.144709  0.463113  0.874406    -1.463059
>../../../../class2/asn//data/domains/Catalytic_domain/structures/AsnRS_AF_Bact_Treponema_pallidum_subsp_pertenue_str_SamoaD_gene57879132.pdb
 0.376770  0.691264 -0.616602    -7.537527
-0.644563 -0.282423 -0.710476     3.940543
-0.665269  0.665125  0.339155    -3.729604
>../../../../class2/asn//data/domains/Catalytic_domain/structures/AsnRS_AF_Bact_unclassified_Blastocatellia_proteinRPI49177.1.pdb
 0.835420  0.537787 -0.113396    -2.480443
-0.480047  0.613513 -0.627022    -3.103968
-0.267634  0.578262  0.770704    -2.669938
>../../../../class2/asn//data/domains/Catalytic_domain/structures/AsnRS_AF_Euk_Candida_albicans_SC5314_gene3646227.pdb
 0.989725  0.071925 -0.123577    -4.504657
-0.103308  0.957229 -0.270258    -3.418283
 0.098853  0.280248  0.954824     1.406277
>../../../../class2/asn//data/domains/Catalytic_domain/structures/AsnRS_AF_Euk_Cryptococcus_gattii_WM276_gene10190222.pdb
 0.965886  0.101185 -0.238382    -7.851950
-0.176189  0.931390 -0.318545    -3.467370
 0.189795  0.349678  0.917444     1.370903
>../../../../class2/asn//data/domains/Catalytic_domain/structures/AsnRS_AF_Euk_Encephalitozoon_intestinalis_ATCC_50506_gene9698489.pdb
 1.000000  0.000000  0.000000     0.000000
 0.000000  1.000000  0.000000     0.000000
 0.000000  0.000000  1.000000     0.000000
>../../../../class2/asn//data/domains/Catalytic_domain/structures/AsnRS_AF_Euk_Vitis_vinifera_gene100257593.pdb
 0.258082  0.840054 -0.477182    -8.150053
-0.474801 -0.319869 -0.819907     6.591362
-0.841402  0.438170  0.316306    -5.260615
>../../../../class2/asn//data/domains/Catalytic_domain/structures/AsnRS_AF_Mito_Homo_sapiens_gene79731.pdb
 0.037199 -0.495554  0.867780    -5.864463
-0.425053 -0.793758 -0.435062     1.399959
 0.904404 -0.352669 -0.240164    -1.862042
>../../../../class2/asn//data/domains/Catalytic_domain/structures/AsnRS_AF_Mito_Zeugodacus_cucurbitae_gene105213230.pdb
-0.998746  0.047360 -0.016221    -9.431628
 0.039904  0.948819  0.313288     1.525896
 0.030229  0.312248 -0.949520    -4.937322
>../../../../class2/asn//data/domains/Catalytic_domain/structures/AsnRS_PDB_Arch_P_horikoshii_1X54.pdb
 0.244429 -0.438423  0.864893   -28.626739
-0.965450 -0.026942  0.259190   -11.909206
-0.090333 -0.898365 -0.429861    12.409920
>../../../../class2/asn//data/domains/Catalytic_domain/structures/AsnRS_PDB_Bact_E_anophelis_6pqh.pdb
 0.034345 -0.153503 -0.987551   -61.398846
-0.167316 -0.975071  0.145744     8.166935
-0.985305  0.160228 -0.059173   -18.756096
>../../../../class2/pro1//data/domains/Catalytic_domain/structures/ProRS-A_AF_Arch_Candidatus_Nitrosopumilus_sediminis_gene13697692.pdb
 0.151150 -0.464296  0.872687    -1.350791
-0.546273 -0.775012 -0.317715    -2.373212
 0.823857 -0.428703 -0.370776    -2.206710
>../../../../class2/pro1//data/domains/Catalytic_domain/structures/ProRS-A_AF_Arch_Halogeometricum_borinquense_DSM_11551_gene9994169.pdb
 0.940149 -0.340703  0.006470    -1.724531
 0.337182  0.932844  0.126928    -1.889595
-0.049280 -0.117150  0.991891    -1.487634
>../../../../class2/pro1//data/domains/Catalytic_domain/structures/ProRS-A_AF_Arch_Picrophilus_torridus_DSM_9790_gene2845069.pdb
 0.977979  0.054621  0.201427    -1.172125
-0.023444  0.987788 -0.154030     0.020630
-0.207381  0.145916  0.967317    -2.473958
>../../../../class2/pro1//data/domains/Catalytic_domain/structures/ProRS-A_AF_Arch_Sulfurisphaera_tokodaii_str_7_gene1459472.pdb
 0.042574  0.240382  0.969744    -1.257215
 0.043405 -0.970153  0.238577    -1.492620
 0.998150  0.031935 -0.051738    -2.188335
>../../../../class2/pro1//data/domains/Catalytic_domain/structures/ProRS-A_AF_Bact_Bacillus_anthracis_str_Ames_Ancestor_gene45020455.pdb
-0.168733  0.292118 -0.941380    -1.352501
 0.502293 -0.796273 -0.337122    -1.180783
-0.848075 -0.529733 -0.012371    -2.177510
>../../../../class2/pro1//data/domains/Catalytic_domain/structures/ProRS-A_AF_Bact_Mycoplasma_hyopneumoniae_168-L_gene57101275.pdb
 0.623768 -0.640805 -0.447530    -0.351033
 0.777924  0.453448  0.434992    -3.111554
-0.075814 -0.619479  0.781344    -3.142603
>../../../../class2/pro1//data/domains/Catalytic_domain/structures/ProRS-A_AF_Bact_Porphyromonas_gingivalis_ATCC_33277_gene29256199.pdb
 0.966510 -0.255533  0.023705    -1.180813
 0.249791  0.957913  0.141444    -1.647232
-0.058851 -0.130785  0.989662    -3.412258
>../../../../class2/pro1//data/domains/Catalytic_domain/structures/ProRS-A_AF_Bact_Thermus_thermophilus_HB8_gene3169620.pdb
 0.814836 -0.528993 -0.237083    -0.233338
 0.579474  0.732117  0.358070    -2.249305
-0.015844 -0.429152  0.903093    -2.886912
>../../../../class2/pro1//data/domains/Catalytic_domain/structures/ProRS-A_AF_Euk_Cryptococcus_gattii_WM276_gene10188341.pdb
 0.784645 -0.574834 -0.232162     0.716855
 0.610755  0.781006  0.130412    -4.001374
 0.106355 -0.244121  0.963895    -0.549427
>../../../../class2/pro1//data/domains/Catalytic_domain/structures/ProRS-A_AF_Euk_Ostreococcus_tauri_gene9837972.pdb
 0.554255 -0.736213 -0.388320     3.140625
 0.822886  0.414527  0.388620     1.122355
-0.125137 -0.534938  0.835573     1.820327
>../../../../class2/pro1//data/domains/Catalytic_domain/structures/ProRS-A_AF_Euk_Plasmodium_yoelii_gene3807174.pdb
-0.125224  0.086095 -0.988386    -4.653345
 0.260316 -0.958473 -0.116470    -1.522882
-0.957369 -0.271877  0.097612    -1.999887
>../../../../class2/pro1//data/domains/Catalytic_domain/structures/ProRS-A_AF_Euk_Scheffersomyces_stipitis_CBS_6054_gene4840393.pdb
 0.977414 -0.198757  0.071813     2.613789
 0.208658  0.961510 -0.178777    -5.216920
-0.033516  0.189724  0.981265    -2.337278
>../../../../class2/pro1//data/domains/Catalytic_domain/structures/ProRS-A_AF_Mito_Oryza_sativa_Japonica_Group_gene4342480.pdb
 0.733383 -0.644946 -0.214929     3.769777
 0.679525  0.686225  0.259501    -0.520792
-0.019875 -0.336363  0.941523     1.516093
>../../../../class2/pro1//data/domains/Catalytic_domain/structures/ProRS-A_PDB_Arch_M_janacshii_1nj8.pdb
-0.007974  0.837553  0.546298   -62.258945
 0.735523  0.375027 -0.564234   -66.494714
-0.677453  0.397315 -0.619030    70.505140
