>structures/CysRS_AF_Arch_Aciduliprofundum_boonei_T469_gene8827372.pdb
-0.582089 -0.667250 -0.464704     5.649651
-0.642313  0.727764 -0.240403    -0.282800
 0.498604  0.158549 -0.852207     8.254902
>structures/CysRS_AF_Arch_Candidatus_Nitrosopumilus_sediminis_gene13696907.pdb
-0.582388 -0.812718  0.017684     7.380132
-0.752624  0.530849 -0.389560     1.077757
 0.307215 -0.240184 -0.920831     2.845533
>structures/CysRS_AF_Arch_Methanospirillum_hungatei_JF-1_gene3922979.pdb
 0.323409 -0.197402 -0.925440    69.367713
-0.894322 -0.383320 -0.230769    10.537515
-0.309185  0.902274 -0.300510     4.228255
>structures/CysRS_AF_Arch_Pyrobaculum_ferrireducens_gene11593896.pdb
 0.067724  0.185810  0.980249    -0.692877
 0.430522 -0.891767  0.139293     8.529974
 0.900036  0.412586 -0.140389    -2.271168
>structures/CysRS_AF_Bact_Bordetella_avium_197N_gene41394405.pdb
 0.141200 -0.093456  0.985560    -1.585230
 0.643009 -0.748295 -0.163080    15.772915
 0.752730  0.656750 -0.045566    -1.088468
>structures/CysRS_AF_Bact_Lactobacillus_amylovorus_GRL1118_gene66523130.pdb
-0.006052  0.222877  0.974828    -6.461055
 0.380648 -0.900943  0.208348     1.847524
 0.924700  0.372327 -0.079385    -5.735556
>structures/CysRS_AF_Bact_Mycobacterium_canettii_CIPT_140010059_gene45427568.pdb
 0.695189 -0.452235 -0.558744     1.492933
 0.397291  0.889519 -0.225647    14.483354
 0.599059 -0.065117  0.798053   -16.124588
>structures/CysRS_AF_Bact_Mycoplasma_hyopneumoniae_168-L_gene57101512.pdb
-0.260592  0.922775 -0.283864    55.625512
 0.633618  0.385307  0.670870     8.799798
 0.728437 -0.005038 -0.685094    13.347084
>structures/CysRS_AF_Bact_Porphyromonas_gingivalis_ATCC_33277_gene29256960.pdb
-0.561827 -0.825194 -0.058348    -3.385831
-0.685486  0.503870 -0.525571     6.117631
 0.463098 -0.255283 -0.848747     3.438456
>structures/CysRS_AF_Bact_Prochlorococcus_marinus_subsp_marinus_str_CCMP1375_gene54200571.pdb
-0.582336  0.811207  0.053180    -1.651449
 0.407376  0.234578  0.882620    -9.021701
 0.703513  0.535646 -0.467069     3.855440
>structures/CysRS_AF_Bact_Streptobacillus_moniliformis_DSM_12112_gene29673427.pdb
 0.341949 -0.442254  0.829145    38.683399
 0.464706 -0.687314 -0.558254    31.724676
 0.816774  0.576203 -0.029509    15.432335
>structures/CysRS_AF_Bact_Treponema_pallidum_subsp_pertenue_str_SamoaD_gene57878631.pdb
 0.307468  0.113836 -0.944725    34.847186
-0.808365  0.555020 -0.196211    -5.828414
 0.502005  0.824011  0.262672    14.156098
>structures/CysRS_AF_Euk_Arabidopsis_thaliana_gene833874.pdb
-0.656655  0.335135 -0.675639    48.108532
 0.517342  0.852014 -0.080184    18.380737
 0.548782 -0.402190 -0.732859    13.851189
>structures/CysRS_AF_Euk_Cyanidioschyzon_merolae_strain_10D_gene16993418.pdb
-0.632761  0.283027  0.720770    -2.390519
 0.663763 -0.281118  0.693103     8.306811
 0.398788  0.916989 -0.009983   -14.984706
>structures/CysRS_AF_Euk_Drosophila_melanogaster_gene36784.pdb
-0.632258  0.592606  0.499067    -3.910073
 0.543651 -0.119592  0.830747     3.694955
 0.551991  0.796565 -0.246558    -8.262900
>structures/CysRS_AF_Euk_Homo_sapiens_gene833.pdb
 0.003568 -0.652458  0.757817    -3.842800
-0.767550 -0.487538 -0.416142     8.254586
 0.640980 -0.580177 -0.502533    -5.653475
>structures/CysRS_AF_Euk_Micromonas_commoda_gene8246535.pdb
-0.545267  0.207658 -0.812134    48.031395
-0.595012 -0.778311  0.200481    18.669684
-0.590462  0.592545  0.547946    13.794636
>structures/CysRS_AF_Mito_Homo_sapiens_gene79587.pdb
-0.970530  0.201616 -0.131993    34.538758
 0.240636  0.840092 -0.486148    24.545844
 0.012871 -0.503583 -0.863851    21.851330
>structures/CysRS_AF_Mito_Morone_saxatilis_gene118339815.pdb
-0.483107 -0.854117  0.192593    -7.711564
-0.754404  0.294418 -0.586680     9.775266
 0.444390 -0.428722 -0.786584    -8.825817
>structures/CysRS_AF_Mito_Saccharomyces_cerevisiae_S288C_gene855474.pdb
 0.273949 -0.230279  0.933769    48.512466
 0.802506 -0.480352 -0.353900    40.435806
 0.530034  0.846306  0.053208    13.031745
>structures/CysRS_AF_Vir_Megavirus_chiliensis_gene11257271.pdb
 1.000000  0.000000  0.000000     0.000000
 0.000000  1.000000  0.000000     0.000000
 0.000000  0.000000  1.000000     0.000000
>structures/CysRS_PDB_Bact_E_coli_1LI5.pdb
-0.580808  0.164473 -0.797252   123.764391
-0.775521  0.185907  0.603329     6.335612
 0.247446  0.968704  0.019576  -159.640945
>structures/CysRS_PDB_Bact_M_smegmatis_3C8Z.pdb
-0.738135 -0.409462 -0.536188    51.748182
 0.534145  0.130805 -0.835212   -49.887867
 0.412123 -0.902901  0.122161   -51.587202
