>structures/CysRS_AF_Arch_Aciduliprofundum_boonei_T469_gene8827372.pdb
-0.053102  0.456112 -0.888337     0.342496
 0.884474 -0.391477 -0.253872    16.957266
-0.463557 -0.799192 -0.382631    10.344011
>structures/CysRS_AF_Arch_Candidatus_Nitrosopumilus_sediminis_gene13696907.pdb
-0.292565  0.049899 -0.954943    -3.227941
 0.843566 -0.456831 -0.282314    13.166884
-0.450335 -0.888153  0.091559    12.271549
>structures/CysRS_AF_Arch_Methanospirillum_hungatei_JF-1_gene3922979.pdb
-0.751803  0.459417 -0.473000    10.752270
 0.464316  0.878177  0.114958    -1.905816
 0.468191 -0.133196 -0.873531    71.546430
>structures/CysRS_AF_Arch_Pyrobaculum_ferrireducens_gene11593896.pdb
 0.976354 -0.207076  0.062075    -2.335909
 0.215950  0.921001 -0.324227     5.163448
 0.009969  0.329965  0.943940     3.285630
>structures/CysRS_AF_Bact_Bordetella_avium_197N_gene41394405.pdb
 0.999861  0.008336 -0.014415     0.670151
-0.008094  0.999826  0.016804    -0.570073
 0.014553 -0.016685  0.999755     0.091255
>structures/CysRS_AF_Bact_Lactobacillus_amylovorus_GRL1118_gene66523130.pdb
 0.948667 -0.259969  0.180130   -11.213721
 0.310282  0.875352 -0.370788    11.189323
-0.061284  0.407646  0.911081    -0.528790
>structures/CysRS_AF_Bact_Mycobacterium_canettii_CIPT_140010059_gene45427568.pdb
 0.711419  0.663785  0.230811    -2.274995
 0.399138 -0.651956  0.644702   -14.632565
 0.578422 -0.366528 -0.728756    -2.045207
>structures/CysRS_AF_Bact_Mycoplasma_hyopneumoniae_168-L_gene57101512.pdb
 0.915038 -0.191399  0.355066   -13.475551
 0.261851  0.951423 -0.161949    10.548741
-0.306821  0.241164  0.920707     4.484713
>structures/CysRS_AF_Bact_Porphyromonas_gingivalis_ATCC_33277_gene29256960.pdb
-0.076045 -0.048360 -0.995931    -0.445967
 0.904946 -0.422746 -0.048570    10.185280
-0.418677 -0.904957  0.075911     0.355956
>structures/CysRS_AF_Bact_Prochlorococcus_marinus_subsp_marinus_str_CCMP1375_gene54200571.pdb
 0.730830  0.651675  0.202995   -10.302383
 0.194350  0.086413 -0.977119    21.633584
-0.654305  0.753560 -0.063500     3.916659
>structures/CysRS_AF_Bact_Treponema_pallidum_subsp_pertenue_str_SamoaD_gene57878631.pdb
-0.100372  0.994950  0.000899     3.960963
 0.911798  0.091622  0.400288    22.385090
 0.398184  0.040998 -0.916389    39.589307
>structures/CysRS_AF_Euk_Arabidopsis_thaliana_gene833874.pdb
 0.963519  0.267613  0.003756    -2.715921
-0.134814  0.497418 -0.856972    10.929119
-0.231205  0.825202  0.515349    10.361156
>structures/CysRS_AF_Euk_Cyanidioschyzon_merolae_strain_10D_gene16993418.pdb
 0.983811 -0.086423  0.156995     8.520302
-0.083534  0.553902  0.828381   -41.717574
-0.158551 -0.828084  0.537715    15.342412
>structures/CysRS_AF_Euk_Drosophila_melanogaster_gene36784.pdb
 0.652165  0.734955  0.185801    -7.866152
 0.135863  0.127810 -0.982449    15.877733
-0.745803  0.665962 -0.016500    10.107442
>structures/CysRS_AF_Euk_Micromonas_commoda_gene8246535.pdb
-0.345005 -0.423880  0.837435    -3.522283
-0.927211  0.015343 -0.374225    10.984298
 0.145778 -0.905588 -0.398320    10.182211
>structures/CysRS_AF_Mito_Morone_saxatilis_gene118339815.pdb
-0.035002 -0.263382 -0.964056    -4.691790
 0.992992 -0.118117 -0.003783     9.080817
-0.112875 -0.957433  0.265671     0.884956
>structures/CysRS_AF_Mito_Saccharomyces_cerevisiae_S288C_gene855474.pdb
 0.635337 -0.036397 -0.771377    13.678214
 0.770836  0.089985  0.630646    25.277222
 0.046459 -0.995278  0.085227    21.867534
>structures/CysRS_AF_Vir_Megavirus_chiliensis_gene11257271.pdb
 0.098434  0.649997  0.753535    -7.673914
-0.133361 -0.741766  0.657266    12.745228
 0.986167 -0.165189  0.013669     4.878709
