>../../../../class2//phe2/data/domains/Editing_domain_F//structures/PheRS-Bβ_AF_Bact_Brachyspira_pilosicoli_95_1000_gene56440382.pdb
-0.177752  0.080232 -0.980799     2.045575
-0.236874 -0.970855 -0.036489     2.645488
-0.955141  0.225839  0.191577    -1.800767
>../../../../class2//phe2/data/domains/Editing_domain_F//structures/PheRS-Bβ_AF_Bact_Chlamydia_psittaci_6BC_gene12242429.pdb
 0.873726 -0.454305 -0.173811    -0.579687
 0.467710  0.686508  0.556735    -2.122473
-0.133605 -0.567727  0.812303    -0.195200
>../../../../class2//phe2/data/domains/Editing_domain_F//structures/PheRS-Bβ_AF_Bact_Ferrimonas_balearica_DSM_9799_gene67181907.pdb
 0.759279  0.609194 -0.228862    -0.852962
-0.637442  0.625427 -0.450009    -0.938010
-0.131006  0.487569  0.863200    -1.545375
>../../../../class2//phe2/data/domains/Editing_domain_F//structures/PheRS-Bβ_AF_Bact_Lacticaseibacillus_paracasei_gene61269867.pdb
-0.138974 -0.204121 -0.969031     1.792802
 0.139080 -0.972851  0.184979     2.625734
-0.980481 -0.109065  0.163590     2.084305
>../../../../class2//phe2/data/domains/Editing_domain_F//structures/PheRS-Bβ_AF_Bact_Mycobacterium_intracellulare_ATCC_13950_gene11909688.pdb
 1.000000  0.000000  0.000000     0.000000
 0.000000  1.000000  0.000000     0.000000
 0.000000  0.000000  1.000000     0.000000
>../../../../class2//phe2/data/domains/Editing_domain_F//structures/PheRS-Bβ_AF_Bact_Mycoplasma_hyopneumoniae_168-L_gene57101148.pdb
-0.122415 -0.674170 -0.728360    -9.865961
 0.707035 -0.574261  0.412706     6.418800
-0.696503 -0.464455  0.546960     2.157573
>../../../../class2//phe2/data/domains/Editing_domain_F//structures/PheRS-Bβ_AF_Bact_Porphyromonas_gingivalis_ATCC_33277_gene29257179.pdb
-0.143570  0.329216  0.933276    -0.049917
 0.790172 -0.529645  0.308390    -1.165513
 0.595832  0.781724 -0.184096    -0.489856
>../../../../class2//phe2/data/domains/Editing_domain_F//structures/PheRS-Bβ_AF_Bact_Prochlorococcus_marinus_subsp_marinus_str_CCMP1375_gene54200309.pdb
 0.696272 -0.715685 -0.054775    -0.233172
 0.607705  0.547167  0.575589    -1.292182
-0.381969 -0.434053  0.815903    -0.529412
>../../../../class2//phe2/data/domains/Editing_domain_F//structures/PheRS-Bβ_AF_Euk_Didymosphenia_geminata_gene19740299.pdb
 0.337658 -0.616079 -0.711641     2.384141
 0.530383 -0.500062  0.684567     0.816422
-0.777612 -0.608592  0.157908    -6.767631
>../../../../class2//phe2/data/domains/Editing_domain_F//structures/PheRS-Bβ_AF_Euk_Gracilariopsis_tenuifrons_gene68635617.pdb
-0.146031 -0.791460  0.593520    -2.403095
-0.402106 -0.500669 -0.766578     4.688061
 0.903873 -0.350602 -0.245137    -9.359468
>../../../../class2//phe2/data/domains/Editing_domain_F//structures/PheRS-Bβ_PDB_Bact.B_E_coli_3PCO.pdb
 0.407093  0.873559  0.266778     3.930819
 0.864910 -0.462566  0.194842     2.696702
 0.293608  0.151420 -0.943857    49.769109
>../../../../class2//phe2/data/domains/Editing_domain_F//structures/PheRS-Bβ_PDB_Bact.B_T_thermophilus_1PYS.pdb
-0.454826 -0.815480  0.357946    50.251336
 0.576174  0.037033  0.816487   -26.983666
-0.679085  0.577599  0.453015   -43.797748
>../../../../class2//phe4/data/domains/Editing_domain_F//structures/PheRS-Aβ_AF_Arch_Candidatus_Nitrosopumilus_koreensis_AR1_gene13724457.pdb
-0.577975  0.089393 -0.811143   -17.587939
-0.596794 -0.724236  0.345427    -1.964532
-0.556580  0.683734  0.471939    10.271815
>../../../../class2//phe4/data/domains/Editing_domain_F//structures/PheRS-Aβ_AF_Arch_Halalkalicoccus_jeotgali_B3_gene9420006.pdb
 0.743097 -0.502550  0.441872   -18.142535
 0.031284  0.685681  0.727229    -4.878804
-0.668452 -0.526579  0.525249     8.620557
>../../../../class2//phe4/data/domains/Editing_domain_F//structures/PheRS-Aβ_AF_Arch_Sulfolobus_islandicus_YG5714_gene7807969.pdb
-0.752701  0.017250 -0.658137   -18.417791
-0.443569 -0.751998  0.487593    -1.691408
-0.486506  0.658940  0.573681     7.750238
>../../../../class2//phe4/data/domains/Editing_domain_F//structures/PheRS-Aβ_AF_Arch_Thermoplasma_volcanium_GSS1_gene1441711.pdb
-0.540962  0.694466 -0.474423   -22.425485
 0.824164  0.550171 -0.134407    -4.601215
 0.167673 -0.463712 -0.869975    11.378253
>../../../../class2//phe4/data/domains/Editing_domain_F//structures/PheRS-Aβ_AF_Euk_Astyanax_mexicanus_gene103044481.pdb
 0.387362  0.738426  0.551977   -19.737977
 0.816253 -0.553028  0.167008     0.467291
 0.428582  0.385860 -0.816964     8.651882
>../../../../class2//phe4/data/domains/Editing_domain_F//structures/PheRS-Aβ_AF_Euk_Drosophila_melanogaster_gene42888.pdb
-0.189883 -0.981355 -0.029778   -21.206604
 0.057187 -0.041334  0.997507     0.862210
-0.980140  0.187707  0.063970     7.174751
>../../../../class2//phe4/data/domains/Editing_domain_F//structures/PheRS-Aβ_AF_Euk_Plasmodium_falciparum_3D7_gene810604.pdb
-0.719943  0.353183 -0.597448   -20.028760
-0.543121 -0.822641  0.168171     0.739971
-0.432091  0.445560  0.784075     3.789054
>../../../../class2//phe4/data/domains/Editing_domain_F//structures/PheRS-Aβ_AF_Euk_Saccharomyces_cerevisiae_S288C_gene850749.pdb
 0.609819  0.634902  0.474363   -22.080154
-0.733019  0.679407  0.032995    -3.097631
-0.301337 -0.367838  0.879711     6.286479
>../../../../class2//phe4/data/domains/Editing_domain_F//structures/PheRS-Aβ_PDB_Euk.B_H_sapiens_3L4G.pdb
-0.135025  0.509823  0.849617   -72.878253
-0.505067 -0.773122  0.383653    89.850735
 0.852452 -0.377311  0.361886    -5.091861
