>structures/GlnRS_AF_Bact_Cutibacterium_avidum_44067_gene29843447.pdb
-0.943106  0.298535 -0.146382    -3.247137
 0.094506 -0.181413 -0.978855   -11.504988
-0.318778 -0.936998  0.142879    -9.666960
>structures/GlnRS_AF_Bact_Pasteurella_multocida_subsp_multocida_str_Pm70_gene1243875.pdb
 0.699776 -0.384021  0.602363    14.385080
-0.693938 -0.565616  0.445565     2.547215
 0.169600 -0.729799 -0.662291   -18.924871
>structures/GlnRS_AF_Euk_Candida_dubliniensis_CD36_gene8049124.pdb
 0.512077 -0.724115  0.461989    43.217881
-0.839955 -0.534614  0.093075     9.786322
 0.179589 -0.435712 -0.881988   -14.933349
>structures/GlnRS_AF_Euk_Homo_sapiens_gene5859.pdb
 1.000000 -0.000000  0.000000     0.000000
 0.000000  1.000000  0.000000     0.000000
-0.000000  0.000000  1.000000     0.000000
>structures/GlnRS_AF_Euk_Myodes_glareolus_gene125393344.pdb
 0.453958  0.728825 -0.512578    -6.693760
-0.663733 -0.107198 -0.740248     2.871346
-0.594459  0.676256  0.435082    -3.374817
