>structures/GlnRS_AF_Euk_Candida_dubliniensis_CD36_gene8049124.pdb
-0.427160 -0.224869  0.875767    -0.316786
 0.353107 -0.933154 -0.067374   -27.682764
 0.832376  0.280460  0.478008    54.209730
>structures/GlnRS_AF_Euk_Dictyostelium_discoideum_AX4_gene8627167.pdb
 0.999960  0.003706 -0.008194     0.293156
-0.003737  0.999986 -0.003765     0.036734
 0.008180  0.003795  0.999959     0.362200
>structures/GlnRS_AF_Euk_Encephalitozoon_romaleae_SJ-2008_gene20564565.pdb
-0.734012  0.446897 -0.511380     4.962210
-0.431398  0.274744  0.859309   -11.580733
 0.524521  0.851351 -0.008875    39.901347
>structures/GlnRS_AF_Euk_Myodes_glareolus_gene125393344.pdb
 0.227596 -0.324955 -0.917935   -30.086396
-0.064903  0.935516 -0.347271   -64.069290
 0.971590  0.138614  0.191829    33.103129
>structures/GlnRS_AF_Mito_Cyanidioschyzon_merolae_strain_10D_gene16997184.pdb
-0.244562  0.864893 -0.438349     0.025351
 0.825578  0.422833  0.373676    -1.285812
 0.508538 -0.270504 -0.817445    18.551704
