>structures/GlnRS_AF_Euk_Candida_dubliniensis_CD36_gene8049124.pdb
-0.405938 -0.219039  0.887263     0.472528
 0.360405 -0.930540 -0.064832   -27.621233
 0.839835  0.293457  0.456684    53.551874
>structures/GlnRS_AF_Euk_Dictyostelium_discoideum_AX4_gene8627167.pdb
 0.999998  0.001628 -0.000852     0.026920
-0.001629  0.999998 -0.000728    -0.061610
 0.000851  0.000730  0.999999     0.063742
>structures/GlnRS_AF_Euk_Encephalitozoon_romaleae_SJ-2008_gene20564565.pdb
-0.725649  0.453611 -0.517369     5.000056
-0.432957  0.283381  0.855712   -11.232787
 0.534773  0.844945 -0.009241    39.586269
>structures/GlnRS_AF_Euk_Saccharomyces_cerevisiae_S288C_gene854339.pdb
-0.026822 -0.934729  0.354347     2.439334
 0.857652 -0.203617 -0.472200   -14.921031
 0.513530  0.291241  0.807134    45.186704
>structures/GlnRS_AF_Mito_Cyanidioschyzon_merolae_strain_10D_gene16997184.pdb
-0.258431  0.869209 -0.421532    -0.118378
 0.827043  0.424569  0.368431    -1.097443
 0.499213 -0.253411 -0.828595    19.161060
