>../../../../class2/phe2//data/domains/Catalytic_domain/structures/PheRS-Bβ_AF_Bact_Brachyspira_pilosicoli_95_1000_gene56440382.pdb
-0.940766 -0.305242  0.147606    21.093577
-0.041055 -0.329586 -0.943233   -24.591072
 0.336563 -0.893421  0.297531     2.936591
>../../../../class2/phe2//data/domains/Catalytic_domain/structures/PheRS-Bβ_AF_Bact_Chlamydia_psittaci_6BC_gene12242429.pdb
 0.145094 -0.241081  0.959598    19.601077
 0.977455 -0.115433 -0.176794   -26.829872
 0.153391  0.963616  0.218898    -0.489912
>../../../../class2/phe2//data/domains/Catalytic_domain/structures/PheRS-Bβ_AF_Bact_Ferrimonas_balearica_DSM_9799_gene67181907.pdb
-0.484081  0.708451  0.513579    19.666158
 0.503894  0.705541 -0.498300   -28.712955
-0.715372  0.017572 -0.698523     2.605991
>../../../../class2/phe2//data/domains/Catalytic_domain/structures/PheRS-Bβ_AF_Bact_Lacticaseibacillus_paracasei_gene61269867.pdb
-0.808902 -0.502658  0.304981    25.946995
-0.045102 -0.464145 -0.884610   -24.263649
 0.586212 -0.729318  0.352776    -0.197996
>../../../../class2/phe2//data/domains/Catalytic_domain/structures/PheRS-Bβ_AF_Bact_Mycobacterium_intracellulare_ATCC_13950_gene11909688.pdb
 0.014419  0.517726  0.855425    20.667533
 0.879206  0.400893 -0.257451   -28.119833
-0.476223  0.755808 -0.449407     1.370628
>../../../../class2/phe2//data/domains/Catalytic_domain/structures/PheRS-Bβ_AF_Bact_Mycoplasma_hyopneumoniae_168-L_gene57101148.pdb
-0.382910 -0.805364  0.452513    26.984267
 0.406450 -0.586762 -0.700363   -30.506504
 0.829565 -0.084252  0.552018     7.088199
>../../../../class2/phe2//data/domains/Catalytic_domain/structures/PheRS-Bβ_AF_Bact_Porphyromonas_gingivalis_ATCC_33277_gene29257179.pdb
 0.922597  0.385630 -0.010162    19.417354
 0.032534 -0.051533  0.998141   -24.741847
 0.384390 -0.921213 -0.060090     5.277880
>../../../../class2/phe2//data/domains/Catalytic_domain/structures/PheRS-Bβ_AF_Bact_Prochlorococcus_marinus_subsp_marinus_str_CCMP1375_gene54200309.pdb
 0.025753 -0.168520  0.985362    19.689016
 0.960062 -0.270535 -0.071359   -28.217127
 0.278601  0.947846  0.154822     0.146663
>../../../../class2/phe2//data/domains/Catalytic_domain/structures/PheRS-Bβ_AF_Euk_Didymosphenia_geminata_gene19740299.pdb
-0.379928 -0.794635  0.473509    17.853802
 0.650018 -0.593548 -0.474529   -24.842051
 0.658127  0.127503  0.742032     2.704725
>../../../../class2/phe2//data/domains/Catalytic_domain/structures/PheRS-Bβ_AF_Euk_Gracilariopsis_tenuifrons_gene68635617.pdb
 0.642062 -0.635168 -0.429323    16.792788
-0.712434 -0.701176 -0.028096   -24.742302
-0.283185  0.323903 -0.902714    13.841654
>../../../../class2/phe2//data/domains/Catalytic_domain/structures/PheRS-Bβ_PDB_Bact.B_E_coli_3PCO.pdb
 0.685997 -0.135852 -0.714809    64.330981
 0.569227  0.712114  0.410943   -27.639027
 0.453198 -0.688794  0.565839   -20.532094
>../../../../class2/phe2//data/domains/Catalytic_domain/structures/PheRS-Bβ_PDB_Bact.B_T_thermophilus_1PYS.pdb
-0.342363  0.381444  0.858655   -20.682294
 0.117639 -0.889289  0.441957    20.867280
 0.932174  0.252321  0.259587   -29.410306
>../../../../class2/phe3//data/domains/Catalytic_domain/structures/PheRS-Aα_AF_Arch_Candidatus_Nitrosopumilus_koreensis_AR1_gene13724458.pdb
 1.000000  0.000000  0.000000     0.000000
 0.000000  1.000000  0.000000     0.000000
 0.000000  0.000000  1.000000     0.000000
>../../../../class2/phe3//data/domains/Catalytic_domain/structures/PheRS-Aα_AF_Arch_Haloterrigena_turkmenica_DSM_5511_gene8744248.pdb
 0.101334  0.976156 -0.191965     1.726646
-0.491075 -0.118732 -0.862988    -6.295871
-0.865203  0.181720  0.467334     9.994130
>../../../../class2/phe3//data/domains/Catalytic_domain/structures/PheRS-Aα_AF_Arch_Thermoplasma_volcanium_GSS1_gene1441177.pdb
-0.359569 -0.932733 -0.026827     2.248942
-0.905261  0.355662 -0.232393    -8.145029
 0.226302 -0.059276 -0.972252    10.326857
>../../../../class2/phe3//data/domains/Catalytic_domain/structures/PheRS-Aα_AF_Arch_Thermosphaera_aggregans_DSM_11486_gene9165306.pdb
 0.900496  0.041409  0.432888     3.667392
 0.052472  0.977836 -0.202691    -8.713139
-0.431686  0.205237  0.878365    16.360385
>../../../../class2/phe3//data/domains/Catalytic_domain/structures/PheRS-Aα_AF_Euk_Cyanidioschyzon_merolae_strain_10D_gene16993638.pdb
-0.912796  0.298087 -0.279190    -6.645151
 0.107587  0.834948  0.539710    -4.636210
 0.393990  0.462608 -0.794208    12.832137
>../../../../class2/phe3//data/domains/Catalytic_domain/structures/PheRS-Aα_AF_Euk_Megalobrama_amblycephala_gene125266654.pdb
 0.465757 -0.487620  0.738442     3.645534
-0.450548 -0.848893 -0.276382    -5.366917
 0.761628 -0.203977 -0.615074    17.113760
>../../../../class2/phe3//data/domains/Catalytic_domain/structures/PheRS-Aα_AF_Euk_Plasmodium_falciparum_3D7_gene813233.pdb
 0.223163 -0.878067 -0.423316    -0.070936
 0.832073 -0.054631  0.551969     0.649034
-0.507792 -0.475409  0.718424    18.282932
>../../../../class2/phe3//data/domains/Catalytic_domain/structures/PheRS-Aα_AF_Euk_Schizosaccharomyces_pombe_gene2543647.pdb
-0.483093  0.392918 -0.782456    -5.137268
-0.040401 -0.902705 -0.428359    -3.310750
-0.874637 -0.175325  0.451964    12.702795
>../../../../class2/phe3//data/domains/Catalytic_domain/structures/PheRS-Aα_PDB_Euk.B_H_sapiens_3L4G.C.pdb
 0.470070  0.387474 -0.793031   -88.320805
-0.513524 -0.610698 -0.602778    64.542954
-0.717863  0.690589 -0.088094   -46.406693
