>structures/GlyRS-Bα_AF_Bact_Brachyspira_pilosicoli_95_1000_gene56440230.pdb
-0.679798  0.004020  0.733388    -2.082746
-0.697363  0.306062 -0.648083   -21.245341
-0.227068 -0.952003 -0.205257    -4.622427
>structures/GlyRS-Bα_AF_Bact_Chlamydia_pneumoniae_TW-183_gene45051002.pdb
 1.000000  0.000000  0.000000     0.000000
 0.000000  1.000000  0.000000     0.000000
 0.000000  0.000000  1.000000     0.000000
>structures/GlyRS-Bα_AF_Bact_Lacticaseibacillus_paracasei_gene61269714.pdb
 0.757460 -0.183484 -0.626568    -1.126719
-0.651461 -0.149149 -0.743877   -22.140435
 0.043038  0.971642 -0.232507    -3.388007
>structures/GlyRS-Bα_AF_Bact_Prochlorococcus_marinus_subsp_marinus_str_CCMP1375_gene54200602.pdb
 0.686293  0.325171 -0.650588    -1.235256
-0.276172 -0.710998 -0.646693   -22.435890
-0.672853  0.623495 -0.398150    -3.168597
>structures/GlyRS-Bα_AF_Bact_Salmonella_enterica_subsp_enterica_serovar_Typhimurium_str_LT2_gene1255180.pdb
 0.805469  0.026188 -0.592059    -1.109885
 0.299110 -0.880410  0.367984   -21.126949
-0.511617 -0.473490 -0.716976    -1.909851
>structures/GlyRS-Bα_AF_Bact_Streptobacillus_moniliformis_DSM_12112_gene29673275.pdb
 0.722810  0.318952 -0.613038    -1.332609
-0.441350 -0.469552 -0.764677   -21.898062
-0.531749  0.823281 -0.198627    -3.206596
>structures/GlyRS-Bα_AF_Euk_Ostreococcus_tauri_gene9837276.pdb
 0.530568 -0.587456 -0.611059    -0.520959
 0.845438  0.314789  0.431443    -1.406100
-0.061099 -0.745522  0.663674    -2.022529
>structures/GlyRS-Bα_AF_Mito_Nymphaea_colorata_gene116265348.pdb
 0.950671  0.089445  0.297026    -2.032465
-0.000745  0.958182 -0.286158     0.401575
-0.310201  0.271821  0.910982    -1.043790
>structures/GlyRS-Bα_PDB_Bact_A_aeolicus_5f5w.pdb
 0.116807 -0.294368 -0.948527     6.135031
-0.207258  0.926812 -0.313151   -43.374800
 0.971288  0.233168  0.047248    41.182710
>structures/GlyRS-Bα_PDB_Bact_C_jejuni_3ufg.pdb
 0.941829  0.244682 -0.230411   -31.871961
 0.147834  0.314078  0.937817   -34.095829
 0.301834 -0.917325  0.259636    15.321204
>structures/GlyRS-Bα_PDB_Bact_T_maritima_1j5w.pdb
 0.991785  0.110749 -0.064007   -47.388320
 0.069904 -0.888321 -0.453871    30.780833
-0.107125  0.445668 -0.888766   -17.346028
