>structures/1afr_A_AF-B9T0X0-F1-model_v4.pdb
 0.175732  0.487542  0.855232    -2.179341
-0.141653 -0.847187  0.512062    -4.254182
 0.974193 -0.211132 -0.079816     0.145940
>structures/1jgc_A_AF-Q59738-F1-model_v4.pdb
-0.482666  0.495667  0.722044    -1.785930
 0.220882 -0.728891  0.648020    -0.579290
 0.847493  0.472264  0.242327     3.720895
>structures/1jk0_A_AF-P09938-F1-model_v4.pdb
 0.522622 -0.324622 -0.788345    -1.574010
 0.836072  0.014142  0.548438    -5.482463
-0.166886 -0.945738  0.278798     0.715199
>structures/1lb3_A_AF-Q9CPX4-F1-model_v4.pdb
 0.375476  0.724121 -0.578504     0.259844
-0.679753 -0.209150 -0.702988    -1.856598
-0.630043  0.657195  0.413693     3.140984
>structures/1n1q_A_AF-P83695-F1-model_v4.pdb
 1.000000  0.000000  0.000000     0.000000
 0.000000  1.000000  0.000000     0.000000
 0.000000  0.000000  1.000000     0.000000
>structures/1tk6_A_AF-Q9HMP7-F1-model_v4.pdb
-0.133722  0.289360  0.947834     1.169689
 0.026421 -0.955043  0.295288     0.437939
 0.990667  0.064529  0.120065    -1.578613
>structures/1z6o_M_AF-A0A7E5WTY7-F1-model_v4.pdb
-0.938558 -0.322773  0.122176    -0.834141
-0.324948  0.945729  0.002239     1.000810
-0.116268 -0.037599 -0.992506     2.592063
>structures/2chp_A_AF-P37960-F1-model_v4.pdb
-0.998456 -0.042621  0.035613    -3.827443
-0.025214  0.919144  0.393114    -1.790954
-0.049489  0.391609 -0.918800    -2.753878
>structures/2fzf_A_AF-Q8U1L6-F1-model_v4.pdb
-0.042767  0.590869  0.805633    -0.911164
 0.384392 -0.734568  0.559153    -1.160822
 0.922179  0.333593 -0.195710     1.219314
>structures/2jd7_A_AF-Q8U2T8-F1-model_v4.pdb
 0.615724  0.643087 -0.455327    -1.483175
-0.685495  0.152215 -0.711988    -1.630878
-0.388563  0.750513  0.534555     3.323061
>structures/2uw2_A_AF-P31350-F1-model_v4.pdb
 0.957663 -0.219981 -0.185713     0.186168
 0.269869  0.910606  0.312998    -3.648569
 0.100258 -0.349865  0.931420     0.346870
>structures/2za7_A_AF-P02791-F1-model_v4.pdb
 0.888533  0.432822 -0.152230    -2.336136
-0.420066  0.633970 -0.649327    -1.779609
-0.184534  0.640896  0.745117     1.835156
>structures/3e1q_A_AF-P0ABD3-F1-model_v4.pdb
 0.200019  0.647842 -0.735047    -2.114382
-0.448659 -0.606371 -0.656520     0.640016
-0.871032  0.461102  0.169374     1.755415
