>../../../../class1/leu2//data/domains/Catalytic_domain/structures/LeuRS-A_AF_Arch_Aciduliprofundum_boonei_T469_gene8828435.pdb
 0.742860 -0.660996  0.106034    11.571072
 0.629762  0.743726  0.224212    13.057237
-0.227063 -0.099782  0.968755    25.583582
>../../../../class1/leu2//data/domains/Catalytic_domain/structures/LeuRS-A_AF_Arch_Candidatus_Korarchaeum_cryptofilum_OPF8_gene6093520.pdb
 0.408397  0.300430  0.861948     9.253125
 0.021443 -0.947182  0.319979    16.777474
 0.912553 -0.112195 -0.393268    26.469730
>../../../../class1/leu2//data/domains/Catalytic_domain/structures/LeuRS-A_AF_Arch_Candidatus_Nitrosopumilus_koreensis_AR1_gene13725794.pdb
-0.140237  0.902462 -0.407304     9.227745
-0.500969 -0.419501 -0.757000    15.169651
-0.854028  0.097887  0.510935    27.392399
>../../../../class1/leu2//data/domains/Catalytic_domain/structures/LeuRS-A_AF_Arch_Methanobrevibacter_smithii_ATCC_35061_gene5216355.pdb
-0.077800  0.952158 -0.295536    10.419736
-0.542263 -0.289165 -0.788882    15.101770
-0.836599  0.098883  0.538817    28.065605
>../../../../class1/leu2//data/domains/Catalytic_domain/structures/LeuRS-A_AF_Euk_Arabidopsis_thaliana_gene837489.pdb
-0.955147  0.130170 -0.265990    11.934241
-0.064227  0.785772  0.615172    16.737279
 0.289084  0.604663 -0.742168    27.256535
>../../../../class1/leu2//data/domains/Catalytic_domain/structures/LeuRS-A_AF_Euk_Drosophila_melanogaster_gene326262.pdb
-0.084895  0.955880 -0.281224    11.661451
-0.464482 -0.287666 -0.837559    16.106192
-0.881504  0.059518  0.468410    28.911504
>../../../../class1/leu2//data/domains/Catalytic_domain/structures/LeuRS-A_AF_Euk_Leishmania_major_strain_Friedlin_gene5650139.pdb
-0.090437  0.903985 -0.417890    11.553913
-0.415816 -0.415560 -0.808954    15.305031
-0.904941  0.100606  0.413473    24.626767
>../../../../class1/leu2//data/domains/Catalytic_domain/structures/LeuRS-A_AF_Euk_Neurospora_crassa_OR74A_gene3879366.pdb
 0.014453  0.984167 -0.176653    10.093149
-0.557483 -0.138733 -0.818515    15.425177
-0.830063  0.110311  0.546651    25.794245
>../../../../class1/leu2//data/domains/Catalytic_domain/structures/LeuRS-A_PDB_Arch_P_hori_1WKB.pdb
-0.818901  0.121400 -0.560948   112.945605
 0.572972  0.116344 -0.811275   -62.265202
-0.033226 -0.985762 -0.164833    62.982332
>../../../../class1/met//data/domains/Catalytic_domain/structures/MetRS_AF_Arch_Aciduliprofundum_boonei_T469_gene8827030.pdb
-0.380188  0.702245 -0.601921    12.114506
-0.149676 -0.688924 -0.709211     8.388587
-0.912718 -0.179540  0.367030    31.563497
>../../../../class1/met//data/domains/Catalytic_domain/structures/MetRS_AF_Arch_Candidatus_Korarchaeum_cryptofilum_OPF8_gene6093355.pdb
 0.583654 -0.804323  0.111409     9.908598
 0.749395  0.586388  0.307499     5.282624
-0.312658 -0.095984  0.945004    30.967376
>../../../../class1/met//data/domains/Catalytic_domain/structures/MetRS_AF_Arch_Candidatus_Nitrosopumilus_sediminis_gene13696902.pdb
-0.798978  0.554026 -0.233859     8.549131
 0.230413  0.641240  0.731929     8.176137
 0.555468  0.530911 -0.639992    31.681920
>../../../../class1/met//data/domains/Catalytic_domain/structures/MetRS_AF_Arch_Halalkalicoccus_jeotgali_B3_gene9420443.pdb
-0.248515  0.791085 -0.558949     9.059069
-0.173689 -0.604094 -0.777755     9.255978
-0.952928 -0.096200  0.287529    29.900290
>../../../../class1/met//data/domains/Catalytic_domain/structures/MetRS_AF_Bact_Bacillus_anthracis_str_Ames_Ancestor_gene45024892.pdb
 0.138949 -0.363702  0.921094     8.615408
-0.382548 -0.877630 -0.288831     7.902698
 0.913428 -0.312229 -0.261079    30.421446
>../../../../class1/met//data/domains/Catalytic_domain/structures/MetRS_AF_Bact_Brucella_suis_1330_gene45052047.pdb
 0.674292 -0.721035  0.159497     6.599867
 0.661583  0.685789  0.303319     6.682459
-0.328084 -0.099005  0.939446    32.388909
>../../../../class1/met//data/domains/Catalytic_domain/structures/MetRS_AF_Bact_Chlamydia_psittaci_6BC_gene12243105.pdb
 0.241124  0.923489 -0.298374     3.044504
-0.643013 -0.078257 -0.761847     9.523436
-0.726907  0.375558  0.574946    31.017781
>../../../../class1/met//data/domains/Catalytic_domain/structures/MetRS_AF_Bact_Mycoplasma_hyopneumoniae_168-L_gene57101263.pdb
-0.034759  0.996657 -0.073941     6.101222
-0.558821 -0.080721 -0.825350     9.770665
-0.828560  0.012632  0.559758    32.150640
>../../../../class1/met//data/domains/Catalytic_domain/structures/MetRS_AF_Bact_Nocardia_farcinica_IFM_10152_gene61135500.pdb
 0.933899 -0.044502  0.354756     5.153313
 0.101607  0.984347 -0.144003     6.358581
-0.342794  0.170530  0.923803    33.030703
>../../../../class1/met//data/domains/Catalytic_domain/structures/MetRS_AF_Bact_Prochlorococcus_marinus_subsp_marinus_str_CCMP1375_gene54200313.pdb
-0.344429  0.889387  0.300598     6.241565
 0.560674 -0.061948  0.825716     7.803066
 0.753003  0.452938 -0.477320    32.617593
>../../../../class1/met//data/domains/Catalytic_domain/structures/MetRS_AF_Bact_Streptobacillus_moniliformis_DSM_12112_gene29673607.pdb
-0.151128 -0.985136 -0.081656     8.992938
-0.612028  0.158117 -0.774868     9.145828
 0.776262 -0.067129 -0.626826    33.936910
>../../../../class1/met//data/domains/Catalytic_domain/structures/MetRS_AF_Bact_Treponema_denticola_ATCC_35405_gene2740824.pdb
-0.510688  0.848902 -0.136248     7.063882
 0.544568  0.442007  0.712794     5.062121
 0.665315  0.289819 -0.688013    31.937307
>../../../../class1/met//data/domains/Catalytic_domain/structures/MetRS_AF_Euk_Drosophila_melanogaster_gene37177.pdb
-0.422007  0.388726 -0.819025     0.260107
-0.186738 -0.921309 -0.341054    13.427394
-0.887152  0.009016  0.461389    32.076279
>../../../../class1/met//data/domains/Catalytic_domain/structures/MetRS_AF_Euk_Oryza_sativa_Japonica_Group_gene4341140.pdb
-0.467245 -0.048915 -0.882774     5.654402
 0.346917 -0.928536 -0.132170    14.191720
-0.813222 -0.368005  0.450824    30.970209
>../../../../class1/met//data/domains/Catalytic_domain/structures/MetRS_AF_Euk_Scheffersomyces_stipitis_CBS_6054_gene4836672.pdb
-0.883699  0.303918 -0.355963     3.702303
-0.010010  0.748069  0.663545     4.817200
 0.467949  0.589937 -0.658026    39.288264
>../../../../class1/met//data/domains/Catalytic_domain/structures/MetRS_AF_Euk_Trypanosoma_brucei_brucei_TREU927_gene3662741.pdb
-0.213876 -0.974047  0.074084     5.022124
-0.760802  0.118523 -0.638070     7.638966
 0.612730 -0.192831 -0.766406    35.457154
>../../../../class1/met//data/domains/Catalytic_domain/structures/MetRS_AF_Mito_Arvicanthis_niloticus_gene117706247.pdb
-0.696902 -0.493228 -0.520628     6.657985
-0.567110  0.823377 -0.020922     9.196123
 0.438992  0.280672 -0.853527    34.929839
>../../../../class1/met//data/domains/Catalytic_domain/structures/MetRS_AF_Mito_Brachypodium_distachyon_gene100843706.pdb
-0.350931  0.853244 -0.385775     7.448414
-0.352278 -0.502009 -0.789865     9.272067
-0.867610 -0.141289  0.476749    32.982025
>../../../../class1/met//data/domains/Catalytic_domain/structures/MetRS_AF_Vir_Megavirus_chiliensis_gene11256705.pdb
-0.820436  0.477912 -0.313825     8.837367
 0.152989  0.712388  0.684908     8.196994
 0.550890  0.513911 -0.657583    30.386205
>../../../../class1/met//data/domains/Catalytic_domain/structures/MetRS_PDB_Arch_P_abyssi_1RQG.pdb
-0.128001 -0.970716  0.203289    16.654837
-0.623540 -0.080629 -0.777623    94.861370
 0.771242 -0.226295 -0.594959    78.979732
>../../../../class1/met//data/domains/Catalytic_domain/structures/MetRS_PDB_Bact_E_coli_1PFV.pdb
 1.000000  0.000000  0.000000     0.000000
 0.000000  1.000000  0.000000     0.000000
 0.000000  0.000000  1.000000     0.000000
>../../../../class1/met//data/domains/Catalytic_domain/structures/MetRS_PDB_Bact_T_therm_1WOY.pdb
 0.519263 -0.319210  0.792762   -99.927266
 0.852171  0.263496 -0.452078    69.779950
-0.064582  0.910316  0.408845    -0.041919
