>structures/EPRS-P_AF_Euk_Homo_sapiens_gene2058.pdb
 0.193651 -0.916957  0.348840    -1.027400
-0.955553 -0.256856 -0.144716   -35.725831
 0.222300 -0.305311 -0.925942    -7.449138
>structures/ProRS-A_AF_Bact_Bacillus_anthracis_str_Ames_Ancestor_gene45020455.pdb
 0.155460 -0.151323 -0.976183    -0.773108
 0.829101 -0.517257  0.212220     1.013162
-0.537051 -0.842346  0.045050     2.807137
>structures/ProRS-A_AF_Bact_Mycoplasma_hyopneumoniae_168-L_gene57101275.pdb
 0.942418 -0.271285 -0.195583    -0.918189
 0.307697  0.932475  0.189243    -0.425433
 0.131038 -0.238526  0.962255     0.980977
>structures/ProRS-A_AF_Bact_Porphyromonas_gingivalis_ATCC_33277_gene29256199.pdb
-0.403360 -0.123633 -0.906651   -34.029862
-0.489466 -0.808008  0.327941   -24.400214
-0.773126  0.576053  0.265404    -7.153140
>structures/ProRS-A_AF_Bact_Thermus_thermophilus_HB8_gene3169620.pdb
 1.000000  0.000000  0.000000     0.000000
 0.000000  1.000000  0.000000     0.000000
 0.000000  0.000000  1.000000     0.000000
>structures/ProRS-A_AF_Euk_Cryptococcus_gattii_WM276_gene10188341.pdb
 0.122960  0.870738  0.476126   -26.999976
-0.810687 -0.188600  0.554271   -14.755873
 0.572422 -0.454142  0.682706    33.574964
>structures/ProRS-A_AF_Euk_Ostreococcus_tauri_gene9837972.pdb
 0.921875 -0.366227 -0.126583     4.249024
 0.378356  0.921265  0.090094    -1.501632
 0.083622 -0.130948  0.987856     5.437097
>structures/ProRS-A_AF_Euk_Plasmodium_yoelii_gene3807174.pdb
-0.397918 -0.898537  0.185180    -0.507670
-0.500259  0.381713  0.777197   -17.371890
-0.769027  0.216623 -0.601392    19.299507
>structures/ProRS-A_AF_Euk_Scheffersomyces_stipitis_CBS_6054_gene4840393.pdb
 0.970300  0.082676 -0.227337    -1.658991
-0.237020  0.512808 -0.825136   -33.172135
 0.048361  0.854513  0.517174    19.601028
>structures/ProRS-A_AF_Mito_Oryza_sativa_Japonica_Group_gene4342480.pdb
 0.980384 -0.186993 -0.062304     3.783922
 0.177453  0.974979 -0.133889    -1.635404
 0.085781  0.120206  0.989036     4.656601
