>structures/EPRS-P_AF_Euk_Homo_sapiens_gene2058.pdb
-0.898477 -0.421442  0.122989   -50.636768
-0.266642  0.301290 -0.915492   -17.703091
 0.348772 -0.855343 -0.383076   -29.131817
>structures/ProRS-A_AF_Euk_Cryptococcus_gattii_WM276_gene10188341.pdb
 0.870184  0.184453 -0.456898    -2.280006
 0.212742  0.695749  0.686057     5.212480
 0.444432 -0.694198  0.566189    -2.864692
>structures/ProRS-A_AF_Euk_Ostreococcus_tauri_gene9837972.pdb
 0.328246 -0.919330 -0.216995    -9.050240
 0.720492  0.095116  0.686909     8.822844
-0.610857 -0.381819  0.693591     7.755367
>structures/ProRS-A_AF_Euk_Plasmodium_yoelii_gene3807174.pdb
 0.573789 -0.199094 -0.794435    -7.887434
-0.113168 -0.979972  0.163855    16.414640
-0.811147 -0.004113 -0.584828   -10.977944
>structures/ProRS-A_AF_Euk_Saccharomyces_cerevisiae_S288C_gene856413.pdb
 0.992978 -0.075165 -0.091351    -9.794508
 0.089105  0.983151  0.159610     4.501500
 0.077815 -0.166629  0.982944     0.538880
>structures/ProRS-A_AF_Euk_Scheffersomyces_stipitis_CBS_6054_gene4840393.pdb
 1.000000  0.000000  0.000000     0.000000
 0.000000  1.000000  0.000000     0.000000
 0.000000  0.000000  1.000000     0.000000
>structures/ProRS-A_AF_Mito_Oryza_sativa_Japonica_Group_gene4342480.pdb
-0.081404  0.773609 -0.628413   -55.613154
-0.565237  0.483474  0.668401   -18.695076
 0.820902  0.409613  0.397915   -71.937865
