>../../../../class2/pro2//data/domains/Catalytic_domain/structures/ProRS-B_AF_Bact_Acinetobacter_baylyi_ADP1_gene45233245.pdb
-0.679449  0.448114  0.580985    11.010521
 0.732813  0.375027  0.567750    34.728622
 0.036532  0.811510 -0.583195    31.412659
>../../../../class2/pro2//data/domains/Catalytic_domain/structures/ProRS-B_AF_Bact_Brachyspira_pilosicoli_95_1000_gene56438966.pdb
-0.070308 -0.063001  0.995534    11.838125
 0.584955 -0.811004 -0.010012    35.613834
 0.808012  0.581639  0.093873    30.322640
>../../../../class2/pro2//data/domains/Catalytic_domain/structures/ProRS-B_AF_Bact_Chlamydia_psittaci_6BC_gene12242703.pdb
 0.624050  0.585510 -0.517435     8.188516
-0.781145  0.483853 -0.394586    34.238740
 0.019329  0.650434  0.759317    27.217989
>../../../../class2/pro2//data/domains/Catalytic_domain/structures/ProRS-B_AF_Bact_Clostridium_acetobutylicum_DSM_1731_gene44999665.pdb
-0.520177  0.458543  0.720524    11.288856
 0.847635  0.173907  0.501269    35.333026
 0.104549  0.871490 -0.479140    30.327123
>../../../../class2/pro2//data/domains/Catalytic_domain/structures/ProRS-B_AF_Bact_Corynebacterium_ulcerans_809_gene75260584.pdb
 0.777973  0.627968  0.020363     9.817125
-0.590406  0.719584  0.365541    34.689985
 0.214895 -0.296404  0.930572    29.609039
>../../../../class2/pro2//data/domains/Catalytic_domain/structures/ProRS-B_AF_Bact_Prochlorococcus_marinus_subsp_marinus_str_CCMP1375_gene54199876.pdb
-0.565363  0.536487  0.626535    10.052743
 0.822729  0.312441  0.474866    34.370311
 0.059004  0.783940 -0.618026    31.463627
>../../../../class2/pro2//data/domains/Catalytic_domain/structures/ProRS-B_AF_Bact_Streptobacillus_moniliformis_DSM_12112_gene29673723.pdb
-0.913719  0.346009  0.213062    12.232250
 0.387913  0.898881  0.203805    35.567264
-0.120999  0.268870 -0.955546    30.234219
>../../../../class2/pro2//data/domains/Catalytic_domain/structures/ProRS-B_PDB_Bact_S_aureus_5znj.pdb
-0.898282 -0.041474  0.437458     4.382959
 0.436268  0.034853  0.899142    15.137313
-0.052537  0.998532 -0.013214    30.490562
>../../../../class2/pro2//data/domains/Catalytic_domain/structures/ProRS_PDB_Bact_E_faecalis_2J3M.pdb
-0.966190  0.127777  0.223942    37.747381
 0.239352  0.767407  0.594809    29.697911
-0.095852  0.628299 -0.772044    49.353414
>../../../../class2/pyl//data/domains/Catalytic_domain/structures/PylRS_AF_Arch_Candidatus_Methanomassiliicoccus_intestinalis_Issoire-Mx1_gene16153983.pdb
 0.247188 -0.123284  0.961093    16.960401
 0.945417  0.248036 -0.211340    39.594803
-0.212331  0.960874  0.177866    29.433158
>../../../../class2/pyl//data/domains/Catalytic_domain/structures/PylRS_AF_Arch_Methanosalsum_zhilinae_DSM_4017_gene10822650.pdb
-0.773745  0.630317  0.063395    11.340539
 0.384435  0.546724 -0.743843    40.236926
-0.503517 -0.551174 -0.665341    27.431829
>../../../../class2/pyl//data/domains/Catalytic_domain/structures/PylRS_AF_Arch_Unclassified_Candidatus_Bathyarchaeota_proteinUCH69683.1.pdb
 0.358792 -0.758588 -0.543886    16.097438
-0.557732 -0.641458  0.526751    38.208144
-0.748467  0.114349 -0.653239    30.772604
>../../../../class2/pyl//data/domains/Catalytic_domain/structures/PylRS_AF_Bact_Unclassified_Actinobacteria_proteinMBU2601214.1.pdb
 0.381714 -0.768140 -0.514058    16.267297
-0.557225 -0.634984  0.535066    37.628783
-0.737424  0.082204 -0.670409    30.491872
>../../../../class2/pyl//data/domains/Catalytic_domain/structures/PylRS_AF_Bact_Unclassified_Aerophobetes_proteinMCD6471581.1.pdb
 0.185307 -0.774222 -0.605179    16.889863
-0.609797 -0.573526  0.547006    38.184606
-0.770590  0.267672 -0.578397    30.412948
>../../../../class2/pyl//data/domains/Catalytic_domain/structures/PylRS_AF_Bact_unclassified_Desulfosarcina_proteinMBC2741817.pdb
 0.119383 -0.639920 -0.759111    11.323739
-0.829095 -0.484887  0.278364    43.466347
-0.546214  0.596143 -0.588441    30.562656
>../../../../class2/pyl//data/domains/Catalytic_domain/structures/PylRS_AF_Bact_unclassified_Lachnospiraceae_proteinHCE77498.1.pdb
-0.966437  0.031144 -0.255008    11.536839
 0.256897  0.123332 -0.958537    37.080218
 0.001599 -0.991877 -0.127194    32.184066
>../../../../class2/pyl//data/domains/Catalytic_domain/structures/PylRS_PDB_Arch_M_mazei_2Q7E.pdb
 1.000000 -0.000000  0.000000     0.000000
 0.000000  1.000000  0.000000     0.000000
-0.000000  0.000000  1.000000     0.000000
>../../../../class2/pyl//data/domains/Catalytic_domain/structures/PylRS_PDB_Bact_D_hafniense_2ZNJ.pdb
 0.005354  0.406821  0.913492    42.190499
-0.552403  0.762676 -0.336417    47.409343
-0.833560 -0.502815  0.228813    78.111234
