>structures/SerRS-A_AF_Arch_Conexivisphaera_calida_protein1635512986.pdb
 1.000000  0.000000  0.000000     0.000000
 0.000000  1.000000  0.000000     0.000000
 0.000000  0.000000  1.000000     0.000000
>structures/SerRS-A_AF_Arch_Ignisphaera_aggregans_protein304378874.pdb
 0.683194 -0.671383 -0.287211     0.846687
 0.699571  0.488973  0.521062    -0.335104
-0.209394 -0.556911  0.803744     2.168768
>structures/SerRS-A_AF_Arch_Methanosarcina_barkeri_protein805401349.pdb
 0.423264  0.884129 -0.197896    -1.392748
-0.619874  0.123296 -0.774955     1.749656
-0.660760  0.450681  0.600235     2.283822
>structures/SerRS-A_AF_Arch_Unclassified_Thermoplasmata_protein1635512986.pdb
 0.965143  0.261723 -0.000779    -2.702483
-0.258531  0.952902 -0.158555    -0.068626
-0.040756  0.153230  0.987350     1.335593
>structures/SerRS-A_PDB_Arch_M_barkeri_2cjb.pdb
-0.794920  0.496542 -0.348639    67.179977
 0.372959  0.853158  0.364723   -45.762040
 0.478544  0.159898 -0.863382    51.077397
