>../../../../class2/asp1//data/domains/Catalytic_domain/structures/AspRS_AF_Arch_Candidatus_Methanomassiliicoccus_intestinalis_Issoire-Mx1_gene16154434.pdb
 0.998325 -0.052957  0.023282     4.014380
 0.057183  0.842492 -0.535666    -3.003820
 0.008753  0.536100  0.844109     1.258732
>../../../../class2/asp1//data/domains/Catalytic_domain/structures/AspRS_AF_Arch_unclassified_Euryarchaeota_proteinHHT76046.1.pdb
 0.989511  0.144308  0.006577    -0.503636
-0.136687  0.950039 -0.280611     2.107112
-0.046743  0.276769  0.959799     0.123530
>../../../../class2/asp1//data/domains/Catalytic_domain/structures/AspRS_AF_Bact_Bacillus_anthracis_str_Ames_Ancestor_gene45024275.pdb
 0.184812 -0.068497  0.980384     3.543754
-0.169938 -0.984769 -0.036769     1.627210
 0.967970 -0.159809 -0.193637     5.771168
>../../../../class2/asp1//data/domains/Catalytic_domain/structures/AspRS_AF_Bact_Brachyspira_pilosicoli_95_1000_gene56440011.pdb
 1.000000  0.000000  0.000000     0.000000
 0.000000  1.000000  0.000000     0.000000
 0.000000  0.000000  1.000000     0.000000
>../../../../class2/asp1//data/domains/Catalytic_domain/structures/AspRS_AF_Bact_Chlamydia_muridarum_str_Nigg_gene1246197.pdb
 0.802226 -0.468441 -0.370132     0.193464
 0.573523  0.776897  0.259812    -0.019119
 0.165848 -0.420707  0.891908    -0.614317
>../../../../class2/asp1//data/domains/Catalytic_domain/structures/AspRS_AF_Bact_Mycoplasma_hyopneumoniae_168-L_gene57101115.pdb
 0.942967  0.332597 -0.013891     3.465246
-0.191287  0.507234 -0.840311    -4.887560
-0.272439  0.795043  0.541926    -1.897240
>../../../../class2/asp1//data/domains/Catalytic_domain/structures/AspRS_AF_Bact_Nocardia_cyriacigeorgica_GUH-2_gene45501717.pdb
 0.020548  0.493625 -0.869432    -2.828949
-0.135600 -0.860204 -0.491590     0.227938
-0.990551  0.127996  0.049260    -3.583481
>../../../../class2/asp1//data/domains/Catalytic_domain/structures/AspRS_AF_Bact_Porphyromonas_gingivalis_ATCC_33277_gene29255515.pdb
 0.004079 -0.869109  0.494604    -0.810779
-0.995221  0.044725  0.086798    -0.880620
-0.097558 -0.492595 -0.864773     1.603735
>../../../../class2/asp1//data/domains/Catalytic_domain/structures/AspRS_AF_Bact_Prochlorococcus_marinus_subsp_marinus_str_CCMP1375_gene54201182.pdb
 0.781677 -0.579386 -0.230853     4.282435
 0.616387  0.774116  0.144262     1.512341
 0.095123 -0.255061  0.962235     4.024116
>../../../../class2/asp1//data/domains/Catalytic_domain/structures/AspRS_AF_Bact_Xylella_fastidiosa_Temecula1_gene58016479.pdb
 0.028484  0.451704 -0.891713    -1.196690
-0.048127 -0.890421 -0.452587     1.865664
-0.998435  0.055807 -0.003624     1.841107
>../../../../class2/asp1//data/domains/Catalytic_domain/structures/AspRS_AF_Mito_Oryza_sativa_Japonica_Group_gene4324505.pdb
-0.998817 -0.044379 -0.019887    -5.250182
-0.048451  0.943252  0.328524    -1.301194
 0.004179  0.329099 -0.944286    -2.092048
>../../../../class2/asp1//data/domains/Catalytic_domain/structures/AspRS_AF_Mito_Oryzias_melastigma_gene112147132.pdb
 0.624086  0.779822  0.048938     0.183059
-0.423906  0.390532 -0.817183     2.417901
-0.656369  0.489247  0.574296     1.616966
>../../../../class2/asp1//data/domains/Catalytic_domain/structures/AspRS_PDB_Bact_E_coli_1c0a.pdb
 0.445769  0.219998 -0.867693   -39.162381
-0.849788  0.408654 -0.332960    32.797376
 0.281335  0.885778  0.369117   -47.039336
>../../../../class2/pro1//data/domains/Catalytic_domain/structures/ProRS-A_AF_Arch_Candidatus_Nitrosopumilus_sediminis_gene13697692.pdb
 0.357282 -0.283313  0.889990     2.060553
-0.831094 -0.531237  0.164528    -1.909761
 0.426183 -0.798449 -0.425262     5.117868
>../../../../class2/pro1//data/domains/Catalytic_domain/structures/ProRS-A_AF_Arch_Halogeometricum_borinquense_DSM_11551_gene9994169.pdb
 0.808178 -0.585151  0.066684     1.719452
 0.558722  0.725981 -0.400976    -1.873441
 0.186220  0.361317  0.913658     5.925644
>../../../../class2/pro1//data/domains/Catalytic_domain/structures/ProRS-A_AF_Arch_Picrophilus_torridus_DSM_9790_gene2845069.pdb
 0.930215 -0.181051  0.319251     1.665267
 0.343099  0.737849 -0.581258     0.229663
-0.130321  0.650230  0.748477     6.212955
>../../../../class2/pro1//data/domains/Catalytic_domain/structures/ProRS-A_AF_Arch_Sulfurisphaera_tokodaii_str_7_gene1459472.pdb
 0.129199  0.479792  0.867818     2.122173
-0.474094 -0.738763  0.479024    -1.252103
 0.870943 -0.473317  0.132019     5.527053
>../../../../class2/pro1//data/domains/Catalytic_domain/structures/ProRS-A_AF_Bact_Bacillus_anthracis_str_Ames_Ancestor_gene45020455.pdb
-0.392303  0.435776 -0.810060     1.889224
 0.793000 -0.286019 -0.537907    -0.939675
-0.466100 -0.853401 -0.233364     5.773633
>../../../../class2/pro1//data/domains/Catalytic_domain/structures/ProRS-A_AF_Bact_Mycoplasma_hyopneumoniae_168-L_gene57101275.pdb
 0.380634 -0.809386 -0.447227     3.373608
 0.851212  0.495646 -0.172549    -1.860953
 0.361325 -0.315007  0.877619     4.189374
>../../../../class2/pro1//data/domains/Catalytic_domain/structures/ProRS-A_AF_Bact_Porphyromonas_gingivalis_ATCC_33277_gene29256199.pdb
 0.855982 -0.509305  0.088901     1.957994
 0.500329  0.772711 -0.390625    -0.450712
 0.130252  0.378848  0.916247     4.380106
>../../../../class2/pro1//data/domains/Catalytic_domain/structures/ProRS-A_AF_Bact_Thermus_thermophilus_HB8_gene3169620.pdb
 0.634035 -0.740135 -0.224053     3.064641
 0.704016  0.672339 -0.228739    -1.114890
 0.319937 -0.012708  0.947353     4.762050
>../../../../class2/pro1//data/domains/Catalytic_domain/structures/ProRS-A_AF_Euk_Cryptococcus_gattii_WM276_gene10188341.pdb
 0.596270 -0.785798 -0.164264     4.645375
 0.658331  0.595730 -0.460116    -3.406950
 0.459415  0.166214  0.872531     5.811994
>../../../../class2/pro1//data/domains/Catalytic_domain/structures/ProRS-A_AF_Euk_Ostreococcus_tauri_gene9837972.pdb
 0.300006 -0.877182 -0.374897     6.039871
 0.888915  0.399673 -0.223810     0.171518
 0.346158 -0.266107  0.899645    10.551906
>../../../../class2/pro1//data/domains/Catalytic_domain/structures/ProRS-A_AF_Euk_Plasmodium_yoelii_gene3807174.pdb
-0.283133  0.301450 -0.910475    -1.272701
 0.679328 -0.607091 -0.412255    -2.131529
-0.677015 -0.735234 -0.032896     5.375639
>../../../../class2/pro1//data/domains/Catalytic_domain/structures/ProRS-A_AF_Euk_Scheffersomyces_stipitis_CBS_6054_gene4840393.pdb
 0.885943 -0.418891  0.199084     6.560743
 0.439872  0.622823 -0.646996    -3.109175
 0.147027  0.660773  0.736045     3.555844
>../../../../class2/pro1//data/domains/Catalytic_domain/structures/ProRS-A_AF_Mito_Oryza_sativa_Japonica_Group_gene4342480.pdb
 0.519762 -0.836280 -0.174594     6.961098
 0.765226  0.546601 -0.340082    -0.962771
 0.379837  0.043158  0.924046     9.583624
>../../../../class2/pro1//data/domains/Catalytic_domain/structures/ProRS-A_PDB_Arch_M_janacshii_1nj8.pdb
-0.263879  0.751680  0.604437   -32.672338
 0.948596  0.315763  0.021443  -108.253622
-0.174741  0.579025 -0.796364    28.584235
