>../../../../class2/asp1//data/domains/Catalytic_domain/structures/AspRS_AF_Arch_Candidatus_Methanomassiliicoccus_intestinalis_Issoire-Mx1_gene16154434.pdb
 0.182250 -0.645064 -0.742077     9.797132
 0.595403 -0.528210  0.605384    10.337572
-0.782484 -0.552166  0.287806    -2.891441
>../../../../class2/asp1//data/domains/Catalytic_domain/structures/AspRS_AF_Arch_unclassified_Euryarchaeota_proteinHHT76046.1.pdb
 0.245220 -0.365565 -0.897903     9.466969
 0.722821 -0.548274  0.420625     3.553935
-0.646063 -0.752169  0.129791    -2.836645
>../../../../class2/asp1//data/domains/Catalytic_domain/structures/AspRS_AF_Bact_Bacillus_anthracis_str_Ames_Ancestor_gene45024275.pdb
-0.866769  0.290571  0.405315     4.613106
 0.494146  0.610097  0.619355     7.277097
-0.067315  0.737123 -0.672398    -5.760990
>../../../../class2/asp1//data/domains/Catalytic_domain/structures/AspRS_AF_Bact_Brachyspira_pilosicoli_95_1000_gene56440011.pdb
 0.189109 -0.141270 -0.971741     9.689968
 0.651419 -0.722442  0.231799     5.032460
-0.734772 -0.676846 -0.044595    -1.999020
>../../../../class2/asp1//data/domains/Catalytic_domain/structures/AspRS_AF_Bact_Chlamydia_muridarum_str_Nigg_gene1246197.pdb
-0.057730  0.215585 -0.974777     9.955064
 0.160407 -0.961716 -0.222197     4.788845
-0.985361 -0.169188  0.020938    -1.830752
>../../../../class2/asp1//data/domains/Catalytic_domain/structures/AspRS_AF_Bact_Mycoplasma_hyopneumoniae_168-L_gene57101115.pdb
 0.495401 -0.761951 -0.417143    12.675659
 0.683244  0.045241  0.728787    10.186070
-0.536428 -0.646053  0.543011    -0.953106
>../../../../class2/asp1//data/domains/Catalytic_domain/structures/AspRS_AF_Bact_Nocardia_cyriacigeorgica_GUH-2_gene45501717.pdb
 0.981338  0.124261 -0.146744    12.539458
-0.153553  0.965770 -0.209067     1.635533
 0.115742  0.227699  0.966828     0.124341
>../../../../class2/asp1//data/domains/Catalytic_domain/structures/AspRS_AF_Bact_Porphyromonas_gingivalis_ATCC_33277_gene29255515.pdb
 0.204501  0.288378  0.935424     7.674491
 0.692363 -0.718143  0.070030     5.413012
 0.691963  0.633331 -0.346523    -0.608107
>../../../../class2/asp1//data/domains/Catalytic_domain/structures/AspRS_AF_Bact_Prochlorococcus_marinus_subsp_marinus_str_CCMP1375_gene54201182.pdb
-0.045043 -0.013316 -0.998896     6.621042
 0.089937 -0.995905  0.009221     7.465088
-0.994928 -0.089422  0.046056    -6.342278
>../../../../class2/asp1//data/domains/Catalytic_domain/structures/AspRS_AF_Bact_Xylella_fastidiosa_Temecula1_gene58016479.pdb
 0.976577  0.176031 -0.123734     7.140553
-0.203566  0.942149 -0.266302     3.041412
 0.069698  0.285253  0.955915    -2.364673
>../../../../class2/asp1//data/domains/Catalytic_domain/structures/AspRS_AF_Mito_Oryza_sativa_Japonica_Group_gene4324505.pdb
-0.177729 -0.463613  0.868030    11.124013
-0.623867 -0.629083 -0.463729     1.879691
 0.761053 -0.623953 -0.177426     2.897740
>../../../../class2/asp1//data/domains/Catalytic_domain/structures/AspRS_AF_Mito_Oryzias_melastigma_gene112147132.pdb
 0.829571 -0.376195 -0.412662     8.020011
 0.543439  0.373980  0.751540     3.407909
-0.128398 -0.847712  0.514682    -3.746040
>../../../../class2/asp1//data/domains/Catalytic_domain/structures/AspRS_PDB_Bact_E_coli_1c0a.pdb
-0.031557 -0.878210 -0.477233    41.135105
 0.970360  0.087538 -0.225253   -56.762255
 0.239596 -0.470196  0.849417     6.118587
>../../../../class2/lys//data/domains/Catalytic_domain/structures/LysRS-II_AF_Arch_Aciduliprofundum_boonei_T469_gene8827564.pdb
 0.838924 -0.538399 -0.079576     1.403992
 0.519351  0.748226  0.412833     0.035555
-0.162729 -0.387664  0.907324     0.805663
>../../../../class2/lys//data/domains/Catalytic_domain/structures/LysRS-II_AF_Arch_Archaeoglobus_sulfaticallidus_PM70-1_gene15393615.pdb
 0.132349 -0.657594 -0.741657     1.819395
 0.669994 -0.492069  0.555856     6.708355
-0.730473 -0.570473  0.375459     0.087975
>../../../../class2/lys//data/domains/Catalytic_domain/structures/LysRS-II_AF_Arch_Candidatus_Woesearchaeota_archaeon_proteinMBS3172198.1.pdb
-0.256265 -0.081009 -0.963206     2.600804
 0.027695 -0.996688  0.076457     4.300508
-0.966210 -0.007082  0.257660     0.309085
>../../../../class2/lys//data/domains/Catalytic_domain/structures/LysRS-II_AF_Arch_Thermogladius_calderae_1633_gene13013549.pdb
 0.998907  0.007632  0.046116     1.360877
-0.009313  0.999296  0.036344     0.392043
-0.045806 -0.036734  0.998275    -1.284637
>../../../../class2/lys//data/domains/Catalytic_domain/structures/LysRS-II_AF_Bact_Chlamydia_muridarum_str_Nigg_gene1245697.pdb
 1.000000  0.000000  0.000000     0.000000
 0.000000  1.000000  0.000000     0.000000
 0.000000  0.000000  1.000000     0.000000
>../../../../class2/lys//data/domains/Catalytic_domain/structures/LysRS-II_AF_Bact_Cupriavidus_taiwanensis_LMG_19424_gene29762375.pdb
 0.110426 -0.611313 -0.783647     2.007372
 0.621200 -0.573032  0.534551     8.568180
-0.775833 -0.545830  0.316470    -2.634043
>../../../../class2/lys//data/domains/Catalytic_domain/structures/LysRS-II_AF_Bact_Leuconostoc_gelidum_JB7_gene61037106.pdb
 0.241446 -0.499030 -0.832270     1.894060
 0.677021 -0.527816  0.512886     2.262086
-0.695231 -0.687299  0.210414    -2.184591
>../../../../class2/lys//data/domains/Catalytic_domain/structures/LysRS-II_AF_Bact_Mycobacterium_intracellulare_ATCC_13950_gene11907187.pdb
 0.242490 -0.687227 -0.684776     2.805161
 0.681600 -0.381607  0.624338     8.207593
-0.690377 -0.618139  0.375878    -1.665288
>../../../../class2/lys//data/domains/Catalytic_domain/structures/LysRS-II_AF_Bact_Mycoplasma_hyopneumoniae_168-L_gene57101062.pdb
 0.170111 -0.497270 -0.850755     2.602491
 0.709280 -0.537553  0.456024     0.480760
-0.684094 -0.680999  0.261260    -1.270968
>../../../../class2/lys//data/domains/Catalytic_domain/structures/LysRS-II_AF_Bact_Porphyromonas_gingivalis_ATCC_33277_gene29256363.pdb
 0.893498 -0.448861  0.013629     1.964652
 0.355623  0.725779  0.588878    -0.911580
-0.274216 -0.521314  0.808107     1.864808
>../../../../class2/lys//data/domains/Catalytic_domain/structures/LysRS-II_AF_Bact_Prochlorococcus_marinus_subsp_marinus_str_CCMP1375_gene54201108.pdb
 0.403564 -0.619510 -0.673308     1.298252
 0.692837 -0.273724  0.667122     1.238219
-0.597589 -0.735719  0.318754    -1.841682
>../../../../class2/lys//data/domains/Catalytic_domain/structures/LysRS-II_AF_Bact_Streptobacillus_moniliformis_DSM_12112_gene29673899.pdb
 0.475033 -0.734424 -0.484731     4.435524
 0.693294 -0.026883  0.720154     7.507876
-0.541929 -0.678158  0.496402    -1.040937
>../../../../class2/lys//data/domains/Catalytic_domain/structures/LysRS-II_AF_Euk_Ostreococcus_tauri_gene9837657.pdb
 0.090535 -0.607313 -0.789287     1.541376
 0.606306 -0.595127  0.527463     8.230394
-0.790061 -0.526304  0.314338    -0.742389
>../../../../class2/lys//data/domains/Catalytic_domain/structures/LysRS-II_AF_Euk_Solanum_lycopersicum_gene778357.pdb
 0.063627  0.570101  0.819107     0.403783
 0.501054 -0.728073  0.467820     3.924482
 0.863074  0.380651 -0.331977    -2.459629
>../../../../class2/lys//data/domains/Catalytic_domain/structures/LysRS-II_AF_Euk_Theileria_annulata_gene3864794.pdb
 0.166144  0.019821  0.985902     2.860505
 0.029944 -0.999438  0.015047     6.698561
 0.985647  0.027022 -0.166644    -3.983744
>../../../../class2/lys//data/domains/Catalytic_domain/structures/LysRS-II_AF_Euk_Zootoca_vivipara_gene118086243.pdb
-0.159382  0.494499 -0.854440    -1.081668
-0.313851 -0.845982 -0.431059     1.679228
-0.935999  0.199464  0.290034    -4.087439
>../../../../class2/lys//data/domains/Catalytic_domain/structures/LysRS-II_AF_Mito_Malus_domestica_gene103446975.pdb
 0.025561 -0.526687 -0.849675     1.051209
 0.497806 -0.730369  0.467709     8.333464
-0.866912 -0.434928  0.243519    -2.625714
>../../../../class2/lys//data/domains/Catalytic_domain/structures/LysRS-II_AF_Mito_Scheffersomyces_stipitis_CBS_6054_gene4837999.pdb
 0.106060 -0.460411 -0.881347     0.461115
 0.596076 -0.679999  0.426959     8.289193
-0.795892 -0.570633  0.202320    -3.057129
>../../../../class2/lys//data/domains/Catalytic_domain/structures/LysRS-II_PDB_Bact_G_stearothermophilus_3E9H.pdb
-0.874672  0.437189 -0.209321   100.115388
-0.129094 -0.626356 -0.768774   -20.302174
-0.467209 -0.645402  0.604294   -44.180720
