>../../../../class1/glu3//data/domains/Catalytic_domain/structures/GluRS-E_AF_Euk_Cyathus_striatus_proteinKAF9013924.1.pdb
-0.267665 -0.255329  0.929065   -13.044876
-0.780614 -0.507764 -0.364442   -10.835007
 0.564799 -0.822790 -0.063403     6.439412
>../../../../class1/glu3//data/domains/Catalytic_domain/structures/GluRS-E_AF_Euk_Lichtheimia_hyalospora_proteinKAI7879902.1.pdb
-0.552332 -0.592475  0.586432   -16.323885
-0.823363  0.497760 -0.272596    -0.545935
-0.130396 -0.633410 -0.762751     4.667689
>../../../../class1/glu3//data/domains/Catalytic_domain/structures/GluRS-E_AF_Euk_Medicago_truncatula_gene11407510.pdb
-0.409645 -0.300251  0.861418   -15.903267
-0.891223 -0.069829 -0.448158   -10.601527
 0.194712 -0.951301 -0.238985    -0.928866
>../../../../class1/glu3//data/domains/Catalytic_domain/structures/GluRS-E_AF_Euk_Xylariaceae_sp_FL0804_proteinKAI0483267.1.pdb
 0.511500 -0.247597 -0.822839   -14.644089
 0.859045  0.169887  0.482887     3.081549
 0.020228 -0.953852  0.299594     6.830625
>../../../../class1/glu3//data/domains/Catalytic_domain/structures/GluRS-E_PDB_Euk_Gallus_gallus_7WRU.pdb
 0.171056 -0.326638  0.929542  -104.917498
 0.680610  0.721337  0.128228   -10.515535
-0.712397  0.610721  0.345702   -15.467556
>../../../../class1/trp//data/domains/Catalytic_domain/structures/TrpRS_AF_Arch_Natrialba_magadii_ATCC_43099_gene8824932.pdb
-0.968394  0.239440 -0.069871    -2.830114
 0.135120  0.739059  0.659950     2.194931
 0.209658  0.629651 -0.748053    -1.567255
>../../../../class1/trp//data/domains/Catalytic_domain/structures/TrpRS_AF_Arch_Nitrosopumilus_maritimus_SCM1_gene5773245.pdb
-0.985435  0.084899 -0.147343    -3.371682
-0.006395  0.847342  0.531009     1.712362
 0.169932  0.524217 -0.834457     0.463150
>../../../../class1/trp//data/domains/Catalytic_domain/structures/TrpRS_AF_Arch_Sulfolobus_islandicus_M1627_gene7814138.pdb
 1.000000  0.000000  0.000000     0.000000
 0.000000  1.000000  0.000000     0.000000
 0.000000  0.000000  1.000000     0.000000
>../../../../class1/trp//data/domains/Catalytic_domain/structures/TrpRS_AF_Arch_Thermoplasma_acidophilum_DSM_1728_gene1456706.pdb
 0.078308 -0.544265  0.835251    -0.526410
-0.972179 -0.227221 -0.056916     6.162835
 0.220764 -0.807556 -0.546916    -2.683085
>../../../../class1/trp//data/domains/Catalytic_domain/structures/TrpRS_AF_Bact_Anoxybacillus_flavithermus_WK1_gene7038388.pdb
 0.917611 -0.343509 -0.199982     2.687156
 0.379406  0.906945  0.183036    -2.113151
 0.118498 -0.243830  0.962551    -1.302342
>../../../../class1/trp//data/domains/Catalytic_domain/structures/TrpRS_AF_Bact_Brachyspira_pilosicoli_95_1000_gene56440833.pdb
-0.078217 -0.102527  0.991650    -1.983349
-0.087817 -0.990123 -0.109296    -1.176715
 0.993061 -0.095632  0.068440    -4.755222
>../../../../class1/trp//data/domains/Catalytic_domain/structures/TrpRS_AF_Bact_Helicobacter_cinaedi_PAGU611_gene66538868.pdb
 0.981942 -0.181878 -0.052067     2.690733
 0.178375  0.981781 -0.065491    -3.200123
 0.063030  0.055021  0.996494    -1.613728
>../../../../class1/trp//data/domains/Catalytic_domain/structures/TrpRS_AF_Bact_Mycoplasma_hyopneumoniae_168-L_gene57101461.pdb
 0.997079  0.026950 -0.071465     1.064528
-0.039140  0.983774 -0.175092    -4.520305
 0.065586  0.177378  0.981955    -2.362839
>../../../../class1/trp//data/domains/Catalytic_domain/structures/TrpRS_AF_Bact_Porphyromonas_gingivalis_ATCC_33277_gene29255389.pdb
-0.011102  0.781151 -0.624243    -2.726893
-0.200307 -0.613365 -0.763977    -1.705611
-0.979670  0.116558  0.163280    -3.670862
>../../../../class1/trp//data/domains/Catalytic_domain/structures/TrpRS_AF_Bact_Prochlorococcus_marinus_subsp_marinus_str_CCMP1375_gene54200405.pdb
-0.992710 -0.114785  0.036769    -6.426361
-0.090258  0.910124  0.404385    -2.971325
-0.079882  0.398119 -0.913849    -7.987901
>../../../../class1/trp//data/domains/Catalytic_domain/structures/TrpRS_AF_Bact_Streptomyces_albidoflavus_gene15147734.pdb
 0.276591  0.901492 -0.332881    -1.153248
-0.502384 -0.159646 -0.849778    -1.234313
-0.819211  0.402275  0.408739    -4.316559
>../../../../class1/trp//data/domains/Catalytic_domain/structures/TrpRS_AF_Bact_Thermus_thermophilus_HB8_gene3168998.pdb
-0.789257 -0.613183 -0.032870    -2.006261
-0.611821  0.789818 -0.043166    -1.082074
 0.052430 -0.013958 -0.998527    -3.891496
>../../../../class1/trp//data/domains/Catalytic_domain/structures/TrpRS_AF_Euk_Cryptococcus_neoformans_var_neoformans_JEC21_gene3254069.pdb
 0.316996 -0.753987  0.575340    -3.754655
-0.673596 -0.606032 -0.423076     1.684389
 0.667669 -0.253433 -0.699993    -1.753559
>../../../../class1/trp//data/domains/Catalytic_domain/structures/TrpRS_AF_Euk_Cyanidioschyzon_merolae_strain_10D_gene16993299.pdb
-0.797609 -0.574594 -0.183472    -3.983415
-0.580793  0.813712 -0.023483     1.249363
 0.162787  0.087829 -0.982744    -0.402862
>../../../../class1/trp//data/domains/Catalytic_domain/structures/TrpRS_AF_Euk_Drosophila_melanogaster_gene45399.pdb
-0.957200 -0.267594 -0.110280    -8.271679
-0.278363  0.955506  0.097579    -0.839110
 0.079261  0.124100 -0.989099    -3.566899
>../../../../class1/trp//data/domains/Catalytic_domain/structures/TrpRS_AF_Euk_Saccharomyces_cerevisiae_S288C_gene854056.pdb
 0.135622  0.477951  0.867854    -3.948646
 0.233054 -0.866758  0.440927     1.993473
 0.962960  0.142457 -0.228939    -2.283308
>../../../../class1/trp//data/domains/Catalytic_domain/structures/TrpRS_AF_Mito_Bufo_gargarizans_gene122922343.pdb
-0.326731 -0.884146  0.333966    -2.965498
-0.856733  0.127865 -0.499659    -1.287247
 0.399068 -0.449374 -0.799254    -3.711755
>../../../../class1/trp//data/domains/Catalytic_domain/structures/TrpRS_AF_Mito_Cyanidioschyzon_merolae_strain_10D_gene16992222.pdb
-0.007402 -0.059987  0.998172     0.729040
-0.275000 -0.959589 -0.059707    -0.313781
 0.961416 -0.274939 -0.009393     1.018871
>../../../../class1/trp//data/domains/Catalytic_domain/structures/TrpRS_AF_Vir_Megavirus_chiliensis_gene11257301.pdb
-0.943111 -0.056205 -0.327692    -2.493074
-0.195021  0.891761  0.408326     1.751981
 0.269273  0.449004 -0.851990    -1.242164
>../../../../class1/trp//data/domains/Catalytic_domain/structures/TrpRS_PDB_Arch_P_hori_3JXE.pdb
 0.938110 -0.120287  0.324778    35.888461
 0.308993 -0.132891 -0.941734    25.167701
 0.156439  0.983804 -0.087498   -22.237640
>../../../../class1/trp//data/domains/Catalytic_domain/structures/TrpRS_PDB_Bact_G_stearo_1I6M.pdb
-0.600922  0.028134  0.798812    -1.581839
 0.595462  0.682439  0.423913   -65.172091
-0.533214  0.730401 -0.426845    27.904375
>../../../../class1/trp//data/domains/Catalytic_domain/structures/TrpRS_PDB_Bact_Y_pestis_3N9I.pdb
-0.421440 -0.414188  0.806745    28.813608
-0.406094 -0.709230 -0.576265    72.923145
 0.810849 -0.570475  0.130699     7.918178
>../../../../class1/trp//data/domains/Catalytic_domain/structures/TrpRS_PDB_Euk_S_Cerevisiae_3KT3.pdb
-0.205491 -0.857385 -0.471873   -21.188822
-0.878726 -0.050617  0.474636  -122.508244
-0.430831  0.512180 -0.743005   -99.824989
