>../../../../class1//gln/data/domains/Anticodon_binding_domain_EQ//structures/GlnRS_AF_Bact_Anaerostipes_hadrus_gene15230984.pdb
 0.868154  0.482889  0.114574    -1.342238
-0.273425  0.658036 -0.701589    -3.523919
-0.414183  0.577760  0.703311     2.955905
>../../../../class1//gln/data/domains/Anticodon_binding_domain_EQ//structures/GlnRS_AF_Bact_Cutibacterium_avidum_44067_gene29843447.pdb
 0.968040  0.031322  0.248831    -2.468640
 0.024350  0.975745 -0.217553    -3.198283
-0.249610  0.216659  0.943798     2.837687
>../../../../class1//gln/data/domains/Anticodon_binding_domain_EQ//structures/GlnRS_AF_Bact_Pasteurella_multocida_subsp_multocida_str_Pm70_gene1243875.pdb
 0.984359  0.075166 -0.159332    -2.909329
-0.118832  0.950977 -0.285521    -4.685464
 0.130059  0.299989  0.945035     1.826776
>../../../../class1//gln/data/domains/Anticodon_binding_domain_EQ//structures/GlnRS_AF_Bact_Porphyromonas_gingivalis_ATCC_33277_gene29257033.pdb
 0.749394  0.661509 -0.028542    -1.816518
-0.316391  0.319891 -0.893066    -2.943382
-0.581641  0.678288  0.449020     1.995923
>../../../../class1//gln/data/domains/Anticodon_binding_domain_EQ//structures/GlnRS_AF_Bact_Thermus_thermophilus_HB8_gene3168786.pdb
-0.467507  0.481190  0.741548    -0.962119
 0.096885 -0.805921  0.584042    -0.723355
 0.878664  0.344889  0.330153     2.497381
>../../../../class1//gln/data/domains/Anticodon_binding_domain_EQ//structures/GlnRS_AF_Euk_Candida_dubliniensis_CD36_gene8049124.pdb
 0.866034  0.495313  0.068193    -0.988390
-0.424999  0.801111 -0.421423    -1.247144
-0.263366  0.335985  0.904297    -0.665893
>../../../../class1//gln/data/domains/Anticodon_binding_domain_EQ//structures/GlnRS_AF_Euk_Dictyostelium_discoideum_AX4_gene8627167.pdb
-0.748425  0.649046  0.136379     0.222834
 0.285015  0.129084  0.949791    -0.894124
 0.598854  0.749718 -0.281597    -3.142345
>../../../../class1//gln/data/domains/Anticodon_binding_domain_EQ//structures/GlnRS_AF_Euk_Encephalitozoon_romaleae_SJ-2008_gene20564565.pdb
-0.668707  0.456844  0.586622    -1.059864
 0.542858 -0.239143  0.805057    -2.011493
 0.508071  0.856799 -0.088085    -0.485116
>../../../../class1//gln/data/domains/Anticodon_binding_domain_EQ//structures/GlnRS_AF_Euk_Myodes_glareolus_gene125393344.pdb
 0.184826 -0.611104 -0.769669     0.354127
 0.721058 -0.447817  0.528712   -10.156400
-0.667769 -0.652696  0.357873     0.639206
>../../../../class1//gln/data/domains/Anticodon_binding_domain_EQ//structures/GlnRS_AF_Mito_Cyanidioschyzon_merolae_strain_10D_gene16997184.pdb
-0.466728  0.577860  0.669509    -2.821819
 0.230535 -0.651357  0.722903     1.179284
 0.853826  0.491744  0.170789     0.186625
>../../../../class1//gln/data/domains/Anticodon_binding_domain_EQ//structures/GlnRS_Bact_D_radio_2HZ7.pdb
-0.823885  0.500041 -0.266783    16.607585
 0.503012  0.428257 -0.750716    19.422851
-0.261137 -0.752698 -0.604361    85.469145
>../../../../class1//gln/data/domains/Anticodon_binding_domain_EQ//structures/GlnRS_Bact_E_coli_1QTQ.pdb
 0.780518  0.518239 -0.349600   -36.791229
 0.285896  0.201409  0.936855   -30.578980
 0.555927 -0.831182  0.009041    -6.488973
>../../../../class1//gln/data/domains/Anticodon_binding_domain_EQ//structures/GlnRS_PDB_Euk_T_gondii_4P2B.pdb
-0.523208  0.716433 -0.461495    32.104653
 0.676851  0.678385  0.285773  -115.924458
 0.517808 -0.162844 -0.839855    10.582556
>../../../../class1//glu2/data/domains/Anticodon_binding_domain_EQ//structures/GlxRS-A_AF_Arch_Candidatus_Korarchaeum_cryptofilum_OPF8_gene6094352.pdb
-0.275229 -0.837717  0.471676    -1.151431
-0.893301  0.041506 -0.447538    -0.883276
 0.355333 -0.544525 -0.759758     0.761581
>../../../../class1//glu2/data/domains/Anticodon_binding_domain_EQ//structures/GlxRS-A_AF_Arch_Methanothrix_soehngenii_GP6_gene10459943.pdb
-0.632068  0.645206  0.429185    -1.291323
 0.516306 -0.062368  0.854130     0.877016
 0.577857  0.761459 -0.293703    -0.138926
>../../../../class1//glu2/data/domains/Anticodon_binding_domain_EQ//structures/GlxRS-A_AF_Arch_Nitrosopumilus_maritimus_SCM1_gene5773999.pdb
 1.000000  0.000000  0.000000     0.000000
 0.000000  1.000000  0.000000     0.000000
 0.000000  0.000000  1.000000     0.000000
>../../../../class1//glu2/data/domains/Anticodon_binding_domain_EQ//structures/GlxRS-A_AF_Arch_Sulfolobus_islandicus_LAL14_1_gene15298417.pdb
 0.287710  0.668979 -0.685339    -2.330490
-0.301777 -0.615817 -0.727805    -4.162414
-0.908930  0.416216  0.024706    -4.320977
>../../../../class1//glu2/data/domains/Anticodon_binding_domain_EQ//structures/GlxRS-A_PDB_Arch_M_thermau_3AII.pdb
-0.606988  0.706009  0.364851   -52.906037
-0.313771  0.208896 -0.926234    49.696457
-0.730146 -0.676693  0.094728    19.165755
>../../../../class1//glu3/data/domains/Anticodon_binding_domain_EQ//structures/GluRS-E_AF_Euk_Cyathus_striatus_proteinKAF9013924.1.pdb
-0.101025  0.392553  0.914164    -1.350552
 0.411640 -0.820030  0.397621     1.583411
 0.905730  0.416476 -0.078747     6.554338
>../../../../class1//glu3/data/domains/Anticodon_binding_domain_EQ//structures/GluRS-E_AF_Euk_Lichtheimia_hyalospora_proteinKAI7879902.1.pdb
 0.019680 -0.397915  0.917211    -8.119892
-0.307174 -0.875425 -0.373196    -2.347392
 0.951450 -0.274399 -0.139457    -0.354157
>../../../../class1//glu3/data/domains/Anticodon_binding_domain_EQ//structures/GluRS-E_AF_Euk_Medicago_truncatula_gene11407510.pdb
-0.038594  0.239913  0.970027    -0.714333
 0.058230 -0.968561  0.241867    -5.735336
 0.997557  0.065819  0.023411     7.395743
>../../../../class1//glu3/data/domains/Anticodon_binding_domain_EQ//structures/GluRS-E_AF_Euk_Xylariaceae_sp_FL0804_proteinKAI0483267.1.pdb
 0.021178  0.178361 -0.983737    -9.383826
 0.165929 -0.970939 -0.172469     0.323630
-0.985910 -0.159578 -0.050158    -4.667298
>../../../../class1//glu3/data/domains/Anticodon_binding_domain_EQ//structures/GluRS-E_PDB_Euk_Gallus_gallus_7WRU.pdb
 0.169101 -0.834220  0.524863   -63.743009
-0.656658  0.301763  0.691187   -57.484860
-0.734986 -0.461536 -0.496769    45.904362
