>../../../../class2/lys//data/domains/Catalytic_domain/structures/LysRS-II_AF_Arch_Aciduliprofundum_boonei_T469_gene8827564.pdb
 0.419017  0.690585 -0.589506    -7.056468
-0.746590 -0.107453 -0.656549     4.508030
-0.516747  0.715225  0.470559    -3.417915
>../../../../class2/lys//data/domains/Catalytic_domain/structures/LysRS-II_AF_Arch_Archaeoglobus_sulfaticallidus_PM70-1_gene15393615.pdb
 0.969939  0.232888 -0.070577    -3.139262
-0.242294  0.951181 -0.191175    -0.400453
 0.022609  0.202529  0.979015    -0.881414
>../../../../class2/lys//data/domains/Catalytic_domain/structures/LysRS-II_AF_Arch_Candidatus_Woesearchaeota_archaeon_proteinMBS3172198.1.pdb
 0.845508 -0.488225 -0.216224    -4.533953
 0.533949  0.775991  0.335762     0.859888
 0.003861 -0.399342  0.916794    -2.597008
>../../../../class2/lys//data/domains/Catalytic_domain/structures/LysRS-II_AF_Arch_Thermogladius_calderae_1633_gene13013549.pdb
 0.058796  0.524585 -0.849325    -5.085803
-0.488571 -0.726816 -0.482740     5.166587
-0.870541  0.443339  0.213564    -3.672571
>../../../../class2/lys//data/domains/Catalytic_domain/structures/LysRS-II_AF_Bact_Chlamydia_muridarum_str_Nigg_gene1245697.pdb
 0.025561  0.497806 -0.866912    -6.451577
-0.526687 -0.730369 -0.434928     5.498162
-0.849675  0.467709  0.243519    -2.365038
>../../../../class2/lys//data/domains/Catalytic_domain/structures/LysRS-II_AF_Bact_Cupriavidus_taiwanensis_LMG_19424_gene29762375.pdb
 0.984206  0.173651 -0.034400     0.103695
-0.176536  0.977217 -0.117825    -0.610902
 0.013156  0.122037  0.992438    -0.742660
>../../../../class2/lys//data/domains/Catalytic_domain/structures/LysRS-II_AF_Bact_Leuconostoc_gelidum_JB7_gene61037106.pdb
 0.946354  0.320086  0.044249    -3.338476
-0.318892  0.947250 -0.032029     3.790535
-0.052167  0.016200  0.998507    -3.529078
>../../../../class2/lys//data/domains/Catalytic_domain/structures/LysRS-II_AF_Bact_Mycobacterium_intracellulare_ATCC_13950_gene11907187.pdb
 0.942797  0.331073 -0.039056    -0.882233
-0.329162  0.905937 -0.266326    -1.205680
-0.052791  0.263947  0.963091    -1.392489
>../../../../class2/lys//data/domains/Catalytic_domain/structures/LysRS-II_AF_Bact_Mycoplasma_hyopneumoniae_168-L_gene57101062.pdb
 0.949665  0.311962 -0.028574    -5.022434
-0.312242  0.949985 -0.005800     4.390946
 0.025336  0.014430  0.999575    -4.735925
>../../../../class2/lys//data/domains/Catalytic_domain/structures/LysRS-II_AF_Bact_Porphyromonas_gingivalis_ATCC_33277_gene29256363.pdb
 0.442314  0.798017 -0.409301    -8.437138
-0.607702 -0.068957 -0.791165     4.308598
-0.659588  0.598677  0.454456    -4.133143
>../../../../class2/lys//data/domains/Catalytic_domain/structures/LysRS-II_AF_Bact_Prochlorococcus_marinus_subsp_marinus_str_CCMP1375_gene54201108.pdb
 0.876421  0.480852  0.025837    -4.197428
-0.456480  0.846689 -0.273393     4.676884
-0.153337  0.227813  0.961555    -3.504954
>../../../../class2/lys//data/domains/Catalytic_domain/structures/LysRS-II_AF_Bact_Streptobacillus_moniliformis_DSM_12112_gene29673899.pdb
 0.829283  0.551422 -0.090687    -1.676713
-0.518223  0.698103 -0.494062    -1.865223
-0.209128  0.456713  0.864684    -2.988772
>../../../../class2/lys//data/domains/Catalytic_domain/structures/LysRS-II_AF_Euk_Ostreococcus_tauri_gene9837657.pdb
 0.988173  0.148838 -0.036886    -1.725428
-0.151920  0.982936 -0.103715    -0.951458
 0.020820  0.108092  0.993923    -0.035810
>../../../../class2/lys//data/domains/Catalytic_domain/structures/LysRS-II_AF_Euk_Solanum_lycopersicum_gene778357.pdb
-0.504068 -0.672471  0.541939    -2.372685
-0.771373  0.068308 -0.632707     3.531065
 0.388459 -0.736964 -0.553158    -1.539152
>../../../../class2/lys//data/domains/Catalytic_domain/structures/LysRS-II_AF_Euk_Theileria_annulata_gene3864794.pdb
-0.843249 -0.510545  0.168149     0.308415
-0.523649  0.709643 -0.471378     0.985406
 0.121334 -0.485541 -0.865753    -2.460414
>../../../../class2/lys//data/domains/Catalytic_domain/structures/LysRS-II_AF_Euk_Zootoca_vivipara_gene118086243.pdb
 0.656375 -0.574316 -0.489217    -2.089990
 0.718153  0.276964  0.638394     6.657637
-0.231144 -0.770359  0.594239    -1.745345
>../../../../class2/lys//data/domains/Catalytic_domain/structures/LysRS-II_AF_Mito_Malus_domestica_gene103446975.pdb
 1.000000  0.000000  0.000000     0.000000
 0.000000  1.000000  0.000000     0.000000
 0.000000  0.000000  1.000000     0.000000
>../../../../class2/lys//data/domains/Catalytic_domain/structures/LysRS-II_AF_Mito_Scheffersomyces_stipitis_CBS_6054_gene4837999.pdb
 0.988125  0.152767  0.016463     0.350079
-0.153492  0.986295  0.060514     0.475836
-0.006993 -0.062322  0.998032     0.310265
>../../../../class2/lys//data/domains/Catalytic_domain/structures/LysRS-II_PDB_Bact_G_stearothermophilus_3E9H.pdb
 0.313067  0.266329 -0.911624    25.283864
 0.756819  0.509942  0.408883   -12.945032
 0.573772 -0.817942 -0.041917  -107.605717
>../../../../class2/pro2//data/domains/Catalytic_domain/structures/ProRS-B_AF_Bact_Acinetobacter_baylyi_ADP1_gene45233245.pdb
 0.826680 -0.562435 -0.016335     1.264879
 0.405303  0.575085  0.710638    -2.181615
-0.390293 -0.594091  0.703368    -9.640927
>../../../../class2/pro2//data/domains/Catalytic_domain/structures/ProRS-B_AF_Bact_Brachyspira_pilosicoli_95_1000_gene56438966.pdb
-0.082991 -0.475883 -0.875584     1.888964
 0.625032 -0.709176  0.326197    -0.882911
-0.776175 -0.520197  0.356297    -9.870911
>../../../../class2/pro2//data/domains/Catalytic_domain/structures/ProRS-B_AF_Bact_Chlamydia_psittaci_6BC_gene12242703.pdb
-0.801999 -0.596793 -0.025217     5.767235
-0.526614  0.726352 -0.441691    -3.808168
 0.281914 -0.340956 -0.896813    -8.593009
>../../../../class2/pro2//data/domains/Catalytic_domain/structures/ProRS-B_AF_Bact_Clostridium_acetobutylicum_DSM_1731_gene44999665.pdb
 0.683305 -0.694883 -0.224126     2.384343
 0.642820  0.426982  0.635979    -1.290042
-0.346233 -0.578640  0.738443   -10.144769
>../../../../class2/pro2//data/domains/Catalytic_domain/structures/ProRS-B_AF_Bact_Corynebacterium_ulcerans_809_gene75260584.pdb
-0.957761 -0.118571 -0.261982     3.021616
-0.224512  0.877592  0.423588    -2.896417
 0.179688  0.464515 -0.867144    -9.139520
>../../../../class2/pro2//data/domains/Catalytic_domain/structures/ProRS-B_AF_Bact_Prochlorococcus_marinus_subsp_marinus_str_CCMP1375_gene54199876.pdb
 0.734714 -0.671840 -0.093950     2.469956
 0.593552  0.569592  0.568561    -2.452296
-0.328469 -0.473494  0.817259   -11.552424
>../../../../class2/pro2//data/domains/Catalytic_domain/structures/ProRS-B_AF_Bact_Streptobacillus_moniliformis_DSM_12112_gene29673723.pdb
 0.952029 -0.052481  0.301474     1.048892
-0.004814  0.982494  0.186235    -0.774279
-0.305970 -0.178752  0.935110    -8.526044
>../../../../class2/pro2//data/domains/Catalytic_domain/structures/ProRS-B_PDB_Bact_S_aureus_5znj.pdb
 0.931761 -0.361779 -0.030598     0.158866
 0.069206  0.094244  0.993141   -22.817355
-0.356414 -0.927488  0.112851   -10.257240
>../../../../class2/pro2//data/domains/Catalytic_domain/structures/ProRS_PDB_Bact_E_faecalis_2J3M.pdb
 0.928390 -0.109662  0.355058   -29.922172
-0.105120  0.838940  0.533975     4.376295
-0.356430 -0.533060  0.767336   -15.032553
