>structures/PheRS-M_AF_Mito_Arabidopsis_thaliana_gene824983.pdb
 0.463215 -0.857660  0.223271     2.071753
 0.629384  0.140985 -0.764198     5.323297
 0.623944  0.494512  0.605105     0.964624
>structures/PheRS-M_AF_Mito_Babesia_bovis_T2Bo_gene5478469.pdb
 0.976141 -0.199117  0.086604   -26.923214
 0.216605  0.865076 -0.452467     0.138845
 0.015175  0.460431  0.887566    16.676300
>structures/PheRS-M_AF_Mito_Candida_albicans_SC5314_gene3638806.pdb
 1.000000  0.000000  0.000000     0.000000
 0.000000  1.000000  0.000000     0.000000
 0.000000  0.000000  1.000000     0.000000
>structures/PheRS-M_AF_Mito_Crassostrea_gigas_gene105329377.pdb
-0.680786 -0.430066 -0.592937    -7.274766
-0.615117 -0.103838  0.781568     1.746639
-0.397695  0.896806 -0.193849    -7.793354
>structures/PheRS-M_AF_Mito_Drosophila_melanogaster_gene36547.pdb
-0.823944 -0.489628  0.285274   -36.452405
-0.105729  0.627409  0.771478    14.927298
-0.556721  0.605493 -0.568718     6.524848
>structures/PheRS-M_AF_Mito_Syngnathus_acus_gene119139175.pdb
 0.515531 -0.707707  0.483093    -3.753280
-0.784155 -0.162368  0.598947     1.986764
-0.345440 -0.687595 -0.638658    -3.304289
>structures/PheRS-M_PDB_Mito.H_sapiens_3CMQ.pdb
 0.157498  0.178539  0.971246   -23.050114
 0.062085  0.979785 -0.190177   -18.982595
-0.985566  0.090252  0.143230    -4.871461
