>structures/SepRS_AF_Arch_Methanothrix_thermoacetophila_PT_gene4462697.pdb
-0.284637  0.611759  0.738060     2.995195
 0.479296 -0.575952  0.662235     5.742033
 0.830215  0.542246 -0.129277     0.472375
>structures/SepRS_AF_Arch_unclassified_Candidatus_Bathyarchaeota_proteinUCD26266.1.pdb
 0.284242  0.950111  0.128438    -3.977801
-0.754194  0.304292 -0.581891     0.953256
-0.591944  0.068531  0.803060    -3.259134
>structures/SepRS_AF_Arch_unclassified_Lokiarchaeota_proteinTFF69421.1.pdb
-0.178005  0.106638 -0.978234    -5.957498
 0.429411 -0.886046 -0.174726     4.757183
-0.885393 -0.451166  0.111930    -4.053053
>structures/SepRS_AF_Arch_unclassified_Thermoprotei_proteinRLF12424.1.pdb
 1.000000 -0.000000  0.000000     0.000000
 0.000000  1.000000  0.000000     0.000000
-0.000000  0.000000  1.000000     0.000000
