>structures/GlyRS-A_AF_Arch_Candidatus_Nitrosopumilus_sediminis_gene13697160.pdb
 0.057114 -0.138044 -0.988778     0.924316
 0.502286 -0.851950  0.147954     2.186126
-0.862813 -0.505100  0.020679    -0.092170
>structures/GlyRS-A_AF_Arch_Candidatus_Woesearchaeota_archaeon_proteinMBT4248212.1.pdb
 0.999992 -0.001283 -0.003659    -0.007178
 0.001285  0.999999  0.000606    -0.050570
 0.003658 -0.000611  0.999993     0.003049
>structures/GlyRS-A_AF_Arch_Sulfolobus_islandicus_YN1551_gene7810979.pdb
-0.662389  0.705154  0.252979    -0.311211
 0.531062  0.203791  0.822461     4.208211
 0.528407  0.679137 -0.509469    -0.477300
>structures/GlyRS-A_AF_Arch_Thermoplasma_acidophilum_DSM_1728_gene1455843.pdb
-0.061096  0.053532 -0.996695     0.953750
 0.283737 -0.956433 -0.068762     2.255624
-0.956954 -0.287001  0.043246     0.082838
>structures/GlyRS-A_AF_Bact_Capnocytophaga_ochracea_DSM_7271_gene29675716.pdb
-0.834590  0.433522  0.339881     0.688703
 0.535683  0.494803  0.684261     1.164973
 0.128468  0.753146 -0.645188     1.151698
>structures/GlyRS-A_AF_Bact_Corynebacterium_ulcerans_809_gene75260805.pdb
 0.341930  0.711645 -0.613714    -3.336319
-0.826464 -0.083099 -0.556823     2.626087
-0.447260  0.697607  0.559735    -0.986599
>structures/GlyRS-A_AF_Bact_Treponema_denticola_ATCC_35405_gene2741635.pdb
 0.082786  0.064067  0.994506    -2.778311
 0.378995 -0.924974  0.028039     0.621277
 0.921688  0.374592 -0.100856     0.167926
>structures/GlyRS-A_PDB_Bact_T_thermophilus_1ati.pdb
-0.064392 -0.854327 -0.515731    48.905568
-0.850832  0.317062 -0.418994    26.375983
 0.521477  0.411821 -0.747306    -3.620443
