>../../../../class2/pro3//data/domains/Catalytic_domain/structures/ProRS-M_AF_Euk_Candida_albicans_SC5314_gene3640100.pdb
-0.368562  0.682930  0.630689   -20.108820
-0.164468 -0.715651  0.678818     4.647423
 0.914938  0.146458  0.376082     8.152395
>../../../../class2/pro3//data/domains/Catalytic_domain/structures/ProRS-M_AF_Mito_Drosophila_melanogaster_gene38331.pdb
-0.327099 -0.266934 -0.906506   -13.672199
 0.924344 -0.289802 -0.248199     7.561659
-0.196454 -0.919109  0.341532     8.298739
>../../../../class2/pro3//data/domains/Catalytic_domain/structures/ProRS-M_AF_Mito_Mauremys_reevesii_gene120369760.pdb
-0.842451 -0.469032 -0.265114   -17.324694
-0.530176  0.634144  0.562828     4.721816
-0.095863  0.614712 -0.782904     5.730401
>../../../../class2/pro3//data/domains/Catalytic_domain/structures/ProRS-M_AF_Mito_Schizosaccharomyces_pombe_gene2540642.pdb
-0.008990  0.662621  0.748901   -15.945837
-0.153171 -0.741005  0.653796     6.674323
 0.988159 -0.108832  0.108156     8.534846
>../../../../class2/sep//data/domains/Catalytic_domain/structures/SepRS_AF_Arch_Methanothrix_thermoacetophila_PT_gene4462697.pdb
-0.948292  0.227901 -0.220917    -4.477317
-0.106952  0.425878  0.898437     7.523120
 0.298838  0.875608 -0.379482     0.791967
>../../../../class2/sep//data/domains/Catalytic_domain/structures/SepRS_AF_Arch_unclassified_Candidatus_Bathyarchaeota_proteinUCD26266.1.pdb
 1.000000  0.000000  0.000000     0.000000
 0.000000  1.000000  0.000000     0.000000
 0.000000  0.000000  1.000000     0.000000
>../../../../class2/sep//data/domains/Catalytic_domain/structures/SepRS_AF_Arch_unclassified_Lokiarchaeota_proteinTFF69421.1.pdb
 0.158858  0.961293 -0.225124    -2.120006
-0.117874 -0.207922 -0.971017    -0.825910
-0.980240  0.180790  0.080282    -4.086001
>../../../../class2/sep//data/domains/Catalytic_domain/structures/SepRS_AF_Arch_unclassified_Thermoprotei_proteinRLF12424.1.pdb
 0.284403 -0.694078 -0.661340     0.189275
 0.948931  0.302054  0.091073     4.044860
 0.136548 -0.653467  0.744537     2.053222
>../../../../class2/sep//data/domains/Catalytic_domain/structures/SepRS_PDB_Arch_2DU4_A_fulgidus.pdb
-0.665050 -0.548269  0.507060    60.226681
 0.738493 -0.583804  0.337344    27.151918
 0.111068  0.598811  0.793151   -26.896797
>../../../../class2/sep//data/domains/Catalytic_domain/structures/SepRS_PDB_Arch_2ODR_M_maripadulis.pdb
-0.371674  0.426729 -0.824476    42.295280
-0.637464 -0.762942 -0.107512    60.635349
-0.674906  0.485614  0.555590    25.164198
