>structures/TyrRS_AF_Arch_Candidatus_Korarchaeum_cryptofilum_OPF8_gene6094625.pdb
 0.911199  0.128123 -0.391535    55.103620
-0.372694 -0.148600 -0.915979    73.213456
-0.175540  0.980562 -0.087653    47.425647
>structures/TyrRS_AF_Arch_Desulfurococcus_amylolyticus_1221n_gene7171652.pdb
 0.651803 -0.342541 -0.676622    54.002663
-0.457543  0.533909 -0.711052    73.832353
 0.604820  0.773050  0.191277    46.665586
>structures/TyrRS_AF_Arch_Methanothermococcus_okinawensis_IH1_gene10772133.pdb
 0.269847  0.494981 -0.825940    52.787150
 0.954563 -0.024864  0.296969    73.102289
 0.126458 -0.868548 -0.479200    48.398191
>structures/TyrRS_AF_Arch_Thermoplasma_acidophilum_DSM_1728_gene1456112.pdb
-0.385131 -0.633936  0.670671    54.688014
 0.234270  0.635767  0.735472    72.814964
-0.892632  0.440371 -0.096341    42.864158
>structures/TyrRS_AF_Bact_Bifidobacterium_animalis_subsp_lactis_BLC1_gene66533077.pdb
 0.888216 -0.039709 -0.457707    61.565411
-0.209058  0.852204 -0.479628    69.938697
 0.409105  0.521700  0.748640    49.336631
>structures/TyrRS_AF_Bact_Brachyspira_pilosicoli_95_1000_gene56440491.pdb
-0.811707 -0.413565  0.412426    54.544248
 0.361564  0.198763  0.910914    76.572548
-0.458698  0.888514 -0.011807    43.053562
>structures/TyrRS_AF_Bact_Chlamydia_psittaci_6BC_gene12242888.pdb
 0.700191 -0.058175 -0.711581    57.090090
-0.205704  0.937972 -0.279096    71.607110
 0.683680  0.341796  0.644793    45.573196
>structures/TyrRS_AF_Bact_Lactococcus_lactis_subsp_cremoris_KW2_gene61108704.pdb
-0.184607 -0.904210 -0.385129    71.495428
 0.130779 -0.410979  0.902215    86.475928
-0.974072  0.116189  0.194122    78.365320
>structures/TyrRS_AF_Bact_Porphyromonas_gingivalis_ATCC_33277_gene29255602.pdb
 0.135023 -0.983741  0.118417    73.547588
-0.050194 -0.126149 -0.990741    83.990242
 0.989570  0.127829 -0.066411    82.543393
>structures/TyrRS_AF_Bact_Prochlorococcus_marinus_subsp_marinus_str_CCMP1375_gene54200747.pdb
 0.584022  0.351372 -0.731748    56.278614
 0.585959  0.441361  0.679598    72.304195
 0.561757 -0.825674  0.051875    45.670562
>structures/TyrRS_AF_Bact_Serratia_plymuthica_AS9_gene57666950.pdb
-0.622843  0.401529 -0.671447    73.998754
-0.736701 -0.589883  0.330621    87.519641
-0.263321  0.700581  0.663211    75.677905
>structures/TyrRS_AF_Bact_Streptobacillus_moniliformis_DSM_12112_gene29673957.pdb
 0.617114 -0.285019 -0.733440    57.865516
 0.495107  0.865104  0.080397    74.232744
 0.611587 -0.412746  0.674983    53.033124
>structures/TyrRS_AF_Euk_Cryptococcus_neoformans_var_neoformans_JEC21_gene3254328.pdb
-0.577702 -0.616178 -0.535336    75.151451
 0.149398 -0.724590  0.672792    85.678681
-0.802459  0.308696  0.510653    77.555959
>structures/TyrRS_AF_Euk_Drosophila_melanogaster_gene39829.pdb
-0.082298 -0.995946 -0.036320    56.844534
 0.841587 -0.088971  0.532743    78.589839
-0.533815  0.013277  0.845497    40.864250
>structures/TyrRS_AF_Euk_Homo_sapiens_gene8565.pdb
-0.267617 -0.940196 -0.210743    55.445179
 0.820336 -0.337056  0.461998    79.539515
-0.505401 -0.049241  0.861478    41.905481
>structures/TyrRS_AF_Euk_Plasmodium_falciparum_3D7_gene2655248.pdb
 0.870775 -0.465703 -0.157708    53.099618
-0.114056  0.120682 -0.986117    70.440665
 0.478270  0.876674  0.051970    47.638302
>structures/TyrRS_AF_Euk_Saccharomyces_cerevisiae_S288C_gene853097.pdb
 0.663310 -0.406610 -0.628242    54.141312
-0.530439  0.336721 -0.777980    74.008056
 0.527876  0.849287  0.007668    46.409875
>structures/TyrRS_AF_Euk_Seriola_dumerili_gene111223086.pdb
-0.034299 -0.258661 -0.965359    55.349976
 0.769768 -0.622884  0.139547    80.297433
-0.637402 -0.738316  0.220473    40.733398
>structures/TyrRS_AF_Mito_Aspergillus_fumigatus_Af293_gene3509181.pdb
-0.469875  0.745364 -0.472916    51.138084
-0.799815 -0.586177 -0.129203    66.036428
-0.373516  0.317536  0.871583    45.292272
>structures/TyrRS_AF_Mito_Cyanidioschyzon_merolae_strain_10D_gene16996209.pdb
-0.400539 -0.816466 -0.415873    74.089242
 0.437928 -0.569258  0.695819    83.017074
-0.804852  0.096580  0.585564    78.819456
>structures/TyrRS_AF_Mito_Homo_sapiens_gene51067.pdb
 0.737951 -0.109083 -0.665980    65.263388
-0.423672  0.693256 -0.583008    66.074562
 0.525291  0.712388  0.465374    49.107998
>structures/TyrRS_AF_Vir_Megavirus_chiliensis_gene11257765.pdb
 0.158604  0.178730 -0.971030    49.305803
 0.783505 -0.621236  0.013628    68.751533
-0.600804 -0.762968 -0.238567    50.341799
>structures/TyrRS_PDB_Arch_M_jannashii_1U7D.pdb
-0.125574  0.402590  0.906726    17.854401
 0.858417 -0.414088  0.302740    85.369994
 0.497344  0.816366 -0.293591    12.006329
>structures/TyrRS_PDB_E_coli_Bact_1WQ4.pdb
 0.282229  0.924312  0.256894    23.339649
-0.956414  0.250168  0.150623    86.318628
 0.074956 -0.288207  0.954630    -3.564429
>structures/TyrRS_PDB_Vir_Acanthamoeba_polyphaga_mimivirus_2J5B.pdb
 1.000000  0.000000  0.000000     0.000000
 0.000000  1.000000  0.000000     0.000000
 0.000000  0.000000  1.000000     0.000000
