>structures/TyrRS_AF_Arch_Candidatus_Korarchaeum_cryptofilum_OPF8_gene6094625.pdb
 0.398455  0.858704 -0.322276    -4.035774
-0.473969 -0.108043 -0.873888     4.175136
-0.785230  0.500954  0.363949     3.864012
>structures/TyrRS_AF_Arch_Desulfurococcus_amylolyticus_1221n_gene7171652.pdb
 0.851818  0.482662 -0.203577    -5.076395
-0.482190  0.570604 -0.664758     4.694982
-0.204691  0.664416  0.718786     5.526640
>structures/TyrRS_AF_Arch_Methanothermococcus_okinawensis_IH1_gene10772133.pdb
 0.285185 -0.426693 -0.858256    -4.724214
 0.928870 -0.097788  0.357266     4.404518
-0.236370 -0.899094  0.368454     6.578518
>structures/TyrRS_AF_Arch_Thermoplasma_acidophilum_DSM_1728_gene1456112.pdb
-0.952004  0.037156  0.303820    -8.130632
 0.241312  0.701741  0.670319     3.772191
-0.188297  0.711463 -0.677027     2.607835
>structures/TyrRS_AF_Bact_Bifidobacterium_animalis_subsp_lactis_BLC1_gene66533077.pdb
 0.936094  0.343875  0.074010     0.152357
-0.289547  0.872778 -0.392965     1.015042
-0.199724  0.346423  0.916570    -1.423638
>structures/TyrRS_AF_Bact_Brachyspira_pilosicoli_95_1000_gene56440491.pdb
-0.842571  0.494179  0.214153    -7.905754
 0.393764  0.293939  0.870948     6.786852
 0.367456  0.818161 -0.442254     2.587439
>structures/TyrRS_AF_Bact_Chlamydia_psittaci_6BC_gene12242888.pdb
 0.977107  0.207397  0.047415    -4.128090
-0.189202  0.949023 -0.252107     1.718825
-0.097284  0.237364  0.966537     1.464219
>structures/TyrRS_AF_Bact_Lactococcus_lactis_subsp_cremoris_KW2_gene61108704.pdb
 0.984909  0.157596  0.071541    -0.811018
-0.134404  0.956877 -0.257529     2.333515
-0.109042  0.244027  0.963619    -1.529798
>structures/TyrRS_AF_Bact_Porphyromonas_gingivalis_ATCC_33277_gene29255602.pdb
-0.979992  0.164485 -0.112077    -6.125591
 0.061511  0.785808  0.615404     1.795911
 0.189296  0.596197 -0.780203    -3.375543
>structures/TyrRS_AF_Bact_Prochlorococcus_marinus_subsp_marinus_str_CCMP1375_gene54200747.pdb
 0.777463 -0.477174 -0.409702    -4.707481
 0.613244  0.430588  0.662213     1.421624
-0.139578 -0.766094  0.627390     2.621931
>structures/TyrRS_AF_Bact_Serratia_plymuthica_AS9_gene57666950.pdb
 0.439907 -0.863595 -0.246346     1.066807
 0.883455  0.366918  0.291338    -0.759063
-0.161209 -0.345798  0.924357    -1.986138
>structures/TyrRS_AF_Bact_Streptobacillus_moniliformis_DSM_12112_gene29673957.pdb
 0.867363 -0.485848  0.107861     1.648059
 0.479540  0.873865  0.080015     3.776100
-0.133131 -0.017679  0.990941     5.053059
>structures/TyrRS_AF_Euk_Cryptococcus_neoformans_var_neoformans_JEC21_gene3254328.pdb
 0.991636 -0.066803 -0.110430    -0.606642
 0.058218  0.995155 -0.079224     0.279800
 0.115188  0.072133  0.990721    -2.036218
>structures/TyrRS_AF_Euk_Drosophila_melanogaster_gene39829.pdb
-0.412695 -0.549562  0.726405    -8.295150
 0.871132 -0.005151  0.491021    11.130677
-0.266105  0.835437  0.480867    -0.989804
>structures/TyrRS_AF_Euk_Plasmodium_falciparum_3D7_gene2655248.pdb
 0.864623  0.482264 -0.140885    -5.590325
-0.216159  0.103933 -0.970810     3.273944
-0.453545  0.869838  0.194109     6.352002
>structures/TyrRS_AF_Euk_Seriola_dumerili_gene111223086.pdb
-0.470116 -0.808899 -0.353091    -9.060446
 0.797869 -0.560534  0.221824    13.097592
-0.377353 -0.177437  0.908912    -0.308724
>structures/TyrRS_AF_Mito_Aspergillus_fumigatus_Af293_gene3509181.pdb
-0.505710  0.705866  0.495995    -7.178441
-0.849590 -0.507345 -0.144214    -7.264296
 0.149845 -0.494323  0.856266     6.436232
>structures/TyrRS_AF_Mito_Cyanidioschyzon_merolae_strain_10D_gene16996209.pdb
 0.999920  0.012073 -0.003662    -0.154613
-0.012203  0.999208 -0.037862     0.142503
 0.003202  0.037903  0.999276    -0.065106
>structures/TyrRS_AF_Vir_Megavirus_chiliensis_gene11257765.pdb
-0.346302 -0.592266 -0.727528    -5.578243
 0.797139 -0.594656  0.104661     1.492932
-0.494616 -0.543696  0.678048    11.275707
>structures/TyrRS_PDB_Arch_M_jannashii_1U7D.pdb
 0.363287  0.893787  0.262996   -53.825298
 0.880952 -0.421410  0.215262    18.499582
 0.303227  0.153485 -0.940476    14.943166
>structures/TyrRS_PDB_E_coli_Bact_1WQ4.pdb
 0.271539  0.319180  0.907960   -64.593443
-0.925976  0.343823  0.156061    12.300190
-0.262365 -0.883125  0.388914    -0.873325
>structures/TyrRS_PDB_Vir_Acanthamoeba_polyphaga_mimivirus_2J5B.pdb
 0.539826 -0.000814  0.841776   -73.438983
-0.040791  0.998799  0.027125   -68.360385
-0.840788 -0.048980  0.539144    29.441555
