>structures/TyrRS_AF_Arch_Candidatus_Korarchaeum_cryptofilum_OPF8_gene6094625.pdb
 0.633892  0.264936  0.726629    24.276609
 0.773408 -0.211510 -0.597582    11.494044
-0.004632  0.940783 -0.338978    54.671538
>structures/TyrRS_AF_Arch_Desulfurococcus_amylolyticus_1221n_gene7171652.pdb
 0.658056 -0.554831  0.509043    24.441465
 0.354078 -0.368620 -0.859505     9.825406
 0.664523  0.745843 -0.046119    54.456771
>structures/TyrRS_AF_Arch_Methanothermococcus_okinawensis_IH1_gene10772133.pdb
-0.829198  0.110171 -0.547990    24.867586
 0.459815  0.691869 -0.556676     8.842024
 0.317808 -0.713568 -0.624354    55.118417
>structures/TyrRS_AF_Arch_Thermoplasma_acidophilum_DSM_1728_gene1456112.pdb
-0.395437 -0.757057 -0.520091    25.241081
-0.070544 -0.539538  0.839001    11.502546
-0.915780  0.368461  0.159948    50.297820
>structures/TyrRS_AF_Bact_Bifidobacterium_animalis_subsp_lactis_BLC1_gene66533077.pdb
 0.447752 -0.889502  0.091123    30.021818
 0.431628  0.125764 -0.893242    16.750972
 0.783081  0.439282  0.440245    57.692307
>structures/TyrRS_AF_Bact_Brachyspira_pilosicoli_95_1000_gene56440491.pdb
-0.704310 -0.363800 -0.609587    19.144912
-0.431368 -0.462659  0.774512    13.627940
-0.563799  0.808453  0.168924    51.882515
>structures/TyrRS_AF_Bact_Chlamydia_psittaci_6BC_gene12242888.pdb
 0.447561 -0.894055  0.018860    25.745906
 0.370930  0.166414 -0.913629    12.715898
 0.813695  0.415900  0.406112    54.438390
>structures/TyrRS_AF_Bact_Lactococcus_lactis_subsp_cremoris_KW2_gene61108704.pdb
 0.267964 -0.960439 -0.075840    28.794862
 0.400514  0.182646 -0.897903    16.325010
 0.876233  0.210231  0.433612    57.395816
>structures/TyrRS_AF_Bact_Porphyromonas_gingivalis_ATCC_33277_gene29255602.pdb
-0.209823 -0.892087 -0.400194    29.559869
-0.532865 -0.238842  0.811794    15.573734
-0.819774  0.383582 -0.425247    51.829095
>structures/TyrRS_AF_Bact_Prochlorococcus_marinus_subsp_marinus_str_CCMP1375_gene54200747.pdb
-0.303205 -0.393459 -0.867904    24.841224
 0.514681  0.698891 -0.496644    12.995166
 0.801979 -0.597278 -0.009402    53.419020
>structures/TyrRS_AF_Bact_Serratia_plymuthica_AS9_gene57666950.pdb
-0.603606 -0.481524 -0.635449    29.257997
 0.557020  0.315545 -0.768218    19.305455
 0.570428 -0.817659  0.077754    56.273848
>structures/TyrRS_AF_Bact_Streptobacillus_moniliformis_DSM_12112_gene29673957.pdb
-0.226772 -0.929370 -0.291282    24.886678
 0.588570  0.107516 -0.801265    12.042182
 0.775990 -0.353144  0.522617    61.559020
>structures/TyrRS_AF_Euk_Cryptococcus_neoformans_var_neoformans_JEC21_gene3254328.pdb
 0.525954 -0.827223 -0.197671    22.367904
 0.160025  0.324512 -0.932247    18.930720
 0.835323  0.458686  0.303055    54.899369
>structures/TyrRS_AF_Euk_Drosophila_melanogaster_gene39829.pdb
-0.896867 -0.157982 -0.413124    19.238617
 0.223906 -0.967678 -0.116039    14.881216
-0.381439 -0.196572  0.903252    50.348935
>structures/TyrRS_AF_Euk_Homo_sapiens_gene8565.pdb
-0.911664  0.063444 -0.406010    18.091321
 0.068209 -0.950943 -0.301753    14.029640
-0.405237 -0.302791  0.862613    50.970718
>structures/TyrRS_AF_Euk_Plasmodium_falciparum_3D7_gene2655248.pdb
 0.416311 -0.124774  0.900620    26.103829
 0.655199 -0.645607 -0.392309     8.656302
 0.630396  0.753408 -0.187021    54.110963
>structures/TyrRS_AF_Euk_Seriola_dumerili_gene111223086.pdb
-0.822037  0.434668 -0.367858    16.869355
 0.317768 -0.185900 -0.929766    14.940850
-0.472524 -0.881195  0.014693    49.869862
>structures/TyrRS_AF_Mito_Aspergillus_fumigatus_Af293_gene3509181.pdb
 0.681323  0.729902  0.055153    33.563150
-0.503367  0.521901 -0.688652     6.432637
-0.531433  0.441432  0.722991    51.639669
>structures/TyrRS_AF_Mito_Cyanidioschyzon_merolae_strain_10D_gene16996209.pdb
 0.162414 -0.977663 -0.133401    30.203182
 0.415607  0.190399 -0.889392    14.705968
 0.894926  0.089008  0.437248    57.960054
>structures/TyrRS_AF_Mito_Homo_sapiens_gene51067.pdb
 0.770460 -0.465773  0.435254    31.812460
 0.404482 -0.170552 -0.898502    18.513601
 0.492732  0.868313  0.056993    56.384411
>structures/TyrRS_AF_Vir_Megavirus_chiliensis_gene11257765.pdb
-0.776097  0.546689 -0.314331    27.276043
 0.485877  0.200645 -0.850685     3.501367
-0.401992 -0.812941 -0.421343    55.998840
>structures/TyrRS_PDB_Arch_M_jannashii_1U7D.pdb
-0.824988  0.561345 -0.065470     1.277290
-0.028378  0.074552  0.996813   -12.442263
 0.564437  0.824217 -0.045575    14.370713
>structures/TyrRS_PDB_E_coli_Bact_1WQ4.pdb
 0.999883  0.013609  0.006981    -1.044555
-0.013397  0.999472 -0.029618     2.281880
-0.007380  0.029521  0.999537    -0.288401
>structures/TyrRS_PDB_Vir_Acanthamoeba_polyphaga_mimivirus_2J5B.pdb
 0.278453 -0.951152  0.133316    72.215319
 0.938721  0.240161 -0.247237   -46.672192
 0.203143  0.193990  0.959740   -15.756421
