>../../../../class2//ala/data/domains/ATL_domain//structures/AlaRS_AF_Arch_Candidatus_Korarchaeum_cryptofilum_OPF8_gene6094822.pdb
 0.416694  0.844127  0.337366    -3.230846
-0.907180  0.409914  0.094844    -1.624926
-0.058231 -0.345573  0.936583     0.319496
>../../../../class2//ala/data/domains/ATL_domain//structures/AlaRS_AF_Arch_Candidatus_Nitrosopumilus_koreensis_AR1_gene13725795.pdb
-0.896552 -0.389281 -0.211320    -3.635587
-0.171661 -0.134433  0.975941     1.641936
-0.408323  0.911256  0.053702    -4.840412
>../../../../class2//ala/data/domains/ATL_domain//structures/AlaRS_AF_Arch_Sulfolobus_islandicus_YG5714_gene7807284.pdb
 1.000000  0.000000  0.000000     0.000000
 0.000000  1.000000  0.000000     0.000000
 0.000000  0.000000  1.000000     0.000000
>../../../../class2//ala/data/domains/ATL_domain//structures/AlaRS_AF_Arch_Thermoplasma_acidophilum_DSM_1728_gene1456391.pdb
-0.843583 -0.485716 -0.229015    -3.485255
-0.225968 -0.065798  0.971910     0.918975
-0.487141  0.871637 -0.054250    -4.228760
>../../../../class2//ala/data/domains/ATL_domain//structures/AlaRS_AF_Bact_Brucella_melitensis_bv_1_str_16M_gene29593597.pdb
-0.530602 -0.810393  0.248446   -10.945667
-0.053697  0.324658  0.944306    -0.357523
-0.845918  0.487710 -0.215780    -8.967051
>../../../../class2//ala/data/domains/ATL_domain//structures/AlaRS_AF_Bact_Chlamydia_psittaci_6BC_gene12242512.pdb
 0.075852  0.508076 -0.857966    -8.161359
 0.472244 -0.776129 -0.417863     0.102712
-0.878198 -0.373474 -0.298807    -3.075279
>../../../../class2//ala/data/domains/ATL_domain//structures/AlaRS_AF_Bact_Lactobacillus_acidophilus_La-14_gene56942022.pdb
 0.291270 -0.596473 -0.747918    -8.356218
 0.952154  0.105123  0.286971     4.544775
-0.092547 -0.795719  0.598553     2.881001
>../../../../class2//ala/data/domains/ATL_domain//structures/AlaRS_AF_Bact_Nocardia_farcinica_IFM_10152_gene61134339.pdb
 0.100905 -0.040626 -0.994066    -8.277454
 0.877890 -0.466484  0.108177    -0.339475
-0.468111 -0.883596 -0.011406    -1.803353
>../../../../class2//ala/data/domains/ATL_domain//structures/AlaRS_AF_Bact_Porphyromonas_gingivalis_ATCC_33277_gene29256567.pdb
 0.041210  0.402933 -0.914301    -5.826303
 0.598127 -0.742946 -0.300458     0.070165
-0.800341 -0.534487 -0.271622    -1.986229
>../../../../class2//ala/data/domains/ATL_domain//structures/AlaRS_AF_Bact_Prochlorococcus_marinus_subsp_marinus_str_CCMP1375_gene54199407.pdb
-0.359598  0.685008  0.633603    -8.948585
 0.674801 -0.278069  0.683609    -1.272552
 0.644463  0.673381 -0.362251    -1.269907
>../../../../class2//ala/data/domains/ATL_domain//structures/AlaRS_AF_Bact_Streptobacillus_moniliformis_DSM_12112_gene29672963.pdb
 0.148588  0.559868 -0.815150    -9.500085
 0.314529 -0.808251 -0.497796     0.051433
-0.937546 -0.182422 -0.296192     0.999871
>../../../../class2//ala/data/domains/ATL_domain//structures/AlaRS_AF_Bact_Treponema_pallidum_subsp_pertenue_str_SamoaD_gene57879528.pdb
 0.917876  0.329152 -0.221729     2.767162
-0.380903  0.573762 -0.725059     9.144724
-0.111435  0.749971  0.652017    -2.563623
>../../../../class2//ala/data/domains/ATL_domain//structures/AlaRS_AF_Euk_Cyanidioschyzon_merolae_strain_10D_gene16993235.pdb
 0.995040  0.090921  0.040369    -4.968122
-0.053554  0.831557 -0.552852    -4.073489
-0.083835  0.547947  0.832301     3.388229
>../../../../class2//ala/data/domains/ATL_domain//structures/AlaRS_AF_Euk_Homo_sapiens_gene16.pdb
-0.234223  0.680930  0.693883    -9.155849
 0.634917 -0.433363  0.639591     4.355938
 0.736220  0.590365 -0.330831    -0.467666
>../../../../class2//ala/data/domains/ATL_domain//structures/AlaRS_AF_Euk_Marasmius_oreades_gene66078979.pdb
-0.760746 -0.641548 -0.098391    -8.131723
-0.071974 -0.067272  0.995135    -0.143872
-0.645046  0.764127  0.005003     1.185860
>../../../../class2//ala/data/domains/ATL_domain//structures/AlaRS_AF_Euk_Plasmodium_berghei_ANKA_gene55150801.pdb
-0.092638 -0.196388 -0.976140   -10.211962
 0.723122 -0.687201  0.069631     3.573211
-0.684480 -0.699419  0.205673    -1.365342
>../../../../class2//ala/data/domains/ATL_domain//structures/AlaRS_AF_Euk_Saccharomyces_cerevisiae_S288C_gene854513.pdb
-0.976129 -0.135766 -0.169526    -4.221106
-0.180675  0.074419  0.980723    -1.891439
-0.120533  0.987942 -0.097172    -1.951078
>../../../../class2//ala/data/domains/ATL_domain//structures/AlaRS_AF_Mito_Drosophila_melanogaster_gene38595.pdb
-0.870652  0.116964 -0.477792    -8.907527
-0.429152 -0.655323  0.621595    -1.917469
-0.240404  0.746238  0.620754    -3.755420
>../../../../class2//ala/data/domains/ATL_domain//structures/AlaRS_AF_Mito_Homo_sapiens_gene57505.pdb
 0.224217  0.641238 -0.733854   -23.214699
-0.972717  0.101224 -0.208749    -4.016913
-0.059574  0.760637  0.646439    -4.479347
>../../../../class2//ala/data/domains/ATL_domain//structures/AlaRS_PDB_Bact_E_coli_3HXV.pdb
 0.669004  0.711188  0.215975   -41.390396
-0.376857  0.074113  0.923302    -2.997787
 0.640634 -0.699085  0.317598     1.499916
>../../../../class2//gly2/data/domains/ATL_domain//structures/GlyRS-Bα_AF_Bact_Chlamydia_pneumoniae_TW-183_gene45051002.pdb
 0.547482 -0.756334  0.358081    16.941184
 0.766212  0.281045 -0.577869    -5.108869
 0.336426  0.590739  0.733379     4.976285
>../../../../class2//gly2/data/domains/ATL_domain//structures/GlyRS-Bα_AF_Euk_Ostreococcus_tauri_gene9837276.pdb
-0.191104 -0.847772 -0.494734    14.422702
 0.776977  0.177349 -0.604031    -3.473316
 0.599821 -0.499830  0.624808     7.021041
>../../../../class2//gly2/data/domains/ATL_domain//structures/GlyRS-Bα_AF_Mito_Nymphaea_colorata_gene116265348.pdb
 0.610988 -0.324243  0.722191    10.585062
 0.766147  0.471840 -0.436333    -3.350156
-0.199281  0.819899  0.536706    11.945914
