>../../../../class1/gln//data/domains/Catalytic_domain/structures/GlnRS_AF_Bact_Anaerostipes_hadrus_gene15230984.pdb
 0.994605  0.082006 -0.063533    -5.788820
-0.009855  0.684366  0.729072     6.625808
 0.103268 -0.724512  0.681482     0.599798
>../../../../class1/gln//data/domains/Catalytic_domain/structures/GlnRS_AF_Bact_Cutibacterium_avidum_44067_gene29843447.pdb
 0.966019 -0.198582 -0.165448    -6.409932
 0.192657  0.126478  0.973081     6.003496
-0.172311 -0.971889  0.160438     0.300245
>../../../../class1/gln//data/domains/Catalytic_domain/structures/GlnRS_AF_Bact_Pasteurella_multocida_subsp_multocida_str_Pm70_gene1243875.pdb
 0.855152 -0.199526 -0.478440    -6.247069
 0.515780  0.235223  0.823796     5.054244
-0.051829 -0.951241  0.304063     1.810420
>../../../../class1/gln//data/domains/Catalytic_domain/structures/GlnRS_AF_Bact_Porphyromonas_gingivalis_ATCC_33277_gene29257033.pdb
 0.955638  0.263203 -0.132212    -5.390886
-0.177098  0.872122  0.456113     5.808621
 0.235356 -0.412464  0.880046    -0.403737
>../../../../class1/gln//data/domains/Catalytic_domain/structures/GlnRS_AF_Bact_Thermus_thermophilus_HB8_gene3168786.pdb
-0.785449  0.334700  0.520620    -5.053549
 0.611098  0.552744  0.566598     6.221173
-0.098129  0.763184 -0.638687    -1.789089
>../../../../class1/gln//data/domains/Catalytic_domain/structures/GlnRS_AF_Euk_Candida_dubliniensis_CD36_gene8049124.pdb
 0.946530  0.220412 -0.235581    -4.843073
 0.091036  0.518069  0.850480     3.140527
 0.309504 -0.826452  0.470303    -2.200230
>../../../../class1/gln//data/domains/Catalytic_domain/structures/GlnRS_AF_Euk_Dictyostelium_discoideum_AX4_gene8627167.pdb
-0.963556  0.245698  0.105795    -1.942301
 0.203847  0.930486 -0.304371     1.727912
-0.173224 -0.271712 -0.946660    -2.617846
>../../../../class1/gln//data/domains/Catalytic_domain/structures/GlnRS_AF_Euk_Encephalitozoon_romaleae_SJ-2008_gene20564565.pdb
-0.892503  0.124976  0.433381    -4.490602
 0.168940  0.983527  0.064292     3.581502
-0.418207  0.130596 -0.898915    -1.036770
>../../../../class1/gln//data/domains/Catalytic_domain/structures/GlnRS_AF_Euk_Myodes_glareolus_gene125393344.pdb
 0.311470 -0.256147 -0.915082    -2.076171
-0.568764 -0.821694  0.036414     5.016546
-0.761245  0.509124 -0.401620     6.221115
>../../../../class1/gln//data/domains/Catalytic_domain/structures/GlnRS_AF_Mito_Cyanidioschyzon_merolae_strain_10D_gene16997184.pdb
-0.797964  0.402106  0.448958    -6.263006
 0.575230  0.730453  0.368169     2.920323
-0.179900  0.552040 -0.814179    -3.864292
>../../../../class1/gln//data/domains/Catalytic_domain/structures/GlnRS_Bact_D_radio_2HZ7.pdb
-0.720847  0.691174  0.051568   -21.297571
-0.536096 -0.508859 -0.673546    90.871791
-0.439296 -0.513168  0.737345   -17.409605
>../../../../class1/gln//data/domains/Catalytic_domain/structures/GlnRS_Bact_E_coli_1QTQ.pdb
 0.493067  0.776159 -0.393017   -32.566154
 0.777905 -0.595602 -0.200303   -12.682281
-0.389549 -0.206967 -0.897450    31.784240
>../../../../class1/gln//data/domains/Catalytic_domain/structures/GlnRS_PDB_Euk_T_gondii_4P2B.pdb
-0.682664  0.725398 -0.088130    22.050795
 0.216779  0.085865 -0.972437    34.461507
-0.697837 -0.682953 -0.215868   110.587644
>../../../../class1/met//data/domains/Catalytic_domain/structures/MetRS_AF_Arch_Aciduliprofundum_boonei_T469_gene8827030.pdb
 1.000000  0.000000  0.000000     0.000000
 0.000000  1.000000  0.000000     0.000000
 0.000000  0.000000  1.000000     0.000000
>../../../../class1/met//data/domains/Catalytic_domain/structures/MetRS_AF_Arch_Candidatus_Korarchaeum_cryptofilum_OPF8_gene6093355.pdb
-0.047774  0.307301 -0.950412     1.876814
-0.050487 -0.951025 -0.304962     0.714941
-0.997581  0.033414  0.060949     3.345795
>../../../../class1/met//data/domains/Catalytic_domain/structures/MetRS_AF_Arch_Candidatus_Nitrosopumilus_sediminis_gene13696902.pdb
-0.233336 -0.796176  0.558264     1.254715
-0.826709 -0.139841 -0.544974    -2.329165
 0.511963 -0.588684 -0.625576     2.254201
>../../../../class1/met//data/domains/Catalytic_domain/structures/MetRS_AF_Arch_Halalkalicoccus_jeotgali_B3_gene9420443.pdb
 0.989373 -0.121582  0.079744     2.520203
 0.115512  0.990335  0.076774    -2.319433
-0.088307 -0.066747  0.993854     0.622966
>../../../../class1/met//data/domains/Catalytic_domain/structures/MetRS_AF_Bact_Bacillus_anthracis_str_Ames_Ancestor_gene45024892.pdb
-0.825316  0.560325 -0.069926     2.435989
 0.196853  0.401568  0.894423    -1.844505
 0.529247  0.724416 -0.441722     2.156084
>../../../../class1/met//data/domains/Catalytic_domain/structures/MetRS_AF_Bact_Brucella_suis_1330_gene45052047.pdb
-0.076116  0.256608 -0.963514     1.679083
 0.107937 -0.958518 -0.263804    -2.756154
-0.991240 -0.124078  0.045261     4.949199
>../../../../class1/met//data/domains/Catalytic_domain/structures/MetRS_AF_Bact_Chlamydia_psittaci_6BC_gene12243105.pdb
 0.671306 -0.681218 -0.292045     3.753764
 0.739789  0.639970  0.207727    -6.968880
 0.045393 -0.355499  0.933574     4.378649
>../../../../class1/met//data/domains/Catalytic_domain/structures/MetRS_AF_Bact_Mycoplasma_hyopneumoniae_168-L_gene57101263.pdb
 0.855363 -0.397075 -0.332694     1.619554
 0.508996  0.763619  0.397252    -5.236915
 0.096313 -0.509134  0.855281     3.153896
>../../../../class1/met//data/domains/Catalytic_domain/structures/MetRS_AF_Bact_Nocardia_farcinica_IFM_10152_gene61135500.pdb
-0.075052 -0.301665 -0.950455     1.715447
 0.669542 -0.721584  0.176153    -3.768613
-0.738972 -0.623149  0.256134     6.437183
>../../../../class1/met//data/domains/Catalytic_domain/structures/MetRS_AF_Bact_Prochlorococcus_marinus_subsp_marinus_str_CCMP1375_gene54200313.pdb
-0.631870 -0.755361  0.173695     1.445362
-0.769567  0.584755 -0.256570    -3.976549
 0.092234 -0.295789 -0.950790     4.729048
>../../../../class1/met//data/domains/Catalytic_domain/structures/MetRS_AF_Bact_Streptobacillus_moniliformis_DSM_12112_gene29673607.pdb
-0.543132  0.426074  0.723511    -1.144498
 0.151953 -0.797579  0.583762    -3.155908
 0.825783  0.427000  0.368448     2.458371
>../../../../class1/met//data/domains/Catalytic_domain/structures/MetRS_AF_Bact_Treponema_denticola_ATCC_35405_gene2740824.pdb
-0.496297 -0.650229  0.575231     2.040021
-0.853841  0.245772 -0.458860    -1.281408
 0.156989 -0.718887 -0.677168     5.404130
>../../../../class1/met//data/domains/Catalytic_domain/structures/MetRS_AF_Euk_Drosophila_melanogaster_gene37177.pdb
 0.997826 -0.017361 -0.063584     3.280978
-0.011256  0.905632 -0.423915   -11.781557
 0.064943  0.423709  0.903467     3.700092
>../../../../class1/met//data/domains/Catalytic_domain/structures/MetRS_AF_Euk_Oryza_sativa_Japonica_Group_gene4341140.pdb
 0.867333  0.494349 -0.057901     2.217710
-0.423754  0.672392 -0.606895    -8.336787
-0.261086  0.550916  0.792670    -0.357206
>../../../../class1/met//data/domains/Catalytic_domain/structures/MetRS_AF_Euk_Scheffersomyces_stipitis_CBS_6054_gene4836672.pdb
-0.097959 -0.769260  0.631382    -3.379010
-0.707157 -0.392596 -0.588045    -4.675415
 0.700238 -0.504091 -0.505529    10.256089
>../../../../class1/met//data/domains/Catalytic_domain/structures/MetRS_AF_Euk_Trypanosoma_brucei_brucei_TREU927_gene3662741.pdb
-0.345885  0.538745  0.768191    -0.549855
 0.234882 -0.742940  0.626794    -5.069102
 0.908402  0.397233  0.130430     6.272850
>../../../../class1/met//data/domains/Catalytic_domain/structures/MetRS_AF_Mito_Arvicanthis_niloticus_gene117706247.pdb
-0.026206 -0.193158  0.980818    -1.043038
-0.201280 -0.960040 -0.194444    -4.965762
 0.979183 -0.202515 -0.013721     4.260048
>../../../../class1/met//data/domains/Catalytic_domain/structures/MetRS_AF_Mito_Brachypodium_distachyon_gene100843706.pdb
 0.981500 -0.127895 -0.142483     0.432659
 0.150378  0.975562  0.160203    -4.017597
 0.118512 -0.178665  0.976746     3.001452
>../../../../class1/met//data/domains/Catalytic_domain/structures/MetRS_AF_Vir_Megavirus_chiliensis_gene11256705.pdb
-0.213266 -0.757034  0.617590     2.361111
-0.782934 -0.245694 -0.571532    -1.862317
 0.584407 -0.605421 -0.540309     1.668585
>../../../../class1/met//data/domains/Catalytic_domain/structures/MetRS_PDB_Arch_P_abyssi_1RQG.pdb
-0.554281  0.592789  0.584272   -58.392009
 0.192970 -0.591322  0.783007   -64.356536
 0.809651  0.546753  0.213368   -46.642170
>../../../../class1/met//data/domains/Catalytic_domain/structures/MetRS_PDB_Bact_E_coli_1PFV.pdb
-0.380188 -0.149676 -0.912718    34.669932
 0.702245 -0.688924 -0.179540     2.938669
-0.601921 -0.709211  0.367030     1.656509
>../../../../class1/met//data/domains/Catalytic_domain/structures/MetRS_PDB_Bact_T_therm_1WOY.pdb
-0.275479 -0.747693 -0.604207    61.944955
-0.175688 -0.578782  0.796332  -115.743962
-0.945116  0.325525  0.028082     7.818891
