>../../../../class2/pro1//data/domains/Catalytic_domain/structures/ProRS-A_AF_Arch_Candidatus_Nitrosopumilus_sediminis_gene13697692.pdb
-0.013301 -0.347057  0.937750    -0.192368
-0.397913 -0.858538 -0.323385    -2.224040
 0.917327 -0.377444 -0.126679     0.625490
>../../../../class2/pro1//data/domains/Catalytic_domain/structures/ProRS-A_AF_Arch_Halogeometricum_borinquense_DSM_11551_gene9994169.pdb
 0.916007 -0.347004 -0.201295    -0.635660
 0.393377  0.875341  0.281129    -1.756640
 0.078649 -0.336701  0.938321     1.058178
>../../../../class2/pro1//data/domains/Catalytic_domain/structures/ProRS-A_AF_Arch_Picrophilus_torridus_DSM_9790_gene2845069.pdb
 1.000000  0.000000  0.000000     0.000000
 0.000000  1.000000  0.000000     0.000000
 0.000000  0.000000  1.000000     0.000000
>../../../../class2/pro1//data/domains/Catalytic_domain/structures/ProRS-A_AF_Arch_Sulfurisphaera_tokodaii_str_7_gene1459472.pdb
-0.166401  0.262671  0.950429     0.007394
 0.193466 -0.936436  0.292676    -1.590059
 0.966893  0.232577  0.105006     0.445182
>../../../../class2/pro1//data/domains/Catalytic_domain/structures/ProRS-A_AF_Bact_Bacillus_anthracis_str_Ames_Ancestor_gene45020455.pdb
-0.011791  0.425698 -0.904789    -0.327445
 0.356614 -0.843560 -0.401537    -1.119637
-0.934177 -0.327395 -0.141864     0.604551
>../../../../class2/pro1//data/domains/Catalytic_domain/structures/ProRS-A_AF_Bact_Mycoplasma_hyopneumoniae_168-L_gene57101275.pdb
 0.599071 -0.524902 -0.604642     1.031136
 0.796650  0.314919  0.515921    -3.237108
-0.080394 -0.790762  0.606822     0.189992
>../../../../class2/pro1//data/domains/Catalytic_domain/structures/ProRS-A_AF_Bact_Porphyromonas_gingivalis_ATCC_33277_gene29256199.pdb
 0.951390 -0.248166 -0.182401     0.129897
 0.293360  0.910537  0.291312    -1.783073
 0.093789 -0.330661  0.939078    -0.569388
>../../../../class2/pro1//data/domains/Catalytic_domain/structures/ProRS-A_AF_Bact_Thermus_thermophilus_HB8_gene3169620.pdb
 0.785038 -0.451851 -0.423728     0.989923
 0.617794  0.621057  0.482307    -2.175648
 0.045228 -0.640405  0.766704     0.289601
>../../../../class2/pro1//data/domains/Catalytic_domain/structures/ProRS-A_AF_Euk_Cryptococcus_gattii_WM276_gene10188341.pdb
 0.719443 -0.534559 -0.443451     1.463214
 0.673555  0.692780  0.257643    -3.380150
 0.169489 -0.484047  0.858471     2.883049
>../../../../class2/pro1//data/domains/Catalytic_domain/structures/ProRS-A_AF_Euk_Ostreococcus_tauri_gene9837972.pdb
 0.536465 -0.631532 -0.559797     3.263748
 0.831042  0.279872  0.480668     2.007533
-0.146886 -0.723076  0.674970     4.927504
>../../../../class2/pro1//data/domains/Catalytic_domain/structures/ProRS-A_AF_Euk_Plasmodium_yoelii_gene3807174.pdb
 0.066689  0.169057 -0.983348    -3.444656
 0.099902 -0.981720 -0.162002    -1.469137
-0.992760 -0.087435 -0.082359     0.014507
>../../../../class2/pro1//data/domains/Catalytic_domain/structures/ProRS-A_AF_Euk_Scheffersomyces_stipitis_CBS_6054_gene4840393.pdb
 0.953167 -0.269135 -0.137984     3.783645
 0.268179  0.963023 -0.025826    -4.805022
 0.139832 -0.012388  0.990098     1.745165
>../../../../class2/pro1//data/domains/Catalytic_domain/structures/ProRS-A_AF_Mito_Oryza_sativa_Japonica_Group_gene4342480.pdb
 0.694908 -0.589707 -0.411521     3.980573
 0.718962  0.580942  0.381576     0.493394
 0.014052 -0.561028  0.827678     5.028385
>../../../../class2/pro1//data/domains/Catalytic_domain/structures/ProRS-A_PDB_Arch_M_janacshii_1nj8.pdb
 0.109131  0.724737  0.680329   -72.673979
 0.637308  0.474226 -0.607411   -59.920513
-0.762842  0.499867 -0.410128    67.759121
>../../../../class2/ser2//data/domains/Catalytic_domain/structures/SerRS-A_AF_Arch_Conexivisphaera_calida_protein1635512986.pdb
-0.137792 -0.738305  0.660242     7.596757
-0.924310 -0.143674 -0.353565     6.092129
 0.355899 -0.658987 -0.662626   -13.865884
>../../../../class2/ser2//data/domains/Catalytic_domain/structures/SerRS-A_AF_Arch_Ignisphaera_aggregans_protein304378874.pdb
-0.756437 -0.618782  0.211925     8.830354
-0.648873  0.750696 -0.124172     4.115124
-0.082256 -0.231441 -0.969365   -13.916909
>../../../../class2/ser2//data/domains/Catalytic_domain/structures/SerRS-A_AF_Arch_Methanosarcina_barkeri_protein805401349.pdb
-0.040787  0.035219  0.998547     7.632704
 0.006651 -0.999347  0.035519     5.803009
 0.999146  0.008090  0.040526   -16.371332
>../../../../class2/ser2//data/domains/Catalytic_domain/structures/SerRS-A_AF_Arch_Unclassified_Thermoplasmata_protein1635512986.pdb
 0.041155 -0.647849  0.760656     8.853605
-0.854851 -0.416940 -0.308855     7.602805
 0.517239 -0.637537 -0.570973   -16.234693
>../../../../class2/ser2//data/domains/Catalytic_domain/structures/SerRS-A_PDB_Arch_M_barkeri_2cjb.pdb
 0.145147 -0.591602 -0.793057    66.254308
 0.455186 -0.671755  0.584423   -65.700805
-0.878486 -0.445816  0.171786    11.554513
