>structures/EPRS-P_AF_Euk_Homo_sapiens_gene2058.pdb
 0.865502  0.495577 -0.072873   -23.161750
-0.374661  0.737040  0.562495     1.519463
 0.332470 -0.459538  0.823583    -3.949330
>structures/ProRS-A_AF_Arch_Candidatus_Nitrosopumilus_sediminis_gene13697692.pdb
 0.006625 -0.610718  0.791821    -3.254798
-0.389447 -0.730895 -0.560468     3.547524
 0.921025 -0.304659 -0.242685    -0.616171
>structures/ProRS-A_AF_Arch_Halogeometricum_borinquense_DSM_11551_gene9994169.pdb
 0.989573 -0.143400  0.013479    -3.508046
 0.132067  0.940734  0.312374     4.124196
-0.057475 -0.307337  0.949864    -0.148918
>structures/ProRS-A_AF_Arch_Picrophilus_torridus_DSM_9790_gene2845069.pdb
 0.953167  0.268179  0.139832    -2.561869
-0.269135  0.963023 -0.012388     5.667275
-0.137984 -0.025826  0.990098    -1.329896
>structures/ProRS-A_AF_Arch_Sulfurisphaera_tokodaii_str_7_gene1459472.pdb
 0.031497  0.030151  0.999049    -2.862582
 0.218060 -0.975674  0.022570     4.122573
 0.975427  0.217142 -0.037305    -0.803551
>structures/ProRS-A_AF_Bact_Bacillus_anthracis_str_Ames_Ancestor_gene45020455.pdb
-0.045297  0.131951 -0.990221    -3.082028
 0.355028 -0.924401 -0.139421     4.677266
-0.933758 -0.357871 -0.004974    -0.637781
>structures/ProRS-A_AF_Bact_Mycoplasma_hyopneumoniae_168-L_gene57101275.pdb
 0.773668 -0.526032 -0.353170    -2.433423
 0.606233  0.452563  0.653964     2.324752
-0.184175 -0.720054  0.669031    -1.161398
>structures/ProRS-A_AF_Bact_Porphyromonas_gingivalis_ATCC_33277_gene29256199.pdb
 0.998815 -0.035911  0.032834    -3.021294
 0.023618  0.947758  0.318115     3.946957
-0.042543 -0.316963  0.947483    -1.891506
>structures/ProRS-A_AF_Bact_Thermus_thermophilus_HB8_gene3169620.pdb
 0.922359 -0.349132 -0.165413    -2.190554
 0.378277  0.729166  0.570284     3.322279
-0.078491 -0.588578  0.804621    -1.128896
>structures/ProRS-A_AF_Euk_Cryptococcus_gattii_WM276_gene10188341.pdb
 0.891237 -0.390497 -0.230672    -1.663125
 0.450905  0.817634  0.357994     1.988579
 0.048810 -0.423069  0.904782     1.413957
>structures/ProRS-A_AF_Euk_Ostreococcus_tauri_gene9837972.pdb
 0.716951 -0.625385 -0.308018     1.748643
 0.654685  0.452209  0.605718     6.671012
-0.239518 -0.635925  0.733642     3.036544
>structures/ProRS-A_AF_Euk_Plasmodium_yoelii_gene3807174.pdb
-0.047406 -0.114860 -0.992250    -6.239115
 0.091196 -0.989716  0.110210     5.157383
-0.994704 -0.085265  0.057394    -0.829818
>structures/ProRS-A_AF_Euk_Saccharomyces_cerevisiae_S288C_gene856413.pdb
 0.934980 -0.013397  0.354447    -3.848929
-0.031972  0.992036  0.121832     2.541481
-0.353256 -0.125243  0.927105    -1.667069
>structures/ProRS-A_AF_Euk_Scheffersomyces_stipitis_CBS_6054_gene4840393.pdb
 1.000000  0.000000  0.000000     0.000000
 0.000000  1.000000  0.000000     0.000000
 0.000000  0.000000  1.000000     0.000000
>structures/ProRS-A_AF_Mito_Oryza_sativa_Japonica_Group_gene4342480.pdb
 0.861804 -0.477650 -0.170720     2.011288
 0.497504  0.730313  0.468116     4.962849
-0.098917 -0.488358  0.867019     3.080605
>structures/ProRS-A_PDB_Arch_M_janacshii_1nj8.pdb
 0.170631  0.889323  0.424252   -78.553582
 0.593847  0.250767 -0.764501   -33.043735
-0.786276  0.382388 -0.485333    77.369174
