>structures/ProRS-A_AF_Arch_Candidatus_Nitrosopumilus_sediminis_gene13697692.pdb
-0.096513 -0.684811  0.722301     0.187247
-0.651977 -0.504833 -0.565747    -0.428281
 0.752071 -0.525526 -0.397759    -0.652283
>structures/ProRS-A_AF_Arch_Halogeometricum_borinquense_DSM_11551_gene9994169.pdb
 1.000000  0.000000  0.000000     0.000000
 0.000000  1.000000  0.000000     0.000000
 0.000000  0.000000  1.000000     0.000000
>structures/ProRS-A_AF_Arch_Picrophilus_torridus_DSM_9790_gene2845069.pdb
 0.916007  0.393377  0.078649     1.190067
-0.347004  0.875341 -0.336701     1.673371
-0.201295  0.281129  0.938321    -0.627025
>structures/ProRS-A_AF_Arch_Sulfurisphaera_tokodaii_str_7_gene1459472.pdb
 0.000934 -0.109192  0.994020     0.627361
-0.101305 -0.988917 -0.108536     0.086636
 0.994855 -0.100597 -0.011985    -0.678318
>structures/ProRS-A_AF_Bact_Bacillus_anthracis_str_Ames_Ancestor_gene45020455.pdb
 0.057542  0.034263 -0.997755     0.518805
 0.630095 -0.776457  0.009674     0.598684
-0.774383 -0.629238 -0.066268    -0.346186
>structures/ProRS-A_AF_Bact_Mycoplasma_hyopneumoniae_168-L_gene57101275.pdb
 0.854816 -0.420962 -0.303448     0.896149
 0.518329  0.720798  0.460201    -1.533339
 0.024998 -0.550673  0.834347    -1.517577
>structures/ProRS-A_AF_Bact_Porphyromonas_gingivalis_ATCC_33277_gene29256199.pdb
 0.994250  0.104907  0.021457     0.564999
-0.104978  0.994472  0.002179     0.261724
-0.021110 -0.004419  0.999767    -1.685826
>structures/ProRS-A_AF_Bact_Thermus_thermophilus_HB8_gene3169620.pdb
 0.965720 -0.219665 -0.138323     1.262803
 0.252968  0.915928  0.311583    -0.665331
 0.058250 -0.335893  0.940097    -1.165719
>structures/ProRS-A_AF_Euk_Cryptococcus_gattii_WM276_gene10188341.pdb
 0.937776 -0.254675 -0.236045     1.436873
 0.282129  0.955111  0.090368    -2.770084
 0.202434 -0.151340  0.967531     0.840596
>structures/ProRS-A_AF_Euk_Ostreococcus_tauri_gene9837972.pdb
 0.806807 -0.525222 -0.270563     5.359548
 0.590686  0.707527  0.387937     0.643727
-0.012322 -0.472808  0.881079     3.905978
>structures/ProRS-A_AF_Euk_Plasmodium_yoelii_gene3807174.pdb
 0.022378 -0.237194 -0.971205    -2.541084
 0.399458 -0.888413  0.226178     1.546505
-0.916478 -0.393017  0.074868    -0.361385
>structures/ProRS-A_AF_Euk_Scheffersomyces_stipitis_CBS_6054_gene4840393.pdb
 0.989573  0.132067 -0.057475     2.918237
-0.143400  0.940734 -0.307337    -4.428592
 0.013479  0.312374  0.949864    -1.099554
>structures/ProRS-A_AF_Mito_Oryza_sativa_Japonica_Group_gene4342480.pdb
 0.920696 -0.354495 -0.163256     5.430792
 0.382496  0.902727  0.196930    -1.003192
 0.077565 -0.243757  0.966730     3.360170
>structures/ProRS-A_PDB_Arch_M_janacshii_1nj8.pdb
 0.289327  0.890092  0.352175   -83.481473
 0.779048 -0.005175 -0.626943   -48.729733
-0.556214  0.455752 -0.694921    60.616526
