>structures/TrpRS_AF_Arch_Natrialba_magadii_ATCC_43099_gene8824932.pdb
 0.999616 -0.015024 -0.023296     0.031798
 0.016031  0.998919  0.043630     0.208500
 0.022615 -0.043986  0.998776     0.436988
>structures/TrpRS_AF_Arch_Nitrosopumilus_maritimus_SCM1_gene5773245.pdb
 0.991375  0.124945  0.039547     0.241187
-0.116430  0.978215 -0.171872     1.543664
-0.060160  0.165785  0.984325    -1.825425
>structures/TrpRS_AF_Arch_Sulfolobus_islandicus_M1627_gene7814138.pdb
-0.982862  0.080082  0.166042    -3.025431
 0.171526  0.727288  0.664553     1.594223
-0.067541  0.681644 -0.728560    -2.818746
>structures/TrpRS_AF_Arch_Thermoplasma_acidophilum_DSM_1728_gene1456706.pdb
-0.103242  0.393991 -0.913298    -2.659850
-0.507335 -0.810642 -0.292355     4.130759
-0.855542  0.433165  0.283578     4.531421
>structures/TrpRS_AF_Bact_Anoxybacillus_flavithermus_WK1_gene7038388.pdb
-0.837886  0.446432  0.314078    -6.171727
 0.519837  0.477137  0.708597    -1.819342
 0.166482  0.756993 -0.631858    -4.261150
>structures/TrpRS_AF_Bact_Brachyspira_pilosicoli_95_1000_gene56440833.pdb
 0.175441  0.013850 -0.984392    -1.607128
 0.572057 -0.815208  0.090484    -3.236298
-0.801231 -0.579003 -0.150944    -0.077288
>structures/TrpRS_AF_Bact_Helicobacter_cinaedi_PAGU611_gene66538868.pdb
-0.942255  0.312466  0.120503    -6.547848
 0.323658  0.757204  0.567351    -2.561912
 0.086033  0.573591 -0.814611    -4.478464
>structures/TrpRS_AF_Bact_Mycoplasma_hyopneumoniae_168-L_gene57101461.pdb
-0.990329  0.091464  0.104324    -5.226894
 0.131105  0.862947  0.487990    -3.940999
-0.045392  0.496948 -0.866593    -4.682683
>structures/TrpRS_AF_Bact_Porphyromonas_gingivalis_ATCC_33277_gene29255389.pdb
-0.083861 -0.817749  0.569432    -0.989823
-0.762683 -0.315098 -0.564826    -3.363262
 0.641313 -0.481663 -0.597259    -1.472393
>structures/TrpRS_AF_Bact_Prochlorococcus_marinus_subsp_marinus_str_CCMP1375_gene54200405.pdb
 0.964248  0.260720 -0.047447     1.797786
-0.263546  0.924705 -0.274708    -7.839325
-0.027747  0.277391  0.960356     0.470429
>structures/TrpRS_AF_Bact_Streptomyces_albidoflavus_gene15147734.pdb
-0.409746 -0.872019  0.267751    -2.486047
-0.863912  0.276729 -0.420805    -3.129356
 0.292855 -0.403737 -0.866737    -1.017876
>structures/TrpRS_AF_Bact_Thermus_thermophilus_HB8_gene3168998.pdb
 0.717665  0.695756 -0.029670    -2.067672
-0.540385  0.529516 -0.653908    -2.966876
-0.439250  0.485321  0.755992    -1.369890
>structures/TrpRS_AF_Euk_Cryptococcus_neoformans_var_neoformans_JEC21_gene3254069.pdb
-0.229687  0.668402 -0.707448     0.401841
-0.060739 -0.735309 -0.675005     1.240467
-0.971367 -0.112070  0.209489     0.102143
>structures/TrpRS_AF_Euk_Cyanidioschyzon_merolae_strain_10D_gene16993299.pdb
 0.772292  0.635233  0.006638     0.778426
-0.476107  0.585688 -0.655966     1.342018
-0.420579  0.503437  0.754761    -0.937568
>structures/TrpRS_AF_Euk_Drosophila_melanogaster_gene45399.pdb
 0.941954  0.328568 -0.069035     4.372702
-0.308853  0.767374 -0.561913    -2.749867
-0.131651  0.550618  0.824310     1.334856
>structures/TrpRS_AF_Euk_Saccharomyces_cerevisiae_S288C_gene854056.pdb
-0.013472 -0.497994 -0.867076     0.332610
 0.802419 -0.522784  0.287787     1.654425
-0.596610 -0.691881  0.406643     0.257251
>structures/TrpRS_AF_Mito_Bufo_gargarizans_gene122922343.pdb
 0.269288  0.873991 -0.404505    -0.925092
-0.396390 -0.282206 -0.873633    -2.107745
-0.877701  0.395601  0.270446    -1.636002
>structures/TrpRS_AF_Mito_Cyanidioschyzon_merolae_strain_10D_gene16992222.pdb
 0.009935 -0.063428 -0.997937    -4.462066
 0.413133 -0.908567  0.061860     1.411032
-0.910616 -0.412896  0.017177    -4.753527
>structures/TrpRS_AF_Vir_Megavirus_chiliensis_gene11257301.pdb
 0.923242  0.286346  0.256184    -1.110503
-0.200351  0.927729 -0.314926    -0.114166
-0.327847  0.239427  0.913888    -1.230566
>structures/TrpRS_PDB_Arch_P_hori_3JXE.pdb
-0.874861  0.265501 -0.405127   -40.104390
 0.483854  0.517780 -0.705542    11.905425
 0.022445 -0.813273 -0.581449    28.193626
>structures/TrpRS_PDB_Bact_G_stearo_1I6M.pdb
 0.650668  0.073646 -0.755783    -9.595483
 0.023612  0.992842  0.117074   -28.960903
 0.758996 -0.094022  0.644271   -67.626400
>structures/TrpRS_PDB_Bact_Y_pestis_3N9I.pdb
 0.479681  0.294950 -0.826384   -24.980594
 0.199814 -0.953783 -0.224437    63.108945
-0.854389 -0.057465 -0.516447    40.419135
>structures/TrpRS_PDB_Euk_S_Cerevisiae_3KT3.pdb
 0.108745  0.923416  0.368072    -1.434311
-0.973136  0.174475 -0.150216  -157.442339
-0.202931 -0.341849  0.917583    -0.687801
