>structures/TrpRS_AF_Arch_Natrialba_magadii_ATCC_43099_gene8824932.pdb
 1.000000  0.000000  0.000000     0.000000
 0.000000  1.000000  0.000000     0.000000
 0.000000  0.000000  1.000000     0.000000
>structures/TrpRS_AF_Arch_Nitrosopumilus_maritimus_SCM1_gene5773245.pdb
 0.982448  0.184477  0.027659     0.331946
-0.176574  0.967499 -0.181019     0.371309
-0.060154  0.172958  0.983091    -1.659873
>structures/TrpRS_AF_Arch_Sulfolobus_islandicus_M1627_gene7814138.pdb
-0.966985  0.117865  0.225937    -2.872392
 0.237940  0.735037  0.634906     0.426655
-0.091239  0.667704 -0.738814    -2.459596
>structures/TrpRS_AF_Arch_Thermoplasma_acidophilum_DSM_1728_gene1456706.pdb
-0.168001  0.500441 -0.849314    -3.112660
-0.549918 -0.762623 -0.340582     4.862332
-0.818148  0.409835  0.403323     2.639933
>structures/TrpRS_AF_Bact_Anoxybacillus_flavithermus_WK1_gene7038388.pdb
-0.911180  0.376335  0.167700    -6.364424
 0.360905  0.532711  0.765485    -0.187983
 0.198743  0.758018 -0.621217    -4.800461
>structures/TrpRS_AF_Bact_Brachyspira_pilosicoli_95_1000_gene56440833.pdb
 0.051958  0.074734 -0.995849    -1.592636
 0.570730 -0.820522 -0.031799    -1.915733
-0.819492 -0.566709 -0.085285    -1.278350
>structures/TrpRS_AF_Bact_Escherichia_coli_O157:H7_str._Sakai_gene915919.pdb
 0.999531 -0.029127  0.009486     3.540914
 0.030464  0.977643 -0.208052    -3.774050
-0.003214  0.208243  0.978072    -0.632998
>structures/TrpRS_AF_Bact_Helicobacter_cinaedi_PAGU611_gene66538868.pdb
-0.968387  0.249434 -0.003177    -6.845794
 0.204588  0.801436  0.562000    -1.880105
 0.142728  0.543583 -0.827131    -5.356548
>structures/TrpRS_AF_Bact_Mycoplasma_hyopneumoniae_168-L_gene57101461.pdb
-0.999767  0.017769 -0.012281    -5.385161
 0.009674  0.876701  0.480938    -3.086180
 0.019312  0.480707 -0.876669    -5.622611
>structures/TrpRS_AF_Bact_Porphyromonas_gingivalis_ATCC_33277_gene29255389.pdb
 0.086732 -0.817278  0.569679    -1.414387
-0.732864 -0.439689 -0.519214    -2.156224
 0.674824 -0.372465 -0.637089    -3.057472
>structures/TrpRS_AF_Bact_Prochlorococcus_marinus_subsp_marinus_str_CCMP1375_gene54200405.pdb
 0.985129  0.166686  0.041665     2.457921
-0.151665  0.957591 -0.244984    -6.210497
-0.080734  0.235021  0.968632    -0.744118
>structures/TrpRS_AF_Bact_Streptomyces_albidoflavus_gene15147734.pdb
-0.286765 -0.920853  0.264190    -2.431231
-0.897461  0.161748 -0.410366    -2.024462
 0.335155 -0.354779 -0.872813    -2.104777
>structures/TrpRS_AF_Bact_Thermus_thermophilus_HB8_gene3168998.pdb
 0.747913  0.655362  0.105489    -2.202528
-0.439567  0.608055 -0.661097    -1.360651
-0.497401  0.448074  0.742848    -2.589107
>structures/TrpRS_AF_Euk_Cryptococcus_neoformans_var_neoformans_JEC21_gene3254069.pdb
-0.222411  0.626154 -0.747304     0.427133
 0.001851 -0.766230 -0.642563     0.120925
-0.974951 -0.144297  0.169259     0.370235
>structures/TrpRS_AF_Euk_Cyanidioschyzon_merolae_strain_10D_gene16993299.pdb
 0.748091  0.662426 -0.039387     0.823732
-0.497720  0.520849 -0.693535     0.241935
-0.438902  0.538431  0.719345    -0.644217
>structures/TrpRS_AF_Euk_Drosophila_melanogaster_gene45399.pdb
 0.924375  0.370731 -0.089945     4.283981
-0.347611  0.721419 -0.598933    -3.925097
-0.157155  0.584904  0.795732     1.014596
>structures/TrpRS_AF_Euk_Homo_sapiens_gene7453.pdb
-0.919272  0.316552  0.233952    -4.133783
 0.371741  0.502774  0.780402     3.111160
 0.129413  0.804371 -0.579862    -1.246553
>structures/TrpRS_AF_Mito_Bufo_gargarizans_gene122922343.pdb
 0.250325  0.926049 -0.282437    -1.174164
-0.427502 -0.156020 -0.890449    -1.374098
-0.868665  0.343644  0.356832    -3.007236
>structures/TrpRS_AF_Mito_Cyanidioschyzon_merolae_strain_10D_gene16992222.pdb
-0.103127  0.005077 -0.994655    -5.303488
 0.375110 -0.925953 -0.043618     1.909260
-0.921226 -0.377604  0.093586    -5.939558
>structures/TrpRS_AF_Mito_Homo_sapiens_gene10352.pdb
 0.610421  0.786382 -0.094812    -2.048250
-0.470865  0.264013 -0.841774    -3.836991
-0.636925  0.558480  0.531439    -7.847185
>structures/TrpRS_AF_Vir_Megavirus_chiliensis_gene11257301.pdb
 0.915979  0.337235  0.217380    -0.948171
-0.265692  0.915802 -0.301188    -1.016973
-0.300648  0.218126  0.928457    -0.890423
>structures/TrpRS_PDB_Arch_P_hori_3JXE.pdb
-0.836485  0.318871 -0.445661   -39.684158
 0.547129  0.531532 -0.646625    12.223311
 0.030693 -0.784726 -0.619082    28.416150
>structures/TrpRS_PDB_Bact_G_stearo_1I6M.pdb
 0.686258 -0.086846 -0.722155    -9.894720
 0.108849  0.993928 -0.016091   -26.375773
 0.719167 -0.067564  0.691544   -69.010329
>structures/TrpRS_PDB_Bact_Y_pestis_3N9I.pdb
 0.385118  0.417878 -0.822838   -30.939104
 0.245910 -0.905841 -0.344936    61.634226
-0.889501 -0.069503 -0.451616    40.086342
>structures/TrpRS_PDB_Euk_S_Cerevisiae_3KT3.pdb
 0.063041  0.934115  0.351362    -9.136790
-0.968890  0.141709 -0.202904  -157.912340
-0.239327 -0.327640  0.913989    -6.524760
