>../../../../class2/gly3//data/domains/Catalytic_domain/structures/GlyRS-E_AF_Arch_Methanosalsum_zhilinae_DSM_4017_gene10821854.pdb
 0.903692  0.358435 -0.234233     1.350686
-0.409537  0.563869 -0.717169    -0.592820
-0.124982  0.744027  0.656357     6.831374
>../../../../class2/gly3//data/domains/Catalytic_domain/structures/GlyRS-E_AF_Euk_Cryptococcus_neoformans_var_neoformans_JEC21_gene3258293.pdb
-0.388101 -0.715371  0.581052     0.546702
-0.920104  0.264638 -0.288749    -0.557688
 0.052794 -0.646692 -0.760922     6.090200
>../../../../class2/gly3//data/domains/Catalytic_domain/structures/GlyRS-E_AF_Euk_Girardinichthys_multiradiatus_gene124858359.pdb
 0.922155  0.334590 -0.194115     0.760764
-0.379714  0.687230 -0.619300    -0.136579
-0.073810  0.644798  0.760781     4.595123
>../../../../class2/gly3//data/domains/Catalytic_domain/structures/GlyRS-E_AF_Euk_Plasmodium_yoelii_gene3801472.pdb
 0.756788  0.560339 -0.336588     1.514495
-0.470154  0.108878 -0.875843    -2.344574
-0.454122  0.821076  0.345844     7.246993
>../../../../class2/gly3//data/domains/Catalytic_domain/structures/GlyRS-E_AF_Euk_Schizosaccharomyces_pombe_gene2543181.pdb
 0.944251  0.192033 -0.267419     1.774545
-0.294067  0.857184 -0.422801    -0.009435
 0.148035  0.477869  0.865867     4.827028
>../../../../class2/gly3//data/domains/Catalytic_domain/structures/GlyRS-E_PDB_Euk_H_sapiens_2q5h.pdb
 0.364103 -0.200184 -0.909591  -144.854559
 0.906175  0.301717  0.296334   -38.295953
 0.215117 -0.932145  0.291258    31.694488
>../../../../class2/pro2//data/domains/Catalytic_domain/structures/ProRS-B_AF_Bact_Acinetobacter_baylyi_ADP1_gene45233245.pdb
 0.983218  0.159549  0.088470    -0.141593
-0.140275  0.971209 -0.192551     0.979694
-0.116645  0.176909  0.977291    -0.818306
>../../../../class2/pro2//data/domains/Catalytic_domain/structures/ProRS-B_AF_Bact_Brachyspira_pilosicoli_95_1000_gene56438966.pdb
 0.606751 -0.621148 -0.496012    -0.451791
 0.773471  0.317466  0.548597     0.204129
-0.183293 -0.716513  0.673062     0.827940
>../../../../class2/pro2//data/domains/Catalytic_domain/structures/ProRS-B_AF_Bact_Chlamydia_psittaci_6BC_gene12242703.pdb
-0.983615  0.178852  0.022648     0.355021
 0.169096  0.871727  0.459890    -3.372482
 0.062510  0.456184 -0.887687    -1.091500
>../../../../class2/pro2//data/domains/Catalytic_domain/structures/ProRS-B_AF_Bact_Clostridium_acetobutylicum_DSM_1731_gene44999665.pdb
 1.000000  0.000000  0.000000     0.000000
 0.000000  1.000000  0.000000     0.000000
 0.000000  0.000000  1.000000     0.000000
>../../../../class2/pro2//data/domains/Catalytic_domain/structures/ProRS-B_AF_Bact_Corynebacterium_ulcerans_809_gene75260584.pdb
-0.867120  0.247670  0.432161     0.422935
 0.467225  0.103721  0.878033    -0.948722
 0.172638  0.963276 -0.205656    -0.771082
>../../../../class2/pro2//data/domains/Catalytic_domain/structures/ProRS-B_AF_Bact_Prochlorococcus_marinus_subsp_marinus_str_CCMP1375_gene54199876.pdb
 0.996151  0.074087  0.046836    -0.421360
-0.063811  0.979330 -0.191940     0.358649
-0.060088  0.188213  0.980288    -1.363188
>../../../../class2/pro2//data/domains/Catalytic_domain/structures/ProRS-B_AF_Bact_Streptobacillus_moniliformis_DSM_12112_gene29673723.pdb
 0.778258  0.626810 -0.037717    -0.451008
-0.467848  0.538728 -0.700635     0.564258
-0.418846  0.562921  0.712522     1.096343
>../../../../class2/pro2//data/domains/Catalytic_domain/structures/ProRS-B_PDB_Bact_S_aureus_5znj.pdb
 0.846337  0.229893  0.480482   -11.958815
-0.410927  0.855750  0.314375    -5.178691
-0.338900 -0.463511  0.818721   -16.537602
>../../../../class2/pro2//data/domains/Catalytic_domain/structures/ProRS_PDB_Bact_E_faecalis_2J3M.pdb
 0.659310  0.675447  0.330276   -15.866970
-0.485531  0.717882 -0.498905    28.270996
-0.574082  0.168574  0.801257     8.772327
