>../../../../class2/asp2//data/domains/Catalytic_domain/structures/AspRS-E_AF_Euk_Caenorhabditis_elegans_gene176334.pdb
 1.000000  0.000000  0.000000     0.000000
 0.000000  1.000000  0.000000     0.000000
 0.000000  0.000000  1.000000     0.000000
>../../../../class2/asp2//data/domains/Catalytic_domain/structures/AspRS-E_AF_Euk_Cryptococcus_neoformans_var_neoformans_JEC21_gene3258977.pdb
 0.291500 -0.809307 -0.509952     0.247100
 0.318503 -0.420569  0.849516   -12.283576
-0.901989 -0.410055  0.135171    -1.816044
>../../../../class2/asp2//data/domains/Catalytic_domain/structures/AspRS-E_AF_Euk_Thalassiosira_pseudonana_CCMP1335_gene7443135.pdb
 0.995506 -0.093472  0.015169     1.873535
 0.090537  0.986452  0.136805     0.921024
-0.027751 -0.134817  0.990482    -1.142904
>../../../../class2/asp2//data/domains/Catalytic_domain/structures/AspRS-E_AF_Euk_Theileria_orientalis_strain_Shintoku_gene20715543.pdb
 0.995236  0.089441 -0.038815    -0.761844
-0.093849  0.986704 -0.132691     0.025886
 0.026431  0.135701  0.990397     0.511858
>../../../../class2/asp2//data/domains/Catalytic_domain/structures/AspRS-E_PDB_Euk_S_cerevisiae_1EOV.pdb
-0.254263  0.059792  0.965285   -51.895975
 0.635004 -0.742490  0.213256     1.151819
 0.729466  0.667183  0.150820   -16.135084
>../../../../class2/asp2//data/domains/Catalytic_domain/structures/AsxRS_AF_Arch_Candidatus_Korarchaeum_cryptofilum_OPF8_gene6094477.pdb
 0.938189 -0.341582 -0.055883     3.853677
 0.301592  0.727537  0.616224     1.908647
-0.169834 -0.594989  0.785586    -2.789260
>../../../../class2/asp2//data/domains/Catalytic_domain/structures/AsxRS_AF_Arch_Candidatus_Methanomassiliicoccus_intestinalis_Issoire-Mx1_gene16154831.pdb
 0.865333 -0.484078 -0.129870     2.709025
 0.432524  0.590345  0.681481     1.637967
-0.253222 -0.645880  0.720221    -1.978780
>../../../../class2/asp2//data/domains/Catalytic_domain/structures/AsxRS_AF_Arch_Candidatus_Nitrosopumilus_koreensis_AR1_gene13725312.pdb
 0.485829 -0.734852 -0.473246     5.756446
 0.685456 -0.015627  0.727947     6.585201
-0.542328 -0.678047  0.496117    -1.808659
>../../../../class2/asp2//data/domains/Catalytic_domain/structures/AsxRS_AF_Arch_Methanobacterium_lacus_gene10277817.pdb
 0.014405 -0.548243 -0.836195     2.608106
 0.519629 -0.710380  0.474706     7.441043
-0.854271 -0.441349  0.274650    -3.215376
>../../../../class2/asp2//data/domains/Catalytic_domain/structures/AsxRS_AF_Bact_Clostridium_acetobutylicum_DSM_1731_gene45000055.pdb
 0.999314  0.008681  0.036007     2.187878
-0.010773  0.998241  0.058298     0.354382
-0.035437 -0.058645  0.997650    -2.091333
>../../../../class2/asp2//data/domains/Catalytic_domain/structures/AsxRS_AF_Bact_Spirochaetes_bacterium_GWE1_32_154_proteinOHD39701.1.pdb
 0.315382 -0.564778 -0.762600     3.661458
 0.597887 -0.505796  0.621853     1.891247
-0.736930 -0.652070  0.178155    -1.772467
>../../../../class2/asp2//data/domains/Catalytic_domain/structures/AsxRS_AF_Bact_Tropheryma_whipplei_TW08_27_gene67388547.pdb
 0.033174  0.445923  0.894456     3.187650
 0.681174 -0.664986  0.306260     1.717860
 0.731370  0.599120 -0.325811    -1.770887
>../../../../class2/asp2//data/domains/Catalytic_domain/structures/AsxRS_PDB_Arch_T_kodarensis_1b8a.pdb
 0.315954 -0.541893  0.778797   -27.238446
-0.733020 -0.660573 -0.162250    39.216804
 0.602375 -0.519610 -0.605929     3.682187
>../../../../class2/asp2//data/domains/Catalytic_domain/structures/AsxRS_PDB_Bact_T_thermophilus_1n9w.pdb
 0.635439 -0.742357  0.212424   -35.064008
-0.653605 -0.663602 -0.363912    45.934980
 0.411118  0.092402 -0.906887    41.520640
>../../../../class2/pro3//data/domains/Catalytic_domain/structures/ProRS-M_AF_Euk_Candida_albicans_SC5314_gene3640100.pdb
 0.067424 -0.536419 -0.841254    10.831571
 0.362377 -0.772426  0.521575     4.728268
-0.929589 -0.340018  0.142306    -3.178985
>../../../../class2/pro3//data/domains/Catalytic_domain/structures/ProRS-M_AF_Mito_Drosophila_melanogaster_gene38331.pdb
 0.180020  0.609827  0.771819     4.185653
 0.802647 -0.544653  0.243128     5.015074
 0.568639  0.575730 -0.587524    -0.706498
>../../../../class2/pro3//data/domains/Catalytic_domain/structures/ProRS-M_AF_Mito_Mauremys_reevesii_gene120369760.pdb
 0.914147  0.102296  0.392263     8.984354
-0.202619  0.953397  0.223561     2.788692
-0.351113 -0.283848  0.892272    -0.661703
>../../../../class2/pro3//data/domains/Catalytic_domain/structures/ProRS-M_AF_Mito_Schizosaccharomyces_pombe_gene2540642.pdb
-0.289235 -0.414543 -0.862843     6.194306
 0.304727 -0.894351  0.327532     5.059190
-0.907460 -0.168198  0.385000    -1.635267
