>../../../../class2/phe1//data/domains/Catalytic_domain/structures/PheRS-Bα_AF_Bact_Brachyspira_pilosicoli_95_1000_gene56440383.pdb
 0.158281  0.973875  0.162834    21.320495
 0.737394 -0.226260  0.636441    -2.722549
 0.656656  0.019336 -0.753942   -19.650453
>../../../../class2/phe1//data/domains/Catalytic_domain/structures/PheRS-Bα_AF_Bact_Chlamydia_psittaci_6BC_gene12243227.pdb
 0.917266  0.227526  0.326887    22.439927
 0.321486 -0.907461 -0.270483     0.470583
 0.235096  0.353194 -0.905530   -20.215172
>../../../../class2/phe1//data/domains/Catalytic_domain/structures/PheRS-Bα_AF_Bact_Ferrimonas_balearica_DSM_9799_gene67181906.pdb
-0.564256  0.604342  0.562482    25.400199
-0.689747  0.029349 -0.723456     0.636364
-0.453723 -0.796184  0.400283   -20.575484
>../../../../class2/phe1//data/domains/Catalytic_domain/structures/PheRS-Bα_AF_Bact_Mycobacterium_intracellulare_ATCC_13950_gene11909689.pdb
-0.145552 -0.604243  0.783393    31.679393
 0.191503  0.759643  0.621505     3.441586
-0.970640  0.240483  0.005147   -23.618148
>../../../../class2/phe1//data/domains/Catalytic_domain/structures/PheRS-Bα_AF_Bact_Mycoplasma_capricolum_subsp_capricolum_ATCC_27343_gene23778662.pdb
-0.654388  0.620816  0.431699    23.987914
-0.730238 -0.370642 -0.573914    -1.439511
-0.196289 -0.690805  0.695887   -18.344218
>../../../../class2/phe1//data/domains/Catalytic_domain/structures/PheRS-Bα_AF_Bact_Porphyromonas_gingivalis_ATCC_33277_gene29256875.pdb
 0.611983  0.651671  0.448108    20.786998
 0.435748 -0.750680  0.496591    -2.473084
 0.660000 -0.108643 -0.743368   -23.123497
>../../../../class2/phe1//data/domains/Catalytic_domain/structures/PheRS-Bα_AF_Bact_Prochlorococcus_marinus_subsp_marinus_str_CCMP1375_gene54200681.pdb
-0.920834 -0.331797  0.204881    30.719017
 0.387475 -0.719343  0.576549     4.986442
-0.043918  0.610292  0.790958   -20.772416
>../../../../class2/phe1//data/domains/Catalytic_domain/structures/PheRS-Bα_AF_Bact_Staphylococcus_argenteus_gene66839332.pdb
-0.978729  0.097360  0.180586    23.522551
-0.096692 -0.995236  0.012518     4.379910
 0.180944 -0.005210  0.983480   -18.075006
>../../../../class2/phe1//data/domains/Catalytic_domain/structures/PheRS-Bα_PDB_Bact.A_E_coli_3PCO.pdb
-0.958133  0.269983 -0.095349     4.377644
-0.178634 -0.303397  0.935970   -61.519377
 0.223767  0.913816  0.338923   -36.100243
>../../../../class2/phe1//data/domains/Catalytic_domain/structures/PheRS-Bα_PDB_Bact.A_T_thermophilus_1PYS.pdb
-0.435429 -0.005005 -0.900209    40.984833
 0.871441 -0.253182 -0.420106     2.860445
-0.225815 -0.967406  0.114604    31.692267
>../../../../class2/phe2//data/domains/Catalytic_domain/structures/PheRS-Bβ_AF_Bact_Brachyspira_pilosicoli_95_1000_gene56440382.pdb
 0.962182 -0.261895  0.074947     4.998746
 0.251462  0.959718  0.125330    -0.503377
-0.104752 -0.101744  0.989280    -0.323002
>../../../../class2/phe2//data/domains/Catalytic_domain/structures/PheRS-Bβ_AF_Bact_Chlamydia_psittaci_6BC_gene12242429.pdb
-0.069284  0.766178 -0.638883     5.051868
-0.639740 -0.525523 -0.560855     4.721522
-0.765462  0.369861  0.526565     0.184970
>../../../../class2/phe2//data/domains/Catalytic_domain/structures/PheRS-Bβ_AF_Bact_Ferrimonas_balearica_DSM_9799_gene67181907.pdb
-0.035831 -0.576421 -0.816367     6.073448
 0.548802 -0.694043  0.465963     2.308439
-0.835184 -0.431328  0.341209     2.778410
>../../../../class2/phe2//data/domains/Catalytic_domain/structures/PheRS-Bβ_AF_Bact_Lacticaseibacillus_paracasei_gene61269867.pdb
 1.000000  0.000000  0.000000     0.000000
 0.000000  1.000000  0.000000     0.000000
 0.000000  0.000000  1.000000     0.000000
>../../../../class2/phe2//data/domains/Catalytic_domain/structures/PheRS-Bβ_AF_Bact_Mycobacterium_intracellulare_ATCC_13950_gene11909688.pdb
-0.303173  0.040346 -0.952081     4.491055
-0.068584 -0.997436 -0.020429     2.502380
-0.950464  0.059104  0.305163     1.958725
>../../../../class2/phe2//data/domains/Catalytic_domain/structures/PheRS-Bβ_AF_Bact_Mycoplasma_hyopneumoniae_168-L_gene57101148.pdb
 0.783493  0.621224 -0.014789     3.410910
-0.592806  0.740092 -0.317560    -3.562769
-0.186331  0.257573  0.948123     8.162413
>../../../../class2/phe2//data/domains/Catalytic_domain/structures/PheRS-Bβ_AF_Bact_Porphyromonas_gingivalis_ATCC_33277_gene29257179.pdb
-0.528820 -0.845470 -0.074359     8.573718
-0.762556  0.511764 -0.395735    -0.884882
 0.372636 -0.152570 -0.915350     0.330918
>../../../../class2/phe2//data/domains/Catalytic_domain/structures/PheRS-Bβ_AF_Bact_Prochlorococcus_marinus_subsp_marinus_str_CCMP1375_gene54200309.pdb
 0.114016  0.699271 -0.705706     4.712756
-0.653455 -0.482271 -0.583448     4.444214
-0.748330  0.527669  0.401955     1.508144
>../../../../class2/phe2//data/domains/Catalytic_domain/structures/PheRS-Bβ_AF_Euk_Didymosphenia_geminata_gene19740299.pdb
 0.673881  0.735765  0.067342     7.936085
-0.578890  0.582432 -0.570666     1.797873
-0.459098  0.345577  0.818416    -1.102468
>../../../../class2/phe2//data/domains/Catalytic_domain/structures/PheRS-Bβ_AF_Euk_Gracilariopsis_tenuifrons_gene68635617.pdb
-0.654664  0.737427 -0.166185    15.324168
 0.206064  0.385614  0.899355    -6.005993
 0.727292  0.554530 -0.404404     2.659587
>../../../../class2/phe2//data/domains/Catalytic_domain/structures/PheRS-Bβ_PDB_Bact.B_E_coli_3PCO.pdb
-0.307828 -0.309140  0.899819   -43.610116
-0.938905  0.251727 -0.234716    -3.752153
-0.153948 -0.917097 -0.367741     6.216677
>../../../../class2/phe2//data/domains/Catalytic_domain/structures/PheRS-Bβ_PDB_Bact.B_T_thermophilus_1PYS.pdb
 0.828719 -0.141994 -0.541352    18.819018
-0.545759  0.009248 -0.837891    24.662028
 0.123982  0.989824 -0.069831   -63.829348
