>../../../../class1/ile//data/domains/Catalytic_domain/structures/IleRS_AF_Arch_Candidatus_Korarchaeum_cryptofilum_OPF8_gene6094904.pdb
 0.142303  0.854683 -0.499267     0.347504
-0.560760 -0.346036 -0.752201     3.069381
-0.815658  0.387010  0.430030    -0.422710
>../../../../class1/ile//data/domains/Catalytic_domain/structures/IleRS_AF_Arch_Candidatus_Nitrosopumilus_sediminis_gene13697091.pdb
-0.431095 -0.656239  0.619280     5.503183
-0.694266 -0.197134 -0.692194     2.945804
 0.576326 -0.728347 -0.370621     0.399816
>../../../../class1/ile//data/domains/Catalytic_domain/structures/IleRS_AF_Arch_Pyrobaculum_aerophilum_str_IM2_gene1465853.pdb
 0.159637  0.185071  0.969673    -0.494441
 0.132673 -0.977380  0.164700     7.194916
 0.978220  0.102357 -0.180580    -2.677830
>../../../../class1/ile//data/domains/Catalytic_domain/structures/IleRS_AF_Arch_Thermoplasma_acidophilum_DSM_1728_gene1456418.pdb
 0.381566 -0.145662 -0.912792     1.333815
 0.126035 -0.970084  0.207490     2.611922
-0.915709 -0.194215 -0.351793     0.678499
>../../../../class1/ile//data/domains/Catalytic_domain/structures/IleRS_AF_Bact_Chlamydia_muridarum_str_Nigg_gene1246458.pdb
 0.985484 -0.169757 -0.002164     1.684312
 0.168044  0.973566  0.154692     0.277183
-0.024154 -0.152810  0.987960    -2.454414
>../../../../class1/ile//data/domains/Catalytic_domain/structures/IleRS_AF_Bact_Lactobacillus_acidophilus_La-14_gene56942445.pdb
 0.037826  0.498334  0.866160    -0.058647
 0.579098 -0.717325  0.387414     3.505955
 0.814380  0.486937 -0.315718    -3.424097
>../../../../class1/ile//data/domains/Catalytic_domain/structures/IleRS_AF_Bact_Mycoplasma_hyopneumoniae_168-L_gene57100872.pdb
 0.046973  0.563513  0.824771    -2.119085
 0.608425 -0.670985  0.423790     3.715243
 0.792220  0.481904 -0.374374    -1.631054
>../../../../class1/ile//data/domains/Catalytic_domain/structures/IleRS_AF_Bact_Orientia_tsutsugamushi_str_Ikeda_gene66653313.pdb
-0.995756 -0.075501  0.052625     0.605026
-0.058331  0.960056  0.273659     2.619233
-0.071184  0.269428 -0.960386     0.564938
>../../../../class1/ile//data/domains/Catalytic_domain/structures/IleRS_AF_Bact_Porphyromonas_gingivalis_ATCC_33277_gene29255747.pdb
-0.998907  0.015847  0.043979    -1.391257
 0.026942  0.963985  0.264590     2.951711
-0.038203  0.265486 -0.963358     2.887610
>../../../../class1/ile//data/domains/Catalytic_domain/structures/IleRS_AF_Bact_Streptobacillus_moniliformis_DSM_12112_gene29674186.pdb
-0.052407  0.500893  0.863921    -0.357715
 0.607361 -0.670725  0.425724     8.837859
 0.792695  0.547023 -0.269072    -0.335773
>../../../../class1/ile//data/domains/Catalytic_domain/structures/IleRS_AF_Bact_Thermus_thermophilus_HB8_gene3168241.pdb
 1.000000 -0.000000  0.000000     0.000000
 0.000000  1.000000  0.000000     0.000000
-0.000000  0.000000  1.000000     0.000000
>../../../../class1/ile//data/domains/Catalytic_domain/structures/IleRS_AF_Bact_Treponema_pallidum_subsp_pertenue_str_SamoaD_gene57878975.pdb
 0.579202  0.706025 -0.407498     0.331496
-0.761630  0.290489 -0.579255     1.442802
-0.290595  0.645868  0.705981    -1.020051
>../../../../class1/ile//data/domains/Catalytic_domain/structures/IleRS_AF_Euk_Cyanidioschyzon_merolae_strain_10D_gene16992835.pdb
 0.742464 -0.551354 -0.380468    -0.197987
 0.591130  0.272057  0.759309     2.696638
-0.315139 -0.788666  0.527914    -1.434725
>../../../../class1/ile//data/domains/Catalytic_domain/structures/IleRS_AF_Euk_Ostreococcus_lucimarinus_CCE9901_gene5000489.pdb
 0.346133  0.731015 -0.588055     1.127501
-0.794956 -0.104343 -0.597626     2.108240
-0.498233  0.674336  0.545008    -4.382202
>../../../../class1/ile//data/domains/Catalytic_domain/structures/IleRS_AF_Euk_Trypanosoma_brucei_brucei_TREU927_gene3663037.pdb
 0.138617  0.637211 -0.758121     0.661307
-0.713326 -0.466781 -0.522763     3.087344
-0.686987  0.613252  0.389835    -3.012431
>../../../../class1/ile//data/domains/Catalytic_domain/structures/IleRS_AF_Euk_Ustilago_maydis_521_gene23568123.pdb
-0.243454  0.818036  0.521101    -2.728916
 0.804475 -0.129814  0.579628     2.533846
 0.541803  0.560326 -0.626486    -1.729027
>../../../../class1/ile//data/domains/Catalytic_domain/structures/IleRS_AF_Mito_Drosophila_melanogaster_gene39762.pdb
-0.865835 -0.490690 -0.097743    -2.885571
-0.452422  0.851262 -0.265834     3.657944
 0.213647 -0.185947 -0.959051     2.164937
>../../../../class1/ile//data/domains/Catalytic_domain/structures/IleRS_AF_Mito_Homo_sapiens_gene55699.pdb
 0.087221  0.514867  0.852821    -1.497626
 0.596754 -0.712488  0.369113     3.546137
 0.797670  0.476731 -0.369393    -2.120200
>../../../../class1/ile//data/domains/Catalytic_domain/structures/IleRS_AF_Vir_Megavirus_chiliensis_gene11256744.pdb
-0.981258  0.181584  0.064502     0.399976
 0.188959  0.841071  0.506848     2.151758
 0.037784  0.509537 -0.859619     0.786859
>../../../../class1/ile//data/domains/Catalytic_domain/structures/IleRS_PDB_Bact_S_aureus_1QU2.pdb
 0.672399  0.592193  0.444057  -102.799658
 0.263817 -0.752263  0.603739    12.840058
 0.691578 -0.288804 -0.662051    62.106493
>../../../../class1/ile//data/domains/Catalytic_domain/structures/IleRS_PDB_Bact_T_therm_1ILE.pdb
 0.974154  0.056815 -0.218624    18.107390
-0.150895  0.883902 -0.442660   -14.827088
 0.168093  0.464208  0.869630    30.363846
>../../../../class1/ile//data/domains/Catalytic_domain/structures/IleRS_PDB_Euk_S_cere_7D5C.pdb
-0.304104  0.275476 -0.911940    33.802887
 0.724273  0.688700 -0.033483    -3.035703
 0.618829 -0.670676 -0.408956    17.452261
>../../../../class1/lys//data/domains/Catalytic_domain/structures/LysRS-I_AF_Arch_Candidatus_Bathyarchaeota_archaeon_proteinRJS75864.1.pdb
-0.165799 -0.044473  0.985156     1.766264
-0.566928 -0.813104 -0.132118    13.268731
 0.806910 -0.580418  0.109598    -3.423584
>../../../../class1/lys//data/domains/Catalytic_domain/structures/LysRS-I_AF_Arch_Candidatus_Nitrosopumilus_koreensis_AR1_gene13726042.pdb
-0.936771 -0.229323  0.264330     0.946677
 0.000759  0.754021  0.656850     8.804914
-0.349941  0.615519 -0.706171    -3.723155
>../../../../class1/lys//data/domains/Catalytic_domain/structures/LysRS-I_AF_Arch_Ferroplasma_acidarmanus_Fer1_gene16025146.pdb
-0.271778 -0.051702  0.960970     3.705910
-0.632710 -0.742805 -0.218905    10.636267
 0.725131 -0.667509  0.169166     0.116418
>../../../../class1/lys//data/domains/Catalytic_domain/structures/LysRS-I_AF_Arch_Halorubrum_lacusprofundi_ATCC_49239_gene7400505.pdb
 0.415724 -0.236342 -0.878246     3.173778
 0.908143  0.055320  0.414989    15.365245
-0.049495 -0.970094  0.237630    -2.016901
>../../../../class1/lys//data/domains/Catalytic_domain/structures/LysRS-I_AF_Bact_Cereibacter_sphaeroides_KD131_gene67447319.pdb
 0.339788  0.345970 -0.874556     4.944080
 0.498357 -0.854837 -0.144544     9.951494
-0.797611 -0.386727 -0.462881    -4.762223
>../../../../class1/lys//data/domains/Catalytic_domain/structures/LysRS-I_AF_Bact_Cyanobacteria_bacterium_J007_proteinRMH73500.1.pdb
-0.250130  0.319865  0.913850     0.672699
-0.227614 -0.936827  0.265607    14.497513
 0.941077 -0.141569  0.307134    -3.415910
>../../../../class1/lys//data/domains/Catalytic_domain/structures/LysRS-I_AF_Bact_Streptomyces_albidoflavus_gene15147364.pdb
-0.966852 -0.249170  0.055774     2.207407
-0.156213  0.750014  0.642710    12.811329
-0.201976  0.612693 -0.764076    -5.660581
>../../../../class1/lys//data/domains/Catalytic_domain/structures/LysRS-I_AF_Bact_Treponema_denticola_ATCC_35405_gene2739918.pdb
-0.983012 -0.183211  0.010965     2.229207
-0.137273  0.773562  0.618675    12.662029
-0.121831  0.606660 -0.785571    -5.745972
>../../../../class1/lys//data/domains/Catalytic_domain/structures/LysRS-I_PDB_Arch_P_hori_1IRX.pdb
-0.193579 -0.372853 -0.907473    89.253675
 0.494614  0.761729 -0.418481    -8.699174
 0.847281 -0.529858  0.036964   -24.948876
