>../../../../class1/glu2//data/domains/Catalytic_domain/structures/GlxRS-A_AF_Arch_Candidatus_Korarchaeum_cryptofilum_OPF8_gene6094352.pdb
 0.709181 -0.586334  0.391502    30.336847
 0.311828 -0.237174 -0.920061    19.195948
 0.632318  0.774571  0.014636    57.667936
>../../../../class1/glu2//data/domains/Catalytic_domain/structures/GlxRS-A_AF_Arch_Methanothrix_soehngenii_GP6_gene10459943.pdb
-0.640790  0.531822 -0.553673    27.209267
 0.767697  0.448991 -0.457217    16.803931
 0.005436 -0.718033 -0.695987    57.527663
>../../../../class1/glu2//data/domains/Catalytic_domain/structures/GlxRS-A_AF_Arch_Nitrosopumilus_maritimus_SCM1_gene5773999.pdb
 0.465972 -0.838910  0.281247    27.640776
-0.312618  0.141264  0.939316    18.557078
-0.827732 -0.525618 -0.196434    55.816946
>../../../../class1/glu2//data/domains/Catalytic_domain/structures/GlxRS-A_AF_Arch_Sulfolobus_islandicus_LAL14_1_gene15298417.pdb
 0.069405  0.960281  0.270264    29.050742
-0.994362  0.044823  0.096095    14.710023
 0.080165 -0.275410  0.957979    60.842269
>../../../../class1/glu2//data/domains/Catalytic_domain/structures/GlxRS-A_PDB_Arch_M_thermau_3AII.pdb
-0.343699  0.071476  0.936356   -33.226710
-0.462701 -0.880555 -0.102623    58.138717
 0.817177 -0.468524  0.335718    55.345865
>../../../../class1/tyr//data/domains/Catalytic_domain/structures/TyrRS_AF_Arch_Candidatus_Korarchaeum_cryptofilum_OPF8_gene6094625.pdb
 0.559546 -0.034881  0.828065    27.181578
 0.824364 -0.079803 -0.560407    13.489993
 0.085630  0.996200 -0.015899    54.282599
>../../../../class1/tyr//data/domains/Catalytic_domain/structures/TyrRS_AF_Arch_Desulfurococcus_amylolyticus_1221n_gene7171652.pdb
 0.372625 -0.752703  0.542760    26.638667
 0.505994 -0.325485 -0.798768    12.050359
 0.777895  0.572274  0.259580    54.172103
>../../../../class1/tyr//data/domains/Catalytic_domain/structures/TyrRS_AF_Arch_Methanothermococcus_okinawensis_IH1_gene10772133.pdb
-0.880426  0.394657 -0.262861    26.647295
 0.454598  0.544824 -0.704633     9.939170
-0.134875 -0.739873 -0.659088    57.370840
>../../../../class1/tyr//data/domains/Catalytic_domain/structures/TyrRS_AF_Arch_Thermoplasma_acidophilum_DSM_1728_gene1456112.pdb
-0.116745 -0.802429 -0.585216    27.973648
-0.136738 -0.570648  0.809731    13.492120
-0.983704  0.174554 -0.043102    48.829413
>../../../../class1/tyr//data/domains/Catalytic_domain/structures/TyrRS_AF_Bact_Bifidobacterium_animalis_subsp_lactis_BLC1_gene66533077.pdb
 0.539045 -0.825645  0.166553    29.637845
 0.415942  0.088993 -0.905026    17.401043
 0.732409  0.557127  0.391392    57.166273
>../../../../class1/tyr//data/domains/Catalytic_domain/structures/TyrRS_AF_Bact_Brachyspira_pilosicoli_95_1000_gene56440491.pdb
-0.450552 -0.455710 -0.767679    24.377090
-0.500830 -0.582822  0.639912    14.121350
-0.739035  0.672791  0.034358    51.482014
>../../../../class1/tyr//data/domains/Catalytic_domain/structures/TyrRS_AF_Bact_Chlamydia_psittaci_6BC_gene12242888.pdb
 0.377422 -0.919749  0.107771    27.844049
 0.386723  0.050799 -0.920796    13.828096
 0.841426  0.389206  0.374860    53.580976
>../../../../class1/tyr//data/domains/Catalytic_domain/structures/TyrRS_AF_Bact_Lactococcus_lactis_subsp_cremoris_KW2_gene61108704.pdb
 0.371161 -0.922323  0.107519    28.155867
 0.435330  0.070560 -0.897502    17.742644
 0.820200  0.379924  0.427703    56.704424
>../../../../class1/tyr//data/domains/Catalytic_domain/structures/TyrRS_AF_Bact_Porphyromonas_gingivalis_ATCC_33277_gene29255602.pdb
-0.288787 -0.817833 -0.497746    27.986140
-0.526825 -0.298360  0.795887    17.520845
-0.799410  0.492067 -0.344693    51.143451
>../../../../class1/tyr//data/domains/Catalytic_domain/structures/TyrRS_AF_Bact_Prochlorococcus_marinus_subsp_marinus_str_CCMP1375_gene54200747.pdb
-0.566309 -0.323776 -0.757934    28.495062
 0.479166  0.618886 -0.622398    13.199516
 0.670592 -0.715646 -0.195338    54.876546
>../../../../class1/tyr//data/domains/Catalytic_domain/structures/TyrRS_AF_Bact_Serratia_plymuthica_AS9_gene57666950.pdb
-0.676453 -0.513304 -0.528140    30.826109
 0.558029  0.110771 -0.822395    17.888728
 0.480641 -0.851028  0.211507    57.378526
>../../../../class1/tyr//data/domains/Catalytic_domain/structures/TyrRS_AF_Bact_Streptobacillus_moniliformis_DSM_12112_gene29673957.pdb
-0.488812 -0.787309 -0.375776    25.752688
 0.497545  0.102228 -0.861393    12.938232
 0.716597 -0.608025  0.341752    62.110494
>../../../../class1/tyr//data/domains/Catalytic_domain/structures/TyrRS_AF_Euk_Cryptococcus_neoformans_var_neoformans_JEC21_gene3254328.pdb
 0.136374 -0.976667 -0.165902    29.535604
 0.324746  0.202286 -0.923916    16.367674
 0.935918  0.072123  0.344755    56.644017
>../../../../class1/tyr//data/domains/Catalytic_domain/structures/TyrRS_AF_Euk_Drosophila_melanogaster_gene39829.pdb
-0.760849 -0.106055 -0.640204    22.942571
 0.221780 -0.969648 -0.102944    17.769307
-0.609855 -0.220309  0.761276    47.915986
>../../../../class1/tyr//data/domains/Catalytic_domain/structures/TyrRS_AF_Euk_Plasmodium_falciparum_3D7_gene2655248.pdb
 0.212488 -0.285416  0.934552    28.843017
 0.746286 -0.569989 -0.343759    10.732816
 0.630798  0.770487  0.091886    55.169994
>../../../../class1/tyr//data/domains/Catalytic_domain/structures/TyrRS_AF_Euk_Seriola_dumerili_gene111223086.pdb
-0.668689  0.656123 -0.349798    20.957287
 0.279860 -0.213757 -0.935941    16.817047
-0.688864 -0.723748 -0.040685    47.087749
>../../../../class1/tyr//data/domains/Catalytic_domain/structures/TyrRS_AF_Mito_Aspergillus_fumigatus_Af293_gene3509181.pdb
 0.663671  0.740147  0.108272    34.530378
-0.525452  0.564307 -0.636755     4.941158
-0.532391  0.365704  0.763426    53.304095
>../../../../class1/tyr//data/domains/Catalytic_domain/structures/TyrRS_AF_Mito_Cyanidioschyzon_merolae_strain_10D_gene16996209.pdb
 0.237078 -0.938304 -0.251752    29.529722
 0.349745  0.324199 -0.878962    15.077124
 0.906351  0.120334  0.405028    57.178819
>../../../../class1/tyr//data/domains/Catalytic_domain/structures/TyrRS_AF_Vir_Megavirus_chiliensis_gene11257765.pdb
-0.650809  0.738660 -0.175583    29.297256
 0.461107  0.200814 -0.864323     6.474607
-0.603181 -0.643471 -0.471293    55.901547
>../../../../class1/tyr//data/domains/Catalytic_domain/structures/TyrRS_PDB_Arch_M_jannashii_1U7D.pdb
-0.983038  0.175557 -0.053069    22.162924
-0.014249  0.215380  0.976426   -17.010622
 0.182849  0.960620 -0.209225    13.274277
>../../../../class1/tyr//data/domains/Catalytic_domain/structures/TyrRS_PDB_E_coli_Bact_1WQ4.pdb
 1.000000 -0.000000  0.000000     0.000000
 0.000000  1.000000  0.000000     0.000000
-0.000000  0.000000  1.000000     0.000000
>../../../../class1/tyr//data/domains/Catalytic_domain/structures/TyrRS_PDB_Vir_Acanthamoeba_polyphaga_mimivirus_2J5B.pdb
 0.213363 -0.954168 -0.209857    95.540050
 0.950045  0.252724 -0.183153   -47.989649
 0.227795 -0.160295  0.960424     7.722057
