>../../../../class1/leu1//data/domains/Catalytic_domain/structures/LeuRS-B_AF_Bact_Bifidobacterium_longum_subsp_longum_JCM_1217_gene69578373.pdb
 0.303407  0.359591  0.882405    -5.844958
 0.015325 -0.927780  0.372812    -3.505494
 0.952738 -0.099591 -0.287005    12.714233
>../../../../class1/leu1//data/domains/Catalytic_domain/structures/LeuRS-B_AF_Bact_Brachyspira_pilosicoli_95_1000_gene56439070.pdb
-0.329619  0.847319  0.416417    -4.386947
 0.627964 -0.132591  0.766864    -2.634307
 0.704991  0.514267 -0.488381     9.461423
>../../../../class1/leu1//data/domains/Catalytic_domain/structures/LeuRS-B_AF_Bact_Chlamydia_psittaci_6BC_gene12243068.pdb
 0.531772  0.845682  0.045173    -4.613388
-0.546918  0.383654 -0.744104    -1.615569
-0.646606  0.370987  0.666535    10.171589
>../../../../class1/leu1//data/domains/Catalytic_domain/structures/LeuRS-B_AF_Bact_Clostridium_botulinum_A_str_ATCC_3502_gene5187707.pdb
 0.019025 -0.671279 -0.740961    -2.008020
 0.830301 -0.402250  0.385740    -3.290529
-0.556990 -0.622559  0.549711    13.162005
>../../../../class1/leu1//data/domains/Catalytic_domain/structures/LeuRS-B_AF_Bact_Mycoplasma_hyopneumoniae_168-L_gene57101518.pdb
-0.872236 -0.450242 -0.191014    -4.609536
-0.470419  0.879185  0.075756    -3.914242
 0.133829  0.155934 -0.978660    11.968504
>../../../../class1/leu1//data/domains/Catalytic_domain/structures/LeuRS-B_AF_Bact_Orientia_tsutsugamushi_str_Ikeda_gene66652454.pdb
 0.677624  0.703939  0.212825    -4.673426
-0.456096  0.629292 -0.629260    -1.335191
-0.576890  0.329333  0.747488    11.356526
>../../../../class1/leu1//data/domains/Catalytic_domain/structures/LeuRS-B_AF_Bact_Porphyromonas_gingivalis_ATCC_33277_gene29256038.pdb
-0.151485  0.827424  0.540760    -5.605476
 0.423854 -0.439851  0.791757    -1.748904
 0.892972  0.349143 -0.284077    10.656774
>../../../../class1/leu1//data/domains/Catalytic_domain/structures/LeuRS-B_AF_Bact_Thermus_thermophilus_HB8_gene3168656.pdb
 0.137640 -0.679056 -0.721068    -3.192112
 0.844267 -0.300254  0.443916     3.565416
-0.517947 -0.669874  0.531977    12.104345
>../../../../class1/leu1//data/domains/Catalytic_domain/structures/LeuRS-B_AF_Euk_Bathycoccus_prasinos_gene19015540.pdb
 0.582351  0.796992 -0.160221    -5.503061
-0.586924  0.275829 -0.761209    -2.606791
-0.562484  0.537328  0.628403    11.575976
>../../../../class1/leu1//data/domains/Catalytic_domain/structures/LeuRS-B_AF_Euk_Klebsormidium_nitens_protein971510658.pdb
-0.749658 -0.635667 -0.184232    -4.624676
-0.644867  0.764189 -0.012702    -2.117133
 0.148862  0.109283 -0.982801    11.764328
>../../../../class1/leu1//data/domains/Catalytic_domain/structures/LeuRS-B_AF_Euk_Plasmodium_falciparum_3D7_gene2655460.pdb
 0.290811  0.156076  0.943965    -1.482895
 0.003791 -0.986785  0.161988     1.680853
 0.956773 -0.043530 -0.287560    12.796372
>../../../../class1/leu1//data/domains/Catalytic_domain/structures/LeuRS-B_AF_Euk_Thalassiosira_pseudonana_CCMP1335_gene7441753.pdb
-0.303803  0.774307  0.555116    -5.509170
 0.568015 -0.320575  0.758018     2.190709
 0.764894  0.545602 -0.342426    13.324341
>../../../../class1/leu1//data/domains/Catalytic_domain/structures/LeuRS-B_AF_Mito_Drosophila_melanogaster_gene38581.pdb
-0.962283 -0.260289 -0.079133    -1.984350
-0.269498  0.872265  0.408075    -3.788723
-0.037192  0.414010 -0.909512     8.941386
>../../../../class1/leu1//data/domains/Catalytic_domain/structures/LeuRS-B_AF_Mito_Homo_sapiens_gene23395.pdb
 0.551506  0.834157 -0.004830    -3.901994
-0.460945  0.299920 -0.835211    -3.903192
-0.695249  0.462850  0.549908     9.859075
>../../../../class1/leu1//data/domains/Catalytic_domain/structures/LeuRS-B_PDB_Bact_T_therm_2V0C.pdb
 0.275466 -0.909235 -0.312107   -35.257921
-0.124800  0.288096 -0.949435    30.425279
 0.953175  0.300488 -0.034112     2.846086
>../../../../class1/met//data/domains/Catalytic_domain/structures/MetRS_AF_Arch_Aciduliprofundum_boonei_T469_gene8827030.pdb
-0.629609 -0.770290  0.101220    -2.623874
-0.757059  0.579026 -0.302640     4.842075
 0.174512 -0.267174 -0.947715     3.163331
>../../../../class1/met//data/domains/Catalytic_domain/structures/MetRS_AF_Arch_Candidatus_Korarchaeum_cryptofilum_OPF8_gene6093355.pdb
-0.042450  0.536120  0.843073    -3.951671
 0.327878 -0.789625  0.518641     2.785429
 0.943766  0.298442 -0.142263     0.031406
>../../../../class1/met//data/domains/Catalytic_domain/structures/MetRS_AF_Arch_Candidatus_Nitrosopumilus_sediminis_gene13696902.pdb
 0.828009  0.560699 -0.004116    -1.082406
-0.476986  0.700489 -0.530847     1.558147
-0.294762  0.441510  0.847458     1.403248
>../../../../class1/met//data/domains/Catalytic_domain/structures/MetRS_AF_Arch_Halalkalicoccus_jeotgali_B3_gene9420443.pdb
-0.731072 -0.681562 -0.031750    -1.996614
-0.638494  0.699798 -0.320325     1.188455
 0.240540 -0.213908 -0.946776     3.267999
>../../../../class1/met//data/domains/Catalytic_domain/structures/MetRS_AF_Bact_Bacillus_anthracis_str_Ames_Ancestor_gene45024892.pdb
 0.429104 -0.570825 -0.700021    -2.572908
 0.593666 -0.405862  0.694865     1.386589
-0.680758 -0.713747  0.164722     2.314346
>../../../../class1/met//data/domains/Catalytic_domain/structures/MetRS_AF_Bact_Brucella_suis_1330_gene45052047.pdb
-0.142677  0.561028  0.815409    -1.018507
 0.429442 -0.707163  0.561693     0.487082
 0.891753  0.430312 -0.140034    -0.530285
>../../../../class1/met//data/domains/Catalytic_domain/structures/MetRS_AF_Bact_Chlamydia_psittaci_6BC_gene12243105.pdb
-0.986785 -0.099731  0.127703     0.676806
-0.091074  0.993242  0.071937    -3.096179
-0.134015  0.059356 -0.989200     1.715181
>../../../../class1/met//data/domains/Catalytic_domain/structures/MetRS_AF_Bact_Mycoplasma_hyopneumoniae_168-L_gene57101263.pdb
-0.918806 -0.394704  0.002107     0.631876
-0.384281  0.895735  0.223576    -0.183580
-0.090133  0.204613 -0.974684     2.024648
>../../../../class1/met//data/domains/Catalytic_domain/structures/MetRS_AF_Bact_Nocardia_farcinica_IFM_10152_gene61135500.pdb
-0.545750  0.679436  0.490432    -0.088138
 0.670531  0.003096  0.741875    -0.551740
 0.502538  0.733728 -0.457273    -1.631413
>../../../../class1/met//data/domains/Catalytic_domain/structures/MetRS_AF_Bact_Prochlorococcus_marinus_subsp_marinus_str_CCMP1375_gene54200313.pdb
 1.000000  0.000000  0.000000     0.000000
 0.000000  1.000000  0.000000     0.000000
 0.000000  0.000000  1.000000     0.000000
>../../../../class1/met//data/domains/Catalytic_domain/structures/MetRS_AF_Bact_Streptobacillus_moniliformis_DSM_12112_gene29673607.pdb
 0.311661  0.394689 -0.864343     0.655682
 0.236735 -0.913218 -0.331646     3.160007
-0.920231 -0.101259 -0.378051     1.361141
>../../../../class1/met//data/domains/Catalytic_domain/structures/MetRS_AF_Bact_Treponema_denticola_ATCC_35405_gene2740824.pdb
 0.987262  0.130016 -0.091704    -2.458697
-0.158383  0.857878 -0.488835     1.081364
 0.015114  0.497133  0.867543    -1.117118
>../../../../class1/met//data/domains/Catalytic_domain/structures/MetRS_AF_Euk_Drosophila_melanogaster_gene37177.pdb
-0.613671 -0.632225  0.472969     4.564977
-0.781977  0.403837 -0.474792    -5.418577
 0.109173 -0.661217 -0.742208     3.665954
>../../../../class1/met//data/domains/Catalytic_domain/structures/MetRS_AF_Euk_Oryza_sativa_Japonica_Group_gene4341140.pdb
-0.254322 -0.758415  0.600105     2.070604
-0.809956 -0.172045 -0.560688    -1.435600
 0.528480 -0.628655 -0.570529     6.168212
>../../../../class1/met//data/domains/Catalytic_domain/structures/MetRS_AF_Euk_Scheffersomyces_stipitis_CBS_6054_gene4836672.pdb
 0.698992  0.714962 -0.015491     4.190154
-0.547154  0.520734 -0.655332     1.713489
-0.460471  0.466547  0.755182    -5.524136
>../../../../class1/met//data/domains/Catalytic_domain/structures/MetRS_AF_Euk_Trypanosoma_brucei_brucei_TREU927_gene3662741.pdb
 0.131208  0.278428 -0.951453     2.210605
 0.110967 -0.957843 -0.264995     0.434354
-0.985125 -0.070810 -0.156573    -1.488417
>../../../../class1/met//data/domains/Catalytic_domain/structures/MetRS_AF_Mito_Arvicanthis_niloticus_gene117706247.pdb
 0.276954  0.836966 -0.472001     2.278749
-0.405838 -0.343363 -0.846993     1.478807
-0.870972  0.426134  0.244577     0.378233
>../../../../class1/met//data/domains/Catalytic_domain/structures/MetRS_AF_Mito_Brachypodium_distachyon_gene100843706.pdb
-0.716963 -0.692725  0.078077     0.557710
-0.697011  0.710452 -0.097126     1.372388
 0.011811 -0.124056 -0.992205     1.618556
>../../../../class1/met//data/domains/Catalytic_domain/structures/MetRS_AF_Vir_Megavirus_chiliensis_gene11256705.pdb
 0.796746  0.603766 -0.025716    -2.525808
-0.489231  0.619453 -0.613947     1.536896
-0.354751  0.501741  0.788928     2.286492
>../../../../class1/met//data/domains/Catalytic_domain/structures/MetRS_PDB_Arch_P_abyssi_1RQG.pdb
 0.285627  0.125611 -0.950073    79.485281
 0.267152 -0.962510 -0.046940    25.652840
-0.920351 -0.240407 -0.308476    53.607180
>../../../../class1/met//data/domains/Catalytic_domain/structures/MetRS_PDB_Bact_E_coli_1PFV.pdb
-0.357097  0.551126  0.754150   -26.749789
 0.890800 -0.041945  0.452456   -19.935266
 0.280993  0.833367 -0.475964     7.321863
>../../../../class1/met//data/domains/Catalytic_domain/structures/MetRS_PDB_Bact_T_therm_1WOY.pdb
 0.256407  0.940870 -0.221404    46.885057
 0.378331  0.113093  0.918736  -112.935702
 0.889450 -0.319334 -0.326962    34.490119
