>structures/GlyRS-B_AF_Bact_Escherichia_coli_O157:H7_str._Sakai_gene915622.pdb
 0.132497 -0.669524 -0.730878     2.357106
 0.629188 -0.512952  0.583955     3.101279
-0.765877 -0.537231  0.353292     2.080565
>structures/GlyRS-Bα_AF_Bact_Brachyspira_pilosicoli_95_1000_gene56440230.pdb
-0.634565  0.584288  0.505900     0.672439
 0.707357  0.175326  0.684767     1.396946
 0.311404  0.792381 -0.524556     2.477725
>structures/GlyRS-Bα_AF_Bact_Chlamydia_pneumoniae_TW-183_gene45051002.pdb
 0.813097  0.287933 -0.505932     6.055814
 0.015303 -0.879380 -0.475874   -19.469847
-0.581927  0.379190 -0.719428     6.134108
>structures/GlyRS-Bα_AF_Bact_Lacticaseibacillus_paracasei_gene61269714.pdb
 0.393448 -0.696600 -0.599956     0.572419
 0.583964 -0.314664  0.748313     1.579437
-0.710060 -0.644775  0.282985     0.628975
>structures/GlyRS-Bα_AF_Bact_Prochlorococcus_marinus_subsp_marinus_str_CCMP1375_gene54200602.pdb
 0.815593 -0.274894 -0.509157     0.193801
 0.578197  0.353324  0.735425     1.722473
-0.022267 -0.894201  0.447111     0.471112
>structures/GlyRS-Bα_AF_Bact_Salmonella_enterica_subsp_enterica_serovar_Typhimurium_str_LT2_gene1255180.pdb
 1.000000  0.000000  0.000000     0.000000
 0.000000  1.000000  0.000000     0.000000
 0.000000  0.000000  1.000000     0.000000
>structures/GlyRS-Bα_AF_Bact_Streptobacillus_moniliformis_DSM_12112_gene29673275.pdb
 0.723327 -0.303023 -0.620464     0.257784
 0.661528  0.046528  0.748476     1.314715
-0.197937 -0.951847  0.234113     0.761115
>structures/GlyRS-Bα_AF_Euk_Ostreococcus_tauri_gene9837276.pdb
 0.703016  0.007831 -0.711131     6.276816
-0.710783  0.040899 -0.702222   -17.560729
 0.023585  0.999133  0.034319     6.322975
>structures/GlyRS-Bα_AF_Mito_Nymphaea_colorata_gene116265348.pdb
 0.925662  0.206743 -0.316872     5.013944
 0.162748 -0.973637 -0.159823   -19.580811
-0.341561  0.096372 -0.934906     7.547649
>structures/GlyRS-Bα_PDB_Bact_A_aeolicus_5f5w.pdb
-0.461293 -0.106661 -0.880813   -22.572296
-0.258271 -0.933615  0.248315    -0.007442
-0.848826  0.342034  0.403123   -43.581023
>structures/GlyRS-Bα_PDB_Bact_C_jejuni_3ufg.pdb
 0.637610  0.768578 -0.052366   -37.546711
-0.260839  0.151430 -0.953432     3.219655
-0.724856  0.621577  0.297028     1.335399
>structures/GlyRS-Bα_PDB_Bact_T_maritima_1j5w.pdb
 0.879160 -0.375327  0.293612   -15.985618
-0.034345  0.564639  0.824623   -36.936217
-0.475288 -0.735060  0.483517    58.774710
