>structures/GlyRS-Bα_AF_Bact_Brachyspira_pilosicoli_95_1000_gene56440230.pdb
-0.115595  0.560261  0.820210     0.157007
 0.145921 -0.807208  0.571945    -2.040761
 0.982520  0.185800  0.011556     0.414675
>structures/GlyRS-Bα_AF_Bact_Chlamydia_pneumoniae_TW-183_gene45051002.pdb
 0.685026 -0.281887 -0.671773    -7.594804
 0.302360 -0.728932  0.614196   -14.162828
-0.662810 -0.623858 -0.414106   -16.039278
>structures/GlyRS-Bα_AF_Bact_Lacticaseibacillus_paracasei_gene61269714.pdb
 0.674219 -0.735832 -0.063091     0.222677
 0.733235  0.656723  0.176303    -0.294650
-0.088296 -0.165127  0.982312    -0.226715
>structures/GlyRS-Bα_AF_Bact_Prochlorococcus_marinus_subsp_marinus_str_CCMP1375_gene54200602.pdb
 1.000000  0.000000  0.000000     0.000000
 0.000000  1.000000  0.000000     0.000000
 0.000000  0.000000  1.000000     0.000000
>structures/GlyRS-Bα_AF_Bact_Salmonella_enterica_subsp_enterica_serovar_Typhimurium_str_LT2_gene1255180.pdb
 0.815593  0.578197 -0.022267    -1.143502
-0.274894  0.353324 -0.894201    -0.134047
-0.509157  0.735425  0.447111    -1.378714
>structures/GlyRS-Bα_AF_Bact_Streptobacillus_moniliformis_DSM_12112_gene29673275.pdb
 0.976827 -0.199087 -0.078569    -0.190142
 0.211949  0.950855  0.225728    -0.420446
 0.029768 -0.237150  0.971017    -0.202297
>structures/GlyRS-Bα_AF_Euk_Ostreococcus_tauri_gene9837276.pdb
 0.161668  0.007516 -0.986817    -6.318685
-0.465995 -0.880881 -0.083052   -13.719525
-0.869892  0.473278 -0.138907   -14.659612
>structures/GlyRS-Bα_AF_Mito_Nymphaea_colorata_gene116265348.pdb
 0.856572 -0.396665 -0.330063    -8.544584
 0.108127 -0.487456  0.866427   -15.185267
-0.504572 -0.777846 -0.374651   -14.950847
>structures/GlyRS-Bα_PDB_Bact_A_aeolicus_5f5w.pdb
-0.506650 -0.634388 -0.583831   -18.587453
 0.794613 -0.606338 -0.030723    45.038993
-0.334508 -0.479485  0.811294    -9.371973
>structures/GlyRS-Bα_PDB_Bact_C_jejuni_3ufg.pdb
 0.385236  0.700799 -0.600395   -29.936201
 0.381060 -0.713356 -0.588147    10.120687
-0.840468 -0.002211 -0.541856    20.703335
>structures/GlyRS-Bα_PDB_Bact_T_maritima_1j5w.pdb
 0.709867  0.034667  0.703482   -36.791319
 0.172282  0.959902 -0.221149   -61.377081
-0.682941  0.278184  0.675430     5.759672
