>structures/SepRS_AF_Arch_Methanothrix_thermoacetophila_PT_gene4462697.pdb
 0.528646  0.246275  0.812331    29.500198
 0.827619  0.063115 -0.557730    62.731262
-0.188625  0.967143 -0.170456   -13.994242
>structures/SepRS_AF_Arch_unclassified_Candidatus_Bathyarchaeota_proteinUCD26266.1.pdb
-0.352395  0.877079 -0.326420    13.359837
-0.804438 -0.105653  0.584566    58.460251
 0.478224  0.468583  0.742787   -14.115262
>structures/SepRS_AF_Arch_unclassified_Lokiarchaeota_proteinTFF69421.1.pdb
-0.247133 -0.691804 -0.678478    20.184839
-0.700909 -0.355848  0.618141    63.159445
-0.669068  0.628315 -0.396950   -19.167990
>structures/SepRS_AF_Arch_unclassified_Thermoprotei_proteinRLF12424.1.pdb
 0.543325  0.724701  0.423800    21.124136
-0.664919  0.063285  0.744230    61.222379
 0.512524 -0.686151  0.516252   -10.667488
>structures/SepRS_PDB_Arch_2DU4_A_fulgidus.pdb
 0.999972 -0.000737  0.007436     0.124767
 0.000749  0.999998 -0.001728    -0.064795
-0.007434  0.001733  0.999971     0.160791
>structures/SepRS_PDB_Arch_2ODR_M_maripadulis.pdb
-0.414888 -0.674133  0.611076    48.186292
 0.251660  0.560384  0.789074    17.171617
-0.874377  0.481160 -0.062844    43.512069
