>../../../../class1/cys//data/domains/Catalytic_domain/structures/CysRS_AF_Arch_Aciduliprofundum_boonei_T469_gene8827372.pdb
 0.987107 -0.159347  0.015120     7.274317
 0.140933  0.910028  0.389856     3.431960
-0.075882 -0.382698  0.920752     0.558716
>../../../../class1/cys//data/domains/Catalytic_domain/structures/CysRS_AF_Arch_Candidatus_Nitrosopumilus_sediminis_gene13696907.pdb
 1.000000  0.000000  0.000000     0.000000
 0.000000  1.000000  0.000000     0.000000
 0.000000  0.000000  1.000000     0.000000
>../../../../class1/cys//data/domains/Catalytic_domain/structures/CysRS_AF_Arch_Methanospirillum_hungatei_JF-1_gene3922979.pdb
-0.116478  0.722596 -0.681386     5.504611
-0.542463 -0.620972 -0.565798     4.840656
-0.831966  0.303724  0.464311    -4.569763
>../../../../class1/cys//data/domains/Catalytic_domain/structures/CysRS_AF_Arch_Pyrobaculum_ferrireducens_gene11593896.pdb
-0.108471  0.404538 -0.908065     0.903710
-0.170645 -0.907474 -0.383890     3.572757
-0.979344  0.113315  0.167467    -0.607183
>../../../../class1/cys//data/domains/Catalytic_domain/structures/CysRS_AF_Bact_Bordetella_avium_197N_gene41394405.pdb
 0.216033  0.914078 -0.343208     1.777363
-0.474398 -0.208963 -0.855150     2.756967
-0.853391  0.347558  0.388494    -1.435983
>../../../../class1/cys//data/domains/Catalytic_domain/structures/CysRS_AF_Bact_Lactobacillus_amylovorus_GRL1118_gene66523130.pdb
-0.045424  0.727574 -0.684524     2.366892
-0.471882 -0.619591 -0.627244     4.238206
-0.880491  0.294523  0.371473    -1.210292
>../../../../class1/cys//data/domains/Catalytic_domain/structures/CysRS_AF_Bact_Mycobacterium_canettii_CIPT_140010059_gene45427568.pdb
-0.958621  0.282404 -0.035969     3.138495
 0.216313  0.804693  0.552881     2.689322
 0.185079  0.522223 -0.832484    -1.182636
>../../../../class1/cys//data/domains/Catalytic_domain/structures/CysRS_AF_Bact_Mycoplasma_hyopneumoniae_168-L_gene57101512.pdb
-0.120888  0.597639 -0.792599     3.052938
-0.256090 -0.790203 -0.556774     2.777699
-0.959064  0.135669  0.248575    -3.130976
>../../../../class1/cys//data/domains/Catalytic_domain/structures/CysRS_AF_Bact_Porphyromonas_gingivalis_ATCC_33277_gene29256960.pdb
 0.974591  0.173211  0.142025     6.339895
-0.182209  0.981835  0.052915    -0.006665
-0.130280 -0.077449  0.988448    -0.145092
>../../../../class1/cys//data/domains/Catalytic_domain/structures/CysRS_AF_Bact_Prochlorococcus_marinus_subsp_marinus_str_CCMP1375_gene54200571.pdb
-0.067462 -0.072360 -0.995094     4.139283
 0.368337 -0.928718  0.042562     3.137695
-0.927241 -0.363659  0.089306    -2.287910
>../../../../class1/cys//data/domains/Catalytic_domain/structures/CysRS_AF_Bact_Streptobacillus_moniliformis_DSM_12112_gene29673427.pdb
 0.860793 -0.504764 -0.065182     7.830178
 0.434888  0.662935  0.609417     6.343725
-0.264401 -0.552929  0.790166     0.257383
>../../../../class1/cys//data/domains/Catalytic_domain/structures/CysRS_AF_Bact_Treponema_pallidum_subsp_pertenue_str_SamoaD_gene57878631.pdb
 0.996159  0.079585  0.036505     7.529921
-0.083749  0.987693  0.132096     1.598274
-0.025543 -0.134646  0.990564    -1.682748
>../../../../class1/cys//data/domains/Catalytic_domain/structures/CysRS_AF_Euk_Arabidopsis_thaliana_gene833874.pdb
-0.091442  0.709456 -0.698792     0.590474
-0.225820 -0.698224 -0.679329     2.310570
-0.969868  0.095682  0.224057     1.656551
>../../../../class1/cys//data/domains/Catalytic_domain/structures/CysRS_AF_Euk_Cyanidioschyzon_merolae_strain_10D_gene16993418.pdb
 0.092779 -0.173711 -0.980417    -4.179157
 0.506981 -0.839221  0.196670     3.117681
-0.856949 -0.515299  0.010206     5.408219
>../../../../class1/cys//data/domains/Catalytic_domain/structures/CysRS_AF_Euk_Drosophila_melanogaster_gene36784.pdb
 0.279186 -0.618988 -0.734104     0.772114
 0.637150 -0.452545  0.623894    -1.459047
-0.718398 -0.641917  0.268044     2.565886
>../../../../class1/cys//data/domains/Catalytic_domain/structures/CysRS_AF_Euk_Micromonas_commoda_gene8246535.pdb
-0.880461 -0.240515 -0.408583    -0.059730
-0.208878  0.970412 -0.121125     1.562991
 0.425626 -0.021302 -0.904648     1.713993
>../../../../class1/cys//data/domains/Catalytic_domain/structures/CysRS_AF_Mito_Morone_saxatilis_gene118339815.pdb
 0.885662  0.397933  0.239273     1.315394
-0.406538  0.913519 -0.014474     5.994300
-0.224341 -0.084455  0.970844    -1.549603
>../../../../class1/cys//data/domains/Catalytic_domain/structures/CysRS_AF_Mito_Saccharomyces_cerevisiae_S288C_gene855474.pdb
 0.881172 -0.147223  0.449289     1.518328
-0.084371  0.886064  0.455820    -0.399992
-0.465206 -0.439563  0.768354     2.207958
>../../../../class1/cys//data/domains/Catalytic_domain/structures/CysRS_AF_Vir_Megavirus_chiliensis_gene11257271.pdb
-0.653281 -0.756575 -0.028602     0.735100
-0.622711  0.558414 -0.548092    -2.097379
 0.430645 -0.340248 -0.835929    -0.963078
>../../../../class1/cys//data/domains/Catalytic_domain/structures/CysRS_PDB_Bact_E_coli_1LI5.pdb
-0.411909 -0.207282 -0.887336   104.500526
-0.905535 -0.015539  0.423987    55.240285
-0.101673  0.978158 -0.181300   -72.189067
>../../../../class1/cys//data/domains/Catalytic_domain/structures/CysRS_PDB_Bact_M_smegmatis_3C8Z.pdb
-0.325922  0.485903  0.810971    40.238450
-0.216221 -0.873385  0.436402    31.827958
 0.920339 -0.033116  0.389718   -21.731727
>../../../../class1/met//data/domains/Catalytic_domain/structures/MetRS_AF_Arch_Aciduliprofundum_boonei_T469_gene8827030.pdb
 0.168501 -0.427640 -0.888106     3.070205
 0.398285 -0.794624  0.458194    -0.804533
-0.901652 -0.430925  0.036427    -0.698092
>../../../../class1/met//data/domains/Catalytic_domain/structures/MetRS_AF_Arch_Candidatus_Korarchaeum_cryptofilum_OPF8_gene6093355.pdb
 0.885178  0.459809 -0.070960     0.218912
-0.464882  0.880208 -0.095489     1.127946
 0.018553  0.117512  0.992898    -2.443226
>../../../../class1/met//data/domains/Catalytic_domain/structures/MetRS_AF_Arch_Candidatus_Nitrosopumilus_sediminis_gene13696902.pdb
-0.121249  0.437237  0.891135     2.068978
 0.818344 -0.464072  0.339043     3.242850
 0.561793  0.770364 -0.301542    -0.544680
>../../../../class1/met//data/domains/Catalytic_domain/structures/MetRS_AF_Arch_Halalkalicoccus_jeotgali_B3_gene9420443.pdb
 0.199892 -0.377056 -0.904363     3.779946
 0.239657 -0.876141  0.418261     2.708279
-0.950057 -0.300344 -0.084769    -1.720246
>../../../../class1/met//data/domains/Catalytic_domain/structures/MetRS_AF_Bact_Bacillus_anthracis_str_Ames_Ancestor_gene45024892.pdb
-0.685850 -0.727598 -0.014538     2.692924
-0.250507  0.254796 -0.933984     2.363037
 0.683268 -0.636931 -0.357020    -2.011173
>../../../../class1/met//data/domains/Catalytic_domain/structures/MetRS_AF_Bact_Brucella_suis_1330_gene45052047.pdb
 0.813004  0.575068 -0.091225     0.267911
-0.582218  0.801063 -0.138998     4.713019
-0.006856  0.166118  0.986082    -0.672482
>../../../../class1/met//data/domains/Catalytic_domain/structures/MetRS_AF_Bact_Chlamydia_psittaci_6BC_gene12243105.pdb
-0.278157 -0.073797 -0.957696     3.291509
-0.295149 -0.942241  0.158330     7.793829
-0.914065  0.326704  0.240310    -1.117294
>../../../../class1/met//data/domains/Catalytic_domain/structures/MetRS_AF_Bact_Mycoplasma_hyopneumoniae_168-L_gene57101263.pdb
-0.175812  0.051133 -0.983095     3.280113
-0.022629 -0.998596 -0.047893     5.402723
-0.984164  0.013826  0.176723     0.262519
>../../../../class1/met//data/domains/Catalytic_domain/structures/MetRS_AF_Bact_Nocardia_farcinica_IFM_10152_gene61135500.pdb
 0.353249  0.816966 -0.455831    -0.370823
-0.903100  0.170612 -0.394082     6.047083
-0.244182  0.550871  0.798071    -0.208607
>../../../../class1/met//data/domains/Catalytic_domain/structures/MetRS_AF_Bact_Prochlorococcus_marinus_subsp_marinus_str_CCMP1375_gene54200313.pdb
 0.136094 -0.112397  0.984299     1.000073
 0.413399 -0.896467 -0.159526     5.143188
 0.900322  0.428619 -0.075538     0.004451
>../../../../class1/met//data/domains/Catalytic_domain/structures/MetRS_AF_Bact_Streptobacillus_moniliformis_DSM_12112_gene29673607.pdb
-0.889611  0.041631 -0.454817     2.174410
 0.051644  0.998619 -0.009607     2.508614
 0.453789 -0.032035 -0.890533     1.876754
>../../../../class1/met//data/domains/Catalytic_domain/structures/MetRS_AF_Bact_Treponema_denticola_ATCC_35405_gene2740824.pdb
 0.174498  0.416458  0.892252    -0.701797
 0.554947 -0.790126  0.260260     3.315676
 0.813378  0.449738 -0.368987    -1.919874
>../../../../class1/met//data/domains/Catalytic_domain/structures/MetRS_AF_Euk_Drosophila_melanogaster_gene37177.pdb
 0.111590 -0.786816 -0.607016     5.711430
 0.432678 -0.511425  0.742451    11.203590
-0.894616 -0.345493  0.283368     1.355784
>../../../../class1/met//data/domains/Catalytic_domain/structures/MetRS_AF_Euk_Oryza_sativa_Japonica_Group_gene4341140.pdb
 0.580568 -0.708580 -0.401067     7.526290
 0.538142 -0.035718  0.842097     5.954772
-0.611019 -0.704726  0.360580     0.780971
>../../../../class1/met//data/domains/Catalytic_domain/structures/MetRS_AF_Euk_Scheffersomyces_stipitis_CBS_6054_gene4836672.pdb
-0.304730  0.500941  0.810060    -4.247487
 0.850361 -0.239976  0.468292     6.157114
 0.428982  0.831546 -0.352853     4.717646
>../../../../class1/met//data/domains/Catalytic_domain/structures/MetRS_AF_Euk_Trypanosoma_brucei_brucei_TREU927_gene3662741.pdb
-0.966071  0.071408 -0.248210    -0.434967
 0.110173  0.983135 -0.145970     6.430832
 0.233600 -0.168364 -0.957645     2.306729
>../../../../class1/met//data/domains/Catalytic_domain/structures/MetRS_AF_Mito_Arvicanthis_niloticus_gene117706247.pdb
-0.778643  0.567132  0.268471     1.521867
 0.612307  0.593281  0.522588     5.051573
 0.137098  0.571296 -0.809213     2.692493
>../../../../class1/met//data/domains/Catalytic_domain/structures/MetRS_AF_Mito_Brachypodium_distachyon_gene100843706.pdb
-0.000225 -0.276258 -0.961084     2.359452
 0.301379 -0.916416  0.263348     4.212143
-0.953505 -0.289591  0.083464     0.812160
>../../../../class1/met//data/domains/Catalytic_domain/structures/MetRS_AF_Vir_Megavirus_chiliensis_gene11256705.pdb
-0.192279  0.515683  0.834925     2.664892
 0.828619 -0.370503  0.419664     2.447748
 0.525756  0.772528 -0.356064    -1.951129
>../../../../class1/met//data/domains/Catalytic_domain/structures/MetRS_PDB_Arch_P_abyssi_1RQG.pdb
-0.884274 -0.123604 -0.450312    64.082848
 0.021634  0.952453 -0.303916     6.886151
 0.466466 -0.278487 -0.839556    76.618475
>../../../../class1/met//data/domains/Catalytic_domain/structures/MetRS_PDB_Bact_E_coli_1PFV.pdb
 0.125928  0.904286 -0.407932     6.559457
-0.991194  0.131664 -0.014113    10.611481
 0.040948  0.406117  0.912903   -33.179847
>../../../../class1/met//data/domains/Catalytic_domain/structures/MetRS_PDB_Bact_T_therm_1WOY.pdb
 0.862793 -0.191385 -0.467932    55.818705
-0.386298  0.347512 -0.854406   119.680576
 0.326132  0.917936  0.225900    -9.593836
