>structures/PheRS-Aβ_AF_Arch_Candidatus_Nitrosopumilus_koreensis_AR1_gene13724457.pdb
 0.250544  0.387761 -0.887057     0.555943
-0.572989 -0.679161 -0.458720     2.057398
-0.780328  0.623203  0.052023     5.653173
>structures/PheRS-Aβ_AF_Arch_Halalkalicoccus_jeotgali_B3_gene9420006.pdb
 0.635088 -0.652071 -0.414086     2.840180
 0.735167  0.345740  0.583090     0.352775
-0.237050 -0.674736  0.698956     3.622266
>structures/PheRS-Aβ_AF_Arch_Sulfolobus_islandicus_YG5714_gene7807969.pdb
 0.008214  0.360628 -0.932674     0.790052
-0.605692 -0.740344 -0.291596     2.625836
-0.795657  0.567308  0.212348     2.826269
>structures/PheRS-Aβ_AF_Arch_Thermoplasma_volcanium_GSS1_gene1441711.pdb
-0.984329  0.162844  0.067669    -0.627272
 0.157717  0.984612 -0.075260    -3.245489
-0.078884 -0.063408 -0.994865     4.084165
>structures/PheRS-Aβ_AF_Euk_Astyanax_mexicanus_gene103044481.pdb
-0.495536  0.733647  0.464980    -1.778052
 0.647361 -0.044970  0.760856     2.954877
 0.579109  0.678041 -0.452650     3.434888
>structures/PheRS-Aβ_AF_Euk_Drosophila_melanogaster_gene42888.pdb
 0.149587 -0.621932 -0.768651    -2.411940
 0.273454 -0.721053  0.636637     2.916496
-0.950183 -0.305423  0.062210     1.408257
>structures/PheRS-Aβ_AF_Euk_Plasmodium_falciparum_3D7_gene810604.pdb
 0.105131  0.681880 -0.723870    -0.561714
-0.664549 -0.493341 -0.561239     5.034666
-0.739812  0.540050  0.401277    -1.098895
>structures/PheRS-Aβ_AF_Euk_Saccharomyces_cerevisiae_S288C_gene850749.pdb
 1.000000  0.000000  0.000000     0.000000
 0.000000  1.000000  0.000000     0.000000
 0.000000  0.000000  1.000000     0.000000
>structures/PheRS-Aβ_PDB_Euk.B_H_sapiens_3L4G.pdb
 0.018627  0.992905  0.117442   -94.841716
-0.745031 -0.064550  0.663899    35.586827
 0.666769 -0.099864  0.738543   -32.318810
