>../../../../class2/asn//data/domains/Catalytic_domain/structures/AsnRS_AF_Arch_Candidatus_Korarchaeum_cryptofilum_OPF8_gene6094562.pdb
 0.062974  0.564799  0.822822    -4.929063
-0.195959 -0.801412  0.565100    -2.986070
 0.978588 -0.196826  0.060210     1.760742
>../../../../class2/asn//data/domains/Catalytic_domain/structures/AsnRS_AF_Arch_Candidatus_Nitrososphaera_gargensis_Ga92_gene13796664.pdb
 0.660776  0.701008 -0.268260    -5.595018
-0.247181 -0.134232 -0.959627    -4.703154
-0.708715  0.700407  0.084579    -0.321513
>../../../../class2/asn//data/domains/Catalytic_domain/structures/AsnRS_AF_Arch_Ferroplasma_acidarmanus_Fer1_gene16025664.pdb
 0.833035 -0.553216 -0.001992     1.965676
 0.527911  0.795997 -0.296139    -6.045146
 0.165414  0.245643  0.955143     4.568459
>../../../../class2/asn//data/domains/Catalytic_domain/structures/AsnRS_AF_Arch_Pyrococcus_sp_ST04_gene13021535.pdb
 0.880015 -0.474939 -0.002631     1.679756
 0.450759  0.836932 -0.310421    -6.545884
 0.149633  0.271989  0.950595     3.577738
>../../../../class2/asn//data/domains/Catalytic_domain/structures/AsnRS_AF_Bact_Clostridium_acetobutylicum_DSM_1731_gene44999755.pdb
 0.581959  0.777363 -0.238812    -6.138550
-0.284791 -0.080249 -0.955225    -3.991312
-0.761720  0.623913  0.174684     1.424358
>../../../../class2/asn//data/domains/Catalytic_domain/structures/AsnRS_AF_Bact_Mycoplasma_hyopneumoniae_168-L_gene57101291.pdb
 0.975513 -0.181886  0.123660     2.682275
 0.219418  0.843591 -0.490112    -6.871600
-0.015174  0.505244  0.862843     2.484187
>../../../../class2/asn//data/domains/Catalytic_domain/structures/AsnRS_AF_Bact_Porphyromonas_gingivalis_ATCC_33277_gene29256423.pdb
 0.919860 -0.387492  0.060886     0.981236
 0.388785  0.880117 -0.272470    -5.504814
 0.051993  0.274305  0.960236     2.735289
>../../../../class2/asn//data/domains/Catalytic_domain/structures/AsnRS_AF_Bact_Streptobacillus_moniliformis_DSM_12112_gene29673200.pdb
 0.490326  0.843347 -0.219878    -5.488052
-0.220356 -0.124128 -0.967489    -4.418288
-0.843222  0.522837  0.124973     1.082726
>../../../../class2/asn//data/domains/Catalytic_domain/structures/AsnRS_AF_Bact_Thermus_thermophilus_HB8_gene3168522.pdb
 0.979537 -0.078838  0.185178     2.519226
 0.177142  0.774470 -0.607303    -7.956180
-0.095536  0.627678  0.772588     2.010413
>../../../../class2/asn//data/domains/Catalytic_domain/structures/AsnRS_AF_Bact_Treponema_pallidum_subsp_pertenue_str_SamoaD_gene57879132.pdb
 0.657666  0.729965 -0.186081    -5.994685
-0.246731 -0.024663 -0.968770    -4.383382
-0.711758  0.683039  0.163885     0.286745
>../../../../class2/asn//data/domains/Catalytic_domain/structures/AsnRS_AF_Bact_unclassified_Blastocatellia_proteinRPI49177.1.pdb
 0.972325  0.171008  0.159183     0.907977
 0.008035  0.656467 -0.754312    -8.359354
-0.233492  0.734716  0.636926     0.607810
>../../../../class2/asn//data/domains/Catalytic_domain/structures/AsnRS_AF_Euk_Candida_albicans_SC5314_gene3646227.pdb
 0.919330 -0.393253 -0.013619    -0.803926
 0.335430  0.801308 -0.495371   -10.363387
 0.205719  0.450841  0.868575     4.063786
>../../../../class2/asn//data/domains/Catalytic_domain/structures/AsnRS_AF_Euk_Cryptococcus_gattii_WM276_gene10190222.pdb
 0.931377 -0.351870 -0.093404    -3.802772
 0.240014  0.786393 -0.569191   -11.743001
 0.273733  0.507713  0.816883     3.779676
>../../../../class2/asn//data/domains/Catalytic_domain/structures/AsnRS_AF_Euk_Encephalitozoon_intestinalis_ATCC_50506_gene9698489.pdb
 0.884128 -0.466979 -0.015790     1.886973
 0.455527  0.868983 -0.193298    -4.893429
 0.103987  0.163708  0.981013     4.142839
>../../../../class2/asn//data/domains/Catalytic_domain/structures/AsnRS_AF_Euk_Vitis_vinifera_gene100257593.pdb
 0.463340  0.886172 -0.004044    -7.865643
-0.120032  0.058236 -0.991061    -2.331536
-0.878014  0.459683  0.133352    -0.727527
>../../../../class2/asn//data/domains/Catalytic_domain/structures/AsnRS_AF_Mito_Homo_sapiens_gene79731.pdb
 0.260495 -0.033711  0.964886    -3.284657
-0.538484 -0.834583  0.116219    -6.158498
 0.801360 -0.549850 -0.235558     1.598079
>../../../../class2/asn//data/domains/Catalytic_domain/structures/AsnRS_AF_Mito_Zeugodacus_cucurbitae_gene105213230.pdb
-0.895128 -0.417307 -0.156845    -7.014932
-0.441729  0.782744  0.438392    -6.750591
-0.060175  0.461700 -0.884993    -1.435790
>../../../../class2/asn//data/domains/Catalytic_domain/structures/AsnRS_PDB_Arch_P_horikoshii_1X54.pdb
 0.666325 -0.345514  0.660780   -18.741984
-0.717537 -0.056024  0.694263   -30.584825
-0.202858 -0.936740 -0.285250    11.180304
>../../../../class2/asn//data/domains/Catalytic_domain/structures/AsnRS_PDB_Bact_E_anophelis_6pqh.pdb
 0.117942  0.339830 -0.933062   -55.145771
 0.058383 -0.940368 -0.335111   -23.507845
-0.991303 -0.014952 -0.130749   -19.043653
>../../../../class2/his//data/domains/Catalytic_domain/structures/HisRS_AF_Arch_Candidatus_Methanomassiliicoccus_intestinalis_Issoire-Mx1_gene16154026.pdb
-0.995712  0.091633 -0.012714    -3.704174
 0.067152  0.810444  0.581954    -0.384377
 0.063630  0.578605 -0.813122     0.032946
>../../../../class2/his//data/domains/Catalytic_domain/structures/HisRS_AF_Arch_Candidatus_Nitrosopumilus_koreensis_AR1_gene13725657.pdb
 0.957116  0.275473 -0.089682    -0.140051
-0.267344  0.720602 -0.639734    -1.120052
-0.111604  0.636276  0.763346    -1.471601
>../../../../class2/his//data/domains/Catalytic_domain/structures/HisRS_AF_Arch_Desulfurococcus_amylolyticus_1221n_gene7171287.pdb
 0.382001 -0.522437 -0.762322     1.646119
 0.889854 -0.014737  0.456007     0.752212
-0.249469 -0.852551  0.459263    -0.196518
>../../../../class2/his//data/domains/Catalytic_domain/structures/HisRS_AF_Arch_Methanoregula_formicica_SMSP_gene14310605.pdb
-0.883759  0.436154  0.169528    -3.351810
 0.380269  0.458265  0.803361     2.455701
 0.272701  0.774443 -0.570852    -0.456136
>../../../../class2/his//data/domains/Catalytic_domain/structures/HisRS_AF_Bact_Chlamydia_muridarum_str_Nigg_gene1246198.pdb
 0.684294  0.728886  0.021618    -0.131269
-0.211142  0.226426 -0.950868    -1.276562
-0.697969  0.646109  0.308840     1.257370
>../../../../class2/his//data/domains/Catalytic_domain/structures/HisRS_AF_Bact_Lacticaseibacillus_paracasei_gene61269730.pdb
 0.941809 -0.307656 -0.135441     3.658391
 0.308626  0.951076 -0.014309     0.374552
 0.133217 -0.028324  0.990682     3.401299
>../../../../class2/his//data/domains/Catalytic_domain/structures/HisRS_AF_Bact_Paracoccus_denitrificans_PD1222_gene75501415.pdb
 0.241915 -0.231836 -0.942194    -0.250685
 0.926030 -0.234791  0.295537    -0.865695
-0.289735 -0.943994  0.157888    -1.292466
>../../../../class2/his//data/domains/Catalytic_domain/structures/HisRS_AF_Bact_Prochlorococcus_marinus_subsp_marinus_str_CCMP1375_gene54200127.pdb
 0.145425 -0.444243 -0.884025    -1.161235
 0.834189 -0.425369  0.350985     6.489888
-0.531959 -0.788486  0.308723     0.341782
>../../../../class2/his//data/domains/Catalytic_domain/structures/HisRS_AF_Bact_Streptobacillus_moniliformis_DSM_12112_gene29674169.pdb
 0.949275 -0.301978 -0.087667     5.030014
 0.292101  0.950074 -0.109708    -0.503261
 0.116420  0.078536  0.990090     1.877332
>../../../../class2/his//data/domains/Catalytic_domain/structures/HisRS_AF_Bact_Streptomyces_albidoflavus_gene15149169.pdb
 0.996310 -0.025794  0.081856    -0.883322
 0.028502  0.999079 -0.032084     0.347172
-0.080953  0.034299  0.996128     0.598323
>../../../../class2/his//data/domains/Catalytic_domain/structures/HisRS_AF_Bact_Thermus_thermophilus_HB8_gene3168691.pdb
 0.845108 -0.461311 -0.270158     2.625944
 0.485322  0.873953  0.025856     0.051927
 0.224178 -0.152964  0.962469     3.746597
>../../../../class2/his//data/domains/Catalytic_domain/structures/HisRS_AF_Bact_Treponema_denticola_ATCC_35405_gene2741405.pdb
 0.243935  0.645822 -0.723470    -1.709381
-0.377277 -0.624044 -0.684274     0.890748
-0.893397  0.439867  0.091427     1.571822
>../../../../class2/his//data/domains/Catalytic_domain/structures/HisRS_AF_Euk_Arabidopsis_thaliana_gene823753.pdb
 1.000000  0.000000  0.000000     0.000000
 0.000000  1.000000  0.000000     0.000000
 0.000000  0.000000  1.000000     0.000000
>../../../../class2/his//data/domains/Catalytic_domain/structures/HisRS_AF_Euk_Cryptococcus_gattii_WM276_gene10186972.pdb
 0.083850 -0.621996  0.778518     0.961548
-0.751948 -0.552148 -0.360149     0.682286
 0.653868 -0.555207 -0.514006    -0.084525
>../../../../class2/his//data/domains/Catalytic_domain/structures/HisRS_AF_Euk_Plasmodium_falciparum_3D7_gene812010.pdb
 0.754212 -0.164568 -0.635675   -11.662101
-0.314623  0.759151 -0.569827    -6.004155
 0.576348  0.629768  0.520783    -7.816428
>../../../../class2/his//data/domains/Catalytic_domain/structures/HisRS_AF_Euk_Platysiphonia_delicata_gene33353157.pdb
 0.946141 -0.304320 -0.110486     6.059742
 0.302108  0.952569 -0.036646     0.572207
 0.116397  0.001293  0.993202     3.258324
>../../../../class2/his//data/domains/Catalytic_domain/structures/HisRS_PDB_Arch_T_acidophilum_1WU7.pdb
 0.320902 -0.926226 -0.197806    54.900204
-0.762898 -0.129021 -0.633514    58.446176
 0.561257  0.354202 -0.748019    30.665763
>../../../../class2/his//data/domains/Catalytic_domain/structures/HisRS_PDB_Bact_B_thailandensis_4e51.pdb
-0.546159 -0.607281  0.576992   -23.353359
-0.193270  0.761564  0.618601   -27.253082
-0.815081  0.226339 -0.533304    28.774274
>../../../../class2/his//data/domains/Catalytic_domain/structures/HisRS_PDB_Bact_E_coli_1HTT.pdb
-0.240370  0.964514  0.109251   -21.649114
-0.743848 -0.110718 -0.659114     7.309481
-0.623629 -0.239697  0.744065   -22.642279
