>structures/AlaRS_AF_Arch_Candidatus_Korarchaeum_cryptofilum_OPF8_gene6094822.pdb
-0.335250  0.406034 -0.850143   -14.532254
 0.940380  0.199173 -0.275708     3.799336
 0.057379 -0.891889 -0.448599   -16.733075
>structures/AlaRS_AF_Arch_Candidatus_Nitrosopumilus_koreensis_AR1_gene13725795.pdb
-0.212906 -0.325703  0.921188   -16.190141
 0.143758 -0.942986 -0.300185    20.739136
 0.966439  0.068517  0.247590   -14.745469
>structures/AlaRS_AF_Arch_Sulfolobus_islandicus_YG5714_gene7807284.pdb
-0.043384  0.269754 -0.961951    -9.768301
-0.137420 -0.955317 -0.261696   -35.675991
-0.989562  0.120838  0.078515   -32.475780
>structures/AlaRS_AF_Arch_Thermoplasma_acidophilum_DSM_1728_gene1456391.pdb
 0.071537 -0.992506  0.099072     7.634732
 0.293518 -0.073981 -0.953087   -51.853806
 0.953273  0.097260  0.286026     6.606651
>structures/AlaRS_AF_Bact_Brucella_melitensis_bv_1_str_16M_gene29593597.pdb
-0.238639  0.085480  0.967339     2.973755
-0.529055 -0.846758 -0.055691    20.824708
 0.814342 -0.525065  0.247293    -4.195042
>structures/AlaRS_AF_Bact_Chlamydia_psittaci_6BC_gene12242512.pdb
 0.723502  0.326939  0.607993   -20.614717
-0.301695  0.941926 -0.147494   -28.592852
-0.620906 -0.076717  0.780122   -36.920456
>structures/AlaRS_AF_Bact_Lactobacillus_acidophilus_La-14_gene56942022.pdb
 0.371787  0.925267 -0.075203   -19.673392
-0.638311  0.195980 -0.744413    -6.079210
-0.674043  0.324766  0.663471   -29.705045
>structures/AlaRS_AF_Bact_Nocardia_farcinica_IFM_10152_gene61134339.pdb
 0.741197  0.405318  0.535112   -20.232335
 0.027575  0.778086 -0.627553    20.023421
-0.670721  0.479896  0.565537   -10.567878
>structures/AlaRS_AF_Bact_Porphyromonas_gingivalis_ATCC_33277_gene29256567.pdb
 0.887969 -0.113148  0.445767   -17.654397
 0.155601  0.986016 -0.059679     6.083645
-0.432780  0.122355  0.893158   -21.645966
>structures/AlaRS_AF_Bact_Prochlorococcus_marinus_subsp_marinus_str_CCMP1375_gene54199407.pdb
-0.131542 -0.991290 -0.006416   -28.321586
-0.813252  0.104211  0.572505    20.247465
-0.566850  0.080526 -0.819876   -15.954805
>structures/AlaRS_AF_Bact_Streptobacillus_moniliformis_DSM_12112_gene29672963.pdb
 0.999755 -0.007585  0.020773    -0.286553
 0.007378  0.999923  0.010001     0.285593
-0.020847 -0.009845  0.999734    -1.528484
>structures/AlaRS_AF_Euk_Cyanidioschyzon_merolae_strain_10D_gene16993235.pdb
-0.283135 -0.263896 -0.922059   -17.823305
 0.483238 -0.869699  0.100523     3.008746
-0.828442 -0.417113  0.373767   -31.712295
>structures/AlaRS_AF_Euk_Marasmius_oreades_gene66078979.pdb
 0.419814  0.887995  0.187672   -32.859413
-0.713240  0.194903  0.673277    23.013699
 0.561288 -0.416506  0.715177    10.876392
>structures/AlaRS_AF_Euk_Saccharomyces_cerevisiae_S288C_gene854513.pdb
 0.023591 -0.588743  0.807976   -13.004369
 0.044022 -0.806805 -0.589175     0.381078
 0.998752  0.049468  0.006884   -14.838594
