>structures/AlaRS_AF_Arch_Candidatus_Korarchaeum_cryptofilum_OPF8_gene6094822.pdb
-0.757744  0.300585  0.579200    12.955844
 0.424773 -0.446593  0.787479   -15.737034
 0.495371  0.842736  0.210722    -8.640326
>structures/AlaRS_AF_Arch_Candidatus_Nitrosopumilus_koreensis_AR1_gene13725795.pdb
-0.657926  0.753082  0.000814    -0.540989
 0.274693  0.240989 -0.930843   -12.076616
-0.701197 -0.612202 -0.365419     0.682520
>structures/AlaRS_AF_Arch_Sulfolobus_islandicus_YG5714_gene7807284.pdb
 0.695646  0.663304  0.275869    54.193922
-0.038512 -0.349026  0.936321   -25.085021
 0.717351 -0.661973 -0.217254   -18.807460
>structures/AlaRS_AF_Arch_Thermoplasma_acidophilum_DSM_1728_gene1456391.pdb
-0.793286  0.153956  0.589062    39.850315
 0.046743  0.980047 -0.193194   -41.536958
-0.607052 -0.125724 -0.784654   -59.444924
>structures/AlaRS_AF_Bact_Brucella_melitensis_bv_1_str_16M_gene29593597.pdb
 0.005167  0.976224 -0.216701   -11.245245
 0.268539 -0.210099 -0.940077   -31.030946
-0.963255 -0.053336 -0.263240   -11.199022
>structures/AlaRS_AF_Bact_Chlamydia_psittaci_6BC_gene12242512.pdb
 0.504915 -0.763911 -0.401872    50.870910
-0.791998 -0.224881 -0.567599   -13.722825
 0.343222  0.604870 -0.718562   -10.175986
>structures/AlaRS_AF_Bact_Lactobacillus_acidophilus_La-14_gene56942022.pdb
 0.850880 -0.471257  0.232207    28.137382
-0.495982 -0.866306  0.059294   -12.819081
 0.173220 -0.165622 -0.970858    -4.264029
>structures/AlaRS_AF_Bact_Nocardia_farcinica_IFM_10152_gene61134339.pdb
 0.262607 -0.957701  0.117670    -3.671635
-0.780493 -0.282536 -0.557677    -7.204519
 0.567334  0.054609 -0.821675    -4.116054
>structures/AlaRS_AF_Bact_Porphyromonas_gingivalis_ATCC_33277_gene29256567.pdb
 0.001889 -0.848791 -0.528725    13.691234
-0.898732  0.230403 -0.373090   -12.299775
 0.438495  0.475887 -0.762400    -3.266299
>structures/AlaRS_AF_Bact_Prochlorococcus_marinus_subsp_marinus_str_CCMP1375_gene54199407.pdb
 1.000000  0.000000  0.000000     0.000000
 0.000000  1.000000  0.000000     0.000000
 0.000000  0.000000  1.000000     0.000000
>structures/AlaRS_AF_Bact_Streptobacillus_moniliformis_DSM_12112_gene29672963.pdb
-0.131718 -0.808322 -0.573817     4.009224
-0.991080  0.119227  0.059548   -28.352653
 0.020281  0.576542 -0.816816   -23.168915
>structures/AlaRS_AF_Euk_Cyanidioschyzon_merolae_strain_10D_gene16993235.pdb
 0.111759  0.980931 -0.159011    20.799257
 0.277337  0.122867  0.952884   -12.572622
 0.954250 -0.150593 -0.258317     3.514229
>structures/AlaRS_AF_Euk_Homo_sapiens_gene16.pdb
-0.870334  0.168582 -0.462708    -6.353903
-0.345562  0.460361  0.817713    19.857527
 0.350864  0.871578 -0.342412   -14.832730
>structures/AlaRS_AF_Euk_Marasmius_oreades_gene66078979.pdb
 0.198083 -0.031304 -0.979685   -16.566576
-0.448489 -0.891622 -0.062191     6.895994
-0.871562  0.451697 -0.190655   -19.730781
>structures/AlaRS_AF_Euk_Plasmodium_berghei_ANKA_gene55150801.pdb
-0.106874 -0.864958 -0.490332    26.578784
-0.967904 -0.022314  0.250328   -31.278780
-0.227464  0.501348 -0.834812   -22.650897
>structures/AlaRS_AF_Euk_Saccharomyces_cerevisiae_S288C_gene854513.pdb
-0.611642  0.698326  0.371800    14.033543
 0.057870  0.508191 -0.859298   -17.327818
-0.789016 -0.504066 -0.351243   -12.143373
>structures/AlaRS_AF_Mito_Drosophila_melanogaster_gene38595.pdb
-0.482566  0.006961  0.875832     5.172905
 0.178188  0.979836  0.090390   -18.181820
-0.857542  0.199681 -0.474076    -7.276026
>structures/AlaRS_AF_Mito_Homo_sapiens_gene57505.pdb
-0.482624  0.341079 -0.806684    30.690073
-0.451151  0.692638  0.562774   -16.776702
 0.750691  0.635545 -0.180406   -10.946062
