>structures/GlyRS-A_AF_Arch_Candidatus_Nitrosopumilus_sediminis_gene13697160.pdb
-0.884572  0.464968 -0.036562    25.443808
-0.220651 -0.348131  0.911108    34.441940
 0.410908  0.814008  0.410542    32.039286
>structures/GlyRS-A_AF_Arch_Candidatus_Woesearchaeota_archaeon_proteinMBT4248212.1.pdb
-0.073038 -0.861453  0.502557    27.325374
-0.857920  0.311223  0.408796    34.880098
-0.508566 -0.401296 -0.761789    33.392747
>structures/GlyRS-A_AF_Arch_Sulfolobus_islandicus_YN1551_gene7810979.pdb
-0.115545  0.165852 -0.979358    24.372383
 0.948965 -0.272852 -0.158166    36.141737
-0.293453 -0.947652 -0.125862    32.342837
>structures/GlyRS-A_AF_Arch_Thermoplasma_acidophilum_DSM_1728_gene1455843.pdb
-0.740740  0.662097  0.113719    25.661698
-0.251344 -0.430124  0.867075    34.688379
 0.623001  0.613695  0.485024    32.138085
>structures/GlyRS-A_AF_Bact_Capnocytophaga_ochracea_DSM_7271_gene29675716.pdb
-0.349563 -0.074280 -0.933964    26.642120
 0.929670  0.096214 -0.355608    35.105641
 0.116275 -0.992585  0.035423    31.722052
>structures/GlyRS-A_AF_Bact_Corynebacterium_ulcerans_809_gene75260805.pdb
 0.458495  0.395581  0.795800    24.785572
-0.736122 -0.332647  0.589466    38.187294
 0.497902 -0.856073  0.138679    35.089939
>structures/GlyRS-A_AF_Bact_Treponema_denticola_ATCC_35405_gene2741635.pdb
 0.152441  0.979670 -0.130418    27.140570
 0.414042 -0.183127 -0.891647    37.334342
-0.897402  0.081925 -0.433541    34.580160
>structures/GlyRS-A_PDB_Bact_T_thermophilus_1ati.pdb
 0.999979 -0.006035  0.002292     0.086885
 0.006006  0.999903  0.012577    -0.645629
-0.002368 -0.012563  0.999918     0.396127
