>../../../../class2/gly1//data/domains/Catalytic_domain/structures/GlyRS-A_AF_Arch_Candidatus_Nitrosopumilus_sediminis_gene13697160.pdb
 0.976867 -0.105791  0.185847    -8.087804
 0.023779  0.917408  0.397236    -1.981412
-0.212522 -0.383627  0.898702    12.675946
>../../../../class2/gly1//data/domains/Catalytic_domain/structures/GlyRS-A_AF_Arch_Candidatus_Woesearchaeota_archaeon_proteinMBT4248212.1.pdb
-0.120606  0.621877 -0.773772    -9.252725
-0.517349 -0.704617 -0.485659    -0.177455
-0.847233  0.341737  0.406708    12.944807
>../../../../class2/gly1//data/domains/Catalytic_domain/structures/GlyRS-A_AF_Arch_Sulfolobus_islandicus_YN1551_gene7810979.pdb
-0.018540 -0.497673  0.867167    -6.393452
-0.292872 -0.826569 -0.480635    -2.518717
 0.955972 -0.262880 -0.130430    14.114554
>../../../../class2/gly1//data/domains/Catalytic_domain/structures/GlyRS-A_AF_Arch_Thermoplasma_acidophilum_DSM_1728_gene1455843.pdb
 0.930355 -0.360861  0.064957    -8.084768
 0.278807  0.811305  0.513860    -2.208520
-0.238132 -0.459961  0.855412    12.845086
>../../../../class2/gly1//data/domains/Catalytic_domain/structures/GlyRS-A_AF_Bact_Capnocytophaga_ochracea_DSM_7271_gene29675716.pdb
 0.341187 -0.303480  0.889658    -9.358128
 0.017144 -0.944283 -0.328689    -2.194614
 0.939839  0.127396 -0.316974    13.406257
>../../../../class2/gly1//data/domains/Catalytic_domain/structures/GlyRS-A_AF_Bact_Corynebacterium_ulcerans_809_gene75260805.pdb
-0.227214 -0.673183 -0.703703    -6.379499
 0.612009 -0.660786  0.434520     0.163689
-0.757508 -0.331943  0.562134    16.325718
>../../../../class2/gly1//data/domains/Catalytic_domain/structures/GlyRS-A_AF_Bact_Treponema_denticola_ATCC_35405_gene2741635.pdb
-0.486028 -0.873652 -0.022566    -8.757967
-0.761268  0.435907 -0.480058     0.710780
 0.429240 -0.216143 -0.876947    15.539178
>../../../../class2/gly1//data/domains/Catalytic_domain/structures/GlyRS-A_PDB_Bact_T_thermophilus_1ati.pdb
-0.924963 -0.024344  0.379275     4.246705
 0.379039  0.013874  0.925277   -42.011681
-0.027787  0.999607 -0.003605   -21.347855
>../../../../class2/ser1//data/domains/Catalytic_domain/structures/SerRS_AF_Arch_Candidatus_Methanomassiliicoccus_intestinalis_Issoire-Mx1_gene16154337.pdb
 0.189941  0.668417 -0.719125    -1.994845
-0.524846 -0.549887 -0.649739     0.986236
-0.829734  0.500842  0.246370     0.339141
>../../../../class2/ser1//data/domains/Catalytic_domain/structures/SerRS_AF_Arch_Methanospirillum_hungatei_JF-1_gene3924775.pdb
 0.876363 -0.448091 -0.176641     1.485551
 0.473685  0.868240  0.147588    -2.634036
 0.087234 -0.213013  0.973147     1.591712
>../../../../class2/ser1//data/domains/Catalytic_domain/structures/SerRS_AF_Arch_Nitrosopumilus_maritimus_SCM1_gene5773574.pdb
-0.962384 -0.271034  0.018906    -3.167166
-0.260352  0.939873  0.221035    -3.713262
-0.077677  0.207798 -0.975083    -1.795154
>../../../../class2/ser1//data/domains/Catalytic_domain/structures/SerRS_AF_Arch_Thermoproteus_uzoniensis_768-20_gene10361450.pdb
-0.983766  0.155501  0.089577    -5.499597
 0.179319  0.832246  0.524607    -2.322227
 0.007027  0.532153 -0.846619    -1.289713
>../../../../class2/ser1//data/domains/Catalytic_domain/structures/SerRS_AF_Bact_Bifidobacterium_longum_subsp_longum_JCM_1217_gene69578844.pdb
-0.053860 -0.355758 -0.933025     0.754604
 0.551871 -0.789317  0.269105     0.372293
-0.832189 -0.500415  0.238846     3.117844
>../../../../class2/ser1//data/domains/Catalytic_domain/structures/SerRS_AF_Bact_Brucella_suis_1330_gene45051948.pdb
-0.838064  0.524527  0.150067    -0.074677
 0.500422  0.629493  0.594404    -2.574399
 0.217315  0.573245 -0.790041    -0.736875
>../../../../class2/ser1//data/domains/Catalytic_domain/structures/SerRS_AF_Bact_Chlamydia_psittaci_6BC_gene12242544.pdb
 0.974304  0.218014 -0.056591    -1.678845
-0.217737  0.847336 -0.484367    -2.055596
-0.057647  0.484243  0.873032     0.167063
>../../../../class2/ser1//data/domains/Catalytic_domain/structures/SerRS_AF_Bact_Clostridium_acetobutylicum_DSM_1731_gene44996495.pdb
-0.991716 -0.090931  0.090719     1.992912
-0.077461  0.986787  0.142308    -3.544369
-0.102461  0.134102 -0.985656     1.059407
>../../../../class2/ser1//data/domains/Catalytic_domain/structures/SerRS_AF_Bact_Mycoplasma_hyopneumoniae_168-L_gene57101125.pdb
 1.000000  0.000000  0.000000     0.000000
 0.000000  1.000000  0.000000     0.000000
 0.000000  0.000000  1.000000     0.000000
>../../../../class2/ser1//data/domains/Catalytic_domain/structures/SerRS_AF_Bact_Prochlorococcus_marinus_subsp_marinus_str_CCMP1375_gene54200639.pdb
-0.813755  0.484807  0.320568    -3.289139
 0.485527  0.263863  0.833450     2.993724
 0.319477  0.833869 -0.450107    -0.215417
>../../../../class2/ser1//data/domains/Catalytic_domain/structures/SerRS_AF_Bact_Streptobacillus_moniliformis_DSM_12112_gene29673293.pdb
-0.901643  0.415613  0.119608     0.230890
 0.406050  0.718319  0.564926    -3.315050
 0.148874  0.557928 -0.816427    -0.243340
>../../../../class2/ser1//data/domains/Catalytic_domain/structures/SerRS_AF_Bact_Treponema_pallidum_subsp_pertenue_str_SamoaD_gene57879171.pdb
 0.937859 -0.303977 -0.167385    -0.135098
 0.302998  0.952454 -0.031991    -3.173284
 0.169151 -0.020715  0.985373     0.639849
>../../../../class2/ser1//data/domains/Catalytic_domain/structures/SerRS_AF_Euk_Cyanidioschyzon_merolae_strain_10D_gene16995416.pdb
 0.505423 -0.707613 -0.493792     1.315522
 0.848031  0.301673  0.435703    -2.400325
-0.159346 -0.638965  0.752550     2.567488
>../../../../class2/ser1//data/domains/Catalytic_domain/structures/SerRS_AF_Euk_Thunnus_albacares_gene122982782.pdb
-0.043028 -0.398417 -0.916195     2.270207
 0.657888 -0.701450  0.274136     0.903360
-0.751885 -0.590958  0.292296     1.605557
>../../../../class2/ser1//data/domains/Catalytic_domain/structures/SerRS_AF_Euk_Trichomonas_vaginalis_G3_gene4762654.pdb
 0.942594 -0.112228  0.314518    -0.056371
 0.142791  0.986846 -0.075807    -0.854957
-0.301873  0.116365  0.946220     1.526097
>../../../../class2/ser1//data/domains/Catalytic_domain/structures/SerRS_AF_Euk_Vitis_vinifera_gene100261399.pdb
 0.135577 -0.601113 -0.787580     1.372639
 0.806069 -0.395284  0.440457    -0.737283
-0.576082 -0.694560  0.430948     2.818157
>../../../../class2/ser1//data/domains/Catalytic_domain/structures/SerRS_AF_Mito_Cervus_elaphus_gene122688911.pdb
-0.741673  0.569177  0.354907    -4.022727
 0.553903  0.221292  0.802634     4.526716
 0.378303  0.791876 -0.479395    -0.412473
>../../../../class2/ser1//data/domains/Catalytic_domain/structures/SerRS_AF_Mito_Drechmeria_coniospora_gene63718051.pdb
 0.960332  0.254830  0.113244     0.453757
-0.222056  0.944467 -0.242226     0.963729
-0.168681  0.207471  0.963588    -0.057210
>../../../../class2/ser1//data/domains/Catalytic_domain/structures/SerRS_PDB_Bact_K_pneumoniae_6h9x.pdb
-0.040397  0.271112 -0.961700    -0.313866
-0.958774  0.260435  0.113693    -1.840098
 0.281284  0.926646  0.249415    35.758268
>../../../../class2/ser1//data/domains/Catalytic_domain/structures/SerRS_PDB_Bact_T_thermophilus_1ser.pdb
 0.919558 -0.196618  0.340227  -120.161404
-0.364464 -0.750417  0.551399    63.826778
 0.146897 -0.631044 -0.761712    55.524000
>../../../../class2/ser1//data/domains/Catalytic_domain/structures/SerRS_PDB_Mito_B_taurus_1wle.pdb
 0.386758  0.197614  0.900759   -99.988290
-0.920265  0.145643  0.363181    34.934157
-0.059420 -0.969400  0.238186    23.269095
