>../../../../class2/his//data/domains/Catalytic_domain/structures/HisRS_AF_Arch_Candidatus_Methanomassiliicoccus_intestinalis_Issoire-Mx1_gene16154026.pdb
-0.976715 -0.198441 -0.081544    -3.758815
-0.191887  0.978013 -0.081665     0.453975
 0.095957 -0.064116 -0.993318     0.882371
>../../../../class2/his//data/domains/Catalytic_domain/structures/HisRS_AF_Arch_Candidatus_Nitrosopumilus_koreensis_AR1_gene13725657.pdb
 1.000000  0.000000  0.000000     0.000000
 0.000000  1.000000  0.000000     0.000000
 0.000000  0.000000  1.000000     0.000000
>../../../../class2/his//data/domains/Catalytic_domain/structures/HisRS_AF_Arch_Desulfurococcus_amylolyticus_1221n_gene7171287.pdb
 0.121053 -0.389661 -0.912968     1.169988
 0.625970 -0.683840  0.374866     2.539922
-0.770395 -0.616869  0.161135    -0.458805
>../../../../class2/his//data/domains/Catalytic_domain/structures/HisRS_AF_Arch_Methanoregula_formicica_SMSP_gene14310605.pdb
-0.980410  0.196693 -0.010351    -4.161592
 0.185791  0.940959  0.282980     2.368894
 0.065400  0.275513 -0.959070    -1.075271
>../../../../class2/his//data/domains/Catalytic_domain/structures/HisRS_AF_Bact_Chlamydia_muridarum_str_Nigg_gene1246198.pdb
 0.778943  0.559437  0.283335    -0.025179
-0.375325  0.777868 -0.504037     1.520121
-0.502374  0.286273  0.815885     2.078200
>../../../../class2/his//data/domains/Catalytic_domain/structures/HisRS_AF_Bact_Lacticaseibacillus_paracasei_gene61269730.pdb
 0.782597 -0.582060 -0.220790     2.884266
 0.593008  0.589104  0.548905     5.151635
-0.189427 -0.560502  0.806198     2.301053
>../../../../class2/his//data/domains/Catalytic_domain/structures/HisRS_AF_Bact_Paracoccus_denitrificans_PD1222_gene75501415.pdb
 0.009027 -0.055384 -0.998424    -0.195934
 0.551830 -0.832386  0.051163     0.183505
-0.833908 -0.551422  0.023048    -0.023672
>../../../../class2/his//data/domains/Catalytic_domain/structures/HisRS_AF_Bact_Prochlorococcus_marinus_subsp_marinus_str_CCMP1375_gene54200127.pdb
-0.065436 -0.213891 -0.974663    -3.269735
 0.338084 -0.923739  0.180018     6.331018
-0.938838 -0.317738  0.132759    -3.262307
>../../../../class2/his//data/domains/Catalytic_domain/structures/HisRS_AF_Bact_Streptobacillus_moniliformis_DSM_12112_gene29674169.pdb
 0.796941 -0.586855 -0.143130     4.578638
 0.571269  0.655218  0.494308     3.969974
-0.196306 -0.475700  0.857423     1.442689
>../../../../class2/his//data/domains/Catalytic_domain/structures/HisRS_AF_Bact_Streptomyces_albidoflavus_gene15149169.pdb
 0.939254 -0.343207 -0.003475    -1.124215
 0.277208  0.752587  0.597301     2.049610
-0.202382 -0.561980  0.802010     0.616870
>../../../../class2/his//data/domains/Catalytic_domain/structures/HisRS_AF_Bact_Thermus_thermophilus_HB8_gene3168691.pdb
 0.629285 -0.689551 -0.358497     1.931794
 0.749000  0.415017  0.516487     4.803545
-0.207362 -0.593532  0.777638     2.907552
>../../../../class2/his//data/domains/Catalytic_domain/structures/HisRS_AF_Bact_Treponema_denticola_ATCC_35405_gene2741405.pdb
 0.429895  0.748325 -0.505172    -2.359980
-0.767210  0.007788 -0.641349     2.944870
-0.476003  0.663286  0.577471     1.214734
>../../../../class2/his//data/domains/Catalytic_domain/structures/HisRS_AF_Euk_Arabidopsis_thaliana_gene823753.pdb
 0.957116 -0.267344 -0.111604    -0.329631
 0.275473  0.720602  0.636276     1.782037
-0.089682 -0.639734  0.763346     0.394246
>../../../../class2/his//data/domains/Catalytic_domain/structures/HisRS_AF_Euk_Cryptococcus_gattii_WM276_gene10186972.pdb
 0.212354 -0.372349  0.903472     0.539733
-0.098942 -0.928000 -0.359203     2.448042
 0.972171 -0.013113 -0.233906    -0.214212
>../../../../class2/his//data/domains/Catalytic_domain/structures/HisRS_AF_Euk_Plasmodium_falciparum_3D7_gene812010.pdb
 0.740657 -0.444387 -0.503931    -8.723130
 0.359479  0.895746 -0.261558   -10.812509
 0.567628  0.012572  0.823189    -0.680615
>../../../../class2/his//data/domains/Catalytic_domain/structures/HisRS_AF_Euk_Platysiphonia_delicata_gene33353157.pdb
 0.794726 -0.578275 -0.184412     5.082991
 0.573444  0.615762  0.540370     5.874485
-0.198928 -0.535196  0.820970     1.766745
>../../../../class2/his//data/domains/Catalytic_domain/structures/HisRS_PDB_Arch_T_acidophilum_1WU7.pdb
 0.455678 -0.888069  0.060759    32.955110
-0.125888 -0.131864 -0.983242    78.968111
 0.881198  0.440393 -0.171885   -17.005709
>../../../../class2/his//data/domains/Catalytic_domain/structures/HisRS_PDB_Bact_B_thailandensis_4e51.pdb
-0.366181 -0.838051  0.404452   -16.511970
-0.805454  0.503113  0.313245    -8.182922
-0.466000 -0.211063 -0.859242    42.072511
>../../../../class2/his//data/domains/Catalytic_domain/structures/HisRS_PDB_Bact_E_coli_1HTT.pdb
 0.057079  0.967244  0.247348   -21.147319
-0.997877  0.063053 -0.016294   -12.738096
-0.031357 -0.245893  0.968790   -19.488041
>../../../../class2/lys//data/domains/Catalytic_domain/structures/LysRS-II_AF_Arch_Aciduliprofundum_boonei_T469_gene8827564.pdb
 0.915436  0.400220 -0.042445    -6.796058
-0.353263  0.748513 -0.561189    -4.114510
-0.192828  0.528727  0.826599     3.804986
>../../../../class2/lys//data/domains/Catalytic_domain/structures/LysRS-II_AF_Arch_Archaeoglobus_sulfaticallidus_PM70-1_gene15393615.pdb
 0.825936 -0.548977 -0.128271    -1.409951
 0.560539  0.775373  0.290847    -2.830939
-0.060210 -0.312122  0.948132     7.413873
>../../../../class2/lys//data/domains/Catalytic_domain/structures/LysRS-II_AF_Arch_Candidatus_Woesearchaeota_archaeon_proteinMBS3172198.1.pdb
 0.193322 -0.797633 -0.571321    -2.770827
 0.891431 -0.100452  0.441883    -3.921896
-0.409851 -0.594719  0.691615     5.662619
>../../../../class2/lys//data/domains/Catalytic_domain/structures/LysRS-II_AF_Arch_Thermogladius_calderae_1633_gene13013549.pdb
 0.569811  0.768808 -0.290257    -5.954922
-0.623122  0.173944 -0.762537    -2.602439
-0.535756  0.615367  0.578177     3.142552
>../../../../class2/lys//data/domains/Catalytic_domain/structures/LysRS-II_AF_Bact_Chlamydia_muridarum_str_Nigg_gene1245697.pdb
 0.569839  0.742960 -0.351132    -7.549917
-0.661777  0.161583 -0.732081    -2.454248
-0.487170  0.649539  0.583750     4.027542
>../../../../class2/lys//data/domains/Catalytic_domain/structures/LysRS-II_AF_Bact_Cupriavidus_taiwanensis_LMG_19424_gene29762375.pdb
 0.796879 -0.584051 -0.154497     0.894964
 0.594929  0.714151  0.368846    -0.648673
-0.105090 -0.385840  0.916561     7.278840
>../../../../class2/lys//data/domains/Catalytic_domain/structures/LysRS-II_AF_Bact_Leuconostoc_gelidum_JB7_gene61037106.pdb
 0.871934 -0.466764 -0.147859    -3.566570
 0.477840  0.745367  0.464862    -1.861107
-0.106772 -0.475982  0.872949     3.338161
>../../../../class2/lys//data/domains/Catalytic_domain/structures/LysRS-II_AF_Bact_Mycobacterium_intracellulare_ATCC_13950_gene11907187.pdb
 0.882198 -0.467558 -0.055815     0.919385
 0.464226  0.843749  0.269412    -1.923669
-0.078872 -0.263585  0.961406     7.162702
>../../../../class2/lys//data/domains/Catalytic_domain/structures/LysRS-II_AF_Bact_Mycoplasma_hyopneumoniae_168-L_gene57101062.pdb
 0.861661 -0.462809 -0.208203    -4.874473
 0.505851  0.750387  0.425482    -3.277506
-0.040684 -0.471941  0.880691     2.313295
>../../../../class2/lys//data/domains/Catalytic_domain/structures/LysRS-II_AF_Bact_Porphyromonas_gingivalis_ATCC_33277_gene29256363.pdb
 0.870107  0.457660  0.182925    -7.418507
-0.313018  0.799820 -0.512160    -5.458097
-0.380702  0.388375  0.839185     3.554839
>../../../../class2/lys//data/domains/Catalytic_domain/structures/LysRS-II_AF_Bact_Prochlorococcus_marinus_subsp_marinus_str_CCMP1375_gene54201108.pdb
 0.948257 -0.316292  0.027715    -4.884761
 0.293375  0.906227  0.304440    -1.921503
-0.121408 -0.280557  0.952128     3.172298
>../../../../class2/lys//data/domains/Catalytic_domain/structures/LysRS-II_AF_Bact_Streptobacillus_moniliformis_DSM_12112_gene29673899.pdb
 0.968443 -0.217153  0.122319     1.377635
 0.211417  0.975660  0.058229    -3.533353
-0.131986 -0.030531  0.990781     5.934147
>../../../../class2/lys//data/domains/Catalytic_domain/structures/LysRS-II_AF_Euk_Ostreococcus_tauri_gene9837657.pdb
 0.772984 -0.616858 -0.148262     0.094144
 0.623562  0.695650  0.356708    -1.924379
-0.116900 -0.368180  0.922376     8.113326
>../../../../class2/lys//data/domains/Catalytic_domain/structures/LysRS-II_AF_Euk_Solanum_lycopersicum_gene778357.pdb
 0.135188 -0.357177  0.924202    -3.124751
-0.602875 -0.769879 -0.209350    -0.541395
 0.786299 -0.528876 -0.319411     5.141788
>../../../../class2/lys//data/domains/Catalytic_domain/structures/LysRS-II_AF_Euk_Theileria_annulata_gene3864794.pdb
-0.223430 -0.754419  0.617196     0.652293
-0.831095 -0.183388 -0.525024    -0.371818
 0.509275 -0.630255 -0.586019     4.584001
>../../../../class2/lys//data/domains/Catalytic_domain/structures/LysRS-II_AF_Euk_Zootoca_vivipara_gene118086243.pdb
-0.009893 -0.428698 -0.903394    -5.274996
 0.753019 -0.597617  0.275348     1.402672
-0.657924 -0.677549  0.328731     3.281565
>../../../../class2/lys//data/domains/Catalytic_domain/structures/LysRS-II_AF_Mito_Malus_domestica_gene103446975.pdb
 0.651130 -0.724320 -0.226695     0.780108
 0.733857  0.524653  0.431502    -0.210900
-0.193610 -0.447325  0.873164     7.183135
>../../../../class2/lys//data/domains/Catalytic_domain/structures/LysRS-II_AF_Mito_Scheffersomyces_stipitis_CBS_6054_gene4837999.pdb
 0.770095 -0.584407 -0.255776     0.235775
 0.625262  0.611971  0.484293     0.578744
-0.126496 -0.532879  0.836683     7.396984
>../../../../class2/lys//data/domains/Catalytic_domain/structures/LysRS-II_PDB_Bact_G_stearothermophilus_3E9H.pdb
-0.442248 -0.008823 -0.896850    49.136492
 0.892702  0.092230 -0.441109   -38.140048
 0.086609 -0.995699 -0.032912   -85.096739
