>structures/AspRS_AF_Arch_Candidatus_Methanomassiliicoccus_intestinalis_Issoire-Mx1_gene16154434.pdb
-0.051934 -0.573577 -0.817503    -5.846814
 0.388422 -0.765753  0.512592     7.971916
-0.920017 -0.290916  0.262559    -5.410600
>structures/AspRS_AF_Arch_unclassified_Euryarchaeota_proteinHHT76046.1.pdb
 0.015975 -0.357388 -0.933820    -4.989797
 0.550921 -0.776236  0.306503     1.125851
-0.834404 -0.519357  0.184492    -3.859321
>structures/AspRS_AF_Bact_Bacillus_anthracis_str_Ames_Ancestor_gene45024275.pdb
-0.936091  0.276279  0.217722    -9.439319
 0.351420  0.761644  0.544429     4.963113
-0.015413  0.586147 -0.810058    -5.582485
>structures/AspRS_AF_Bact_Brachyspira_pilosicoli_95_1000_gene56440011.pdb
-0.059220 -0.183020 -0.981324    -6.125863
 0.517871 -0.846048  0.126539     2.755837
-0.853406 -0.500706  0.144884    -4.514960
>structures/AspRS_AF_Bact_Chlamydia_muridarum_str_Nigg_gene1246197.pdb
-0.163388  0.386990 -0.907493    -3.348301
-0.070916 -0.922081 -0.380444     3.398605
-0.984010  0.002196  0.178100    -2.446398
>structures/AspRS_AF_Bact_Mycoplasma_hyopneumoniae_168-L_gene57101115.pdb
 0.420783 -0.787358 -0.450565     0.950791
 0.550554 -0.173100  0.816656     7.202044
-0.720993 -0.591695  0.360646    -2.520890
>structures/AspRS_AF_Bact_Nocardia_cyriacigeorgica_GUH-2_gene45501717.pdb
 1.000000 -0.000000  0.000000     0.000000
 0.000000  1.000000  0.000000     0.000000
-0.000000  0.000000  1.000000     0.000000
>structures/AspRS_AF_Bact_Porphyromonas_gingivalis_ATCC_33277_gene29255515.pdb
 0.156786  0.446472  0.880955    -5.594210
 0.829736 -0.543351  0.127703     4.387791
 0.535683  0.710938 -0.455644    -1.421488
>structures/AspRS_AF_Bact_Prochlorococcus_marinus_subsp_marinus_str_CCMP1375_gene54201182.pdb
-0.208275  0.128323 -0.969616    -8.548958
-0.127701 -0.986438 -0.103118     4.720442
-0.969698  0.102344  0.221837    -7.547714
>structures/AspRS_AF_Bact_Xylella_fastidiosa_Temecula1_gene58016479.pdb
 0.993745  0.100442  0.048817    -6.282955
-0.094593  0.989404 -0.110142     1.463246
-0.059363  0.104836  0.992716    -2.450227
>structures/AspRS_AF_Mito_Homo_sapiens_gene55157.pdb
-0.079840  0.644148  0.760723    -8.689706
 0.846177 -0.359590  0.393294     3.261587
 0.526888  0.675106 -0.516353    -2.428461
>structures/AspRS_AF_Mito_Oryza_sativa_Japonica_Group_gene4324505.pdb
-0.013063 -0.449871  0.892998    -1.102632
-0.479487 -0.780878 -0.400402     1.249520
 0.877452 -0.433411 -0.205507     2.663660
>structures/AspRS_AF_Mito_Oryzias_melastigma_gene112147132.pdb
 0.673915 -0.612473 -0.413177    -7.920492
 0.596075  0.120330  0.793861     0.177434
-0.436501 -0.781279  0.446172    -4.904711
>structures/AspRS_PDB_Bact_E_coli_1c0a.pdb
-0.134723 -0.933367 -0.332678    35.591911
 0.984310 -0.087454 -0.153250   -51.402580
 0.113945 -0.348105  0.930505     8.687467
