>structures/AspRS_AF_Arch_Candidatus_Methanomassiliicoccus_intestinalis_Issoire-Mx1_gene16154434.pdb
 1.000000 -0.000000  0.000000     0.000000
 0.000000  1.000000  0.000000     0.000000
-0.000000  0.000000  1.000000     0.000000
>structures/AspRS_AF_Arch_unclassified_Euryarchaeota_proteinHHT76046.1.pdb
 0.982274  0.187028  0.012585    -4.581082
-0.184328  0.951520  0.246239     4.415367
 0.034078 -0.244194  0.969128    -4.127714
>structures/AspRS_AF_Bact_Bacillus_anthracis_str_Ames_Ancestor_gene45024275.pdb
 0.201342 -0.243509  0.948770    -1.085425
 0.274393 -0.915804 -0.293278     4.744773
 0.940303  0.319385 -0.117573     1.224279
>structures/AspRS_AF_Bact_Brachyspira_pilosicoli_95_1000_gene56440011.pdb
 0.989837  0.137877 -0.034836    -2.901847
-0.110108  0.898073  0.425842     3.902671
 0.089999 -0.417678  0.904127    -2.238095
>structures/AspRS_AF_Bact_Chlamydia_muridarum_str_Nigg_gene1246197.pdb
 0.885057 -0.386425 -0.259519    -4.843766
 0.432992  0.478815  0.763711     1.023433
-0.170855 -0.788297  0.591098    -3.802521
>structures/AspRS_AF_Bact_Mycoplasma_hyopneumoniae_168-L_gene57101115.pdb
 0.851279  0.524589  0.011394    -3.491364
-0.458282  0.753904 -0.470751    -4.280408
-0.255541  0.395519  0.882192    -5.287486
>structures/AspRS_AF_Bact_Nocardia_cyriacigeorgica_GUH-2_gene45501717.pdb
-0.051934  0.388422 -0.920017    -8.377962
-0.573577 -0.765753 -0.290916     1.176888
-0.817503  0.512592  0.262559    -7.445533
>structures/AspRS_AF_Bact_Porphyromonas_gingivalis_ATCC_33277_gene29255515.pdb
-0.180255 -0.894381  0.409379    -5.396671
-0.877429 -0.041896 -0.477873     1.142826
 0.444552 -0.445340 -0.777204    -1.217177
>structures/AspRS_AF_Bact_Prochlorococcus_marinus_subsp_marinus_str_CCMP1375_gene54201182.pdb
 0.850221 -0.492330 -0.186374     0.549765
 0.501541  0.650005  0.570920     4.699926
-0.159937 -0.578882  0.799572    -0.288778
>structures/AspRS_AF_Bact_Xylella_fastidiosa_Temecula1_gene58016479.pdb
-0.047801  0.279982 -0.958814    -5.516035
-0.495288 -0.840236 -0.220664     3.699867
-0.867412  0.464342  0.178836    -2.460113
>structures/AspRS_AF_Mito_Oryza_sativa_Japonica_Group_gene4324505.pdb
-0.993426  0.113763 -0.012747   -10.328875
 0.114409  0.982903 -0.144265     0.202311
-0.003883 -0.144775 -0.989457    -5.224573
>structures/AspRS_AF_Mito_Oryzias_melastigma_gene112147132.pdb
 0.598610  0.797709 -0.072975    -3.646131
-0.713103  0.489181 -0.502181     7.183630
-0.364897  0.352649  0.861678    -2.230247
>structures/AspRS_PDB_Bact_E_coli_1c0a.pdb
 0.295986  0.335202 -0.894445   -39.129387
-0.707737  0.705825  0.030314    17.522156
 0.641483  0.624059  0.446149   -60.451301
