>../../../../class1/glu1//data/domains/Catalytic_domain/structures/GluRS-B_AF_Bact_Chlamydia_psittaci_6BC_gene12242467.pdb
-0.252275 -0.966930  0.037463     5.643221
-0.495473  0.095822 -0.863322     7.261181
 0.831182 -0.236357 -0.503261     0.100610
>../../../../class1/glu1//data/domains/Catalytic_domain/structures/GluRS-B_AF_Bact_[Eubacterium]_eligens_ATCC_27750_gene41357084.pdb
-0.384697 -0.833648  0.396281     0.123388
-0.832677  0.128162 -0.538725    -0.107282
 0.398319 -0.537220 -0.743463    -1.034448
>../../../../class1/glu1//data/domains/Catalytic_domain/structures/GluRS-B_AF_Bact_Porphyromonas_gingivalis_ATCC_33277_gene29255772.pdb
 0.490643  0.836991 -0.242313     0.016340
-0.557804  0.088059 -0.825288     1.089875
-0.669421  0.540084  0.510083     0.774403
>../../../../class1/glu1//data/domains/Catalytic_domain/structures/GluRS-B_AF_Bact_Treponema_pallidum_subsp_pertenue_str_SamoaD_gene57879197.pdb
-0.196143 -0.829668  0.522665    -1.368706
-0.762094 -0.206429 -0.613677     0.942857
 0.617041 -0.518688 -0.591796     2.271046
>../../../../class1/glu1//data/domains/Catalytic_domain/structures/GluRS-B_AF_Euk_Cryptococcus_neoformans_var_grubii_H99_gene23890400.pdb
 0.658591  0.734758 -0.162448    -2.611238
-0.600598  0.383188 -0.701747    -0.927238
-0.453366  0.559730  0.693658     1.867702
>../../../../class1/glu1//data/domains/Catalytic_domain/structures/GluRS-B_AF_Mito_Drosophila_melanogaster_gene39828.pdb
 0.223365 -0.634666 -0.739802     2.749650
 0.878195 -0.198293  0.435262    -0.235288
-0.422944 -0.746913  0.513069     2.785657
>../../../../class1/glu1//data/domains/Catalytic_domain/structures/GluRS-B_PDB_Bact_T_therm_1J09.pdb
 0.569502  0.805557 -0.163543   -46.485417
-0.727657  0.401521 -0.556144    20.720120
-0.382340  0.435729  0.814836    -0.844712
>../../../../class1/glu1//data/domains/Catalytic_domain/structures/GlxRS-B_AF_Bact_Bifidobacterium_animalis_subsp_lactis_BLC1_gene66532600.pdb
-0.356319 -0.598758  0.717304    -0.296228
-0.607290 -0.435021 -0.664797    -0.398289
 0.710095 -0.672492 -0.208614     1.376882
>../../../../class1/glu1//data/domains/Catalytic_domain/structures/GlxRS-B_AF_Bact_Mycoplasma_hyopneumoniae_168-L_gene57101016.pdb
-0.249140 -0.841524  0.479339     0.594894
-0.880828 -0.008851 -0.473355     0.798592
 0.402582 -0.540147 -0.739033     0.333779
>../../../../class1/glu1//data/domains/Catalytic_domain/structures/GlxRS-B_AF_Bact_Paracoccus_denitrificans_PD1222_gene75500422.pdb
-0.339752 -0.852849  0.396507     0.197662
-0.891789  0.158186 -0.423897     0.697784
 0.298798 -0.497620 -0.814306    -1.278961
>../../../../class1/glu1//data/domains/Catalytic_domain/structures/GlxRS-B_AF_Bact_Prochlorococcus_marinus_subsp_marinus_str_CCMP1375_gene54199839.pdb
 1.000000  0.000000  0.000000     0.000000
 0.000000  1.000000  0.000000     0.000000
 0.000000  0.000000  1.000000     0.000000
>../../../../class1/glu1//data/domains/Catalytic_domain/structures/GlxRS-B_AF_Euk_Arabidopsis_thaliana_gene836526.pdb
 0.394107 -0.565284 -0.724661     0.041245
 0.841427 -0.095247  0.531910     4.377442
-0.369702 -0.819379  0.438108     3.894501
>../../../../class1/glu1//data/domains/Catalytic_domain/structures/GlxRS-B_AF_Euk_Ostreococcus_tauri_proteinOUS48355.1.pdb
 0.076248 -0.223876 -0.971631    -2.167941
 0.576029 -0.785510  0.226195     5.012818
-0.813865 -0.576935  0.069065     0.072309
>../../../../class1/glu1//data/domains/Catalytic_domain/structures/GlxRS-B_AF_Euk_Plasmodium_knowlesi_strain_H_gene7321821.pdb
-0.181608 -0.831455  0.525073     0.292273
-0.723369 -0.248754 -0.644095     1.666872
 0.666150 -0.496794 -0.556273     1.218139
>../../../../class1/glu1//data/domains/Catalytic_domain/structures/GlxRS-B_AF_Mito_Cyanidioschyzon_merolae_strain_10D_gene16997617.pdb
 0.080849 -0.187113 -0.979006    -2.795917
 0.602579 -0.773223  0.197545     2.497088
-0.793953 -0.605900  0.050236     0.948551
>../../../../class1/glu1//data/domains/Catalytic_domain/structures/GlxRS-B_PDB_Bact_S_elong_2CFO.pdb
 0.645126  0.489380 -0.586788    36.436464
-0.479011  0.857354  0.188398     4.946938
 0.595283  0.159538  0.787519   -34.975490
>../../../../class1/tyr//data/domains/Catalytic_domain/structures/TyrRS_AF_Arch_Candidatus_Korarchaeum_cryptofilum_OPF8_gene6094625.pdb
-0.148387 -0.783275  0.603706     3.414317
-0.138149 -0.588060 -0.796932     3.544602
 0.979232 -0.201656 -0.020948    -4.125571
>../../../../class1/tyr//data/domains/Catalytic_domain/structures/TyrRS_AF_Arch_Desulfurococcus_amylolyticus_1221n_gene7171652.pdb
-0.647853 -0.647795  0.400811     3.356986
-0.552383  0.037176 -0.832761     3.028620
 0.524557 -0.760907 -0.381915    -5.754745
>../../../../class1/tyr//data/domains/Catalytic_domain/structures/TyrRS_AF_Arch_Methanothermococcus_okinawensis_IH1_gene10772133.pdb
-0.460310  0.551310  0.695825     2.050885
 0.885028  0.346405  0.311013     0.913530
-0.069572  0.758987 -0.647378    -7.787098
>../../../../class1/tyr//data/domains/Catalytic_domain/structures/TyrRS_AF_Arch_Thermoplasma_acidophilum_DSM_1728_gene1456112.pdb
 0.787277 -0.261869 -0.558229     7.716327
 0.614832  0.264907  0.742836     6.133513
-0.046648 -0.928035  0.369561    -2.911209
>../../../../class1/tyr//data/domains/Catalytic_domain/structures/TyrRS_AF_Bact_Bifidobacterium_animalis_subsp_lactis_BLC1_gene66533077.pdb
-0.495308 -0.860467  0.119441     0.692780
-0.671357  0.291889 -0.681234     1.249515
 0.551316 -0.417609 -0.722256     0.164380
>../../../../class1/tyr//data/domains/Catalytic_domain/structures/TyrRS_AF_Bact_Brachyspira_pilosicoli_95_1000_gene56440491.pdb
 0.580475 -0.515272 -0.630510     4.069461
 0.553731 -0.317931  0.769611     7.640547
-0.597019 -0.795873  0.100771    -5.502634
>../../../../class1/tyr//data/domains/Catalytic_domain/structures/TyrRS_AF_Bact_Chlamydia_psittaci_6BC_gene12242888.pdb
-0.630868 -0.765465  0.126764     3.866827
-0.641184  0.422335 -0.640715     3.274432
 0.436908 -0.485485 -0.757242    -3.494703
>../../../../class1/tyr//data/domains/Catalytic_domain/structures/TyrRS_AF_Bact_Lactococcus_lactis_subsp_cremoris_KW2_gene61108704.pdb
-0.647296 -0.759813  0.060763     0.298267
-0.591730  0.450650 -0.668409     2.721930
 0.480483 -0.468613 -0.741308    -0.429793
>../../../../class1/tyr//data/domains/Catalytic_domain/structures/TyrRS_AF_Bact_Porphyromonas_gingivalis_ATCC_33277_gene29255602.pdb
 0.694437 -0.668279 -0.266758     4.878950
 0.482470  0.157408  0.861653     6.201343
-0.533835 -0.727066  0.431735    -0.166115
>../../../../class1/tyr//data/domains/Catalytic_domain/structures/TyrRS_AF_Bact_Prochlorococcus_marinus_subsp_marinus_str_CCMP1375_gene54200747.pdb
-0.980988  0.186280  0.054418     3.561173
 0.191854  0.888673  0.416477     2.252952
 0.029222  0.418999 -0.907516    -3.830575
>../../../../class1/tyr//data/domains/Catalytic_domain/structures/TyrRS_AF_Bact_Serratia_plymuthica_AS9_gene57666950.pdb
-0.912595  0.396849 -0.098395     1.082370
 0.403587  0.912883 -0.061333     0.569467
 0.065483 -0.095683 -0.993256     1.146820
>../../../../class1/tyr//data/domains/Catalytic_domain/structures/TyrRS_AF_Bact_Streptobacillus_moniliformis_DSM_12112_gene29673957.pdb
-0.989993  0.084645 -0.112910    -3.322754
 0.112703  0.955770 -0.271666    -0.154782
 0.084921 -0.281673 -0.955745    -6.450460
>../../../../class1/tyr//data/domains/Catalytic_domain/structures/TyrRS_AF_Euk_Cryptococcus_neoformans_var_neoformans_JEC21_gene3254328.pdb
-0.803333 -0.594995  0.025218     1.315926
-0.550222  0.725350 -0.413669     0.953257
 0.227840 -0.346190 -0.910078    -0.838887
>../../../../class1/tyr//data/domains/Catalytic_domain/structures/TyrRS_AF_Euk_Drosophila_melanogaster_gene39829.pdb
 0.049702  0.519793 -0.852845     4.762139
 0.987295 -0.154607 -0.036692    11.988549
-0.150928 -0.840186 -0.520873    -2.136656
>../../../../class1/tyr//data/domains/Catalytic_domain/structures/TyrRS_AF_Euk_Plasmodium_falciparum_3D7_gene2655248.pdb
-0.710390 -0.503946  0.491309     4.369576
-0.257101 -0.464016 -0.847696     0.654708
 0.655168 -0.728511  0.200067    -5.451299
>../../../../class1/tyr//data/domains/Catalytic_domain/structures/TyrRS_AF_Euk_Seriola_dumerili_gene111223086.pdb
 0.138515  0.958674  0.248511     5.012882
 0.989593 -0.124103 -0.072828    13.587935
-0.038977  0.256012 -0.965887    -3.721539
>../../../../class1/tyr//data/domains/Catalytic_domain/structures/TyrRS_AF_Mito_Aspergillus_fumigatus_Af293_gene3509181.pdb
 0.940372 -0.180234 -0.288473    10.826000
-0.339765 -0.537934 -0.771484    -4.447516
-0.016131  0.823494 -0.567095    -7.590878
>../../../../class1/tyr//data/domains/Catalytic_domain/structures/TyrRS_AF_Mito_Cyanidioschyzon_merolae_strain_10D_gene16996209.pdb
-0.738230 -0.668468 -0.090367     1.735584
-0.592220  0.706424 -0.387610     0.337399
 0.322942 -0.232628 -0.917383    -1.911686
>../../../../class1/tyr//data/domains/Catalytic_domain/structures/TyrRS_AF_Vir_Megavirus_chiliensis_gene11257765.pdb
 0.008448  0.744605  0.667452     5.898590
 0.994112 -0.078365  0.074841    -1.467900
 0.108032  0.662889 -0.740882    -8.956863
>../../../../class1/tyr//data/domains/Catalytic_domain/structures/TyrRS_PDB_Arch_M_jannashii_1U7D.pdb
-0.591832 -0.767638 -0.245899    45.701621
 0.566293 -0.613063  0.550878    19.606947
-0.573626  0.186776  0.797539   -28.654870
>../../../../class1/tyr//data/domains/Catalytic_domain/structures/TyrRS_PDB_E_coli_Bact_1WQ4.pdb
 0.475970 -0.397181 -0.784666    38.264527
-0.702059  0.365768 -0.611005    50.469828
 0.529685  0.841701 -0.104750   -24.360129
>../../../../class1/tyr//data/domains/Catalytic_domain/structures/TyrRS_PDB_Vir_Acanthamoeba_polyphaga_mimivirus_2J5B.pdb
-0.492676 -0.389868 -0.777993    95.970437
 0.097860  0.863533 -0.494705   -41.353764
 0.864693 -0.319864 -0.387290    -9.411895
