>../../../../class2/phe3//data/domains/Catalytic_domain/structures/PheRS-Aα_AF_Arch_Candidatus_Nitrosopumilus_koreensis_AR1_gene13724458.pdb
 1.000000  0.000000  0.000000     0.000000
 0.000000  1.000000  0.000000     0.000000
 0.000000  0.000000  1.000000     0.000000
>../../../../class2/phe3//data/domains/Catalytic_domain/structures/PheRS-Aα_AF_Arch_Haloterrigena_turkmenica_DSM_5511_gene8744248.pdb
 0.101334  0.976156 -0.191965     1.726646
-0.491075 -0.118732 -0.862988    -6.295871
-0.865203  0.181720  0.467334     9.994130
>../../../../class2/phe3//data/domains/Catalytic_domain/structures/PheRS-Aα_AF_Arch_Thermoplasma_volcanium_GSS1_gene1441177.pdb
-0.359569 -0.932733 -0.026827     2.248942
-0.905261  0.355662 -0.232393    -8.145029
 0.226302 -0.059276 -0.972252    10.326857
>../../../../class2/phe3//data/domains/Catalytic_domain/structures/PheRS-Aα_AF_Arch_Thermosphaera_aggregans_DSM_11486_gene9165306.pdb
 0.900496  0.041409  0.432888     3.667392
 0.052472  0.977836 -0.202691    -8.713139
-0.431686  0.205237  0.878365    16.360385
>../../../../class2/phe3//data/domains/Catalytic_domain/structures/PheRS-Aα_AF_Euk_Cyanidioschyzon_merolae_strain_10D_gene16993638.pdb
-0.912796  0.298087 -0.279190    -6.645151
 0.107587  0.834948  0.539710    -4.636210
 0.393990  0.462608 -0.794208    12.832137
>../../../../class2/phe3//data/domains/Catalytic_domain/structures/PheRS-Aα_AF_Euk_Megalobrama_amblycephala_gene125266654.pdb
 0.465757 -0.487620  0.738442     3.645534
-0.450548 -0.848893 -0.276382    -5.366917
 0.761628 -0.203977 -0.615074    17.113760
>../../../../class2/phe3//data/domains/Catalytic_domain/structures/PheRS-Aα_AF_Euk_Plasmodium_falciparum_3D7_gene813233.pdb
 0.223163 -0.878067 -0.423316    -0.070936
 0.832073 -0.054631  0.551969     0.649034
-0.507792 -0.475409  0.718424    18.282932
>../../../../class2/phe3//data/domains/Catalytic_domain/structures/PheRS-Aα_AF_Euk_Schizosaccharomyces_pombe_gene2543647.pdb
-0.483093  0.392918 -0.782456    -5.137268
-0.040401 -0.902705 -0.428359    -3.310750
-0.874637 -0.175325  0.451964    12.702795
>../../../../class2/phe3//data/domains/Catalytic_domain/structures/PheRS-Aα_PDB_Euk.B_H_sapiens_3L4G.C.pdb
 0.470070  0.387474 -0.793031   -88.320805
-0.513524 -0.610698 -0.602778    64.542954
-0.717863  0.690589 -0.088094   -46.406693
>../../../../class2/pyl//data/domains/Catalytic_domain/structures/PylRS_AF_Arch_Candidatus_Methanomassiliicoccus_intestinalis_Issoire-Mx1_gene16153983.pdb
 0.056482  0.934999  0.350123     2.111970
-0.640778  0.302877 -0.705457    -0.796779
-0.765646 -0.184505  0.616234     5.773794
>../../../../class2/pyl//data/domains/Catalytic_domain/structures/PylRS_AF_Arch_Methanosalsum_zhilinae_DSM_4017_gene10822650.pdb
-0.574959 -0.266387 -0.773602    -0.870013
 0.375441 -0.925990  0.039825     3.287095
-0.726957 -0.267544  0.632419     2.586863
>../../../../class2/pyl//data/domains/Catalytic_domain/structures/PylRS_AF_Arch_Unclassified_Candidatus_Bathyarchaeota_proteinUCH69683.1.pdb
-0.745755 -0.201237 -0.635101     2.967003
-0.325755  0.941704  0.084124     0.820687
 0.581148  0.269624 -0.767834     6.749321
>../../../../class2/pyl//data/domains/Catalytic_domain/structures/PylRS_AF_Bact_Unclassified_Actinobacteria_proteinMBU2601214.1.pdb
-0.732089 -0.234837 -0.639451     2.589650
-0.342572  0.938284  0.047619     0.785166
 0.588804  0.253919 -0.767356     7.324230
>../../../../class2/pyl//data/domains/Catalytic_domain/structures/PylRS_AF_Bact_Unclassified_Aerophobetes_proteinMCD6471581.1.pdb
-0.820632 -0.046318 -0.569576     2.820059
-0.155464  0.977213  0.144522     0.165917
 0.549903  0.207148 -0.809133     7.128318
>../../../../class2/pyl//data/domains/Catalytic_domain/structures/PylRS_AF_Bact_unclassified_Desulfosarcina_proteinMBC2741817.pdb
-0.677683  0.301419 -0.670740     2.777646
 0.031924  0.923332  0.382674     2.872829
 0.734661  0.237919 -0.635349    -0.146130
>../../../../class2/pyl//data/domains/Catalytic_domain/structures/PylRS_AF_Bact_unclassified_Lachnospiraceae_proteinHCE77498.1.pdb
-0.168632 -0.905449 -0.389519     2.942811
 0.745654 -0.375634  0.550363     5.761078
-0.644642 -0.197638  0.738496     5.970849
>../../../../class2/pyl//data/domains/Catalytic_domain/structures/PylRS_PDB_Arch_M_mazei_2Q7E.pdb
 0.224961  0.209463  0.951587   -37.891703
-0.874144 -0.388032  0.292066    20.782909
 0.430423 -0.897528  0.095809    31.253320
>../../../../class2/pyl//data/domains/Catalytic_domain/structures/PylRS_PDB_Bact_D_hafniense_2ZNJ.pdb
-0.915811 -0.205444  0.345085    55.561656
-0.044558 -0.801972 -0.595698   -10.857263
 0.399131 -0.560923  0.725300    15.582385
