>../../../../class1/gln//data/domains/Catalytic_domain/structures/GlnRS_AF_Bact_Anaerostipes_hadrus_gene15230984.pdb
-0.189424 -0.695795  0.692812     1.070036
-0.639176 -0.448240 -0.624928    -1.820922
 0.745368 -0.561205 -0.359828    -4.906042
>../../../../class1/gln//data/domains/Catalytic_domain/structures/GlnRS_AF_Bact_Cutibacterium_avidum_44067_gene29843447.pdb
-0.439640 -0.869666  0.224496     1.041909
-0.731171  0.201372 -0.651796    -0.728133
 0.521637 -0.450700 -0.724406    -4.944998
>../../../../class1/gln//data/domains/Catalytic_domain/structures/GlnRS_AF_Bact_Pasteurella_multocida_subsp_multocida_str_Pm70_gene1243875.pdb
-0.287673 -0.843335  0.453906     2.482118
-0.922288  0.116202 -0.368623    -0.473770
 0.258128 -0.524675 -0.811225    -3.846898
>../../../../class1/gln//data/domains/Catalytic_domain/structures/GlnRS_AF_Bact_Porphyromonas_gingivalis_ATCC_33277_gene29257033.pdb
-0.056826 -0.446405  0.893025     0.063554
-0.514562 -0.753423 -0.409364    -1.214672
 0.855568 -0.482779 -0.186889    -4.234602
>../../../../class1/gln//data/domains/Catalytic_domain/structures/GlnRS_AF_Bact_Thermus_thermophilus_HB8_gene3168786.pdb
 0.148243  0.646559 -0.748321    -1.323715
 0.053159 -0.760798 -0.646808    -1.537897
-0.987521  0.056105 -0.147153    -4.602840
>../../../../class1/gln//data/domains/Catalytic_domain/structures/GlnRS_AF_Euk_Candida_dubliniensis_CD36_gene8049124.pdb
 0.028860 -0.843861  0.535785    -1.997051
-0.724225 -0.387094 -0.570663     0.744835
 0.688960 -0.371559 -0.622317    -2.503080
>../../../../class1/gln//data/domains/Catalytic_domain/structures/GlnRS_AF_Euk_Dictyostelium_discoideum_AX4_gene8627167.pdb
 0.120609 -0.314033 -0.941720    -3.185490
 0.486031 -0.808486  0.331851    -0.020397
-0.865579 -0.497729  0.055118     0.360774
>../../../../class1/gln//data/domains/Catalytic_domain/structures/GlnRS_AF_Euk_Encephalitozoon_romaleae_SJ-2008_gene20564565.pdb
-0.137493  0.127848 -0.982217    -0.974455
 0.501262 -0.846298 -0.180324    -0.173646
-0.854302 -0.517141  0.052274    -2.320937
>../../../../class1/gln//data/domains/Catalytic_domain/structures/GlnRS_AF_Euk_Myodes_glareolus_gene125393344.pdb
-0.832125  0.541623 -0.119217     5.377274
 0.365074  0.696784  0.617424    -3.988860
 0.417480  0.470251 -0.777544     0.167657
>../../../../class1/gln//data/domains/Catalytic_domain/structures/GlnRS_AF_Mito_Cyanidioschyzon_merolae_strain_10D_gene16997184.pdb
 0.084812  0.436511 -0.895693    -3.023467
 0.112609 -0.897371 -0.426666     2.260334
-0.990013 -0.064677 -0.125263    -3.782097
>../../../../class1/gln//data/domains/Catalytic_domain/structures/GlnRS_Bact_D_radio_2HZ7.pdb
-0.222816 -0.714607  0.663092    -7.981743
 0.934107  0.038109  0.354954   -53.118369
-0.278923  0.698488  0.659027   -75.209422
>../../../../class1/gln//data/domains/Catalytic_domain/structures/GlnRS_Bact_E_coli_1QTQ.pdb
-0.494425 -0.444949 -0.746703    38.375782
-0.832748 -0.003758  0.553639    24.277006
-0.249147  0.895548 -0.368672    -3.967583
>../../../../class1/gln//data/domains/Catalytic_domain/structures/GlnRS_PDB_Euk_T_gondii_4P2B.pdb
-0.464493 -0.864082 -0.193929    98.315566
 0.404310 -0.401748  0.821664   -60.523735
-0.787896  0.303250  0.535966    21.380855
>../../../../class1/glu1//data/domains/Catalytic_domain/structures/GluRS-B_AF_Bact_Chlamydia_psittaci_6BC_gene12242467.pdb
 0.780689  0.167499  0.602054    -7.257171
-0.274307  0.957486  0.089311    -4.336730
-0.561499 -0.234872  0.793445    -1.782508
>../../../../class1/glu1//data/domains/Catalytic_domain/structures/GluRS-B_AF_Bact_[Eubacterium]_eligens_ATCC_27750_gene41357084.pdb
 0.992511  0.011937  0.121569     0.889273
-0.005273  0.998473 -0.054989    -0.181168
-0.122040  0.053936  0.991059     0.159632
>../../../../class1/glu1//data/domains/Catalytic_domain/structures/GluRS-B_AF_Bact_Porphyromonas_gingivalis_ATCC_33277_gene29255772.pdb
 0.132209 -0.197860  0.971274     0.232910
-0.170647 -0.969788 -0.174329    -0.801854
 0.976422 -0.142697 -0.161979    -1.954900
>../../../../class1/glu1//data/domains/Catalytic_domain/structures/GluRS-B_AF_Bact_Treponema_pallidum_subsp_pertenue_str_SamoaD_gene57879197.pdb
 0.930117  0.311365  0.194767     1.340800
-0.260169  0.932914 -0.248964    -0.364565
-0.259220  0.180893  0.948727    -3.631636
>../../../../class1/glu1//data/domains/Catalytic_domain/structures/GluRS-B_AF_Euk_Cryptococcus_neoformans_var_grubii_H99_gene23890400.pdb
 0.173933 -0.430794  0.885530     3.446041
-0.430377 -0.842066 -0.325116     0.500356
 0.885733 -0.324563 -0.331867    -3.081252
>../../../../class1/glu1//data/domains/Catalytic_domain/structures/GluRS-B_AF_Mito_Drosophila_melanogaster_gene39828.pdb
-0.985471  0.169077  0.016140     1.204637
 0.158782  0.883373  0.440954    -4.391718
 0.060297  0.437110 -0.897385    -1.873601
>../../../../class1/glu1//data/domains/Catalytic_domain/structures/GluRS-B_PDB_Bact_T_therm_1J09.pdb
 0.343855 -0.495246  0.797807    -2.256359
-0.400453 -0.845821 -0.352455    42.448814
 0.849353 -0.198290 -0.489162   -27.771857
>../../../../class1/glu1//data/domains/Catalytic_domain/structures/GlxRS-B_AF_Bact_Bifidobacterium_animalis_subsp_lactis_BLC1_gene66532600.pdb
 0.880641  0.380085  0.282854     2.003185
-0.143433  0.782874 -0.605422    -1.156461
-0.451551  0.492589  0.743948    -1.881018
>../../../../class1/glu1//data/domains/Catalytic_domain/structures/GlxRS-B_AF_Bact_Mycoplasma_hyopneumoniae_168-L_gene57101016.pdb
 0.990121  0.132042  0.047166     0.156436
-0.126061  0.985584 -0.112843    -1.127261
-0.061386  0.105782  0.992493    -1.276180
>../../../../class1/glu1//data/domains/Catalytic_domain/structures/GlxRS-B_AF_Bact_Paracoccus_denitrificans_PD1222_gene75500422.pdb
 1.000000  0.000000  0.000000     0.000000
 0.000000  1.000000  0.000000     0.000000
 0.000000  0.000000  1.000000     0.000000
>../../../../class1/glu1//data/domains/Catalytic_domain/structures/GlxRS-B_AF_Bact_Prochlorococcus_marinus_subsp_marinus_str_CCMP1375_gene54199839.pdb
-0.339752 -0.891789  0.298798     1.071584
-0.852849  0.158186 -0.497620    -0.578241
 0.396507 -0.423897 -0.814306    -0.824050
>../../../../class1/glu1//data/domains/Catalytic_domain/structures/GlxRS-B_AF_Euk_Arabidopsis_thaliana_gene836526.pdb
-0.994674  0.033435 -0.097499    -1.702361
-0.017932  0.875366  0.483127    -1.890205
 0.101501  0.482303 -0.870105    -5.857366
>../../../../class1/glu1//data/domains/Catalytic_domain/structures/GlxRS-B_AF_Euk_Ostreococcus_tauri_proteinOUS48355.1.pdb
-0.782670  0.604562  0.148097    -2.653413
 0.430891  0.354554  0.829834     2.054616
 0.449178  0.713300 -0.537999    -3.887697
>../../../../class1/glu1//data/domains/Catalytic_domain/structures/GlxRS-B_AF_Euk_Plasmodium_knowlesi_strain_H_gene7321821.pdb
 0.905994  0.355181  0.230263    -0.161022
-0.290382  0.917314 -0.272421    -1.129182
-0.307982  0.179948  0.934219    -2.458708
>../../../../class1/glu1//data/domains/Catalytic_domain/structures/GlxRS-B_AF_Mito_Cyanidioschyzon_merolae_strain_10D_gene16997617.pdb
-0.801535  0.572922  0.171179     0.087527
 0.421842  0.338911  0.840945     1.757406
 0.423781  0.746257 -0.513332    -3.773109
>../../../../class1/glu1//data/domains/Catalytic_domain/structures/GlxRS-B_PDB_Bact_S_elong_2CFO.pdb
 0.391069 -0.881848  0.263458   -26.033457
-0.920165 -0.368714  0.131702   -13.323302
-0.019001 -0.293929 -0.955638    40.144981
