>structures/ProRS-B_AF_Bact_Acinetobacter_baylyi_ADP1_gene45233245.pdb
 0.428664 -0.489696 -0.759240    -2.335166
 0.825783  0.553280  0.109378   -38.235660
 0.366511 -0.673854  0.641554   -21.783744
>structures/ProRS-B_AF_Bact_Brachyspira_pilosicoli_95_1000_gene56438966.pdb
-0.051427  0.253699 -0.965915    -2.808416
 0.863134 -0.475223 -0.170772   -39.218629
-0.502350 -0.842496 -0.194537   -22.286965
>structures/ProRS-B_AF_Bact_Chlamydia_psittaci_6BC_gene12242703.pdb
-0.470838 -0.636147  0.611251     1.845725
-0.768712  0.635800  0.069569   -42.278786
-0.432890 -0.437121 -0.788373   -18.828855
>structures/ProRS-B_AF_Bact_Clostridium_acetobutylicum_DSM_1731_gene44999665.pdb
 0.286878 -0.496166 -0.819464    -3.004583
 0.903207  0.425162  0.058770   -38.664306
 0.319245 -0.757006  0.570110   -21.538711
>structures/ProRS-B_AF_Bact_Corynebacterium_ulcerans_809_gene75260584.pdb
-0.668669 -0.739635 -0.076306     0.051745
-0.587190  0.462302  0.664443   -41.366453
-0.456169  0.489098 -0.743433   -22.730849
>structures/ProRS-B_AF_Bact_Escherichia_coli_O157:H7_str._Sakai_gene913939.pdb
 0.172987  0.851512 -0.494978    -1.713279
 0.407271 -0.519418 -0.751222   -39.711746
-0.896775 -0.071638 -0.436649   -20.726136
>structures/ProRS-B_AF_Bact_Prochlorococcus_marinus_subsp_marinus_str_CCMP1375_gene54199876.pdb
 0.406887 -0.559767 -0.721875    -1.192498
 0.863334  0.493873  0.103654   -40.112629
 0.298493 -0.665395  0.684216   -23.414650
>structures/ProRS-B_AF_Bact_Streptobacillus_moniliformis_DSM_12112_gene29673723.pdb
 0.809198 -0.530462 -0.252604    -3.600554
 0.465070  0.841038 -0.276342   -39.273722
 0.359038  0.106137  0.927268   -21.456481
>structures/ProRS-B_PDB_Bact_R_palustris_2I4O.pdb
 1.000000  0.000000  0.000000     0.000000
 0.000000  1.000000  0.000000     0.000000
 0.000000  0.000000  1.000000     0.000000
>structures/ProRS-B_PDB_Bact_S_aureus_5znj.pdb
 0.755842 -0.041676 -0.653426     8.208514
 0.613434  0.393981  0.684454   -54.904423
 0.228912 -0.918173  0.323353   -31.124694
>structures/ProRS_PDB_Bact_E_faecalis_2J3M.pdb
 0.860946 -0.414114 -0.295435   -30.529582
 0.459771  0.881977  0.103575   -43.186356
 0.217675 -0.225005  0.949732   -42.771856
