>structures/ProRS-B_AF_Bact_Acinetobacter_baylyi_ADP1_gene45233245.pdb
 0.916702 -0.184879 -0.354227     4.315590
-0.026110  0.856907 -0.514809    -1.442733
 0.398717  0.481175  0.780702    21.137143
>structures/ProRS-B_AF_Bact_Brachyspira_pilosicoli_95_1000_gene56438966.pdb
 0.373161 -0.308551 -0.874956     3.155490
 0.804689  0.577025  0.139706    -1.153186
 0.461765 -0.756200  0.463611    20.549641
>structures/ProRS-B_AF_Bact_Chlamydia_psittaci_6BC_gene12242703.pdb
-0.922734 -0.197326  0.331095     5.812803
 0.120261  0.668736  0.733710    -5.941383
-0.366196  0.716837 -0.593335    17.237624
>structures/ProRS-B_AF_Bact_Clostridium_acetobutylicum_DSM_1731_gene44999665.pdb
 0.846511 -0.291098 -0.445735     3.519085
 0.056529  0.881681 -0.468447    -1.689491
 0.529361  0.371348  0.762809    21.332478
>structures/ProRS-B_AF_Bact_Corynebacterium_ulcerans_809_gene75260584.pdb
-0.974897 -0.140476  0.172749     3.758199
 0.204306 -0.255950  0.944854    -1.479006
-0.088514  0.956429  0.278225    17.036849
>structures/ProRS-B_AF_Bact_Prochlorococcus_marinus_subsp_marinus_str_CCMP1375_gene54199876.pdb
 0.912016 -0.271626 -0.307320     3.483977
 0.052535  0.820469 -0.569272    -0.501058
 0.406776  0.503040  0.762551    18.409111
>structures/ProRS-B_AF_Bact_Streptobacillus_moniliformis_DSM_12112_gene29673723.pdb
 0.979375  0.141689 -0.144047     2.791260
-0.176347  0.251422 -0.951677    -2.101820
-0.098625  0.957450  0.271223    21.526324
>structures/ProRS-B_PDB_Bact_S_aureus_5znj.pdb
 0.999956 -0.005373 -0.007632     0.038700
 0.005384  0.999984  0.001423     0.152771
 0.007624 -0.001464  0.999970     0.130100
>structures/ProRS_PDB_Bact_E_faecalis_2J3M.pdb
 0.984467  0.164078  0.062482   -25.324178
-0.041034  0.561044 -0.826768    16.834793
-0.170710  0.811362  0.559062    30.073935
