>structures/ProRS-B_AF_Bact_Acinetobacter_baylyi_ADP1_gene45233245.pdb
 0.831601 -0.312115 -0.459373    31.130106
 0.466102  0.841975  0.271713   -12.227484
 0.301975 -0.440071  0.845665    11.933016
>structures/ProRS-B_AF_Bact_Brachyspira_pilosicoli_95_1000_gene56438966.pdb
 0.241854 -0.196388 -0.950231    30.123715
 0.895159 -0.332741  0.296605   -12.703014
-0.374430 -0.922342  0.095324    11.358641
>structures/ProRS-B_AF_Bact_Chlamydia_psittaci_6BC_gene12242703.pdb
-0.851950 -0.349197  0.390182    33.648461
-0.384268  0.923132 -0.012873   -18.059037
-0.355695 -0.160901 -0.920648    13.366548
>structures/ProRS-B_AF_Bact_Clostridium_acetobutylicum_DSM_1731_gene44999665.pdb
 0.738858 -0.398615 -0.543319    30.258489
 0.603268  0.750540  0.269736   -12.460187
 0.300262 -0.527063  0.795014    12.042555
>structures/ProRS-B_AF_Bact_Corynebacterium_ulcerans_809_gene75260584.pdb
-0.957752 -0.277201  0.076626    31.349187
-0.111631  0.603860  0.789235   -16.138649
-0.265048  0.747337 -0.609292     9.344699
>structures/ProRS-B_AF_Bact_Prochlorococcus_marinus_subsp_marinus_str_CCMP1375_gene54199876.pdb
 0.825737 -0.396291 -0.401388    30.751696
 0.511329  0.826324  0.236076   -14.179353
 0.238121 -0.400177  0.884961     9.453189
>structures/ProRS-B_AF_Bact_Streptobacillus_moniliformis_DSM_12112_gene29673723.pdb
 0.989832 -0.036762 -0.137410    29.631885
-0.013674  0.936960 -0.349169   -12.695325
 0.141584  0.347498  0.926930    12.518171
>structures/ProRS-B_PDB_Bact_R_palustris_2I4O.pdb
 0.854433  0.467518  0.226650    55.921616
-0.420728  0.878550 -0.226139    15.392162
-0.304848  0.097862  0.947360    35.457298
>structures/ProRS-B_PDB_Bact_S_aureus_5znj.pdb
 0.981657 -0.057001 -0.181933    30.561015
 0.181747  0.568046  0.802678   -28.984255
 0.057593 -0.821020  0.567986    -1.573804
>structures/ProRS_PDB_Bact_E_faecalis_2J3M.pdb
 0.999910 -0.010168  0.008708    -0.558741
 0.010261  0.999890 -0.010742     0.177577
-0.008598  0.010830  0.999904     0.314776
