>structures/ProRS-B_AF_Bact_Acinetobacter_baylyi_ADP1_gene45233245.pdb
 0.402087  0.015695 -0.915467     2.931146
 0.398785 -0.903037  0.159670    -1.638530
-0.824195 -0.429276 -0.369358    -5.535975
>structures/ProRS-B_AF_Bact_Brachyspira_pilosicoli_95_1000_gene56438966.pdb
 0.383641  0.460856 -0.800269     2.648601
-0.588537 -0.545784 -0.596443    -2.624764
-0.711649  0.699808  0.061846    -4.322915
>structures/ProRS-B_AF_Bact_Chlamydia_psittaci_6BC_gene12242703.pdb
-0.394687 -0.227984  0.890081     4.040951
-0.476880 -0.777205 -0.410534     2.814655
 0.785371 -0.586494  0.198032    -2.349071
>structures/ProRS-B_AF_Bact_Clostridium_acetobutylicum_DSM_1731_gene44999665.pdb
 0.333047  0.005514 -0.942894     2.249757
 0.277079 -0.956406  0.092276    -2.027878
-0.901281 -0.291989 -0.320056    -5.004411
>structures/ProRS-B_AF_Bact_Corynebacterium_ulcerans_809_gene75260584.pdb
-0.540005 -0.733625  0.412539     4.886948
-0.627231  0.023936 -0.778465    -1.391468
 0.561227 -0.679132 -0.473078    -1.605529
>structures/ProRS-B_AF_Bact_Escherichia_coli_O157:H7_str._Sakai_gene913939.pdb
 0.629490  0.655032 -0.417943     2.563245
-0.761660  0.413803 -0.498640    -0.746127
-0.153679  0.632219  0.759396    -4.480004
>structures/ProRS-B_AF_Bact_Prochlorococcus_marinus_subsp_marinus_str_CCMP1375_gene54199876.pdb
 0.429977 -0.083851 -0.898938     4.085538
 0.321813 -0.916043  0.239375    -2.775493
-0.843538 -0.392216 -0.366893    -3.182239
>structures/ProRS-B_AF_Bact_Streptobacillus_moniliformis_DSM_12112_gene29673723.pdb
 0.657278 -0.307812 -0.687922     1.336695
 0.624748 -0.287987  0.725778    -2.226531
-0.421516 -0.906816  0.003017    -4.848360
>structures/ProRS-B_PDB_Bact_R_palustris_2I4O.pdb
 0.868458  0.244376 -0.431348     5.002808
 0.472375 -0.143809  0.869587    12.627602
 0.150475 -0.958957 -0.240329   -47.026796
>structures/ProRS-B_PDB_Bact_S_aureus_5znj.pdb
 0.692540  0.458220 -0.557156    12.169040
 0.462416 -0.874782 -0.144666    -2.437508
-0.553679 -0.157451 -0.817710    13.571850
>structures/ProRS-M_AF_Euk_Candida_albicans_SC5314_gene3640100.pdb
 0.157014 -0.274086 -0.948801    -0.205910
 0.575763 -0.755155  0.313428     1.754393
-0.802398 -0.595498  0.039239    -4.657666
>structures/ProRS-M_AF_Mito_Acanthaster_planci_gene110989971.pdb
-0.914768  0.383829  0.125998    -5.316417
 0.346668  0.585698  0.732652     2.085952
 0.207417  0.713886 -0.668839    -3.877994
>structures/ProRS-M_AF_Mito_Drosophila_melanogaster_gene38331.pdb
-0.232743  0.516436  0.824090    -5.630495
 0.683768 -0.515677  0.516274     0.673939
 0.691586  0.683646 -0.233103    -2.546832
>structures/ProRS-M_AF_Mito_Homo_sapiens_gene25973.pdb
-0.179081  0.377799  0.908404    -4.840647
 0.630800 -0.664475  0.400705     0.599263
 0.754997  0.644780 -0.119321    -3.048695
>structures/ProRS-M_AF_Mito_Mauremys_reevesii_gene120369760.pdb
 0.999993 -0.000785 -0.003732    -0.032229
 0.000715  0.999824 -0.018730     0.267196
 0.003746  0.018727  0.999818     0.008960
>structures/ProRS-M_AF_Mito_Patella_vulgata_gene126818129.pdb
-0.169524  0.463765  0.869588    -5.987225
 0.587570 -0.660830  0.466976    -0.036126
 0.791217  0.590107 -0.160467    -4.059878
>structures/ProRS-M_AF_Mito_Priapulus_caudatus_gene106814725.pdb
 0.991270 -0.082570  0.102787    -5.412082
 0.053347  0.964128  0.260023     1.633707
-0.120570 -0.252270  0.960116    -5.765524
>structures/ProRS-M_AF_Mito_Saccoglossus_kowalevskii_gene100368006.pdb
 0.825026 -0.525940 -0.206687    -4.550757
 0.534700  0.608219  0.586657     0.588237
-0.182835 -0.594523  0.783016    -5.079684
>structures/ProRS-M_AF_Mito_Schizosaccharomyces_pombe_gene2540642.pdb
-0.151954 -0.218954 -0.963830    -6.054754
 0.511623 -0.851769  0.112837     1.445601
-0.845667 -0.475972  0.241451    -3.968795
>structures/ProRS_PDB_Bact_E_faecalis_2J3M.pdb
 0.761088 -0.066980 -0.645182   -14.073537
 0.523946 -0.522892  0.672357   -32.945748
-0.382395 -0.849763 -0.362873     0.088652
