>../../../../class1/cys//data/domains/Catalytic_domain/structures/CysRS_AF_Arch_Aciduliprofundum_boonei_T469_gene8827372.pdb
-0.628591 -0.327496  0.705422     2.223580
 0.709963  0.128688  0.692381     3.247613
-0.317531  0.936048  0.151618     2.766395
>../../../../class1/cys//data/domains/Catalytic_domain/structures/CysRS_AF_Arch_Candidatus_Nitrosopumilus_sediminis_gene13696907.pdb
-0.557469 -0.107996  0.823144     6.137374
 0.680056  0.509305  0.527383    -3.841060
-0.476186  0.853783 -0.210478     3.238731
>../../../../class1/cys//data/domains/Catalytic_domain/structures/CysRS_AF_Arch_Methanospirillum_hungatei_JF-1_gene3922979.pdb
-0.525317 -0.120634  0.842312    -1.193570
-0.820611  0.333613 -0.464004    -0.295292
-0.225031 -0.934960 -0.274246     5.760567
>../../../../class1/cys//data/domains/Catalytic_domain/structures/CysRS_AF_Arch_Pyrobaculum_ferrireducens_gene11593896.pdb
-0.728348 -0.029882  0.684556     4.703710
-0.677602 -0.117033 -0.726057    -1.789586
 0.101811 -0.992678  0.064993     5.970930
>../../../../class1/cys//data/domains/Catalytic_domain/structures/CysRS_AF_Bact_Bordetella_avium_197N_gene41394405.pdb
-0.773682 -0.183469  0.606428     3.808649
-0.532128  0.707680 -0.464789    -2.200472
-0.343883 -0.682296 -0.645148     5.139817
>../../../../class1/cys//data/domains/Catalytic_domain/structures/CysRS_AF_Bact_Lactobacillus_amylovorus_GRL1118_gene66523130.pdb
-0.617257 -0.128494  0.776197     3.523474
-0.760004  0.352488 -0.546028    -0.832126
-0.203439 -0.926953 -0.315232     6.040798
>../../../../class1/cys//data/domains/Catalytic_domain/structures/CysRS_AF_Bact_Mycobacterium_canettii_CIPT_140010059_gene45427568.pdb
 0.702680  0.151065 -0.695284     2.967110
-0.419066  0.877590 -0.232849    -0.964445
 0.574999  0.454989  0.679972     4.136504
>../../../../class1/cys//data/domains/Catalytic_domain/structures/CysRS_AF_Bact_Mycoplasma_hyopneumoniae_168-L_gene57101512.pdb
-0.675780 -0.160431  0.719433     1.750934
-0.736784  0.118294 -0.665699    -2.127982
 0.021695 -0.979933 -0.198144     4.806796
>../../../../class1/cys//data/domains/Catalytic_domain/structures/CysRS_AF_Bact_Porphyromonas_gingivalis_ATCC_33277_gene29256960.pdb
-0.635449 -0.285004  0.717619     2.378961
 0.486559  0.573852  0.658752     0.364593
-0.599554  0.767767 -0.225983     0.245392
>../../../../class1/cys//data/domains/Catalytic_domain/structures/CysRS_AF_Bact_Prochlorococcus_marinus_subsp_marinus_str_CCMP1375_gene54200571.pdb
-0.762784 -0.157548  0.627167     1.642473
-0.354349 -0.709452 -0.609191    -0.748764
 0.540922 -0.686918  0.485332     4.473493
>../../../../class1/cys//data/domains/Catalytic_domain/structures/CysRS_AF_Bact_Streptobacillus_moniliformis_DSM_12112_gene29673427.pdb
-0.743051 -0.251645  0.620121     1.241675
 0.668742 -0.314775  0.673574     4.812558
 0.025697  0.915200  0.402179     5.189200
>../../../../class1/cys//data/domains/Catalytic_domain/structures/CysRS_AF_Bact_Treponema_pallidum_subsp_pertenue_str_SamoaD_gene57878631.pdb
-0.580865 -0.277318  0.765304     0.520630
 0.625571  0.449472  0.637680     1.200673
-0.520823  0.849158 -0.087601     1.628196
>../../../../class1/cys//data/domains/Catalytic_domain/structures/CysRS_AF_Euk_Arabidopsis_thaliana_gene833874.pdb
-0.679717 -0.268812  0.682441     7.052541
-0.731353  0.177669 -0.658450    -1.258767
 0.055751 -0.946664 -0.317361     4.444117
>../../../../class1/cys//data/domains/Catalytic_domain/structures/CysRS_AF_Euk_Cyanidioschyzon_merolae_strain_10D_gene16993418.pdb
-0.817548 -0.236766  0.524936    12.673203
-0.132991 -0.809297 -0.572147    -2.456360
 0.560294 -0.537569  0.630151     6.897226
>../../../../class1/cys//data/domains/Catalytic_domain/structures/CysRS_AF_Euk_Drosophila_melanogaster_gene36784.pdb
-0.807173 -0.088408  0.583658     7.788348
 0.084814 -0.995832 -0.033547    -2.371502
 0.584191  0.022424  0.811306     0.850227
>../../../../class1/cys//data/domains/Catalytic_domain/structures/CysRS_AF_Euk_Micromonas_commoda_gene8246535.pdb
 0.862740 -0.000402 -0.505647     7.463459
-0.479735  0.315363 -0.818779    -2.238199
 0.159792  0.948971  0.271884     4.339508
>../../../../class1/cys//data/domains/Catalytic_domain/structures/CysRS_AF_Mito_Morone_saxatilis_gene118339815.pdb
-0.654913 -0.405718  0.637560     3.540225
 0.269788  0.662544  0.698749    -0.916641
-0.705906  0.629626 -0.324450     8.124248
>../../../../class1/cys//data/domains/Catalytic_domain/structures/CysRS_AF_Mito_Saccharomyces_cerevisiae_S288C_gene855474.pdb
-0.879712 -0.370683  0.297826     7.024644
 0.286895  0.085723  0.954119    -1.686715
-0.379206  0.924795  0.030935     1.572962
>../../../../class1/cys//data/domains/Catalytic_domain/structures/CysRS_AF_Vir_Megavirus_chiliensis_gene11257271.pdb
 0.803132  0.135105 -0.580280     5.274780
-0.485566 -0.415969 -0.768892    -4.640124
-0.345260  0.899287 -0.268476     0.988170
>../../../../class1/cys//data/domains/Catalytic_domain/structures/CysRS_PDB_Bact_E_coli_1LI5.pdb
 0.248189  0.920817  0.300828  -117.858164
-0.786301  0.372877 -0.492639    56.524840
-0.565803 -0.114274  0.816584    16.426676
>../../../../class1/cys//data/domains/Catalytic_domain/structures/CysRS_PDB_Bact_M_smegmatis_3C8Z.pdb
 0.948687 -0.222496 -0.224698   -38.629525
 0.209704 -0.089181  0.973689    25.711940
-0.236681 -0.970846 -0.037947    18.338058
>../../../../class1/trp//data/domains/Catalytic_domain/structures/TrpRS_AF_Arch_Natrialba_magadii_ATCC_43099_gene8824932.pdb
 0.989053 -0.134894 -0.059813    -0.902194
 0.142865  0.976825  0.159383    -0.608336
 0.036927 -0.166184  0.985403     1.881977
>../../../../class1/trp//data/domains/Catalytic_domain/structures/TrpRS_AF_Arch_Nitrosopumilus_maritimus_SCM1_gene5773245.pdb
 1.000000  0.000000  0.000000     0.000000
 0.000000  1.000000  0.000000     0.000000
 0.000000  0.000000  1.000000     0.000000
>../../../../class1/trp//data/domains/Catalytic_domain/structures/TrpRS_AF_Arch_Sulfolobus_islandicus_M1627_gene7814138.pdb
-0.985435 -0.006395  0.169932    -3.390326
 0.084899  0.847342  0.524217    -1.407496
-0.147343  0.531009 -0.834457    -1.019594
>../../../../class1/trp//data/domains/Catalytic_domain/structures/TrpRS_AF_Arch_Thermoplasma_acidophilum_DSM_1728_gene1456706.pdb
-0.035095  0.400611 -0.915576    -3.342395
-0.703484 -0.660620 -0.262089     2.374023
-0.709844  0.634895  0.305008     4.574345
>../../../../class1/trp//data/domains/Catalytic_domain/structures/TrpRS_AF_Bact_Anoxybacillus_flavithermus_WK1_gene7038388.pdb
-0.886211  0.293378  0.358552    -6.248461
 0.462149  0.613946  0.639913    -3.639918
-0.032395  0.732802 -0.679670    -1.438254
>../../../../class1/trp//data/domains/Catalytic_domain/structures/TrpRS_AF_Bact_Brachyspira_pilosicoli_95_1000_gene56440833.pdb
 0.248068  0.091151 -0.964445    -2.191782
 0.437763 -0.898665  0.027664    -5.098974
-0.864191 -0.429061 -0.262833     2.626499
>../../../../class1/trp//data/domains/Catalytic_domain/structures/TrpRS_AF_Bact_Helicobacter_cinaedi_PAGU611_gene66538868.pdb
-0.958187  0.180888  0.221716    -6.284829
 0.266626  0.845671  0.462331    -4.747257
-0.103869  0.502115 -0.858540    -1.789901
>../../../../class1/trp//data/domains/Catalytic_domain/structures/TrpRS_AF_Bact_Mycoplasma_hyopneumoniae_168-L_gene57101461.pdb
-0.971619 -0.006608  0.236459    -4.796714
 0.080739  0.930318  0.357755    -6.431885
-0.222346  0.366693 -0.903382    -1.598871
>../../../../class1/trp//data/domains/Catalytic_domain/structures/TrpRS_AF_Bact_Porphyromonas_gingivalis_ATCC_33277_gene29255389.pdb
-0.154800 -0.746571  0.647046    -1.246045
-0.682534 -0.392697 -0.616390    -5.030638
 0.714272 -0.537048 -0.448771     1.602105
>../../../../class1/trp//data/domains/Catalytic_domain/structures/TrpRS_AF_Bact_Prochlorococcus_marinus_subsp_marinus_str_CCMP1375_gene54200405.pdb
 0.964660  0.179341 -0.193047     1.650700
-0.207130  0.968974 -0.134855    -8.707148
 0.162873  0.170075  0.971878     4.968012
>../../../../class1/trp//data/domains/Catalytic_domain/structures/TrpRS_AF_Bact_Streptomyces_albidoflavus_gene15147734.pdb
-0.408104 -0.819729  0.401865    -2.963805
-0.829709  0.149405 -0.537830    -4.794376
 0.380834 -0.552922 -0.741109     2.065223
>../../../../class1/trp//data/domains/Catalytic_domain/structures/TrpRS_AF_Bact_Thermus_thermophilus_HB8_gene3168998.pdb
 0.792125  0.593724 -0.141528    -2.043007
-0.558672  0.611899 -0.559879    -4.495688
-0.245813  0.522562  0.816398     1.986498
>../../../../class1/trp//data/domains/Catalytic_domain/structures/TrpRS_AF_Euk_Cryptococcus_neoformans_var_neoformans_JEC21_gene3254069.pdb
-0.196480  0.703631 -0.682861    -0.008188
-0.197033 -0.710563 -0.675484    -1.243958
-0.960507  0.001827  0.278250     1.910313
>../../../../class1/trp//data/domains/Catalytic_domain/structures/TrpRS_AF_Euk_Cyanidioschyzon_merolae_strain_10D_gene16993299.pdb
 0.817073  0.576348  0.014662     0.468970
-0.475424  0.687945 -0.548364    -0.875486
-0.326135  0.441083  0.836111     0.563292
>../../../../class1/trp//data/domains/Catalytic_domain/structures/TrpRS_AF_Euk_Drosophila_melanogaster_gene45399.pdb
 0.958880  0.277616 -0.058983     4.160148
-0.274139  0.852176 -0.445695    -4.698439
-0.073468  0.443538  0.893239     2.724575
>../../../../class1/trp//data/domains/Catalytic_domain/structures/TrpRS_AF_Euk_Saccharomyces_cerevisiae_S288C_gene854056.pdb
 0.027916 -0.441788 -0.896685     0.106259
 0.711536 -0.621267  0.328243    -1.219763
-0.702095 -0.647187  0.297005     2.524995
>../../../../class1/trp//data/domains/Catalytic_domain/structures/TrpRS_AF_Mito_Bufo_gargarizans_gene122922343.pdb
 0.396044  0.794263 -0.460755    -1.059844
-0.545064 -0.200463 -0.814076    -4.696242
-0.738955  0.573551  0.353532     1.849474
>../../../../class1/trp//data/domains/Catalytic_domain/structures/TrpRS_AF_Mito_Cyanidioschyzon_merolae_strain_10D_gene16992222.pdb
 0.167937  0.015677 -0.985673    -3.875031
 0.273453 -0.961376  0.031300    -1.123607
-0.947112 -0.274792 -0.165738    -2.168015
>../../../../class1/trp//data/domains/Catalytic_domain/structures/TrpRS_AF_Vir_Megavirus_chiliensis_gene11257301.pdb
 0.976432  0.127055  0.174462    -1.157411
-0.105874  0.986390 -0.125801    -0.780765
-0.188071  0.104365  0.976595     1.321968
>../../../../class1/trp//data/domains/Catalytic_domain/structures/TrpRS_PDB_Arch_P_hori_3JXE.pdb
-0.899441  0.288741 -0.328078   -42.721829
 0.424025  0.394678 -0.815127    11.279034
-0.105876 -0.872271 -0.477423    25.559670
>../../../../class1/trp//data/domains/Catalytic_domain/structures/TrpRS_PDB_Bact_G_stearo_1I6M.pdb
 0.493196  0.091355 -0.865108     3.769320
 0.179021  0.962526  0.203702   -42.431999
 0.851299 -0.255337  0.458360   -58.556179
>../../../../class1/trp//data/domains/Catalytic_domain/structures/TrpRS_PDB_Bact_Y_pestis_3N9I.pdb
 0.560444  0.314898 -0.765991   -30.955949
 0.041598 -0.934430 -0.353708    67.045609
-0.827147  0.166370 -0.536794    26.385215
>../../../../class1/trp//data/domains/Catalytic_domain/structures/TrpRS_PDB_Euk_S_Cerevisiae_3KT3.pdb
 0.134284  0.932313  0.335797     1.204738
-0.988255  0.150937 -0.023865  -159.236640
-0.072934 -0.328648  0.941632    20.966149
