>structures/AsnRS_AF_Arch_Candidatus_Korarchaeum_cryptofilum_OPF8_gene6094562.pdb
-0.064670  0.995750  0.065568    -7.586546
-0.917354 -0.033459 -0.396665     3.798663
-0.392785 -0.085801  0.915619    29.917355
>structures/AsnRS_AF_Arch_Candidatus_Nitrososphaera_gargensis_Ga92_gene13796664.pdb
 0.756983  0.402293  0.514915    -7.024343
 0.438677 -0.896909  0.055832     4.874142
 0.484293  0.183617 -0.855421    28.979076
>structures/AsnRS_AF_Arch_Ferroplasma_acidarmanus_Fer1_gene16025664.pdb
 0.145677 -0.988672  0.036137    -2.255916
-0.486475 -0.103390 -0.867555    -2.334307
 0.861464  0.108803 -0.496026    32.506708
>structures/AsnRS_AF_Arch_Pyrococcus_sp_ST04_gene13021535.pdb
 0.223840 -0.974152  0.030392    -2.009887
-0.480049 -0.137337 -0.866425    -1.108156
 0.848203  0.179351 -0.498382    32.292633
>structures/AsnRS_AF_Bact_Clostridium_acetobutylicum_DSM_1731_gene44999755.pdb
 0.808788  0.469757  0.353823   -11.150326
 0.464162 -0.879331  0.106446     6.459756
 0.361131  0.078138 -0.929236    31.208637
>structures/AsnRS_AF_Bact_Escherichia_coli_O157:H7_str._Sakai_gene917756.pdb
 0.831762 -0.123858  0.541139    -3.858516
 0.117223 -0.913624 -0.389293     7.450168
 0.542615  0.387234 -0.745399    31.021218
>structures/AsnRS_AF_Bact_Mycoplasma_hyopneumoniae_168-L_gene57101291.pdb
 0.545855 -0.817268  0.184705    -2.296374
-0.410224 -0.452890 -0.791585     1.334152
 0.730588  0.356320 -0.582475    32.801802
>structures/AsnRS_AF_Bact_Porphyromonas_gingivalis_ATCC_33277_gene29256423.pdb
 0.384906 -0.922278 -0.035373    -4.526844
-0.515618 -0.183086 -0.837029     2.719370
 0.765497  0.340416 -0.546013    32.526249
>structures/AsnRS_AF_Bact_Streptobacillus_moniliformis_DSM_12112_gene29673200.pdb
 0.747760  0.557759  0.360221   -10.672464
 0.557533 -0.822075  0.115537     6.094970
 0.360571  0.114441 -0.925685    30.992938
>structures/AsnRS_AF_Bact_Thermus_thermophilus_HB8_gene3168522.pdb
 0.510619 -0.761905  0.398458     0.247043
-0.281434 -0.586005 -0.759864     0.234028
 0.812442  0.275861 -0.513651    31.733436
>structures/AsnRS_AF_Bact_Treponema_pallidum_subsp_pertenue_str_SamoaD_gene57879132.pdb
 0.833900  0.359763  0.418545   -10.280811
 0.345033 -0.931712  0.113422     8.613717
 0.430769  0.049829 -0.901085    30.919620
>structures/AsnRS_AF_Bact_unclassified_Blastocatellia_proteinRPI49177.1.pdb
 0.663579 -0.523601  0.534326    -0.100045
-0.106611 -0.773135 -0.625217     1.873600
 0.740471  0.357915 -0.568858    30.802118
>structures/AsnRS_AF_Euk_Candida_albicans_SC5314_gene3646227.pdb
 0.327717 -0.934760  0.137202    -1.822277
-0.536944 -0.303766 -0.787030    -0.621770
 0.777362  0.184254 -0.601464    27.814530
>structures/AsnRS_AF_Euk_Cryptococcus_gattii_WM276_gene10190222.pdb
 0.401343 -0.898309  0.178786    -2.384013
-0.597178 -0.404643 -0.692562     0.462453
 0.694479  0.171188 -0.698851    24.670938
>structures/AsnRS_AF_Euk_Encephalitozoon_intestinalis_ATCC_50506_gene9698489.pdb
 0.299324 -0.948957 -0.099429    -4.230694
-0.526288 -0.077280 -0.846787    -1.012113
 0.795881  0.305792 -0.522557    33.029464
>structures/AsnRS_AF_Euk_Homo_sapiens_gene4677.pdb
 0.175161 -0.977718 -0.115698    -4.487786
-0.639527 -0.023644 -0.768405    -0.772338
 0.748548  0.208586 -0.629418    27.694724
>structures/AsnRS_AF_Euk_Saccharomyces_cerevisiae_S288C_gene856412.pdb
 0.671539 -0.605352  0.427299    -5.850652
-0.366242 -0.772481 -0.518787     4.666181
 0.644129  0.191891 -0.740456    22.891204
>structures/AsnRS_AF_Euk_Vitis_vinifera_gene100257593.pdb
 0.659966  0.503310  0.557785   -12.784658
 0.589529 -0.807159  0.030804     8.933250
 0.465726  0.308501 -0.829413    32.450813
>structures/AsnRS_AF_Mito_Homo_sapiens_gene79731.pdb
 0.261174  0.666060  0.698679    -7.283953
-0.793786  0.560046 -0.237174     4.340560
-0.549265 -0.492658  0.674979    30.087658
>structures/AsnRS_AF_Mito_Zeugodacus_cucurbitae_gene105213230.pdb
-0.326415 -0.932452 -0.154874    -7.853770
 0.517257 -0.313348  0.796403     9.452429
-0.791137  0.179849  0.584599    28.439384
>structures/AsnRS_PDB_Arch_P_horikoshii_1X54.pdb
 1.000000  0.000000  0.000000     0.000000
 0.000000  1.000000  0.000000     0.000000
 0.000000  0.000000  1.000000     0.000000
>structures/AsnRS_PDB_Bact_E_anophelis_6pqh.pdb
 0.342546  0.837554 -0.425634   -28.032649
 0.830467 -0.058096  0.554031    47.356134
 0.439303 -0.543256 -0.715462    -4.074376
