>../../../../class2/phe5//data/domains/Catalytic_domain/structures/PheRS-M_AF_Mito_Arabidopsis_thaliana_gene824983.pdb
-0.003860 -0.731830 -0.681476     0.684268
-0.661415  0.512990 -0.547148    -6.426969
 0.750010  0.448627 -0.486024    12.023331
>../../../../class2/phe5//data/domains/Catalytic_domain/structures/PheRS-M_AF_Mito_Babesia_bovis_T2Bo_gene5478469.pdb
-0.515503  0.676579  0.525830    -4.531663
 0.567602 -0.190100  0.801055    -2.772895
 0.641938  0.711409 -0.286030     9.512157
>../../../../class2/phe5//data/domains/Catalytic_domain/structures/PheRS-M_AF_Mito_Candida_albicans_SC5314_gene3638806.pdb
 0.489182  0.438350 -0.754023    -1.642975
-0.857896  0.085999 -0.506576    -4.457524
-0.157212  0.894681  0.418128     6.904720
>../../../../class2/phe5//data/domains/Catalytic_domain/structures/PheRS-M_AF_Mito_Crassostrea_gigas_gene105329377.pdb
-0.239327 -0.951304  0.194274     1.508138
 0.733802 -0.046191  0.677792     5.273277
-0.635812  0.304773  0.709123     6.221848
>../../../../class2/phe5//data/domains/Catalytic_domain/structures/PheRS-M_AF_Mito_Drosophila_melanogaster_gene36547.pdb
 0.016977  0.999606 -0.022362    -5.180956
-0.312929 -0.015929 -0.949643    -5.728687
-0.949625  0.023120  0.312536     8.843037
>../../../../class2/phe5//data/domains/Catalytic_domain/structures/PheRS-M_AF_Mito_Syngnathus_acus_gene119139175.pdb
 0.218681  0.121904  0.968152    -0.113435
-0.379709  0.924598 -0.030653    -0.027265
-0.898888 -0.360913  0.248480     7.639463
>../../../../class2/phe5//data/domains/Catalytic_domain/structures/PheRS-M_PDB_Mito.H_sapiens_3CMQ.pdb
 0.931597  0.325417  0.161961   -11.877012
 0.205825 -0.104995 -0.972940    15.904317
-0.299606  0.939723 -0.164792   -11.787032
>../../../../class2/ser1//data/domains/Catalytic_domain/structures/SerRS_AF_Arch_Candidatus_Methanomassiliicoccus_intestinalis_Issoire-Mx1_gene16154337.pdb
 0.387914 -0.757700 -0.524799     2.822123
 0.761295 -0.057572  0.645845     1.918279
-0.519570 -0.650059  0.554500     2.052210
>../../../../class2/ser1//data/domains/Catalytic_domain/structures/SerRS_AF_Arch_Methanospirillum_hungatei_JF-1_gene3924775.pdb
 0.145453  0.680871 -0.717814    -0.405162
-0.729685 -0.416136 -0.542578     2.924012
-0.668135  0.602698  0.436293    -1.900809
>../../../../class2/ser1//data/domains/Catalytic_domain/structures/SerRS_AF_Arch_Nitrosopumilus_maritimus_SCM1_gene5773574.pdb
-0.028200  0.361646  0.931889     2.031354
 0.587360 -0.748349  0.308192     7.099735
 0.808834  0.556046 -0.191313     1.374211
>../../../../class2/ser1//data/domains/Catalytic_domain/structures/SerRS_AF_Arch_Thermoproteus_uzoniensis_768-20_gene10361450.pdb
 0.142232  0.008555  0.989796     2.522203
 0.204498 -0.978643 -0.020927     6.570527
 0.968479  0.205388 -0.140944     4.098715
>../../../../class2/ser1//data/domains/Catalytic_domain/structures/SerRS_AF_Bact_Bifidobacterium_longum_subsp_longum_JCM_1217_gene69578844.pdb
 1.000000  0.000000  0.000000     0.000000
 0.000000  1.000000  0.000000     0.000000
 0.000000  0.000000  1.000000     0.000000
>../../../../class2/ser1//data/domains/Catalytic_domain/structures/SerRS_AF_Bact_Brucella_suis_1330_gene45051948.pdb
 0.141452 -0.157044  0.977409     1.625232
-0.205801 -0.970430 -0.126139     4.561826
 0.968317 -0.183309 -0.169589    -0.981249
>../../../../class2/ser1//data/domains/Catalytic_domain/structures/SerRS_AF_Bact_Chlamydia_psittaci_6BC_gene12242544.pdb
-0.124297  0.052782 -0.990840     1.215783
-0.147473 -0.988476 -0.034156     4.284516
-0.981225  0.141877  0.130648     0.870547
>../../../../class2/ser1//data/domains/Catalytic_domain/structures/SerRS_AF_Bact_Clostridium_acetobutylicum_DSM_1731_gene44996495.pdb
 0.096644  0.444086  0.890756    -0.498455
 0.469973 -0.809256  0.352463     3.715716
 0.877374  0.384568 -0.286919    -2.752921
>../../../../class2/ser1//data/domains/Catalytic_domain/structures/SerRS_AF_Bact_Mycoplasma_hyopneumoniae_168-L_gene57101125.pdb
-0.053860  0.551871 -0.832189     2.429820
-0.355758 -0.789317 -0.500415     2.122529
-0.933025  0.269105  0.238846    -0.140805
>../../../../class2/ser1//data/domains/Catalytic_domain/structures/SerRS_AF_Bact_Prochlorococcus_marinus_subsp_marinus_str_CCMP1375_gene54200639.pdb
 0.047776 -0.571600  0.819140     4.448419
-0.252683 -0.800319 -0.543729     1.082668
 0.966369 -0.181005 -0.182670     3.671047
>../../../../class2/ser1//data/domains/Catalytic_domain/structures/SerRS_AF_Bact_Streptobacillus_moniliformis_DSM_12112_gene29673293.pdb
 0.150512 -0.089326  0.984564     0.772192
-0.072976 -0.994196 -0.079044     4.764665
 0.985911 -0.059953 -0.156157    -1.305849
>../../../../class2/ser1//data/domains/Catalytic_domain/structures/SerRS_AF_Bact_Treponema_pallidum_subsp_pertenue_str_SamoaD_gene57879171.pdb
-0.023813  0.556161 -0.830733     0.201261
-0.655990 -0.635749 -0.406818     4.333887
-0.754394  0.535265  0.379975    -0.711357
>../../../../class2/ser1//data/domains/Catalytic_domain/structures/SerRS_AF_Euk_Cyanidioschyzon_merolae_strain_10D_gene16995416.pdb
 0.575253  0.734829 -0.359319    -1.122484
-0.768488  0.335040 -0.545137     2.298402
-0.280196  0.589724  0.757440    -1.393079
>../../../../class2/ser1//data/domains/Catalytic_domain/structures/SerRS_AF_Euk_Thunnus_albacares_gene122982782.pdb
 0.990979  0.126223 -0.045033     1.453226
-0.128097  0.990893 -0.041488    -0.133432
 0.039386  0.046882  0.998124    -1.611253
>../../../../class2/ser1//data/domains/Catalytic_domain/structures/SerRS_AF_Euk_Trichomonas_vaginalis_G3_gene4762654.pdb
 0.276189  0.463487 -0.841961     0.682983
-0.294921 -0.792902 -0.533224     2.148989
-0.914736  0.395582 -0.082299    -0.030465
>../../../../class2/ser1//data/domains/Catalytic_domain/structures/SerRS_AF_Euk_Vitis_vinifera_gene100261399.pdb
 0.919267  0.387187 -0.070960    -0.380673
-0.390698  0.875479 -0.284415     0.864736
-0.047998  0.289177  0.956072    -0.980691
>../../../../class2/ser1//data/domains/Catalytic_domain/structures/SerRS_AF_Mito_Cervus_elaphus_gene122688911.pdb
 0.032409 -0.570219  0.820853     5.478144
-0.366799 -0.770764 -0.520942     0.170608
 0.929735 -0.284205 -0.234136     4.657617
>../../../../class2/ser1//data/domains/Catalytic_domain/structures/SerRS_AF_Mito_Drechmeria_coniospora_gene63718051.pdb
-0.034032  0.336274 -0.941149     3.009479
-0.081640 -0.939483 -0.332726     1.232498
-0.996081  0.065512  0.059426    -0.327409
>../../../../class2/ser1//data/domains/Catalytic_domain/structures/SerRS_PDB_Bact_K_pneumoniae_6h9x.pdb
-0.764270 -0.637824 -0.095244   -28.219169
 0.626108 -0.769257  0.127405   -14.327075
-0.154529  0.037739  0.987267     8.166583
>../../../../class2/ser1//data/domains/Catalytic_domain/structures/SerRS_PDB_Bact_T_thermophilus_1ser.pdb
-0.372428  0.119122  0.920384    -2.000862
-0.114601  0.978235 -0.172982   -33.162043
-0.920958 -0.169900 -0.350671   142.424485
>../../../../class2/ser1//data/domains/Catalytic_domain/structures/SerRS_PDB_Mito_B_taurus_1wle.pdb
-0.477822  0.877164 -0.047641     7.695987
 0.619601  0.298081 -0.726115    -1.560689
-0.622720 -0.376472 -0.685921   108.070239
