>structures/ThrRS_AF_Arch_Candidatus_Methanomethylophilus_alvus_Mx1201_gene15140074.pdb
-0.619347 -0.646391  0.445632    -2.095381
 0.581002  0.004415  0.813890     1.364795
-0.528059  0.762994  0.372819     3.490144
>structures/ThrRS_AF_Bact_Bifidobacterium_longum_subsp_longum_JCM_1217_gene69578309.pdb
 0.052768  0.934124  0.353026    -1.121276
-0.907593  0.192316 -0.373216     1.742200
-0.416523 -0.300710  0.857952    -0.165629
>structures/ThrRS_AF_Bact_Brachyspira_pilosicoli_95_1000_gene56439092.pdb
-0.604643  0.014309  0.796368    -4.286952
-0.789574 -0.142302 -0.596928     0.626383
 0.104784 -0.989720  0.097340     2.750390
>structures/ThrRS_AF_Bact_Brucella_abortus_2308_gene3787745.pdb
 0.348965  0.763634 -0.543219    -4.596745
 0.881057 -0.069831  0.467828     1.188766
 0.319316 -0.641862 -0.697173     3.830029
>structures/ThrRS_AF_Bact_Lactobacillus_acidophilus_La-14_gene56943112.pdb
 0.715807 -0.578193 -0.391551    -3.097662
-0.292586  0.260791 -0.919990     3.636381
 0.634045  0.773098  0.017505    -0.004501
>structures/ThrRS_AF_Bact_Mycoplasma_hyopneumoniae_168-L_gene57101460.pdb
-0.950446  0.024397  0.309930    -0.017817
 0.307846 -0.065281  0.949194     7.281788
 0.043390  0.997569  0.054536     0.606244
>structures/ThrRS_AF_Bact_Porphyromonas_gingivalis_ATCC_33277_gene29256174.pdb
-0.680776 -0.074179  0.728726     0.391746
-0.341864 -0.847686 -0.405658    -0.217157
 0.647822 -0.525287  0.551725    -2.625659
>structures/ThrRS_AF_Bact_Prochlorococcus_marinus_subsp_marinus_str_CCMP1375_gene54200406.pdb
 0.741751 -0.654810  0.145013    -2.071781
 0.431680  0.631611  0.643987    -1.420701
-0.513281 -0.415079  0.751167     1.843280
>structures/ThrRS_AF_Bact_Streptobacillus_moniliformis_DSM_12112_gene29674242.pdb
 0.901762 -0.034464 -0.430857    -1.350189
-0.278150  0.716723 -0.639484     0.489502
 0.330845  0.696506  0.636727     0.681430
>structures/ThrRS_AF_Euk_Arabidopsis_thaliana_gene832741.pdb
 0.055264  0.995512 -0.076827     0.255018
-0.858134  0.008020 -0.513363     0.603259
-0.510443  0.094298  0.854726    -6.057689
>structures/ThrRS_AF_Euk_Cercospora_beticola_gene35433465.pdb
 0.078364  0.471497 -0.878379    -1.960668
-0.130542 -0.868649 -0.477920     1.958874
-0.988341  0.152117 -0.006520    -1.714131
>structures/ThrRS_AF_Euk_Cryptococcus_gattii_WM276_gene10188143.pdb
 0.490780  0.839181  0.234332    -2.139522
-0.774674  0.543375 -0.323455     0.017953
-0.398767 -0.022786  0.916769    -2.520093
>structures/ThrRS_AF_Euk_Cyanidioschyzon_merolae_strain_10D_gene16997242.pdb
 0.483533  0.085903 -0.871100    -3.386599
 0.818226  0.309187  0.484674    -0.508983
 0.310968 -0.947114  0.079214    -0.742393
>structures/ThrRS_AF_Mito_Cyanidioschyzon_merolae_strain_10D_gene16995590.pdb
 0.999999  0.001417  0.000619     0.020395
-0.001418  0.999999  0.000313    -0.002764
-0.000619 -0.000314  1.000000    -0.025323
>structures/ThrRS_AF_Mito_Oryza_sativa_Japonica_Group_gene4345200.pdb
 0.480190 -0.303212  0.823092    -1.149738
 0.277153 -0.837837 -0.470335    -2.304376
 0.832228  0.453973 -0.318285    -3.217479
>structures/ThrRS_PDB_Bact_S_aureus_1nyr.pdb
-0.578090  0.814372  0.051096   -37.473231
-0.301480 -0.271358  0.914043   -21.819868
 0.758236  0.512995  0.402387   -57.867851
