>structures/ThrRS_AF_Arch_Candidatus_Methanomethylophilus_alvus_Mx1201_gene15140074.pdb
 0.999979 -0.004788 -0.004443    -0.138732
 0.004772  0.999983 -0.003491    -0.166036
 0.004459  0.003470  0.999984    -0.003977
>structures/ThrRS_AF_Arch_Candidatus_Nitrosopumilus_koreensis_AR1_gene13725077.pdb
 0.610581  0.597761  0.519494    37.190013
 0.492477  0.227122 -0.840168   -46.590411
-0.620207  0.768829 -0.155707   -45.483609
>structures/ThrRS_AF_Arch_Sulfolobus_islandicus_M164_gene7940156.pdb
 0.072525  0.606567 -0.791718    -2.447945
 0.621021 -0.648613 -0.440040    -5.746877
-0.780431 -0.459759 -0.423732     5.272845
>structures/ThrRS_AF_Bact_Bifidobacterium_longum_subsp_longum_JCM_1217_gene69578309.pdb
-0.335021 -0.311236 -0.889322     1.472852
-0.353959 -0.833159  0.424923    -3.418810
-0.873197  0.457142  0.168961    -0.702960
>structures/ThrRS_AF_Bact_Brachyspira_pilosicoli_95_1000_gene56439092.pdb
-0.133454  0.434796 -0.890585     1.213628
 0.471624 -0.762486 -0.442929     0.758343
-0.871643 -0.479132 -0.103303    -1.896114
>structures/ThrRS_AF_Bact_Brucella_abortus_2308_gene3787745.pdb
 0.119350 -0.172830  0.977694     1.118719
 0.020368 -0.984099 -0.176448     1.822125
 0.992643  0.040973 -0.113932    -1.245054
>structures/ThrRS_AF_Bact_Lactobacillus_acidophilus_La-14_gene56943112.pdb
-0.949767  0.100932 -0.296236     3.728236
 0.020857  0.964876  0.261878    -1.989906
 0.312263  0.242544 -0.918512     0.022305
>structures/ThrRS_AF_Bact_Mycoplasma_hyopneumoniae_168-L_gene57101460.pdb
 0.748908 -0.576640  0.326531     3.684236
 0.643757  0.749970 -0.152060    -3.260431
-0.157205  0.324086  0.932875     4.591113
>structures/ThrRS_AF_Bact_Porphyromonas_gingivalis_ATCC_33277_gene29256174.pdb
-0.113961 -0.167224 -0.979310     0.761200
 0.933789 -0.354574 -0.048118    -6.230521
-0.339191 -0.919953  0.196560    -2.506142
>structures/ThrRS_AF_Bact_Prochlorococcus_marinus_subsp_marinus_str_CCMP1375_gene54200406.pdb
 0.058143  0.991435 -0.116948    -0.806344
-0.868775  0.107958  0.483295    -1.193714
 0.491781  0.073502  0.867611    -3.001828
>structures/ThrRS_AF_Bact_Streptobacillus_moniliformis_DSM_12112_gene29674242.pdb
-0.897183  0.064087 -0.436985     0.416831
-0.332287  0.553835  0.763448    -2.662656
 0.290945  0.830157 -0.475595    -1.520100
>structures/ThrRS_AF_Euk_Arabidopsis_thaliana_gene832741.pdb
-0.261135 -0.662472 -0.702096     3.133427
-0.427112 -0.572966  0.699489    -8.829207
-0.865670  0.482535 -0.133328    -3.113748
>structures/ThrRS_AF_Euk_Cercospora_beticola_gene35433465.pdb
 0.395488 -0.876799  0.273520     3.038488
-0.806301 -0.188823  0.560557    -3.999124
-0.439849 -0.442233 -0.781641    -1.414562
>structures/ThrRS_AF_Euk_Cryptococcus_gattii_WM276_gene10188143.pdb
-0.544531 -0.194432 -0.815894     2.442231
-0.622802 -0.557821  0.548592    -4.513174
-0.561787  0.806865  0.182659    -3.355450
>structures/ThrRS_AF_Euk_Cyanidioschyzon_merolae_strain_10D_gene16997242.pdb
 0.006970  0.623198  0.782033     1.966752
-0.074389 -0.779562  0.621892    -2.355071
 0.997205 -0.062509  0.040926    -3.704452
>structures/ThrRS_AF_Euk_Homo_sapiens_gene6897.pdb
 0.027689 -0.743938 -0.667675     1.871220
-0.181794 -0.660540  0.728449    -4.277660
-0.982947  0.101209 -0.153533    -3.131635
>structures/ThrRS_AF_Euk_Saccharomyces_cerevisiae_S288C_gene854732.pdb
 0.150781  0.074289  0.985772     2.129350
-0.300441 -0.946562  0.117289    -4.203353
 0.941807 -0.313851 -0.120404    -4.271195
>structures/ThrRS_AF_Mito_Cyanidioschyzon_merolae_strain_10D_gene16995590.pdb
-0.619869  0.578977 -0.529668    -0.270704
-0.649127  0.000923  0.760679    -4.136439
 0.440905  0.815343  0.375258    -1.431213
>structures/ThrRS_AF_Mito_Homo_sapiens_gene80222.pdb
 0.281866 -0.382947  0.879718     1.839165
-0.533883 -0.824434 -0.187823    -1.079899
 0.797196 -0.416725 -0.436829    -5.081241
>structures/ThrRS_AF_Mito_Oryza_sativa_Japonica_Group_gene4345200.pdb
-0.575750 -0.534751 -0.618509     0.911399
 0.328501  0.541438 -0.773907    -5.607064
 0.748732 -0.648758 -0.136067    -5.079297
>structures/ThrRS_PDB_Bact_S_aureus_1nyr.pdb
-0.218287 -0.934716  0.280457    41.137321
 0.951052 -0.139339  0.275835   -23.862768
-0.218749  0.326941  0.919380   -57.392575
