>../../../../class2//phe2/data/domains/tRNA_binding_domain_F//structures/PheRS-Bβ_AF_Bact_Brachyspira_pilosicoli_95_1000_gene56440382.pdb
 0.962335 -0.262654  0.070173     4.213307
 0.254242  0.960876  0.109900    -1.633030
-0.096294 -0.087919  0.991462    -0.787855
>../../../../class2//phe2/data/domains/tRNA_binding_domain_F//structures/PheRS-Bβ_AF_Bact_Chlamydia_psittaci_6BC_gene12242429.pdb
-0.085165  0.706601 -0.702469     2.828641
-0.618876 -0.590050 -0.518491     7.021159
-0.780858  0.390584  0.487550    -0.687113
>../../../../class2//phe2/data/domains/tRNA_binding_domain_F//structures/PheRS-Bβ_AF_Bact_Ferrimonas_balearica_DSM_9799_gene67181907.pdb
-0.093996 -0.569092 -0.816884     7.755695
 0.682104 -0.634488  0.363536    -7.780045
-0.725189 -0.523029  0.447819     1.227949
>../../../../class2//phe2/data/domains/tRNA_binding_domain_F//structures/PheRS-Bβ_AF_Bact_Lacticaseibacillus_paracasei_gene61269867.pdb
 1.000000  0.000000  0.000000     0.000000
 0.000000  1.000000  0.000000     0.000000
 0.000000  0.000000  1.000000     0.000000
>../../../../class2//phe2/data/domains/tRNA_binding_domain_F//structures/PheRS-Bβ_AF_Bact_Mycobacterium_intracellulare_ATCC_13950_gene11909688.pdb
-0.350200  0.059261 -0.934798     6.987527
-0.015370 -0.998226 -0.057525    -1.375274
-0.936549 -0.005778  0.350490     2.304551
>../../../../class2//phe2/data/domains/tRNA_binding_domain_F//structures/PheRS-Bβ_AF_Bact_Mycoplasma_hyopneumoniae_168-L_gene57101148.pdb
 0.822699  0.568226 -0.016919     2.751488
-0.508925  0.722926 -0.467304   -16.712974
-0.253303  0.393061  0.883935     5.810960
>../../../../class2//phe2/data/domains/tRNA_binding_domain_F//structures/PheRS-Bβ_AF_Bact_Porphyromonas_gingivalis_ATCC_33277_gene29257179.pdb
-0.577144 -0.809667 -0.106506    10.946926
-0.715217  0.564097 -0.412626     2.103332
 0.394169 -0.161969 -0.904653     1.247675
>../../../../class2//phe2/data/domains/tRNA_binding_domain_F//structures/PheRS-Bβ_AF_Bact_Prochlorococcus_marinus_subsp_marinus_str_CCMP1375_gene54200309.pdb
 0.122917  0.723060 -0.679761     5.130534
-0.624454 -0.476013 -0.619249     2.971366
-0.771329  0.500596  0.393007     1.883991
>../../../../class2//phe2/data/domains/tRNA_binding_domain_F//structures/PheRS-Bβ_AF_Euk_Didymosphenia_geminata_gene19740299.pdb
 0.486880  0.869876 -0.079142     9.281312
-0.775768  0.389004 -0.496850    11.929840
-0.401411  0.303302  0.864221     0.131123
>../../../../class2//phe2/data/domains/tRNA_binding_domain_F//structures/PheRS-Bβ_AF_Euk_Gracilariopsis_tenuifrons_gene68635617.pdb
-0.658157  0.743421  0.118970     7.940946
 0.278367  0.093465  0.955916    -7.515268
 0.699529  0.662260 -0.268459    -0.809783
>../../../../class2//phe2/data/domains/tRNA_binding_domain_F//structures/PheRS-Bβ_PDB_Bact.B_E_coli_3PCO.pdb
-0.247735 -0.364700  0.897564   -41.798605
-0.928162  0.354935 -0.111962   -16.971384
-0.277745 -0.860822 -0.426431     6.107969
>../../../../class2//phe2/data/domains/tRNA_binding_domain_F//structures/PheRS-Bβ_PDB_Bact.B_T_thermophilus_1PYS.pdb
 0.874109 -0.048898 -0.483262    16.065565
-0.484780 -0.149990 -0.861679    25.620183
-0.030350  0.987478 -0.154812   -59.063952
>../../../../class2//phe5/data/domains/tRNA_binding_domain_F//structures/PheRS-M_AF_Mito_Arabidopsis_thaliana_gene824983.pdb
 0.853750  0.304399  0.422437    41.763562
-0.130729  0.910638 -0.391980    -9.797189
-0.504005  0.279428  0.817251   -36.826582
>../../../../class2//phe5/data/domains/tRNA_binding_domain_F//structures/PheRS-M_AF_Mito_Babesia_bovis_T2Bo_gene5478469.pdb
 0.274012  0.603326  0.748943    49.782594
-0.812225  0.562179 -0.155710    15.771373
-0.514984 -0.565644  0.644080   -18.388045
>../../../../class2//phe5/data/domains/tRNA_binding_domain_F//structures/PheRS-M_AF_Mito_Candida_albicans_SC5314_gene3638806.pdb
 0.227468  0.247311  0.941857    39.491534
-0.926858  0.351621  0.131518   -10.018258
-0.298651 -0.902884  0.309205   -31.763734
>../../../../class2//phe5/data/domains/tRNA_binding_domain_F//structures/PheRS-M_AF_Mito_Crassostrea_gigas_gene105329377.pdb
-0.684228  0.720832 -0.110604    30.439275
 0.369729  0.473609  0.799372    -3.540605
 0.628596  0.506059 -0.590569   -33.664976
>../../../../class2//phe5/data/domains/tRNA_binding_domain_F//structures/PheRS-M_AF_Mito_Drosophila_melanogaster_gene36547.pdb
-0.729288  0.625260 -0.277830    41.186052
 0.661599  0.747955 -0.053380    29.580021
 0.174428 -0.222741 -0.959146   -32.116280
>../../../../class2//phe5/data/domains/tRNA_binding_domain_F//structures/PheRS-M_AF_Mito_Syngnathus_acus_gene119139175.pdb
-0.412996 -0.842346 -0.346249    35.748484
-0.795247  0.518839 -0.313669    -6.244680
 0.443865  0.145810 -0.884151   -33.640325
>../../../../class2//phe5/data/domains/tRNA_binding_domain_F//structures/PheRS-M_PDB_Mito.H_sapiens_3CMQ.pdb
-0.878866  0.369012  0.302365    24.872470
-0.239324  0.207252 -0.948563     3.013409
-0.412697 -0.906022 -0.093833    -9.288707
