>../../../../class2/asn//data/domains/Catalytic_domain/structures/AsnRS_AF_Arch_Candidatus_Korarchaeum_cryptofilum_OPF8_gene6094562.pdb
 0.159958  0.426705  0.890133    -0.324846
-0.110460 -0.888343  0.445697     0.216775
 0.980924 -0.169617 -0.094964     1.337580
>../../../../class2/asn//data/domains/Catalytic_domain/structures/AsnRS_AF_Arch_Candidatus_Nitrososphaera_gargensis_Ga92_gene13796664.pdb
 0.525215  0.761237 -0.380352    -1.357420
-0.385725 -0.185445 -0.903784    -1.711443
-0.758528  0.621393  0.196229    -0.667699
>../../../../class2/asn//data/domains/Catalytic_domain/structures/AsnRS_AF_Arch_Ferroplasma_acidarmanus_Fer1_gene16025664.pdb
 0.911440 -0.401834  0.088355     6.418671
 0.411248  0.883341 -0.224907    -3.770548
 0.012328  0.241325  0.970366     3.392160
>../../../../class2/asn//data/domains/Catalytic_domain/structures/AsnRS_AF_Arch_Pyrococcus_sp_ST04_gene13021535.pdb
 0.941198 -0.329380  0.075200     6.088559
 0.337663  0.909563 -0.242237    -4.196726
 0.011389  0.253385  0.967298     2.558129
>../../../../class2/asn//data/domains/Catalytic_domain/structures/AsnRS_AF_Bact_Clostridium_acetobutylicum_DSM_1731_gene44999755.pdb
 0.438466  0.821522 -0.364485    -2.240749
-0.421920 -0.169929 -0.890566    -0.756271
-0.793556  0.544266  0.272108     0.916772
>../../../../class2/asn//data/domains/Catalytic_domain/structures/AsnRS_AF_Bact_Mycoplasma_hyopneumoniae_168-L_gene57101291.pdb
 0.988317  0.016450  0.151519     6.287140
 0.055447  0.887224 -0.457994    -4.988885
-0.141966  0.461045  0.875947     1.120374
>../../../../class2/asn//data/domains/Catalytic_domain/structures/AsnRS_AF_Bact_Porphyromonas_gingivalis_ATCC_33277_gene29256423.pdb
 0.967452 -0.213826  0.135332     4.898492
 0.240239  0.944109 -0.225705    -3.372609
-0.079506  0.250871  0.964750     1.531461
>../../../../class2/asn//data/domains/Catalytic_domain/structures/AsnRS_AF_Bact_Streptobacillus_moniliformis_DSM_12112_gene29673200.pdb
 0.358144  0.851346 -0.383332    -1.986252
-0.391056 -0.236040 -0.889584    -0.774828
-0.847826  0.468503  0.248388     0.577590
>../../../../class2/asn//data/domains/Catalytic_domain/structures/AsnRS_AF_Bact_Thermus_thermophilus_HB8_gene3168522.pdb
 0.977001  0.097078  0.189856     6.172705
 0.024581  0.833148 -0.552504    -5.729991
-0.211814  0.544463  0.811600     1.208108
>../../../../class2/asn//data/domains/Catalytic_domain/structures/AsnRS_AF_Bact_Treponema_pallidum_subsp_pertenue_str_SamoaD_gene57879132.pdb
 0.522127  0.788357 -0.325386    -2.338111
-0.408271 -0.103928 -0.906926    -0.976712
-0.748798  0.606376  0.267600    -0.060025
>../../../../class2/asn//data/domains/Catalytic_domain/structures/AsnRS_AF_Bact_unclassified_Blastocatellia_proteinRPI49177.1.pdb
 0.927336  0.346386  0.141651     4.539366
-0.149425  0.689753 -0.708458    -6.051040
-0.343104  0.635812  0.691392     0.011996
>../../../../class2/asn//data/domains/Catalytic_domain/structures/AsnRS_AF_Euk_Candida_albicans_SC5314_gene3646227.pdb
 0.974815 -0.219999  0.036540     3.118305
 0.215652  0.888151 -0.405810    -7.486718
 0.056825  0.403469  0.913227     3.832902
>../../../../class2/asn//data/domains/Catalytic_domain/structures/AsnRS_AF_Euk_Cryptococcus_gattii_WM276_gene10190222.pdb
 0.982164 -0.176717 -0.064220    -0.140967
 0.124660  0.867709 -0.481187    -8.606836
 0.140758  0.464599  0.874263     3.929784
>../../../../class2/asn//data/domains/Catalytic_domain/structures/AsnRS_AF_Euk_Encephalitozoon_intestinalis_ATCC_50506_gene9698489.pdb
 0.941022 -0.331202  0.069163     6.302335
 0.336982  0.935777 -0.103753    -2.624145
-0.030358  0.120940  0.992195     2.961297
>../../../../class2/asn//data/domains/Catalytic_domain/structures/AsnRS_AF_Euk_Vitis_vinifera_gene100257593.pdb
 0.343302  0.925642 -0.159157    -3.943739
-0.269313 -0.065326 -0.960835     1.371949
-0.899786  0.372720  0.226861    -1.260725
>../../../../class2/asn//data/domains/Catalytic_domain/structures/AsnRS_AF_Mito_Homo_sapiens_gene79731.pdb
 0.232568 -0.230423  0.944890     0.130784
-0.489119 -0.867441 -0.091148    -3.020419
 0.840639 -0.440966 -0.314444     1.288986
>../../../../class2/asn//data/domains/Catalytic_domain/structures/AsnRS_AF_Mito_Zeugodacus_cucurbitae_gene105213230.pdb
-0.953497 -0.242060 -0.179583    -3.514724
-0.294746  0.873382  0.387723    -3.654020
 0.062992  0.422624 -0.904113    -1.600260
>../../../../class2/asn//data/domains/Catalytic_domain/structures/AsnRS_PDB_Arch_P_horikoshii_1X54.pdb
 0.536180 -0.468138  0.702394   -16.104157
-0.812090 -0.059093  0.580532   -24.944059
-0.230263 -0.881677 -0.411855    14.059295
>../../../../class2/asn//data/domains/Catalytic_domain/structures/AsnRS_PDB_Bact_E_anophelis_6pqh.pdb
 0.021673  0.181827 -0.983092   -55.629816
-0.048062 -0.981996 -0.182684   -13.166373
-0.998609  0.051209 -0.012544   -12.891929
>../../../../class2/lys//data/domains/Catalytic_domain/structures/LysRS-II_AF_Arch_Aciduliprofundum_boonei_T469_gene8827564.pdb
 0.663539  0.647491 -0.374795    -3.776830
-0.586124  0.138572 -0.798283    -0.550178
-0.464946  0.749368  0.471458    -0.113976
>../../../../class2/lys//data/domains/Catalytic_domain/structures/LysRS-II_AF_Arch_Archaeoglobus_sulfaticallidus_PM70-1_gene15393615.pdb
 0.993311 -0.097271 -0.062218     1.407190
 0.084438  0.979443 -0.183198    -3.878362
 0.078759  0.176720  0.981105     2.798462
>../../../../class2/lys//data/domains/Catalytic_domain/structures/LysRS-II_AF_Arch_Candidatus_Woesearchaeota_archaeon_proteinMBS3172198.1.pdb
 0.628035 -0.687732 -0.364138    -0.201680
 0.777769  0.570036  0.264830    -3.172667
 0.025440 -0.449537  0.892899     0.938870
>../../../../class2/lys//data/domains/Catalytic_domain/structures/LysRS-II_AF_Arch_Thermogladius_calderae_1633_gene13013549.pdb
 0.260289  0.703056 -0.661787    -2.068438
-0.465046 -0.509385 -0.724058     0.724114
-0.846157  0.496225  0.194366    -0.284815
>../../../../class2/lys//data/domains/Catalytic_domain/structures/LysRS-II_AF_Bact_Chlamydia_muridarum_str_Nigg_gene1245697.pdb
 0.241446  0.677021 -0.695231    -3.507589
-0.499030 -0.527816 -0.687299     0.637691
-0.832270  0.512886  0.210414     0.875846
>../../../../class2/lys//data/domains/Catalytic_domain/structures/LysRS-II_AF_Bact_Cupriavidus_taiwanensis_LMG_19424_gene29762375.pdb
 0.987109 -0.152452 -0.048723     4.527580
 0.146873  0.983809 -0.102704    -3.041054
 0.063592  0.094224  0.993518     3.067716
>../../../../class2/lys//data/domains/Catalytic_domain/structures/LysRS-II_AF_Bact_Leuconostoc_gelidum_JB7_gene61037106.pdb
 1.000000  0.000000  0.000000     0.000000
 0.000000  1.000000  0.000000     0.000000
 0.000000  0.000000  1.000000     0.000000
>../../../../class2/lys//data/domains/Catalytic_domain/structures/LysRS-II_AF_Bact_Mycobacterium_intracellulare_ATCC_13950_gene11907187.pdb
 0.999947  0.008652 -0.005560     3.804319
-0.009765  0.968424 -0.249119    -3.899515
 0.003229  0.249160  0.968457     2.353557
>../../../../class2/lys//data/domains/Catalytic_domain/structures/LysRS-II_AF_Bact_Mycoplasma_hyopneumoniae_168-L_gene57101062.pdb
 0.996573 -0.013118 -0.081673    -1.670935
 0.013226  0.999912  0.000783    -0.066290
 0.081656 -0.001861  0.996659    -1.374985
>../../../../class2/lys//data/domains/Catalytic_domain/structures/LysRS-II_AF_Bact_Porphyromonas_gingivalis_ATCC_33277_gene29256363.pdb
 0.649192  0.743684 -0.159638    -4.936851
-0.442104  0.198146 -0.874804    -1.161132
-0.618946  0.638492  0.457421    -0.917192
>../../../../class2/lys//data/domains/Catalytic_domain/structures/LysRS-II_AF_Bact_Prochlorococcus_marinus_subsp_marinus_str_CCMP1375_gene54201108.pdb
 0.982530  0.174987  0.063356    -1.077747
-0.155261  0.958435 -0.239366     0.601629
-0.102609  0.225347  0.968860    -0.034375
>../../../../class2/lys//data/domains/Catalytic_domain/structures/LysRS-II_AF_Bact_Streptobacillus_moniliformis_DSM_12112_gene29673899.pdb
 0.961053  0.275105  0.026373     3.370941
-0.228171  0.843680 -0.485944    -4.837761
-0.155936  0.461000  0.873592     0.718795
>../../../../class2/lys//data/domains/Catalytic_domain/structures/LysRS-II_AF_Euk_Ostreococcus_tauri_gene9837657.pdb
 0.982286 -0.179174 -0.054869     2.891956
 0.173478  0.980221 -0.095244    -3.940121
 0.070849  0.084038  0.993941     3.668896
>../../../../class2/lys//data/domains/Catalytic_domain/structures/LysRS-II_AF_Euk_Solanum_lycopersicum_gene778357.pdb
-0.249123 -0.617071  0.746432     0.917199
-0.887195 -0.163656 -0.431396     0.058984
 0.388360 -0.769701 -0.506692     1.997857
>../../../../class2/lys//data/domains/Catalytic_domain/structures/LysRS-II_AF_Euk_Theileria_annulata_gene3864794.pdb
-0.629300 -0.686768  0.363773     4.386272
-0.771922  0.498088 -0.395025    -1.528769
 0.090099 -0.529394 -0.843578     1.191479
>../../../../class2/lys//data/domains/Catalytic_domain/structures/LysRS-II_AF_Euk_Zootoca_vivipara_gene118086243.pdb
 0.402766 -0.588614 -0.700938     0.202646
 0.887936  0.065405  0.455293     3.095786
-0.222147 -0.805764  0.548994     1.674928
>../../../../class2/lys//data/domains/Catalytic_domain/structures/LysRS-II_AF_Mito_Malus_domestica_gene103446975.pdb
 0.946354 -0.318892 -0.052167     4.184049
 0.320086  0.947250  0.016200    -2.464812
 0.044249 -0.032029  0.998507     3.792941
>../../../../class2/lys//data/domains/Catalytic_domain/structures/LysRS-II_AF_Mito_Scheffersomyces_stipitis_CBS_6054_gene4837999.pdb
 0.983411 -0.169524 -0.064533     4.320615
 0.174501  0.981284  0.081434    -1.894820
 0.049520 -0.091344  0.994587     4.071337
>../../../../class2/lys//data/domains/Catalytic_domain/structures/LysRS-II_PDB_Bact_G_stearothermophilus_3E9H.pdb
 0.025342  0.130903 -0.991071    37.721407
 0.825647  0.556203  0.094577    -8.223008
 0.563617 -0.820672 -0.093984  -102.189097
