>structures/GluRS-E_AF_Euk_Cyathus_striatus_proteinKAF9013924.1.pdb
 0.772149  0.587234 -0.242781     7.166856
-0.533770  0.392092 -0.749235    -6.656704
-0.344784  0.708110  0.616201     5.558213
>structures/GluRS-E_AF_Euk_Lichtheimia_hyalospora_proteinKAI7879902.1.pdb
 1.000000  0.000000  0.000000     0.000000
 0.000000  1.000000  0.000000     0.000000
 0.000000  0.000000  1.000000     0.000000
>structures/GluRS-E_AF_Euk_Medicago_truncatula_gene11407510.pdb
 0.946358  0.312006 -0.084017     9.005574
-0.305706  0.780350 -0.545526    -2.018690
-0.104645  0.541947  0.833872     7.611888
>structures/GluRS-E_AF_Euk_Xylariaceae_sp_FL0804_proteinKAI0483267.1.pdb
-0.995929  0.090113  0.002365    -4.343073
 0.077092  0.837841  0.540444    -0.331220
 0.046719  0.538426 -0.841377    -1.578253
>structures/GluRS-E_PDB_Euk_Gallus_gallus_7WRU.pdb
-0.566862 -0.503789 -0.651816    58.503910
 0.687901  0.145879 -0.710994    60.309638
 0.453277 -0.851420  0.263864   -36.010147
