>../../../../class2/phe4//data/domains/Catalytic_domain/structures/PheRS-Aβ_AF_Arch_Candidatus_Nitrosopumilus_koreensis_AR1_gene13724457.pdb
 0.987281 -0.007252  0.158819    -0.022742
-0.015407  0.989893  0.140976     3.018526
-0.158236 -0.141630  0.977191     0.907616
>../../../../class2/phe4//data/domains/Catalytic_domain/structures/PheRS-Aβ_AF_Arch_Halalkalicoccus_jeotgali_B3_gene9420006.pdb
-0.235387  0.337244 -0.911515     1.021654
-0.442855 -0.872065 -0.208287     5.563700
-0.865143  0.354640  0.354623    -0.403008
>../../../../class2/phe4//data/domains/Catalytic_domain/structures/PheRS-Aβ_AF_Arch_Sulfolobus_islandicus_YG5714_gene7807969.pdb
 1.000000 -0.000000  0.000000     0.000000
 0.000000  1.000000  0.000000     0.000000
-0.000000  0.000000  1.000000     0.000000
>../../../../class2/phe4//data/domains/Catalytic_domain/structures/PheRS-Aβ_AF_Arch_Thermoplasma_volcanium_GSS1_gene1441711.pdb
-0.020354 -0.530885  0.847200     0.948292
-0.498439 -0.729172 -0.468900     5.759926
 0.866686 -0.431821 -0.249772     2.193141
>../../../../class2/phe4//data/domains/Catalytic_domain/structures/PheRS-Aβ_AF_Euk_Astyanax_mexicanus_gene103044481.pdb
-0.796327 -0.604544  0.019736    -3.429753
-0.502170  0.642584 -0.578715    -1.128414
 0.337177 -0.470757 -0.815291    -1.156456
>../../../../class2/phe4//data/domains/Catalytic_domain/structures/PheRS-Aβ_AF_Euk_Drosophila_melanogaster_gene42888.pdb
 0.604666  0.690382 -0.397180    -1.325567
-0.516024 -0.040289 -0.855626    -0.875311
-0.606711  0.722322  0.331892    -3.217083
>../../../../class2/phe4//data/domains/Catalytic_domain/structures/PheRS-Aβ_AF_Euk_Plasmodium_falciparum_3D7_gene810604.pdb
 0.966437 -0.239712  0.092398     3.495335
 0.206227  0.938359  0.277403     0.749118
-0.153199 -0.249037  0.956300    -0.635437
>../../../../class2/phe4//data/domains/Catalytic_domain/structures/PheRS-Aβ_AF_Euk_Saccharomyces_cerevisiae_S288C_gene850749.pdb
-0.035070 -0.571785 -0.819653     3.561850
 0.375730 -0.767531  0.519349     5.503829
-0.926065 -0.289755  0.241754     0.143555
>../../../../class2/phe4//data/domains/Catalytic_domain/structures/PheRS-Aβ_PDB_Euk.B_H_sapiens_3L4G.pdb
-0.174597  0.051519 -0.983291    19.328229
 0.900274  0.412796 -0.138228   -78.504023
 0.398777 -0.909365 -0.118454    67.419276
>../../../../class2/ser1//data/domains/Catalytic_domain/structures/SerRS_AF_Arch_Candidatus_Methanomassiliicoccus_intestinalis_Issoire-Mx1_gene16154337.pdb
-0.301283  0.577149  0.759031    14.624376
-0.301934  0.697315 -0.650068    -5.235458
-0.904469 -0.425031 -0.035828   -32.795674
>../../../../class2/ser1//data/domains/Catalytic_domain/structures/SerRS_AF_Arch_Methanospirillum_hungatei_JF-1_gene3924775.pdb
-0.442213 -0.619604  0.648490    17.167881
 0.896702 -0.321011  0.304759    -2.370357
 0.019343  0.716270  0.697555   -36.257438
>../../../../class2/ser1//data/domains/Catalytic_domain/structures/SerRS_AF_Arch_Nitrosopumilus_maritimus_SCM1_gene5773574.pdb
 0.309264 -0.399002 -0.863223    16.298047
-0.934931  0.038473 -0.352738    -8.055986
 0.173954  0.916143 -0.361141   -36.695455
>../../../../class2/ser1//data/domains/Catalytic_domain/structures/SerRS_AF_Arch_Thermoproteus_uzoniensis_768-20_gene10361450.pdb
 0.101030 -0.181275 -0.978229    16.323227
-0.821891  0.538857 -0.184738    -9.669942
 0.560614  0.822662 -0.094548   -34.397813
>../../../../class2/ser1//data/domains/Catalytic_domain/structures/SerRS_AF_Bact_Bifidobacterium_longum_subsp_longum_JCM_1217_gene69578844.pdb
-0.951430  0.226639  0.208364    16.432298
-0.307823 -0.689211 -0.655922    -1.876178
-0.005051 -0.688203  0.725501   -32.780708
>../../../../class2/ser1//data/domains/Catalytic_domain/structures/SerRS_AF_Bact_Brucella_suis_1330_gene45051948.pdb
 0.006430 -0.111925 -0.993696    15.784834
-0.545391  0.832515 -0.097299    -4.632751
 0.838157  0.542579 -0.055690   -36.930914
>../../../../class2/ser1//data/domains/Catalytic_domain/structures/SerRS_AF_Bact_Chlamydia_psittaci_6BC_gene12242544.pdb
-0.110050 -0.252574  0.961299    16.449864
 0.789652  0.565140  0.238886    -5.624744
-0.603604  0.785381  0.137252   -35.349482
>../../../../class2/ser1//data/domains/Catalytic_domain/structures/SerRS_AF_Bact_Clostridium_acetobutylicum_DSM_1731_gene44996495.pdb
 0.186565 -0.529492 -0.827546    17.267875
-0.933504  0.166998 -0.317304    -2.268883
 0.306209  0.831715 -0.463126   -37.623759
>../../../../class2/ser1//data/domains/Catalytic_domain/structures/SerRS_AF_Bact_Mycoplasma_hyopneumoniae_168-L_gene57101125.pdb
-0.224184 -0.657103  0.719692    14.674885
 0.879540  0.181618  0.439800    -3.820982
-0.419703  0.731594  0.537233   -34.681657
>../../../../class2/ser1//data/domains/Catalytic_domain/structures/SerRS_AF_Bact_Prochlorococcus_marinus_subsp_marinus_str_CCMP1375_gene54200639.pdb
 0.092854  0.325712 -0.940899    13.217565
-0.481055  0.842046  0.244018    -6.175020
 0.871759  0.429966  0.234872   -31.140893
>../../../../class2/ser1//data/domains/Catalytic_domain/structures/SerRS_AF_Bact_Streptobacillus_moniliformis_DSM_12112_gene29673293.pdb
 0.038992 -0.152448 -0.987542    16.557852
-0.651474  0.745490 -0.140805    -4.337394
 0.757668  0.648848 -0.070248   -37.237473
>../../../../class2/ser1//data/domains/Catalytic_domain/structures/SerRS_AF_Bact_Treponema_pallidum_subsp_pertenue_str_SamoaD_gene57879171.pdb
-0.279259 -0.571144  0.771886    17.203095
 0.956621 -0.095995  0.275064    -4.305944
-0.083004  0.815217  0.573176   -36.496231
>../../../../class2/ser1//data/domains/Catalytic_domain/structures/SerRS_AF_Euk_Cyanidioschyzon_merolae_strain_10D_gene16995416.pdb
-0.780839 -0.500850  0.373416    17.696775
 0.538181 -0.842814 -0.005062    -2.068259
 0.317256  0.197012  0.927650   -35.347472
>../../../../class2/ser1//data/domains/Catalytic_domain/structures/SerRS_AF_Euk_Thunnus_albacares_gene122982782.pdb
-0.962616  0.121583  0.242049    14.649497
-0.249179 -0.747863 -0.615313    -1.065485
 0.106208 -0.652624  0.750201   -33.960455
>../../../../class2/ser1//data/domains/Catalytic_domain/structures/SerRS_AF_Euk_Trichomonas_vaginalis_G3_gene4762654.pdb
-0.528836 -0.532089  0.661221    16.344049
 0.712212  0.145516  0.686716    -3.456339
-0.461612  0.834090  0.302006   -34.231522
>../../../../class2/ser1//data/domains/Catalytic_domain/structures/SerRS_AF_Euk_Vitis_vinifera_gene100261399.pdb
-0.972571 -0.113415  0.203081    16.782784
 0.020094 -0.910777 -0.412410    -1.459689
 0.231735 -0.397018  0.888074   -34.176406
>../../../../class2/ser1//data/domains/Catalytic_domain/structures/SerRS_AF_Mito_Cervus_elaphus_gene122688911.pdb
 0.070378  0.308418 -0.948644    12.265327
-0.373880  0.889831  0.261560    -6.689525
 0.924803  0.336272  0.177935   -29.659745
>../../../../class2/ser1//data/domains/Catalytic_domain/structures/SerRS_AF_Mito_Drechmeria_coniospora_gene63718051.pdb
-0.191998 -0.526016  0.828519    13.878926
 0.722331  0.495759  0.482141    -3.539937
-0.664360  0.691036  0.284773   -34.015174
>../../../../class2/ser1//data/domains/Catalytic_domain/structures/SerRS_PDB_Bact_K_pneumoniae_6h9x.pdb
 0.841683  0.441538  0.310826    41.705383
-0.096161  0.689001 -0.718353    11.106620
-0.531340  0.574737  0.622379   -16.633375
>../../../../class2/ser1//data/domains/Catalytic_domain/structures/SerRS_PDB_Bact_T_thermophilus_1ser.pdb
 0.134232  0.078254 -0.987855    40.655096
 0.796431 -0.601689  0.060557   -71.135262
-0.589643 -0.794888 -0.143090    93.592158
>../../../../class2/ser1//data/domains/Catalytic_domain/structures/SerRS_PDB_Mito_B_taurus_1wle.pdb
 0.476238 -0.841902 -0.253767    29.833704
 0.130004 -0.218010  0.967249   -74.637541
-0.869653 -0.493632  0.005626    46.269516
