>../../../../class2/his//data/domains/Catalytic_domain/structures/HisRS_AF_Arch_Candidatus_Methanomassiliicoccus_intestinalis_Issoire-Mx1_gene16154026.pdb
 0.399776  0.073822  0.913635     1.303034
 0.036964 -0.997239  0.064403     5.591008
 0.915867  0.008024 -0.401401    -5.974946
>../../../../class2/his//data/domains/Catalytic_domain/structures/HisRS_AF_Arch_Candidatus_Nitrosopumilus_koreensis_AR1_gene13725657.pdb
-0.489875 -0.061787 -0.869600     0.046683
 0.175031 -0.984145 -0.028676     6.509169
-0.854041 -0.166255  0.492923    -9.402740
>../../../../class2/his//data/domains/Catalytic_domain/structures/HisRS_AF_Arch_Desulfurococcus_amylolyticus_1221n_gene7171287.pdb
 0.582678  0.786782  0.203617     0.133634
-0.600978  0.585797 -0.543753     4.600720
-0.547094  0.194463  0.814170   -11.273628
>../../../../class2/his//data/domains/Catalytic_domain/structures/HisRS_AF_Arch_Methanoregula_formicica_SMSP_gene14310605.pdb
 0.395437 -0.385832  0.833525     2.961740
-0.355374 -0.901084 -0.248510     3.570189
 0.846959 -0.197944 -0.493437    -7.031309
>../../../../class2/his//data/domains/Catalytic_domain/structures/HisRS_AF_Bact_Chlamydia_muridarum_str_Nigg_gene1246198.pdb
 0.111463 -0.566379 -0.816573    -1.723222
 0.542881 -0.653546  0.527407     4.992858
-0.832380 -0.502088  0.234630    -8.584357
>../../../../class2/his//data/domains/Catalytic_domain/structures/HisRS_AF_Bact_Lacticaseibacillus_paracasei_gene61269730.pdb
-0.204881  0.708161 -0.675671    -3.436109
-0.417665 -0.687564 -0.593979     2.026697
-0.885200  0.160509  0.436643   -12.127166
>../../../../class2/his//data/domains/Catalytic_domain/structures/HisRS_AF_Bact_Paracoccus_denitrificans_PD1222_gene75501415.pdb
 0.724253  0.521943  0.450592     0.100355
-0.502326  0.847040 -0.173761     6.237147
-0.472363 -0.100497  0.875656    -9.463073
>../../../../class2/his//data/domains/Catalytic_domain/structures/HisRS_AF_Bact_Prochlorococcus_marinus_subsp_marinus_str_CCMP1375_gene54200127.pdb
 0.841996  0.453396  0.292360     4.167198
-0.326056  0.859433 -0.393778    -0.280013
-0.429802  0.236234  0.871472    -9.262145
>../../../../class2/his//data/domains/Catalytic_domain/structures/HisRS_AF_Bact_Streptobacillus_moniliformis_DSM_12112_gene29674169.pdb
-0.216395  0.635939 -0.740780    -3.357024
-0.398562 -0.750195 -0.527594     3.522075
-0.891247  0.181078  0.415800   -13.618628
>../../../../class2/his//data/domains/Catalytic_domain/structures/HisRS_AF_Bact_Streptomyces_albidoflavus_gene15149169.pdb
-0.272614  0.592834 -0.757779     0.176136
-0.056225 -0.796081 -0.602572     4.257303
-0.960479 -0.121663  0.250355    -8.239940
>../../../../class2/his//data/domains/Catalytic_domain/structures/HisRS_AF_Bact_Thermus_thermophilus_HB8_gene3168691.pdb
-0.153452  0.807214 -0.569963    -3.496294
-0.582225 -0.539900 -0.607884     2.073101
-0.798415  0.238565  0.552829   -10.589661
>../../../../class2/his//data/domains/Catalytic_domain/structures/HisRS_AF_Bact_Treponema_denticola_ATCC_35405_gene2741405.pdb
 0.259607 -0.933849 -0.246029    -0.083573
 0.843505  0.095225  0.528613     3.197236
-0.470216 -0.344758  0.812427    -7.429310
>../../../../class2/his//data/domains/Catalytic_domain/structures/HisRS_AF_Euk_Arabidopsis_thaliana_gene823753.pdb
-0.368159  0.621670 -0.691365     0.100724
-0.118262 -0.768864 -0.628381     4.774094
-0.922211 -0.149582  0.356584    -9.459860
>../../../../class2/his//data/domains/Catalytic_domain/structures/HisRS_AF_Euk_Cryptococcus_gattii_WM276_gene10186972.pdb
-0.955368  0.252444 -0.153441     0.202971
 0.130607  0.826817  0.547097     4.254572
 0.264979  0.502638 -0.822886   -10.524480
>../../../../class2/his//data/domains/Catalytic_domain/structures/HisRS_AF_Euk_Plasmodium_falciparum_3D7_gene812010.pdb
-0.870325  0.142089 -0.471534     5.467168
-0.223886 -0.966968  0.121855    15.407825
-0.438644  0.211624  0.873388    -0.152634
>../../../../class2/his//data/domains/Catalytic_domain/structures/HisRS_AF_Euk_Platysiphonia_delicata_gene33353157.pdb
-0.227140  0.686097 -0.691142    -4.078054
-0.387612 -0.714748 -0.582144     1.964266
-0.893400  0.135667  0.428287   -14.138502
>../../../../class2/his//data/domains/Catalytic_domain/structures/HisRS_PDB_Arch_T_acidophilum_1WU7.pdb
-0.986143  0.068046  0.151300    -4.519328
 0.151507 -0.002149  0.988454   -66.766460
 0.067585  0.997680 -0.008190   -57.029132
>../../../../class2/his//data/domains/Catalytic_domain/structures/HisRS_PDB_Bact_B_thailandensis_4e51.pdb
 0.639892  0.512396  0.572702   -29.577015
 0.716351 -0.667503 -0.203179    10.416869
 0.278172  0.540268 -0.794185    25.191929
>../../../../class2/his//data/domains/Catalytic_domain/structures/HisRS_PDB_Bact_E_coli_1HTT.pdb
 0.080875 -0.215885 -0.973064    28.255473
 0.988914  0.139358  0.051274    15.197766
 0.124534 -0.966423  0.224762     2.601713
>../../../../class2/phe1//data/domains/Catalytic_domain/structures/PheRS-Bα_AF_Bact_Brachyspira_pilosicoli_95_1000_gene56440383.pdb
-0.105734 -0.927055 -0.359706     2.545502
-0.714813  0.322327 -0.620602     6.870712
 0.691276  0.191504 -0.696753    -2.060148
>../../../../class2/phe1//data/domains/Catalytic_domain/structures/PheRS-Bα_AF_Bact_Chlamydia_psittaci_6BC_gene12243227.pdb
-0.883590 -0.086541 -0.460195     0.925653
-0.241143  0.926534  0.288765     3.643292
 0.401396  0.366123 -0.839545    -2.338359
>../../../../class2/phe1//data/domains/Catalytic_domain/structures/PheRS-Bα_AF_Bact_Ferrimonas_balearica_DSM_9799_gene67181906.pdb
 0.524392 -0.740816 -0.419767    -2.009532
 0.637899  0.015256  0.769969     3.821844
-0.564001 -0.671534  0.480567    -2.179314
>../../../../class2/phe1//data/domains/Catalytic_domain/structures/PheRS-Bα_AF_Bact_Mycobacterium_intracellulare_ATCC_13950_gene11909689.pdb
-0.051257  0.569861 -0.820141    -8.901622
-0.213469 -0.808492 -0.548426     1.699523
-0.975604  0.146964  0.163089    -4.053306
>../../../../class2/phe1//data/domains/Catalytic_domain/structures/PheRS-Bα_AF_Bact_Mycoplasma_capricolum_subsp_capricolum_ATCC_27343_gene23778662.pdb
 0.669680 -0.700464 -0.246737    -0.038400
 0.669807  0.426185  0.608050     5.813484
-0.320761 -0.572465  0.754583    -0.229074
>../../../../class2/phe1//data/domains/Catalytic_domain/structures/PheRS-Bα_AF_Bact_Porphyromonas_gingivalis_ATCC_33277_gene29256875.pdb
-0.514798 -0.589510 -0.622464     2.449548
-0.374502  0.807760 -0.455270     6.557563
 0.771188 -0.001258 -0.636606    -5.564650
>../../../../class2/phe1//data/domains/Catalytic_domain/structures/PheRS-Bα_AF_Bact_Prochlorococcus_marinus_subsp_marinus_str_CCMP1375_gene54200681.pdb
 0.856960  0.505159 -0.102143    -7.478925
-0.470605  0.686184 -0.554692     0.035685
-0.210119  0.523418  0.825763    -1.215954
>../../../../class2/phe1//data/domains/Catalytic_domain/structures/PheRS-Bα_AF_Bact_Staphylococcus_argenteus_gene66839332.pdb
 1.000000  0.000000  0.000000     0.000000
 0.000000  1.000000  0.000000     0.000000
 0.000000  0.000000  1.000000     0.000000
>../../../../class2/phe1//data/domains/Catalytic_domain/structures/PheRS-Bα_PDB_Bact.A_E_coli_3PCO.pdb
 0.995451 -0.070601  0.063981    21.810543
 0.083377  0.320488 -0.943576    63.789578
 0.046112  0.944618  0.324917   -21.701770
>../../../../class2/phe1//data/domains/Catalytic_domain/structures/PheRS-Bα_PDB_Bact.A_T_thermophilus_1PYS.pdb
 0.277057 -0.125125  0.952672    -8.826204
-0.918477  0.256714  0.300830     3.569035
-0.282205 -0.958354 -0.043800    51.865700
