>../../../../class2/ala//data/domains/Catalytic_domain/structures/AlaRS_AF_Arch_Candidatus_Korarchaeum_cryptofilum_OPF8_gene6094822.pdb
-0.084276 -0.609464 -0.788322    -1.427414
-0.303876 -0.737731  0.602837     2.655817
-0.948977  0.290357 -0.123028    -3.024669
>../../../../class2/ala//data/domains/Catalytic_domain/structures/AlaRS_AF_Arch_Candidatus_Nitrosopumilus_koreensis_AR1_gene13725795.pdb
 0.999441 -0.008828 -0.032231     0.472608
 0.008597  0.999937 -0.007281    -0.612508
 0.032293  0.007000  0.999454     1.943045
>../../../../class2/ala//data/domains/Catalytic_domain/structures/AlaRS_AF_Arch_Sulfolobus_islandicus_YG5714_gene7807284.pdb
-0.820294 -0.232826 -0.522408    -4.685147
-0.536100 -0.005262  0.844138     1.116404
-0.199286  0.972504 -0.120502    -1.605511
>../../../../class2/ala//data/domains/Catalytic_domain/structures/AlaRS_AF_Arch_Thermoplasma_acidophilum_DSM_1728_gene1456391.pdb
 1.000000  0.000000  0.000000     0.000000
 0.000000  1.000000  0.000000     0.000000
 0.000000  0.000000  1.000000     0.000000
>../../../../class2/ala//data/domains/Catalytic_domain/structures/AlaRS_AF_Bact_Brucella_melitensis_bv_1_str_16M_gene29593597.pdb
 0.867989  0.399077 -0.295522     9.016252
-0.495676  0.732248 -0.467031     0.307259
 0.030014  0.551861  0.833396     1.889064
>../../../../class2/ala//data/domains/Catalytic_domain/structures/AlaRS_AF_Bact_Chlamydia_psittaci_6BC_gene12242512.pdb
 0.224269 -0.102984  0.969070     3.715742
-0.872164 -0.464857  0.152441     2.882831
 0.434780 -0.879376 -0.194072     1.581859
>../../../../class2/ala//data/domains/Catalytic_domain/structures/AlaRS_AF_Bact_Lactobacillus_acidophilus_La-14_gene56942022.pdb
-0.412765  0.865994  0.282275    -0.120438
-0.340612 -0.434178  0.833950     8.338638
 0.844753  0.248079  0.474182     6.707190
>../../../../class2/ala//data/domains/Catalytic_domain/structures/AlaRS_AF_Bact_Nocardia_farcinica_IFM_10152_gene61134339.pdb
-0.083292  0.556563  0.826620     3.448278
-0.576214 -0.703672  0.415721     4.754423
 0.813044 -0.441683  0.379309     2.288552
>../../../../class2/ala//data/domains/Catalytic_domain/structures/AlaRS_AF_Bact_Porphyromonas_gingivalis_ATCC_33277_gene29256567.pdb
 0.191192  0.078982  0.978370     1.772355
-0.803726 -0.559575  0.202236     2.963651
 0.563445 -0.825007 -0.043506     1.591256
>../../../../class2/ala//data/domains/Catalytic_domain/structures/AlaRS_AF_Bact_Prochlorococcus_marinus_subsp_marinus_str_CCMP1375_gene54199407.pdb
-0.170988 -0.846302 -0.504515     3.911227
 0.637166  0.295593 -0.711790     5.786461
 0.751520 -0.443168  0.488692     0.664617
>../../../../class2/ala//data/domains/Catalytic_domain/structures/AlaRS_AF_Bact_Streptobacillus_moniliformis_DSM_12112_gene29672963.pdb
 0.249964 -0.204828  0.946342     2.940169
-0.931039 -0.319212  0.176832     7.550967
 0.265864 -0.925283 -0.270494     2.105550
>../../../../class2/ala//data/domains/Catalytic_domain/structures/AlaRS_AF_Bact_Treponema_pallidum_subsp_pertenue_str_SamoaD_gene57879528.pdb
-0.601063 -0.798909  0.021627    -7.422730
-0.504762  0.400462  0.764752    -2.053470
-0.619628  0.448747 -0.643962     8.004233
>../../../../class2/ala//data/domains/Catalytic_domain/structures/AlaRS_AF_Euk_Cyanidioschyzon_merolae_strain_10D_gene16993235.pdb
-0.775007 -0.521343 -0.357163    -1.860698
-0.567693  0.326038  0.755926     8.210802
-0.277648  0.788607 -0.548645    -3.454799
>../../../../class2/ala//data/domains/Catalytic_domain/structures/AlaRS_AF_Euk_Marasmius_oreades_gene66078979.pdb
 0.979889  0.198683 -0.018527     0.090871
-0.199228  0.979336 -0.034774     6.734470
 0.011236  0.037765  0.999223    -0.197917
>../../../../class2/ala//data/domains/Catalytic_domain/structures/AlaRS_AF_Euk_Plasmodium_berghei_ANKA_gene55150801.pdb
 0.270598  0.621792  0.734950     3.345288
-0.639155 -0.454856  0.620151     5.110473
 0.719901 -0.637558  0.274338     5.227129
>../../../../class2/ala//data/domains/Catalytic_domain/structures/AlaRS_AF_Euk_Saccharomyces_cerevisiae_S288C_gene854513.pdb
 0.929005 -0.368254  0.036582    -0.507535
 0.370064  0.924098 -0.095372     2.067384
 0.001316  0.102139  0.994769    -2.238964
>../../../../class2/ala//data/domains/Catalytic_domain/structures/AlaRS_PDB_Bact_E_coli_3HXV.pdb
-0.810987 -0.264245 -0.521991    28.807305
 0.264594 -0.961392  0.075597    24.242745
-0.521815 -0.076808  0.849594     4.884586
>../../../../class2/lys//data/domains/Catalytic_domain/structures/LysRS-II_AF_Arch_Aciduliprofundum_boonei_T469_gene8827564.pdb
-0.973987  0.051693 -0.220629    -7.438376
-0.123296 -0.937787  0.324584    -7.876869
-0.190124  0.343343  0.919765    19.117081
>../../../../class2/lys//data/domains/Catalytic_domain/structures/LysRS-II_AF_Arch_Archaeoglobus_sulfaticallidus_PM70-1_gene15393615.pdb
-0.438278  0.853133  0.282977   -11.364602
-0.867676 -0.319389 -0.380958   -12.358982
-0.234628 -0.412498  0.880225    22.126545
>../../../../class2/lys//data/domains/Catalytic_domain/structures/LysRS-II_AF_Arch_Candidatus_Woesearchaeota_archaeon_proteinMBS3172198.1.pdb
 0.277419  0.618864  0.734878   -11.007638
-0.763028  0.606719 -0.222892   -10.369754
-0.583804 -0.498898  0.640526    20.612783
>../../../../class2/lys//data/domains/Catalytic_domain/structures/LysRS-II_AF_Arch_Thermogladius_calderae_1633_gene13013549.pdb
-0.824289 -0.554609 -0.113829    -7.292957
 0.348187 -0.655112  0.670517    -9.516083
-0.446445  0.513066  0.733110    17.868528
>../../../../class2/lys//data/domains/Catalytic_domain/structures/LysRS-II_AF_Bact_Chlamydia_muridarum_str_Nigg_gene1245697.pdb
-0.847021 -0.527423 -0.066190    -6.319911
 0.353654 -0.652110  0.670583    -8.865995
-0.396843  0.544589  0.738876    19.238130
>../../../../class2/lys//data/domains/Catalytic_domain/structures/LysRS-II_AF_Bact_Cupriavidus_taiwanensis_LMG_19424_gene29762375.pdb
-0.375926  0.855645  0.355739   -12.251375
-0.888455 -0.223731 -0.400740   -15.384294
-0.263302 -0.466707  0.844309    21.160575
>../../../../class2/lys//data/domains/Catalytic_domain/structures/LysRS-II_AF_Bact_Leuconostoc_gelidum_JB7_gene61037106.pdb
-0.516087  0.753222  0.407812    -8.969947
-0.826487 -0.312909 -0.467982   -11.045943
-0.224887 -0.578571  0.784017    17.695042
>../../../../class2/lys//data/domains/Catalytic_domain/structures/LysRS-II_AF_Bact_Mycobacterium_intracellulare_ATCC_13950_gene11907187.pdb
-0.525910  0.822957  0.214850   -12.850217
-0.816345 -0.417490 -0.399103   -14.330994
-0.238747 -0.385284  0.891379    21.289128
>../../../../class2/lys//data/domains/Catalytic_domain/structures/LysRS-II_AF_Bact_Mycoplasma_hyopneumoniae_168-L_gene57101062.pdb
-0.494123  0.761616  0.419265    -8.732583
-0.847486 -0.314386 -0.427703    -9.137708
-0.193934 -0.566658  0.800804    17.250174
>../../../../class2/lys//data/domains/Catalytic_domain/structures/LysRS-II_AF_Bact_Porphyromonas_gingivalis_ATCC_33277_gene29256363.pdb
-0.912952  0.006367 -0.408017    -7.617896
-0.088824 -0.979004  0.183468    -6.300371
-0.398282  0.203739  0.894350    19.190816
>../../../../class2/lys//data/domains/Catalytic_domain/structures/LysRS-II_AF_Bact_Prochlorococcus_marinus_subsp_marinus_str_CCMP1375_gene54201108.pdb
-0.678099  0.718280  0.155744    -8.072627
-0.694278 -0.556477 -0.456410   -10.411783
-0.241162 -0.417621  0.876033    17.862911
>../../../../class2/lys//data/domains/Catalytic_domain/structures/LysRS-II_AF_Bact_Streptobacillus_moniliformis_DSM_12112_gene29673899.pdb
-0.731334  0.681662 -0.022064   -14.166003
-0.645610 -0.702359 -0.299800   -12.913492
-0.219859 -0.205009  0.953747    20.462483
>../../../../class2/lys//data/domains/Catalytic_domain/structures/LysRS-II_AF_Euk_Ostreococcus_tauri_gene9837657.pdb
-0.365411  0.862865  0.349197   -11.888432
-0.886483 -0.208150 -0.413306   -14.106997
-0.283942 -0.460584  0.840975    22.347495
>../../../../class2/lys//data/domains/Catalytic_domain/structures/LysRS-II_AF_Euk_Solanum_lycopersicum_gene778357.pdb
-0.373278 -0.098492 -0.922476    -8.502723
 0.294240  0.930442 -0.218406   -12.992208
 0.879822 -0.352955 -0.318333    19.190916
>../../../../class2/lys//data/domains/Catalytic_domain/structures/LysRS-II_AF_Euk_Theileria_annulata_gene3864794.pdb
-0.211148  0.534992 -0.818046   -11.958017
 0.703892  0.663911  0.252506   -14.809978
 0.678198 -0.522500 -0.516760    18.700361
>../../../../class2/lys//data/domains/Catalytic_domain/structures/LysRS-II_AF_Euk_Zootoca_vivipara_gene118086243.pdb
 0.368399  0.052968  0.928158    -6.049417
-0.489216  0.860008  0.145098   -13.146743
-0.790537 -0.507524  0.342739    17.624401
>../../../../class2/lys//data/domains/Catalytic_domain/structures/LysRS-II_AF_Mito_Malus_domestica_gene103446975.pdb
-0.223529  0.870611  0.438260   -11.651264
-0.894119 -0.004139 -0.447811   -15.612633
-0.388055 -0.491955  0.779355    21.380053
>../../../../class2/lys//data/domains/Catalytic_domain/structures/LysRS-II_AF_Mito_Scheffersomyces_stipitis_CBS_6054_gene4837999.pdb
-0.347356  0.795356  0.496742   -10.995782
-0.883716 -0.100452 -0.457117   -16.221800
-0.313672 -0.597761  0.737761    21.178383
>../../../../class2/lys//data/domains/Catalytic_domain/structures/LysRS-II_PDB_Bact_G_stearothermophilus_3E9H.pdb
 0.838948  0.023263  0.543714   -75.905030
-0.542612  0.112299  0.832443     8.917345
-0.041693 -0.993402  0.106836   -66.249824
