>../../../../class2/phe1//data/domains/Catalytic_domain/structures/PheRS-Bα_AF_Bact_Brachyspira_pilosicoli_95_1000_gene56440383.pdb
-0.140053 -0.882402 -0.449169   -22.868725
 0.430869  0.354123 -0.830030     1.712718
 0.891480 -0.309781  0.330603    58.818453
>../../../../class2/phe1//data/domains/Catalytic_domain/structures/PheRS-Bα_AF_Bact_Chlamydia_psittaci_6BC_gene12243227.pdb
-0.886450  0.027691 -0.461995   -24.831622
 0.366462  0.651686 -0.664086     0.537614
 0.282687 -0.757983 -0.587835    61.545519
>../../../../class2/phe1//data/domains/Catalytic_domain/structures/PheRS-Bα_AF_Bact_Ferrimonas_balearica_DSM_9799_gene67181906.pdb
 0.558755 -0.765514 -0.319031   -27.749453
-0.362364 -0.571373  0.736360     1.008649
-0.745979 -0.295840 -0.596652    61.282253
>../../../../class2/phe1//data/domains/Catalytic_domain/structures/PheRS-Bα_AF_Bact_Mycobacterium_intracellulare_ATCC_13950_gene11909689.pdb
-0.112843  0.504604 -0.855944   -34.965091
-0.986115 -0.162501  0.034205    -1.013503
-0.121832  0.847920  0.515935    62.309635
>../../../../class2/phe1//data/domains/Catalytic_domain/structures/PheRS-Bα_AF_Bact_Mycoplasma_capricolum_subsp_capricolum_ATCC_27343_gene23778662.pdb
 0.711164 -0.684477 -0.160426   -25.638074
-0.135756 -0.357602  0.923954     3.205663
-0.689794 -0.635304 -0.347236    60.194062
>../../../../class2/phe1//data/domains/Catalytic_domain/structures/PheRS-Bα_AF_Bact_Porphyromonas_gingivalis_ATCC_33277_gene29256875.pdb
-0.514117 -0.511272 -0.688683   -23.286227
 0.646891  0.296108 -0.702746    -1.738017
 0.563219 -0.806797  0.178503    57.866827
>../../../../class2/phe1//data/domains/Catalytic_domain/structures/PheRS-Bα_AF_Bact_Prochlorococcus_marinus_subsp_marinus_str_CCMP1375_gene54200681.pdb
 0.801025  0.588438 -0.110004   -33.498323
-0.414064  0.677333  0.608088     1.089391
 0.432331 -0.441544  0.786211    64.858443
>../../../../class2/phe1//data/domains/Catalytic_domain/structures/PheRS-Bα_AF_Bact_Staphylococcus_argenteus_gene66839332.pdb
 0.995451  0.083377  0.046112   -26.029203
-0.070601  0.320488  0.944618     1.595928
 0.063981 -0.943576  0.324917    65.846112
>../../../../class2/phe1//data/domains/Catalytic_domain/structures/PheRS-Bα_PDB_Bact.A_E_coli_3PCO.pdb
 1.000000 -0.000000  0.000000     0.000000
 0.000000  1.000000  0.000000     0.000000
-0.000000  0.000000  1.000000     0.000000
>../../../../class2/phe1//data/domains/Catalytic_domain/structures/PheRS-Bα_PDB_Bact.A_T_thermophilus_1PYS.pdb
 0.193483 -0.143328  0.970578   -32.523840
-0.575400 -0.817849 -0.006069    52.384867
 0.794656 -0.557297 -0.240711    78.546611
>../../../../class2/pro3//data/domains/Catalytic_domain/structures/ProRS-M_AF_Euk_Candida_albicans_SC5314_gene3640100.pdb
 0.179476  0.877445 -0.444836   -30.275304
-0.822402  0.381963  0.421616    -6.549585
 0.539855  0.290164  0.790165    52.499664
>../../../../class2/pro3//data/domains/Catalytic_domain/structures/ProRS-M_AF_Mito_Drosophila_melanogaster_gene38331.pdb
-0.992972  0.118188  0.006218   -31.342134
 0.021679  0.233278 -0.972168    -0.117458
-0.116349 -0.965201 -0.234201    56.500220
>../../../../class2/pro3//data/domains/Catalytic_domain/structures/ProRS-M_AF_Mito_Mauremys_reevesii_gene120369760.pdb
 0.264502 -0.680301 -0.683541   -29.764722
-0.733824 -0.601866  0.315054    -2.501550
-0.625732  0.418266 -0.658417    51.685919
>../../../../class2/pro3//data/domains/Catalytic_domain/structures/ProRS-M_AF_Mito_Schizosaccharomyces_pombe_gene2540642.pdb
 0.263690  0.866809 -0.423214   -31.098138
-0.566052  0.494307  0.659732    -3.031929
 0.781059  0.065597  0.621002    55.418920
