>../../../../class2/phe2//data/domains/Catalytic_domain/structures/PheRS-Bβ_AF_Bact_Brachyspira_pilosicoli_95_1000_gene56440382.pdb
 0.021770 -0.574580 -0.818159     4.504359
 0.494905 -0.704857  0.508179     1.353067
-0.868674 -0.415974  0.269018     1.915675
>../../../../class2/phe2//data/domains/Catalytic_domain/structures/PheRS-Bβ_AF_Bact_Chlamydia_psittaci_6BC_gene12242429.pdb
 0.983144  0.150034 -0.104490     0.765093
-0.140645  0.985767  0.092104    -0.953044
 0.116822 -0.075856  0.990252    -0.848605
>../../../../class2/phe2//data/domains/Catalytic_domain/structures/PheRS-Bβ_AF_Bact_Ferrimonas_balearica_DSM_9799_gene67181907.pdb
 0.262937  0.707289 -0.656206     0.568161
-0.727511 -0.301385 -0.616356     2.475680
-0.633713  0.639460  0.435315     0.877372
>../../../../class2/phe2//data/domains/Catalytic_domain/structures/PheRS-Bβ_AF_Bact_Lacticaseibacillus_paracasei_gene61269867.pdb
 0.114016 -0.653455 -0.748330     3.495349
 0.699271 -0.482271  0.527669    -1.947980
-0.705706 -0.583448  0.401955     5.312581
>../../../../class2/phe2//data/domains/Catalytic_domain/structures/PheRS-Bβ_AF_Bact_Mycobacterium_intracellulare_ATCC_13950_gene11909688.pdb
 0.718683  0.612354 -0.329420     0.930906
-0.683730  0.536143 -0.495040     1.134512
-0.126524  0.581011  0.804001     1.463549
>../../../../class2/phe2//data/domains/Catalytic_domain/structures/PheRS-Bβ_AF_Bact_Mycoplasma_hyopneumoniae_168-L_gene57101148.pdb
 0.610342 -0.607891 -0.507890     0.119783
 0.742524  0.215696  0.634140     6.023580
-0.275938 -0.764162  0.583022     8.662038
>../../../../class2/phe2//data/domains/Catalytic_domain/structures/PheRS-Bβ_AF_Bact_Porphyromonas_gingivalis_ATCC_33277_gene29257179.pdb
 0.147708 -0.317317  0.936745     4.572548
 0.190879 -0.920182 -0.341805     4.476272
 0.970437  0.229292 -0.075349    -0.134259
>../../../../class2/phe2//data/domains/Catalytic_domain/structures/PheRS-Bβ_AF_Bact_Prochlorococcus_marinus_subsp_marinus_str_CCMP1375_gene54200309.pdb
 1.000000  0.000000  0.000000     0.000000
 0.000000  1.000000  0.000000     0.000000
 0.000000  0.000000  1.000000     0.000000
>../../../../class2/phe2//data/domains/Catalytic_domain/structures/PheRS-Bβ_AF_Euk_Didymosphenia_geminata_gene19740299.pdb
 0.792190 -0.560957 -0.240338     3.868108
 0.513522  0.399939  0.759174     2.104973
-0.329743 -0.724828  0.604891    -1.807690
>../../../../class2/phe2//data/domains/Catalytic_domain/structures/PheRS-Bβ_AF_Euk_Gracilariopsis_tenuifrons_gene68635617.pdb
-0.758119 -0.580950 -0.296232     7.012373
-0.168990  0.613763 -0.771192    13.071997
 0.629840 -0.534595 -0.563480    -1.193643
>../../../../class2/phe2//data/domains/Catalytic_domain/structures/PheRS-Bβ_PDB_Bact.B_E_coli_3PCO.pdb
 0.693254  0.488857  0.529545    -3.588855
 0.153976 -0.818274  0.553823   -27.938149
 0.704053 -0.302402 -0.642544    40.857392
>../../../../class2/phe2//data/domains/Catalytic_domain/structures/PheRS-Bβ_PDB_Bact.B_T_thermophilus_1PYS.pdb
 0.354981 -0.771715  0.527679    37.834099
 0.909986  0.414597 -0.005832   -34.384397
-0.214273  0.482251  0.849424   -47.611658
>../../../../class2/ser1//data/domains/Catalytic_domain/structures/SerRS_AF_Arch_Candidatus_Methanomassiliicoccus_intestinalis_Issoire-Mx1_gene16154337.pdb
 0.764083 -0.295642  0.573387    31.571984
-0.644256 -0.395616  0.654540    -7.956171
 0.033331 -0.869531 -0.492753   -14.160310
>../../../../class2/ser1//data/domains/Catalytic_domain/structures/SerRS_AF_Arch_Methanospirillum_hungatei_JF-1_gene3924775.pdb
-0.758318 -0.183479 -0.625531    31.372286
-0.639582  0.394955  0.659504   -10.742358
 0.126051  0.900192 -0.416851   -18.432189
>../../../../class2/ser1//data/domains/Catalytic_domain/structures/SerRS_AF_Arch_Nitrosopumilus_maritimus_SCM1_gene5773574.pdb
 0.668271 -0.566644  0.482004    36.364240
 0.742753  0.471979 -0.474925    -8.703840
 0.041618  0.675389  0.736286   -16.370831
>../../../../class2/ser1//data/domains/Catalytic_domain/structures/SerRS_AF_Arch_Thermoproteus_uzoniensis_768-20_gene10361450.pdb
 0.348049 -0.921054  0.174707    36.348697
 0.869226  0.247252 -0.428149    -6.129122
 0.351152  0.300876  0.886660   -14.992685
>../../../../class2/ser1//data/domains/Catalytic_domain/structures/SerRS_AF_Bact_Bifidobacterium_longum_subsp_longum_JCM_1217_gene69578844.pdb
 0.206850  0.971186  0.118369    28.801543
-0.302643 -0.051536  0.951710    -8.970766
 0.930387 -0.232684  0.283262   -16.839132
>../../../../class2/ser1//data/domains/Catalytic_domain/structures/SerRS_AF_Bact_Brucella_suis_1330_gene45051948.pdb
-0.049843 -0.995527  0.080263    33.639820
 0.894140 -0.080284 -0.440532   -10.690184
 0.445005  0.049809  0.894142   -16.715422
>../../../../class2/ser1//data/domains/Catalytic_domain/structures/SerRS_AF_Bact_Chlamydia_psittaci_6BC_gene12242544.pdb
-0.294058 -0.927266 -0.231752    33.418923
-0.889327  0.176608  0.421791    -8.805891
-0.350183  0.330134 -0.876575   -16.433769
>../../../../class2/ser1//data/domains/Catalytic_domain/structures/SerRS_AF_Bact_Clostridium_acetobutylicum_DSM_1731_gene44996495.pdb
 0.589314 -0.646386  0.484659    32.046683
 0.776027  0.286044 -0.562103   -11.692712
 0.224702  0.707364  0.670183   -19.045037
>../../../../class2/ser1//data/domains/Catalytic_domain/structures/SerRS_AF_Bact_Mycoplasma_hyopneumoniae_168-L_gene57101125.pdb
-0.474496 -0.607949 -0.636594    31.463223
-0.851947  0.135236  0.505863   -10.165051
-0.221448  0.782374 -0.582109   -15.273380
>../../../../class2/ser1//data/domains/Catalytic_domain/structures/SerRS_AF_Bact_Prochlorococcus_marinus_subsp_marinus_str_CCMP1375_gene54200639.pdb
-0.119716 -0.918131 -0.377761    31.297295
 0.921752  0.038571 -0.385858    -6.872021
 0.368839 -0.394395  0.841671   -11.927311
>../../../../class2/ser1//data/domains/Catalytic_domain/structures/SerRS_AF_Bact_Streptobacillus_moniliformis_DSM_12112_gene29673293.pdb
 0.080734 -0.989977  0.115875    33.501662
 0.901198  0.022835 -0.432805   -10.729014
 0.425821  0.139369  0.894009   -17.602639
>../../../../class2/ser1//data/domains/Catalytic_domain/structures/SerRS_AF_Bact_Treponema_pallidum_subsp_pertenue_str_SamoaD_gene57879171.pdb
-0.736727 -0.409094 -0.538401    33.075099
-0.673823  0.377588  0.635130    -9.940814
-0.056534  0.830704 -0.553836   -18.136351
>../../../../class2/ser1//data/domains/Catalytic_domain/structures/SerRS_AF_Euk_Cyanidioschyzon_merolae_strain_10D_gene16995416.pdb
-0.650771  0.548330 -0.525197    30.637569
-0.401294  0.338814  0.850981   -10.188581
 0.644562  0.764552 -0.000448   -18.802620
>../../../../class2/ser1//data/domains/Catalytic_domain/structures/SerRS_AF_Euk_Thunnus_albacares_gene122982782.pdb
 0.099003  0.991710  0.081912    28.799781
-0.248352 -0.055086  0.967102   -10.958041
 0.963597 -0.116089  0.240840   -15.879532
>../../../../class2/ser1//data/domains/Catalytic_domain/structures/SerRS_AF_Euk_Trichomonas_vaginalis_G3_gene4762654.pdb
-0.340090 -0.620155 -0.706928    31.007458
-0.936899  0.288179  0.197919    -9.341963
 0.080982  0.729631 -0.679030   -16.748577
>../../../../class2/ser1//data/domains/Catalytic_domain/structures/SerRS_AF_Euk_Vitis_vinifera_gene100261399.pdb
-0.190112  0.966044 -0.174975    29.427841
-0.290470  0.114899  0.949961    -9.948941
 0.937808  0.231424  0.258763   -17.676897
>../../../../class2/ser1//data/domains/Catalytic_domain/structures/SerRS_AF_Mito_Cervus_elaphus_gene122688911.pdb
-0.226768 -0.907987 -0.352328    30.811069
 0.895189 -0.051803 -0.442667    -6.247832
 0.383684 -0.415783  0.824567   -10.581218
>../../../../class2/ser1//data/domains/Catalytic_domain/structures/SerRS_AF_Mito_Drechmeria_coniospora_gene63718051.pdb
-0.212905 -0.824446 -0.524367    30.826187
-0.938491  0.023232  0.344521   -10.152341
-0.271856  0.565464 -0.778681   -14.258472
>../../../../class2/ser1//data/domains/Catalytic_domain/structures/SerRS_PDB_Bact_K_pneumoniae_6h9x.pdb
 0.418652 -0.879794  0.225149     9.860906
 0.058755  0.273642  0.960035     8.180590
-0.906244 -0.388692  0.166254   -37.396424
>../../../../class2/ser1//data/domains/Catalytic_domain/structures/SerRS_PDB_Bact_T_thermophilus_1ser.pdb
-0.296825  0.954868 -0.011039    12.649767
-0.769946 -0.246147 -0.588723   129.606284
-0.564870 -0.166248  0.808259    26.872516
>../../../../class2/ser1//data/domains/Catalytic_domain/structures/SerRS_PDB_Mito_B_taurus_1wle.pdb
 0.418753  0.422133 -0.804021    43.113771
-0.471371 -0.655725 -0.589775    90.656389
-0.776180  0.625962 -0.075606    22.831938
