>../../../../class2/ala//data/domains/Catalytic_domain/structures/AlaRS_AF_Arch_Candidatus_Korarchaeum_cryptofilum_OPF8_gene6094822.pdb
 0.014208  0.616344 -0.787349     2.033833
 0.992439  0.087314  0.086259     7.358311
 0.121912 -0.782622 -0.610443    -3.716722
>../../../../class2/ala//data/domains/Catalytic_domain/structures/AlaRS_AF_Arch_Candidatus_Nitrosopumilus_koreensis_AR1_gene13725795.pdb
 0.253504 -0.931162  0.262055     6.997020
-0.242562 -0.323439 -0.914632     3.127766
 0.936429  0.168299 -0.307857    -3.635931
>../../../../class2/ala//data/domains/Catalytic_domain/structures/AlaRS_AF_Arch_Sulfolobus_islandicus_YG5714_gene7807284.pdb
 0.248586  0.198594 -0.948032     3.114027
 0.518811 -0.853816 -0.042819     7.310350
-0.817949 -0.481205 -0.315280    -7.423953
>../../../../class2/ala//data/domains/Catalytic_domain/structures/AlaRS_AF_Arch_Thermoplasma_acidophilum_DSM_1728_gene1456391.pdb
 0.249964 -0.931039  0.265864     5.735520
-0.204828 -0.319212 -0.925283     4.960818
 0.946342  0.176832 -0.270494    -3.548116
>../../../../class2/ala//data/domains/Catalytic_domain/structures/AlaRS_AF_Bact_Brucella_melitensis_bv_1_str_16M_gene29593597.pdb
 0.688591 -0.437613  0.578219     8.264464
-0.046857 -0.822564 -0.566739     1.393086
 0.723635  0.363158 -0.586915     4.602047
>../../../../class2/ala//data/domains/Catalytic_domain/structures/AlaRS_AF_Bact_Chlamydia_psittaci_6BC_gene12242512.pdb
 0.980842  0.188063  0.050809     4.377366
-0.184725  0.980709 -0.063930     2.226725
-0.061852  0.053319  0.996660     0.151881
>../../../../class2/ala//data/domains/Catalytic_domain/structures/AlaRS_AF_Bact_Lactobacillus_acidophilus_La-14_gene56942022.pdb
 0.442296  0.691637 -0.570975    -0.201904
-0.584242 -0.260830 -0.768524    -4.142431
-0.680467  0.673502  0.288720    -3.964104
>../../../../class2/ala//data/domains/Catalytic_domain/structures/AlaRS_AF_Bact_Nocardia_farcinica_IFM_10152_gene61134339.pdb
 0.723390  0.685942 -0.078680     2.907761
-0.560206  0.516508 -0.647602     0.932383
-0.403579  0.512546  0.757905     0.098390
>../../../../class2/ala//data/domains/Catalytic_domain/structures/AlaRS_AF_Bact_Porphyromonas_gingivalis_ATCC_33277_gene29256567.pdb
 0.945074  0.323844  0.044286     3.804478
-0.306083  0.924378 -0.227679     2.180669
-0.114669  0.201619  0.972729    -1.793039
>../../../../class2/ala//data/domains/Catalytic_domain/structures/AlaRS_AF_Bact_Prochlorococcus_marinus_subsp_marinus_str_CCMP1375_gene54199407.pdb
-0.440030 -0.602442  0.665911     1.482471
-0.862815  0.489146 -0.127617     1.852894
-0.248846 -0.630713 -0.735035     1.051469
>../../../../class2/ala//data/domains/Catalytic_domain/structures/AlaRS_AF_Bact_Streptobacillus_moniliformis_DSM_12112_gene29672963.pdb
 1.000000  0.000000  0.000000     0.000000
 0.000000  1.000000  0.000000     0.000000
 0.000000  0.000000  1.000000     0.000000
>../../../../class2/ala//data/domains/Catalytic_domain/structures/AlaRS_AF_Bact_Treponema_pallidum_subsp_pertenue_str_SamoaD_gene57879528.pdb
 0.142369 -0.455343 -0.878859     7.963193
 0.859806 -0.382993  0.337713    -0.480382
-0.490372 -0.803728  0.336980   -12.984942
>../../../../class2/ala//data/domains/Catalytic_domain/structures/AlaRS_AF_Euk_Cyanidioschyzon_merolae_strain_10D_gene16993235.pdb
 0.267575 -0.225290 -0.936829    -3.314367
 0.588972 -0.731250  0.344073     6.199902
-0.762572 -0.643831 -0.062975    -2.989511
>../../../../class2/ala//data/domains/Catalytic_domain/structures/AlaRS_AF_Euk_Marasmius_oreades_gene66078979.pdb
 0.436330 -0.853168  0.285867    -0.508732
-0.148263 -0.381535 -0.912387     3.212597
 0.887487  0.355718 -0.292969    -2.197129
>../../../../class2/ala//data/domains/Catalytic_domain/structures/AlaRS_AF_Euk_Plasmodium_berghei_ANKA_gene55150801.pdb
 0.850210  0.411058 -0.328900     3.084210
-0.524595  0.609201 -0.594705    -1.913444
-0.044092  0.678163  0.733588    -0.976318
>../../../../class2/ala//data/domains/Catalytic_domain/structures/AlaRS_AF_Euk_Saccharomyces_cerevisiae_S288C_gene854513.pdb
-0.111054 -0.929198  0.352503     3.150067
-0.307063 -0.305260 -0.901404     6.733615
 0.945188 -0.208345 -0.251422    -3.017864
>../../../../class2/ala//data/domains/Catalytic_domain/structures/AlaRS_PDB_Bact_E_coli_3HXV.pdb
-0.571715  0.820215  0.019753    -9.099083
 0.574137  0.417158 -0.704518   -12.540434
-0.586096 -0.391443 -0.709411    26.381913
>../../../../class2/ser2//data/domains/Catalytic_domain/structures/SerRS-A_AF_Arch_Conexivisphaera_calida_protein1635512986.pdb
-0.110552 -0.917658 -0.381684    15.268724
-0.410716 -0.307529  0.858335    10.146683
-0.905036  0.251654 -0.342899   -16.638327
>../../../../class2/ser2//data/domains/Catalytic_domain/structures/SerRS-A_AF_Arch_Ignisphaera_aggregans_protein304378874.pdb
-0.631960 -0.192429 -0.750731    15.000555
-0.679905 -0.327261  0.656223    10.908303
-0.371962  0.925133  0.075983   -18.675745
>../../../../class2/ser2//data/domains/Catalytic_domain/structures/SerRS-A_AF_Arch_Methanosarcina_barkeri_protein805401349.pdb
 0.805985 -0.344576  0.481307    13.084661
-0.535117 -0.076532  0.841304    11.161666
-0.253058 -0.935634 -0.246072   -16.068229
>../../../../class2/ser2//data/domains/Catalytic_domain/structures/SerRS-A_AF_Arch_Unclassified_Thermoplasmata_protein1635512986.pdb
 0.131802 -0.956734 -0.259401    14.320838
-0.305660 -0.288158  0.907490    12.184357
-0.942974 -0.040321 -0.330415   -14.794511
>../../../../class2/ser2//data/domains/Catalytic_domain/structures/SerRS-A_PDB_Arch_M_barkeri_2cjb.pdb
-0.490566 -0.871366 -0.008072    36.935877
 0.614993 -0.339640 -0.711638    40.537570
 0.617356 -0.354070  0.702500  -105.163490
