>../../../../class2/pyl//data/domains/Catalytic_domain/structures/PylRS_AF_Arch_Candidatus_Methanomassiliicoccus_intestinalis_Issoire-Mx1_gene16153983.pdb
 0.247188 -0.123284  0.961093    16.960401
 0.945417  0.248036 -0.211340    39.594803
-0.212331  0.960874  0.177866    29.433158
>../../../../class2/pyl//data/domains/Catalytic_domain/structures/PylRS_AF_Arch_Methanosalsum_zhilinae_DSM_4017_gene10822650.pdb
-0.773745  0.630317  0.063395    11.340539
 0.384435  0.546724 -0.743843    40.236926
-0.503517 -0.551174 -0.665341    27.431829
>../../../../class2/pyl//data/domains/Catalytic_domain/structures/PylRS_AF_Arch_Unclassified_Candidatus_Bathyarchaeota_proteinUCH69683.1.pdb
 0.358792 -0.758588 -0.543886    16.097438
-0.557732 -0.641458  0.526751    38.208144
-0.748467  0.114349 -0.653239    30.772604
>../../../../class2/pyl//data/domains/Catalytic_domain/structures/PylRS_AF_Bact_Unclassified_Actinobacteria_proteinMBU2601214.1.pdb
 0.381714 -0.768140 -0.514058    16.267297
-0.557225 -0.634984  0.535066    37.628783
-0.737424  0.082204 -0.670409    30.491872
>../../../../class2/pyl//data/domains/Catalytic_domain/structures/PylRS_AF_Bact_Unclassified_Aerophobetes_proteinMCD6471581.1.pdb
 0.185307 -0.774222 -0.605179    16.889863
-0.609797 -0.573526  0.547006    38.184606
-0.770590  0.267672 -0.578397    30.412948
>../../../../class2/pyl//data/domains/Catalytic_domain/structures/PylRS_AF_Bact_unclassified_Desulfosarcina_proteinMBC2741817.pdb
 0.119383 -0.639920 -0.759111    11.323739
-0.829095 -0.484887  0.278364    43.466347
-0.546214  0.596143 -0.588441    30.562656
>../../../../class2/pyl//data/domains/Catalytic_domain/structures/PylRS_AF_Bact_unclassified_Lachnospiraceae_proteinHCE77498.1.pdb
-0.966437  0.031144 -0.255008    11.536839
 0.256897  0.123332 -0.958537    37.080218
 0.001599 -0.991877 -0.127194    32.184066
>../../../../class2/pyl//data/domains/Catalytic_domain/structures/PylRS_PDB_Arch_M_mazei_2Q7E.pdb
 1.000000 -0.000000  0.000000     0.000000
 0.000000  1.000000  0.000000     0.000000
-0.000000  0.000000  1.000000     0.000000
>../../../../class2/pyl//data/domains/Catalytic_domain/structures/PylRS_PDB_Bact_D_hafniense_2ZNJ.pdb
 0.005354  0.406821  0.913492    42.190499
-0.552403  0.762676 -0.336417    47.409343
-0.833560 -0.502815  0.228813    78.111234
>../../../../class2/ser1//data/domains/Catalytic_domain/structures/SerRS_AF_Arch_Candidatus_Methanomassiliicoccus_intestinalis_Issoire-Mx1_gene16154337.pdb
-0.925408 -0.340818 -0.165718    10.046971
 0.019882  0.393020 -0.919315    44.433778
 0.378450 -0.854036 -0.356928    36.191562
>../../../../class2/ser1//data/domains/Catalytic_domain/structures/SerRS_AF_Arch_Methanospirillum_hungatei_JF-1_gene3924775.pdb
 0.178711  0.684198  0.707062     6.961097
 0.982435 -0.084863 -0.166193    46.338550
-0.053706  0.724342 -0.687345    32.371612
>../../../../class2/ser1//data/domains/Catalytic_domain/structures/SerRS_AF_Arch_Nitrosopumilus_maritimus_SCM1_gene5773574.pdb
 0.013332  0.925010 -0.379709     5.462451
-0.985888  0.075535  0.149395    41.790318
 0.166874  0.372359  0.912963    35.788060
>../../../../class2/ser1//data/domains/Catalytic_domain/structures/SerRS_AF_Arch_Thermoproteus_uzoniensis_768-20_gene10361450.pdb
 0.416968  0.904741 -0.087071     7.577456
-0.847147  0.421554  0.323472    40.104887
 0.329363 -0.061115  0.942223    36.642250
>../../../../class2/ser1//data/domains/Catalytic_domain/structures/SerRS_AF_Bact_Bifidobacterium_longum_subsp_longum_JCM_1217_gene69578844.pdb
-0.013076 -0.798540  0.601800    10.513471
 0.201498 -0.591609 -0.780639    46.700105
 0.979402  0.111054  0.168640    32.836543
>../../../../class2/ser1//data/domains/Catalytic_domain/structures/SerRS_AF_Bact_Brucella_suis_1330_gene45051948.pdb
 0.744695  0.666926 -0.025298     5.994276
-0.602570  0.688165  0.404150    45.030790
 0.286947 -0.285725  0.914343    34.712595
>../../../../class2/ser1//data/domains/Catalytic_domain/structures/SerRS_AF_Bact_Chlamydia_psittaci_6BC_gene12242544.pdb
-0.465112  0.875756  0.129313     7.376492
 0.828375  0.482075 -0.285304    43.760473
-0.312195 -0.025579 -0.949674    34.706937
>../../../../class2/ser1//data/domains/Catalytic_domain/structures/SerRS_AF_Bact_Clostridium_acetobutylicum_DSM_1731_gene44996495.pdb
 0.152666  0.871300 -0.466400     5.630449
-0.943503  0.268940  0.193582    46.445731
 0.294102  0.410497  0.863132    32.286854
>../../../../class2/ser1//data/domains/Catalytic_domain/structures/SerRS_AF_Bact_Mycoplasma_hyopneumoniae_168-L_gene57101125.pdb
-0.273768  0.780592  0.561896     8.505218
 0.930747  0.362261 -0.049778    46.002332
-0.242409  0.509355 -0.825709    35.393652
>../../../../class2/ser1//data/domains/Catalytic_domain/structures/SerRS_AF_Bact_Prochlorococcus_marinus_subsp_marinus_str_CCMP1375_gene54200639.pdb
 0.788528  0.535138  0.303069    11.595398
-0.587534  0.509872  0.628358    44.014798
 0.181732 -0.673541  0.716461    37.874308
>../../../../class2/ser1//data/domains/Catalytic_domain/structures/SerRS_AF_Bact_Streptobacillus_moniliformis_DSM_12112_gene29673293.pdb
 0.646140  0.761539 -0.050613     5.673317
-0.698756  0.616937  0.362116    45.045039
 0.306991 -0.198612  0.930758    33.873887
>../../../../class2/ser1//data/domains/Catalytic_domain/structures/SerRS_AF_Bact_Treponema_pallidum_subsp_pertenue_str_SamoaD_gene57879171.pdb
 0.083209  0.811963  0.577747     6.391558
 0.969824  0.067344 -0.234321    44.805675
-0.229168  0.579811 -0.781858    33.250453
>../../../../class2/ser1//data/domains/Catalytic_domain/structures/SerRS_AF_Euk_Cyanidioschyzon_merolae_strain_10D_gene16995416.pdb
 0.427459  0.078511  0.900619     7.707020
 0.791126 -0.514590 -0.330632    46.202863
 0.437491  0.853835 -0.282078    31.678261
>../../../../class2/ser1//data/domains/Catalytic_domain/structures/SerRS_AF_Euk_Thunnus_albacares_gene122982782.pdb
 0.105422 -0.761807  0.639169     9.420844
 0.244440 -0.603178 -0.759227    48.395228
 0.963917  0.236277  0.122627    33.919903
>../../../../class2/ser1//data/domains/Catalytic_domain/structures/SerRS_AF_Euk_Trichomonas_vaginalis_G3_gene4762654.pdb
-0.324370  0.862206  0.389082     8.587114
 0.941978  0.256861  0.216103    45.585907
 0.086386  0.436603 -0.895497    33.675809
>../../../../class2/ser1//data/domains/Catalytic_domain/structures/SerRS_AF_Euk_Vitis_vinifera_gene100261399.pdb
 0.265541 -0.533098  0.803303     9.086195
 0.450182 -0.668239 -0.592278    46.895179
 0.852540  0.518906  0.062546    32.279331
>../../../../class2/ser1//data/domains/Catalytic_domain/structures/SerRS_AF_Mito_Cervus_elaphus_gene122688911.pdb
 0.840204  0.470959  0.268802    13.050462
-0.516391  0.543582  0.661709    44.164227
 0.165522 -0.694778  0.699919    39.044345
>../../../../class2/ser1//data/domains/Catalytic_domain/structures/SerRS_AF_Mito_Drechmeria_coniospora_gene63718051.pdb
-0.522728  0.788304  0.324548     9.206245
 0.822564  0.566393 -0.050878    46.923240
-0.223929  0.240366 -0.944500    35.900976
>../../../../class2/ser1//data/domains/Catalytic_domain/structures/SerRS_PDB_Bact_K_pneumoniae_6h9x.pdb
-0.571427  0.650836  0.499884    27.278705
-0.411871  0.299414 -0.860647    43.132334
-0.709812 -0.697685  0.096967     5.080633
>../../../../class2/ser1//data/domains/Catalytic_domain/structures/SerRS_PDB_Bact_T_thermophilus_1ser.pdb
-0.451349 -0.888523 -0.082526   121.826690
 0.715212 -0.415508  0.561983   -46.068676
-0.533625  0.194627  0.823022    51.313621
>../../../../class2/ser1//data/domains/Catalytic_domain/structures/SerRS_PDB_Mito_B_taurus_1wle.pdb
-0.857754 -0.480226  0.183414    75.305356
 0.025570  0.316495  0.948249   -35.574335
-0.513424  0.818055 -0.259196    60.562407
