>../../../../class1/arg//data/domains/Catalytic_domain/structures/ArgRS_AF_Arch_Candidatus_Korarchaeum_cryptofilum_OPF8_gene6093502.pdb
-0.859980 -0.000143 -0.510328     2.539688
-0.504334  0.153050  0.849837    53.451288
 0.077984  0.988218 -0.131692    11.481916
>../../../../class1/arg//data/domains/Catalytic_domain/structures/ArgRS_AF_Arch_Candidatus_Nitrosopumilus_sediminis_gene13697696.pdb
-0.847621  0.519477 -0.108082     1.732446
-0.238205 -0.190531  0.952343    55.907099
 0.474127  0.832971  0.285240    11.774847
>../../../../class1/arg//data/domains/Catalytic_domain/structures/ArgRS_AF_Arch_Desulfurococcus_mucosus_DSM_2162_gene10153309.pdb
-0.743150  0.197731 -0.639242     2.921765
-0.640848  0.064462  0.764956    50.908590
 0.192463  0.978134  0.078810    17.583816
>../../../../class1/arg//data/domains/Catalytic_domain/structures/ArgRS_AF_Arch_Methanothermococcus_okinawensis_IH1_gene10773248.pdb
-0.669802 -0.455473 -0.586439     0.955256
-0.741028  0.359638  0.567044    56.674301
-0.047368  0.814374 -0.578404    12.041273
>../../../../class1/arg//data/domains/Catalytic_domain/structures/ArgRS_AF_Bact_Anoxybacillus_flavithermus_WK1_gene7039015.pdb
-0.268081  0.952128  0.146919    -0.052169
-0.303467 -0.228194  0.925114    56.844046
 0.914352  0.203421  0.350114     9.840392
>../../../../class1/arg//data/domains/Catalytic_domain/structures/ArgRS_AF_Bact_Brachyspira_pilosicoli_95_1000_gene56439668.pdb
-0.562918 -0.701726 -0.436698     4.071843
-0.653823  0.054853  0.754656    58.462405
-0.505607  0.710333 -0.489682    11.693629
>../../../../class1/arg//data/domains/Catalytic_domain/structures/ArgRS_AF_Bact_Chlamydia_psittaci_6BC_gene12242456.pdb
-0.850074 -0.225278 -0.476050     3.137197
-0.498820  0.054388  0.864997    55.891316
-0.168974  0.972775 -0.158607    10.894291
>../../../../class1/arg//data/domains/Catalytic_domain/structures/ArgRS_AF_Bact_Corynebacterium_ulcerans_809_gene75260071.pdb
-0.670974 -0.589996 -0.449108     3.636382
-0.608727  0.092466  0.787973    57.828600
-0.423374  0.802094 -0.421189    12.270086
>../../../../class1/arg//data/domains/Catalytic_domain/structures/ArgRS_AF_Bact_Cupriavidus_taiwanensis_LMG_19424_gene29762022.pdb
-0.823193 -0.261207 -0.504108     2.004974
-0.551886  0.159636  0.818498    56.977102
-0.133323  0.951991 -0.275567    12.978588
>../../../../class1/arg//data/domains/Catalytic_domain/structures/ArgRS_AF_Bact_Mycoplasma_hyopneumoniae_168-L_gene57100855.pdb
-0.890826 -0.093281 -0.444666     1.577787
-0.453947  0.141795  0.879674    54.362930
-0.019006  0.985491 -0.168659    13.003377
>../../../../class1/arg//data/domains/Catalytic_domain/structures/ArgRS_AF_Bact_Prochlorococcus_marinus_subsp_marinus_str_CCMP1375_gene54199571.pdb
-0.021071  0.827514  0.561050     1.438508
-0.456813 -0.507139  0.730843    57.140655
 0.889313 -0.240896  0.388705    16.138548
>../../../../class1/arg//data/domains/Catalytic_domain/structures/ArgRS_AF_Bact_Streptobacillus_moniliformis_DSM_12112_gene29674021.pdb
-0.199721  0.956844 -0.211094     2.300886
 0.534302 -0.074239 -0.842028    57.621560
-0.821361 -0.280958 -0.496416    11.856157
>../../../../class1/arg//data/domains/Catalytic_domain/structures/ArgRS_AF_Euk_Micromonas_commoda_gene8250062.pdb
 0.939621  0.061929  0.336567     1.992547
 0.323702  0.158271 -0.932828    55.408546
-0.111038  0.985452  0.128668     8.883064
>../../../../class1/arg//data/domains/Catalytic_domain/structures/ArgRS_AF_Euk_Paulinella_chromatophora_gene6481434.pdb
 0.150014  0.636176  0.756820     3.703972
-0.605175 -0.546243  0.579122    55.454162
 0.781831 -0.544885  0.303053    16.411070
>../../../../class1/arg//data/domains/Catalytic_domain/structures/ArgRS_AF_Euk_Polyodon_spathula_gene121324634.pdb
-0.423750 -0.904325 -0.051308     2.443707
-0.852641  0.379134  0.359528    52.684296
-0.305677  0.196097 -0.931723     4.663334
>../../../../class1/arg//data/domains/Catalytic_domain/structures/ArgRS_AF_Euk_Thalassiosira_pseudonana_CCMP1335_gene7449555.pdb
-0.286136  0.806931 -0.516709    -2.903839
 0.556432 -0.299081 -0.775200    57.142633
-0.780070 -0.509326 -0.363424     7.786158
>../../../../class1/arg//data/domains/Catalytic_domain/structures/ArgRS_AF_Mito_Caenorhabditis_elegans_gene174023.pdb
 0.401408  0.270546  0.875029    -0.422892
-0.821987 -0.314991  0.474466    52.696780
 0.403992 -0.909717  0.095945    15.560511
>../../../../class1/arg//data/domains/Catalytic_domain/structures/ArgRS_AF_Mito_Saccharomyces_cerevisiae_S288C_gene851942.pdb
 0.143505 -0.818919 -0.555678     2.829653
 0.913195  0.325977 -0.244567    58.147527
 0.381419 -0.472346  0.794613    10.254737
>../../../../class1/arg//data/domains/Catalytic_domain/structures/ArgRS_AF_Vir_Megavirus_chiliensis_gene11257368.pdb
-0.419211  0.054818 -0.906232    -0.784529
 0.873090 -0.249366 -0.418964    60.717274
-0.248950 -0.966857  0.056676    11.599242
>../../../../class1/arg//data/domains/Catalytic_domain/structures/ArgRS_PDB_Arch_2ZUF.pdb
-0.004048 -0.935094 -0.354377    10.743583
-0.778168  0.225514 -0.586172    90.156587
 0.628043  0.273392 -0.728573    20.711984
>../../../../class1/arg//data/domains/Catalytic_domain/structures/ArgRS_PDB_Bact_1IQ0.pdb
 0.568107  0.579288 -0.584533   -43.688523
 0.822949 -0.402611  0.400824    76.289451
-0.003147 -0.708752 -0.705451    60.906914
>../../../../class1/arg//data/domains/Catalytic_domain/structures/ArgRS_PDB_Euk_S_cerevisiae_1BS2.pdb
 0.697082  0.510122  0.503838   -55.744028
-0.010114 -0.695645  0.718315   123.605391
 0.716920 -0.505820 -0.479762    11.006465
>../../../../class1/tyr//data/domains/Catalytic_domain/structures/TyrRS_AF_Arch_Candidatus_Korarchaeum_cryptofilum_OPF8_gene6094625.pdb
-0.537552  0.219199 -0.814242     2.181175
 0.364045  0.931324  0.010380    46.905079
 0.760598 -0.290841 -0.580433    20.948658
>../../../../class1/tyr//data/domains/Catalytic_domain/structures/TyrRS_AF_Arch_Desulfurococcus_amylolyticus_1221n_gene7171652.pdb
-0.239994  0.840277 -0.486145     2.549525
 0.926635  0.347575  0.143316    46.800303
 0.289397 -0.416084 -0.862046    19.513657
>../../../../class1/tyr//data/domains/Catalytic_domain/structures/TyrRS_AF_Arch_Methanothermococcus_okinawensis_IH1_gene10772133.pdb
 0.828033 -0.540416  0.149369     3.326872
-0.189628 -0.520638 -0.832452    48.998910
 0.527638  0.660974 -0.533584    16.923157
>../../../../class1/tyr//data/domains/Catalytic_domain/structures/TyrRS_AF_Arch_Thermoplasma_acidophilum_DSM_1728_gene1456112.pdb
-0.080385  0.832509  0.548148     0.208342
-0.992257 -0.119069  0.035326    42.077345
 0.094677 -0.541064  0.835635    22.159850
>../../../../class1/tyr//data/domains/Catalytic_domain/structures/TyrRS_AF_Bact_Bifidobacterium_animalis_subsp_lactis_BLC1_gene66533077.pdb
-0.400778  0.913330 -0.072145     0.104692
 0.890500  0.406848  0.203675    51.029273
 0.215375  0.017383 -0.976377    23.959880
>../../../../class1/tyr//data/domains/Catalytic_domain/structures/TyrRS_AF_Bact_Brachyspira_pilosicoli_95_1000_gene56440491.pdb
 0.296611  0.599814  0.743132     4.461362
-0.896147  0.443757 -0.000490    43.322133
-0.330063 -0.665810  0.669145    22.462551
>../../../../class1/tyr//data/domains/Catalytic_domain/structures/TyrRS_AF_Bact_Chlamydia_psittaci_6BC_gene12242888.pdb
-0.215883  0.976126 -0.023945     1.443897
 0.959698  0.216641  0.179018    46.487886
 0.179931  0.015667 -0.983554    21.451006
>../../../../class1/tyr//data/domains/Catalytic_domain/structures/TyrRS_AF_Bact_Lactococcus_lactis_subsp_cremoris_KW2_gene61108704.pdb
-0.211237  0.977376 -0.010694     1.634572
 0.951322  0.208094  0.227339    50.560351
 0.224422  0.037849 -0.973757    24.529881
>../../../../class1/tyr//data/domains/Catalytic_domain/structures/TyrRS_AF_Bact_Porphyromonas_gingivalis_ATCC_33277_gene29255602.pdb
 0.151445  0.902872  0.402351     0.384432
-0.930841  0.267216 -0.249262    44.830844
-0.332566 -0.336775  0.880899    25.570866
>../../../../class1/tyr//data/domains/Catalytic_domain/structures/TyrRS_AF_Bact_Prochlorococcus_marinus_subsp_marinus_str_CCMP1375_gene54200747.pdb
 0.674262  0.152496  0.722575     0.854265
 0.631993 -0.625330 -0.457764    47.411442
 0.382041  0.765316 -0.518013    20.671135
>../../../../class1/tyr//data/domains/Catalytic_domain/structures/TyrRS_AF_Bact_Serratia_plymuthica_AS9_gene57666950.pdb
 0.745572  0.348563  0.568003    -0.931737
 0.461911 -0.884655 -0.063433    51.395766
 0.480376  0.309660 -0.820579    24.481607
>../../../../class1/tyr//data/domains/Catalytic_domain/structures/TyrRS_AF_Bact_Streptobacillus_moniliformis_DSM_12112_gene29673957.pdb
 0.610997  0.639886  0.466078     5.207550
 0.688443 -0.720149  0.086203    53.687910
 0.390805  0.268198 -0.880534    19.298846
>../../../../class1/tyr//data/domains/Catalytic_domain/structures/TyrRS_AF_Euk_Cryptococcus_neoformans_var_neoformans_JEC21_gene3254328.pdb
 0.037480  0.966529  0.253807     0.089695
 0.993459 -0.063454  0.094937    50.385815
 0.107865  0.248588 -0.962585    23.148695
>../../../../class1/tyr//data/domains/Catalytic_domain/structures/TyrRS_AF_Euk_Drosophila_melanogaster_gene39829.pdb
 0.640140  0.062721  0.765694     5.454969
-0.670988 -0.439754  0.596986    40.765031
 0.374160 -0.895925 -0.239419    26.592130
>../../../../class1/tyr//data/domains/Catalytic_domain/structures/TyrRS_AF_Euk_Plasmodium_falciparum_3D7_gene2655248.pdb
-0.089920  0.449611 -0.888687     0.632957
 0.807523  0.555189  0.199178    47.399016
 0.582941 -0.699725 -0.412994    18.139478
>../../../../class1/tyr//data/domains/Catalytic_domain/structures/TyrRS_AF_Euk_Seriola_dumerili_gene111223086.pdb
 0.530087 -0.778014  0.337199     7.158779
-0.721843 -0.622697 -0.301980    39.351073
 0.444917 -0.083329 -0.891687    25.981657
>../../../../class1/tyr//data/domains/Catalytic_domain/structures/TyrRS_AF_Mito_Aspergillus_fumigatus_Af293_gene3509181.pdb
-0.728887 -0.684097  0.027129    -5.290956
-0.514004  0.572973  0.638359    44.963238
-0.452244  0.451347 -0.769260    12.698241
>../../../../class1/tyr//data/domains/Catalytic_domain/structures/TyrRS_AF_Mito_Cyanidioschyzon_merolae_strain_10D_gene16996209.pdb
-0.079804  0.932996  0.350927    -0.019389
 0.988598  0.028982  0.147764    50.626280
 0.127692  0.358718 -0.924671    21.667962
>../../../../class1/tyr//data/domains/Catalytic_domain/structures/TyrRS_AF_Vir_Megavirus_chiliensis_gene11257765.pdb
 0.505839 -0.858987  0.079170     0.458021
-0.610910 -0.421519 -0.670158    47.118028
 0.609028  0.290626 -0.737984    13.844921
>../../../../class1/tyr//data/domains/Catalytic_domain/structures/TyrRS_PDB_Arch_M_jannashii_1U7D.pdb
 1.000000  0.000000  0.000000     0.000000
 0.000000  1.000000  0.000000     0.000000
 0.000000  0.000000  1.000000     0.000000
>../../../../class1/tyr//data/domains/Catalytic_domain/structures/TyrRS_PDB_E_coli_Bact_1WQ4.pdb
-0.983038 -0.014249  0.182849    19.117433
 0.175557  0.215380  0.960620   -12.978652
-0.053069  0.976426 -0.209225    20.563104
>../../../../class1/tyr//data/domains/Catalytic_domain/structures/TyrRS_PDB_Vir_Acanthamoeba_polyphaga_mimivirus_2J5B.pdb
-0.142915  0.898307  0.415476   -75.865268
 0.481573 -0.303628  0.822130     3.434862
 0.864675  0.317577 -0.389207   -30.824935
