>../../../../class2/phe2//data/domains/Catalytic_domain/structures/PheRS-Bβ_AF_Bact_Brachyspira_pilosicoli_95_1000_gene56440382.pdb
 0.021770 -0.574580 -0.818159     4.504359
 0.494905 -0.704857  0.508179     1.353067
-0.868674 -0.415974  0.269018     1.915675
>../../../../class2/phe2//data/domains/Catalytic_domain/structures/PheRS-Bβ_AF_Bact_Chlamydia_psittaci_6BC_gene12242429.pdb
 0.983144  0.150034 -0.104490     0.765093
-0.140645  0.985767  0.092104    -0.953044
 0.116822 -0.075856  0.990252    -0.848605
>../../../../class2/phe2//data/domains/Catalytic_domain/structures/PheRS-Bβ_AF_Bact_Ferrimonas_balearica_DSM_9799_gene67181907.pdb
 0.262937  0.707289 -0.656206     0.568161
-0.727511 -0.301385 -0.616356     2.475680
-0.633713  0.639460  0.435315     0.877372
>../../../../class2/phe2//data/domains/Catalytic_domain/structures/PheRS-Bβ_AF_Bact_Lacticaseibacillus_paracasei_gene61269867.pdb
 0.114016 -0.653455 -0.748330     3.495349
 0.699271 -0.482271  0.527669    -1.947980
-0.705706 -0.583448  0.401955     5.312581
>../../../../class2/phe2//data/domains/Catalytic_domain/structures/PheRS-Bβ_AF_Bact_Mycobacterium_intracellulare_ATCC_13950_gene11909688.pdb
 0.718683  0.612354 -0.329420     0.930906
-0.683730  0.536143 -0.495040     1.134512
-0.126524  0.581011  0.804001     1.463549
>../../../../class2/phe2//data/domains/Catalytic_domain/structures/PheRS-Bβ_AF_Bact_Mycoplasma_hyopneumoniae_168-L_gene57101148.pdb
 0.610342 -0.607891 -0.507890     0.119783
 0.742524  0.215696  0.634140     6.023580
-0.275938 -0.764162  0.583022     8.662038
>../../../../class2/phe2//data/domains/Catalytic_domain/structures/PheRS-Bβ_AF_Bact_Porphyromonas_gingivalis_ATCC_33277_gene29257179.pdb
 0.147708 -0.317317  0.936745     4.572548
 0.190879 -0.920182 -0.341805     4.476272
 0.970437  0.229292 -0.075349    -0.134259
>../../../../class2/phe2//data/domains/Catalytic_domain/structures/PheRS-Bβ_AF_Bact_Prochlorococcus_marinus_subsp_marinus_str_CCMP1375_gene54200309.pdb
 1.000000  0.000000  0.000000     0.000000
 0.000000  1.000000  0.000000     0.000000
 0.000000  0.000000  1.000000     0.000000
>../../../../class2/phe2//data/domains/Catalytic_domain/structures/PheRS-Bβ_AF_Euk_Didymosphenia_geminata_gene19740299.pdb
 0.792190 -0.560957 -0.240338     3.868108
 0.513522  0.399939  0.759174     2.104973
-0.329743 -0.724828  0.604891    -1.807690
>../../../../class2/phe2//data/domains/Catalytic_domain/structures/PheRS-Bβ_AF_Euk_Gracilariopsis_tenuifrons_gene68635617.pdb
-0.758119 -0.580950 -0.296232     7.012373
-0.168990  0.613763 -0.771192    13.071997
 0.629840 -0.534595 -0.563480    -1.193643
>../../../../class2/phe2//data/domains/Catalytic_domain/structures/PheRS-Bβ_PDB_Bact.B_E_coli_3PCO.pdb
 0.693254  0.488857  0.529545    -3.588855
 0.153976 -0.818274  0.553823   -27.938149
 0.704053 -0.302402 -0.642544    40.857392
>../../../../class2/phe2//data/domains/Catalytic_domain/structures/PheRS-Bβ_PDB_Bact.B_T_thermophilus_1PYS.pdb
 0.354981 -0.771715  0.527679    37.834099
 0.909986  0.414597 -0.005832   -34.384397
-0.214273  0.482251  0.849424   -47.611658
>../../../../class2/sep//data/domains/Catalytic_domain/structures/SepRS_AF_Arch_Methanothrix_thermoacetophila_PT_gene4462697.pdb
 0.684737 -0.682647  0.255204    22.501528
-0.653389 -0.419908  0.629889    15.517710
-0.322830 -0.598055 -0.733560   -17.952268
>../../../../class2/sep//data/domains/Catalytic_domain/structures/SepRS_AF_Arch_unclassified_Candidatus_Bathyarchaeota_proteinUCD26266.1.pdb
-0.862816 -0.116196 -0.491982    20.018366
 0.387355  0.473369 -0.791125    14.182581
 0.324814 -0.873167 -0.363421    -9.457600
>../../../../class2/sep//data/domains/Catalytic_domain/structures/SepRS_AF_Arch_unclassified_Lokiarchaeota_proteinTFF69421.1.pdb
 0.368513 -0.891992  0.261818    24.126463
 0.777016  0.140937 -0.613501    16.327306
 0.510338  0.429520  0.745029    -7.682016
>../../../../class2/sep//data/domains/Catalytic_domain/structures/SepRS_AF_Arch_unclassified_Thermoprotei_proteinRLF12424.1.pdb
-0.428091  0.869233  0.247329    17.368447
 0.454641  0.443660 -0.772313    13.715549
-0.781050 -0.218174 -0.585116   -13.305106
>../../../../class2/sep//data/domains/Catalytic_domain/structures/SepRS_PDB_Arch_2DU4_A_fulgidus.pdb
 0.444551  0.247178 -0.860974   -22.322668
 0.004243 -0.961744 -0.273917    71.572459
-0.895743  0.118117 -0.428593    -4.433683
>../../../../class2/sep//data/domains/Catalytic_domain/structures/SepRS_PDB_Arch_2ODR_M_maripadulis.pdb
 0.733530 -0.510247  0.448978   -36.387802
 0.102249 -0.570229 -0.815097    38.644121
 0.671922  0.643806 -0.366108   -57.964955
