>structures/EPRS-E_AF_Euk_Homo_sapiens_gene2058.pdb
-0.823373  0.006901 -0.567459    -9.039255
-0.348701 -0.795049  0.496290    -7.900059
-0.447733  0.606506  0.657028   -50.113368
>structures/GluRS-E_AF_Euk_Cyathus_striatus_proteinKAF9013924.1.pdb
-0.164443  0.914769  0.368993   -35.730856
-0.792178 -0.345369  0.503165    18.404269
 0.587718 -0.209566  0.781453     6.899048
>structures/GluRS-E_AF_Euk_Lichtheimia_hyalospora_proteinKAI7879902.1.pdb
-0.714788  0.391979  0.579164    -6.293388
 0.696849  0.469061  0.542571    52.266605
-0.058987  0.791413 -0.608429   -64.653401
>structures/GluRS-E_AF_Euk_Medicago_truncatula_gene11407510.pdb
 0.999766  0.007015 -0.020444    -0.554475
-0.006804  0.999923  0.010335     0.175462
 0.020515 -0.010193  0.999738     0.380671
>structures/GluRS-E_AF_Euk_Saccharomyces_cerevisiae_S288C_gene852606.pdb
-0.518520  0.784629  0.339844   -20.139242
 0.331632  0.550876 -0.765869    15.476312
-0.788135 -0.284415 -0.545848   -43.719441
>structures/GluRS-E_AF_Euk_Xylariaceae_sp_FL0804_proteinKAI0483267.1.pdb
 0.846306  0.292377  0.445289   -21.966064
-0.520756  0.630096  0.576015    14.483860
-0.112162 -0.719371  0.685510   -50.358560
