>structures/GluRS-E_AF_Euk_Cyathus_striatus_proteinKAF9013924.1.pdb
 0.225179  0.972890 -0.052719   -19.177579
-0.965944  0.215838 -0.142708   -43.138732
-0.127461  0.083058  0.988360    34.525957
>structures/GluRS-E_AF_Euk_Lichtheimia_hyalospora_proteinKAI7879902.1.pdb
-0.961422 -0.007094  0.274985    -4.646222
 0.273431 -0.133830  0.952536    37.936632
 0.030044  0.990979  0.130607    17.607324
>structures/GluRS-E_AF_Euk_Medicago_truncatula_gene11407510.pdb
 0.840106 -0.524197 -0.139424    20.128087
 0.281266  0.640774 -0.714352   -39.222942
 0.463800  0.560916  0.685757    36.457882
>structures/GluRS-E_AF_Euk_Xylariaceae_sp_FL0804_proteinKAI0483267.1.pdb
 0.999977 -0.006348  0.002391    -0.082149
 0.006341  0.999976  0.002921    -0.216617
-0.002410 -0.002906  0.999993    -0.007421
