>structures/EPRS-E_AF_Euk_Homo_sapiens_gene2058.pdb
 0.148542  0.986605  0.067429   -16.346021
-0.530523  0.137047 -0.836519    45.832144
-0.834554  0.088486  0.543774   -47.540574
>structures/GluRS-E_AF_Euk_Cyathus_striatus_proteinKAF9013924.1.pdb
 0.999910  0.009455 -0.009550    -0.185018
-0.009504  0.999942 -0.005087    -0.358856
 0.009501  0.005177  0.999941     0.184686
>structures/GluRS-E_AF_Euk_Lichtheimia_hyalospora_proteinKAI7879902.1.pdb
-0.480406  0.017049 -0.876880   -73.364988
-0.876447  0.027620  0.480706    30.802692
 0.032415  0.999473  0.001674   -28.486341
>structures/GluRS-E_AF_Euk_Medicago_truncatula_gene11407510.pdb
-0.130783 -0.837072  0.531231     5.400855
 0.923770 -0.297419 -0.241227    38.330367
 0.359923  0.459187  0.812159     0.270148
>structures/GluRS-E_AF_Euk_Xylariaceae_sp_FL0804_proteinKAI0483267.1.pdb
 0.225932 -0.965805 -0.127184   -32.778441
 0.973516  0.219170  0.065047    26.077266
-0.034948 -0.138512  0.989744   -41.560869
