>../../../../class1/cys//data/domains/Catalytic_domain/structures/CysRS_AF_Arch_Aciduliprofundum_boonei_T469_gene8827372.pdb
 0.056982  0.699748 -0.712114    -2.731345
-0.176152 -0.695036 -0.697062    -1.544121
-0.982712  0.165160  0.083658    -2.843598
>../../../../class1/cys//data/domains/Catalytic_domain/structures/CysRS_AF_Arch_Candidatus_Nitrosopumilus_sediminis_gene13696907.pdb
-0.067462  0.368337 -0.927241    -2.997927
-0.072360 -0.928718 -0.363659     2.381532
-0.995094  0.042562  0.089306     4.189756
>../../../../class1/cys//data/domains/Catalytic_domain/structures/CysRS_AF_Arch_Methanospirillum_hungatei_JF-1_gene3922979.pdb
 0.581633 -0.557504 -0.592362     2.629297
 0.813187  0.417059  0.405942    -0.871980
 0.020736 -0.717810  0.695930    -1.478627
>../../../../class1/cys//data/domains/Catalytic_domain/structures/CysRS_AF_Arch_Pyrobaculum_ferrireducens_gene11593896.pdb
 0.851734 -0.467527 -0.236575    -1.171557
 0.523857  0.769375  0.365561    -0.778371
 0.011105 -0.435292  0.900221     3.348915
>../../../../class1/cys//data/domains/Catalytic_domain/structures/CysRS_AF_Bact_Bordetella_avium_197N_gene41394405.pdb
 0.603213 -0.461189 -0.650722    -0.780044
 0.734563  0.003388  0.678532     0.195654
-0.310726 -0.887296  0.340816     2.400326
>../../../../class1/cys//data/domains/Catalytic_domain/structures/CysRS_AF_Bact_Lactobacillus_amylovorus_GRL1118_gene66523130.pdb
 0.647821 -0.548644 -0.528505    -0.464896
 0.760306  0.422322  0.493537    -1.287729
-0.047577 -0.721549  0.690726     1.941332
>../../../../class1/cys//data/domains/Catalytic_domain/structures/CysRS_AF_Bact_Mycobacterium_canettii_CIPT_140010059_gene45427568.pdb
-0.027314 -0.209488  0.977430    -1.134074
-0.205126 -0.955812 -0.210587     0.122849
 0.978354 -0.206248 -0.016864     1.107277
>../../../../class1/cys//data/domains/Catalytic_domain/structures/CysRS_AF_Bact_Mycoplasma_hyopneumoniae_168-L_gene57101512.pdb
 0.800003 -0.455309 -0.390754     0.740786
 0.599492  0.633247  0.489497     0.655668
 0.024572 -0.625853  0.779554     0.904866
>../../../../class1/cys//data/domains/Catalytic_domain/structures/CysRS_AF_Bact_Porphyromonas_gingivalis_ATCC_33277_gene29256960.pdb
-0.004838  0.423216 -0.906016    -3.259628
 0.147955 -0.895752 -0.419211     1.953330
-0.988982 -0.136078 -0.058283    -2.243940
>../../../../class1/cys//data/domains/Catalytic_domain/structures/CysRS_AF_Bact_Prochlorococcus_marinus_subsp_marinus_str_CCMP1375_gene54200571.pdb
 1.000000  0.000000  0.000000     0.000000
 0.000000  1.000000  0.000000     0.000000
 0.000000  0.000000  1.000000     0.000000
>../../../../class1/cys//data/domains/Catalytic_domain/structures/CysRS_AF_Bact_Streptobacillus_moniliformis_DSM_12112_gene29673427.pdb
 0.349013  0.790285 -0.503626    -1.428515
-0.374934 -0.374774 -0.847920    -4.208905
-0.858845  0.484762  0.165504    -3.316782
>../../../../class1/cys//data/domains/Catalytic_domain/structures/CysRS_AF_Bact_Treponema_pallidum_subsp_pertenue_str_SamoaD_gene57878631.pdb
-0.066752  0.480978 -0.874188    -1.307178
 0.020339 -0.875304 -0.483145     0.972361
-0.997562 -0.050031  0.048646    -3.426412
>../../../../class1/cys//data/domains/Catalytic_domain/structures/CysRS_AF_Euk_Arabidopsis_thaliana_gene833874.pdb
 0.824652 -0.390968 -0.408769    -3.746291
 0.565636  0.567184  0.598631    -0.374500
-0.002198 -0.724877  0.688875     3.895406
>../../../../class1/cys//data/domains/Catalytic_domain/structures/CysRS_AF_Euk_Cyanidioschyzon_merolae_strain_10D_gene16993418.pdb
 0.974746  0.184064  0.126454    -6.659231
-0.169397  0.978411 -0.118389    -2.109967
-0.145515  0.093978  0.984882     8.928563
>../../../../class1/cys//data/domains/Catalytic_domain/structures/CysRS_AF_Euk_Drosophila_melanogaster_gene36784.pdb
 0.882706  0.468735  0.033444    -6.000424
-0.348796  0.701207 -0.621813     2.665650
-0.314916  0.537212  0.782452     3.635119
>../../../../class1/cys//data/domains/Catalytic_domain/structures/CysRS_AF_Euk_Micromonas_commoda_gene8246535.pdb
-0.412245  0.391027  0.822893    -4.018795
 0.100901 -0.878061  0.467791     0.316776
 0.905469  0.275875  0.322521     4.478409
>../../../../class1/cys//data/domains/Catalytic_domain/structures/CysRS_AF_Mito_Morone_saxatilis_gene118339815.pdb
-0.000462  0.387953 -0.921679     0.609459
 0.393454 -0.847270 -0.356830    -2.722128
-0.919344 -0.362803 -0.152251     3.022229
>../../../../class1/cys//data/domains/Catalytic_domain/structures/CysRS_AF_Mito_Saccharomyces_cerevisiae_S288C_gene855474.pdb
 0.338334  0.746506 -0.572939    -5.344736
 0.183800 -0.649541 -0.737776     1.784050
-0.922902  0.144308 -0.356970     2.822584
>../../../../class1/cys//data/domains/Catalytic_domain/structures/CysRS_AF_Vir_Megavirus_chiliensis_gene11257271.pdb
-0.586549  0.572728  0.572662    -2.902089
 0.471749 -0.333146  0.816374     4.539841
 0.658341  0.748997 -0.074777     3.287679
>../../../../class1/cys//data/domains/Catalytic_domain/structures/CysRS_PDB_Bact_E_coli_1LI5.pdb
-0.212025 -0.900658  0.379289    77.780645
 0.909865 -0.323564 -0.259714   -30.847916
 0.356638  0.290037  0.888081  -103.455692
>../../../../class1/cys//data/domains/Catalytic_domain/structures/CysRS_PDB_Bact_M_smegmatis_3C8Z.pdb
-0.910725 -0.323969 -0.256170    26.164976
-0.112220  0.791018 -0.601412   -21.951934
 0.397474 -0.518974 -0.756756   -36.532675
>../../../../class1/leu2//data/domains/Catalytic_domain/structures/LeuRS-A_AF_Arch_Aciduliprofundum_boonei_T469_gene8828435.pdb
-0.390645  0.097911 -0.915320     0.723617
 0.477354 -0.828647 -0.292367     1.986981
-0.787102 -0.551143  0.276969    -5.317310
>../../../../class1/leu2//data/domains/Catalytic_domain/structures/LeuRS-A_AF_Arch_Candidatus_Korarchaeum_cryptofilum_OPF8_gene6093520.pdb
-0.929816  0.314393 -0.191310    -0.529081
 0.071772  0.664755  0.743606    -1.833931
 0.360959  0.677686 -0.640665    -7.444358
>../../../../class1/leu2//data/domains/Catalytic_domain/structures/LeuRS-A_AF_Arch_Candidatus_Nitrosopumilus_koreensis_AR1_gene13725794.pdb
 0.946770 -0.318231  0.048532    -0.544380
 0.320942  0.921453 -0.218906    -1.287929
 0.024942  0.222830  0.974538    -5.862462
>../../../../class1/leu2//data/domains/Catalytic_domain/structures/LeuRS-A_AF_Arch_Methanobrevibacter_smithii_ATCC_35061_gene5216355.pdb
 0.918477 -0.395199 -0.014756    -1.579614
 0.391132  0.913273 -0.113788    -0.561059
 0.058445  0.098740  0.993396    -5.795184
>../../../../class1/leu2//data/domains/Catalytic_domain/structures/LeuRS-A_AF_Euk_Arabidopsis_thaliana_gene837489.pdb
 0.207755 -0.847977  0.487620    -2.214202
-0.891184 -0.369597 -0.263037     0.424739
 0.403272 -0.379912 -0.832489    -7.733856
>../../../../class1/leu2//data/domains/Catalytic_domain/structures/LeuRS-A_AF_Euk_Drosophila_melanogaster_gene326262.pdb
 0.933666 -0.353054  0.060178    -3.114985
 0.355834  0.933512 -0.044028     0.043981
-0.040632  0.062521  0.997216    -6.264995
>../../../../class1/leu2//data/domains/Catalytic_domain/structures/LeuRS-A_AF_Euk_Leishmania_major_strain_Friedlin_gene5650139.pdb
 0.940319 -0.307179  0.146429     0.625831
 0.329984  0.928215 -0.171835     1.749510
-0.083134  0.209899  0.974182    -7.839229
>../../../../class1/leu2//data/domains/Catalytic_domain/structures/LeuRS-A_AF_Euk_Neurospora_crassa_OR74A_gene3879366.pdb
 0.888398 -0.456991 -0.043677     0.238689
 0.457650  0.889113  0.005912    -0.132174
 0.036132 -0.025241  0.999028    -6.989567
>../../../../class1/leu2//data/domains/Catalytic_domain/structures/LeuRS-A_PDB_Arch_P_hori_1WKB.pdb
 0.171215  0.705712  0.687500   -45.805446
-0.921040  0.362409 -0.142634   107.674138
-0.349814 -0.608794  0.712039    58.095104
