>structures/GlxRS-A_AF_Arch_Candidatus_Korarchaeum_cryptofilum_OPF8_gene6094352.pdb
 0.999982 -0.004307 -0.004236    -0.028032
 0.004308  0.999991  0.000201    -0.049913
 0.004235 -0.000219  0.999991    -0.131225
>structures/GlxRS-A_AF_Arch_Methanothrix_soehngenii_GP6_gene10459943.pdb
-0.073196  0.146135 -0.986553    -1.909394
 0.238212 -0.958013 -0.159581     0.775008
-0.968451 -0.246689  0.035312    -0.368229
>structures/GlxRS-A_AF_Arch_Nitrosopumilus_maritimus_SCM1_gene5773999.pdb
-0.277720 -0.890705  0.359884    -1.449842
-0.837078  0.040561 -0.545578    -0.501178
 0.471352 -0.452769 -0.756854     0.540403
>structures/GlxRS-A_AF_Arch_Sulfolobus_islandicus_LAL14_1_gene15298417.pdb
-0.144704  0.497926  0.855062     1.098132
 0.232254 -0.822922  0.518515     3.546906
 0.961831  0.273622  0.003435     4.426943
>structures/GlxRS-A_PDB_Arch_M_thermau_3AII.pdb
 0.189017 -0.642273  0.742805   -22.786231
 0.880060 -0.224773 -0.418295    37.030166
 0.435622  0.732778  0.522753   -61.237548
