>../../../../class2/asp1//data/domains/Catalytic_domain/structures/AspRS_AF_Arch_Candidatus_Methanomassiliicoccus_intestinalis_Issoire-Mx1_gene16154434.pdb
 0.006696 -0.642637 -0.766142    -4.319491
 0.441029 -0.685721  0.579034     6.835421
-0.897468 -0.341767  0.278830    -4.168348
>../../../../class2/asp1//data/domains/Catalytic_domain/structures/AspRS_AF_Arch_unclassified_Euryarchaeota_proteinHHT76046.1.pdb
 0.085287 -0.398039 -0.913395    -3.851448
 0.600379 -0.711082  0.365934     0.078826
-0.795155 -0.579593  0.178328    -2.802966
>../../../../class2/asp1//data/domains/Catalytic_domain/structures/AspRS_AF_Bact_Bacillus_anthracis_str_Ames_Ancestor_gene45024275.pdb
-0.931177  0.292900  0.217069    -9.333771
 0.363507  0.791324  0.491599     3.133079
-0.027783  0.536671 -0.843334    -5.745003
>../../../../class2/asp1//data/domains/Catalytic_domain/structures/AspRS_AF_Bact_Brachyspira_pilosicoli_95_1000_gene56440011.pdb
 0.020548 -0.135600 -0.990551    -3.460580
 0.493625 -0.860204  0.127996     2.051184
-0.869432 -0.491590  0.049260    -2.171006
>../../../../class2/asp1//data/domains/Catalytic_domain/structures/AspRS_AF_Bact_Chlamydia_muridarum_str_Nigg_gene1246197.pdb
-0.223583  0.300445 -0.927223    -2.865935
-0.075388 -0.953787 -0.290874     2.070502
-0.971765  0.004867  0.235901    -2.358414
>../../../../class2/asp1//data/domains/Catalytic_domain/structures/AspRS_AF_Bact_Mycoplasma_hyopneumoniae_168-L_gene57101115.pdb
 0.313968 -0.848103 -0.426785    -0.868427
 0.593242 -0.175720  0.785612     7.806192
-0.741274 -0.499844  0.447960    -2.978050
>../../../../class2/asp1//data/domains/Catalytic_domain/structures/AspRS_AF_Bact_Nocardia_cyriacigeorgica_GUH-2_gene45501717.pdb
 1.000000  0.000000  0.000000     0.000000
 0.000000  1.000000  0.000000     0.000000
 0.000000  0.000000  1.000000     0.000000
>../../../../class2/asp1//data/domains/Catalytic_domain/structures/AspRS_AF_Bact_Porphyromonas_gingivalis_ATCC_33277_gene29255515.pdb
 0.234139  0.463914  0.854379    -4.938834
 0.844421 -0.532556  0.057759     2.600333
 0.481800  0.707932 -0.516431    -0.959666
>../../../../class2/asp1//data/domains/Catalytic_domain/structures/AspRS_AF_Bact_Prochlorococcus_marinus_subsp_marinus_str_CCMP1375_gene54201182.pdb
-0.164397  0.133738 -0.977286    -7.573233
-0.131106 -0.984938 -0.112731     3.396353
-0.977642  0.109596  0.179455    -6.429659
>../../../../class2/asp1//data/domains/Catalytic_domain/structures/AspRS_AF_Bact_Xylella_fastidiosa_Temecula1_gene58016479.pdb
 0.995762  0.077665  0.049261    -5.578536
-0.075207  0.995918 -0.049920     0.101443
-0.052937  0.046004  0.997538    -1.987915
>../../../../class2/asp1//data/domains/Catalytic_domain/structures/AspRS_AF_Mito_Oryza_sativa_Japonica_Group_gene4324505.pdb
-0.013358 -0.454789  0.890499    -1.260711
-0.452192 -0.791560 -0.411042     0.306553
 0.891821 -0.408167 -0.195078     2.914191
>../../../../class2/asp1//data/domains/Catalytic_domain/structures/AspRS_AF_Mito_Oryzias_melastigma_gene112147132.pdb
 0.719220 -0.524643 -0.455491    -5.385067
 0.588315  0.111118  0.800961     0.293555
-0.369606 -0.844039  0.388574    -3.438734
>../../../../class2/asp1//data/domains/Catalytic_domain/structures/AspRS_PDB_Bact_E_coli_1c0a.pdb
-0.151340 -0.930325 -0.334054    37.823201
 0.987362 -0.126191 -0.095878   -51.687288
 0.047043 -0.344342  0.937665    13.108763
>../../../../class2/gly1//data/domains/Catalytic_domain/structures/GlyRS-A_AF_Arch_Candidatus_Nitrosopumilus_sediminis_gene13697160.pdb
-0.344818  0.298586 -0.889914    -9.985277
-0.519027 -0.850592 -0.084283     2.163170
-0.782120  0.432827  0.448274    -4.333312
>../../../../class2/gly1//data/domains/Catalytic_domain/structures/GlyRS-A_AF_Arch_Candidatus_Woesearchaeota_archaeon_proteinMBT4248212.1.pdb
 0.820118 -0.559430  0.120186    -9.758472
 0.168268  0.436552  0.883803     1.301652
-0.546894 -0.704599  0.452158    -2.403839
>../../../../class2/gly1//data/domains/Catalytic_domain/structures/GlyRS-A_AF_Arch_Sulfolobus_islandicus_YN1551_gene7810979.pdb
-0.757656  0.566051 -0.324874   -12.062763
 0.602085  0.798324 -0.013177     2.371197
 0.251895 -0.205585 -0.945666    -4.671624
>../../../../class2/gly1//data/domains/Catalytic_domain/structures/GlyRS-A_AF_Arch_Thermoplasma_acidophilum_DSM_1728_gene1455843.pdb
-0.327319  0.507160 -0.797277   -10.061768
-0.723466 -0.677269 -0.133805     2.446859
-0.607831  0.533007  0.588596    -4.405321
>../../../../class2/gly1//data/domains/Catalytic_domain/structures/GlyRS-A_AF_Bact_Capnocytophaga_ochracea_DSM_7271_gene29675716.pdb
-0.976501  0.131081 -0.171064   -10.032482
 0.167721  0.960679 -0.221281     3.102245
 0.135332 -0.244773 -0.960089    -3.085755
>../../../../class2/gly1//data/domains/Catalytic_domain/structures/GlyRS-A_AF_Bact_Corynebacterium_ulcerans_809_gene75260805.pdb
 0.688705  0.712524 -0.134144   -14.186971
-0.694651  0.701450  0.159463     1.205750
 0.207717 -0.016639  0.978047    -2.863272
>../../../../class2/gly1//data/domains/Catalytic_domain/structures/GlyRS-A_AF_Bact_Treponema_denticola_ATCC_35405_gene2741635.pdb
-0.019003  0.607859  0.793818   -12.328018
 0.995226 -0.064522  0.073232     1.414431
 0.095733  0.791419 -0.603731    -1.171913
>../../../../class2/gly1//data/domains/Catalytic_domain/structures/GlyRS-A_PDB_Bact_T_thermophilus_1ati.pdb
 0.471678 -0.827469 -0.304655    16.648797
 0.080648  0.384539 -0.919579    16.408542
 0.878075  0.409176  0.248112   -49.138498
