>../../../../class2/gly1//data/domains/Catalytic_domain/structures/GlyRS-A_AF_Arch_Candidatus_Nitrosopumilus_sediminis_gene13697160.pdb
 0.335452  0.942022  0.008162    80.313156
-0.427952  0.160100 -0.889508     6.045854
-0.839243  0.294895  0.456846  -126.711210
>../../../../class2/gly1//data/domains/Catalytic_domain/structures/GlyRS-A_AF_Arch_Candidatus_Woesearchaeota_archaeon_proteinMBT4248212.1.pdb
-0.121793 -0.632237 -0.765143    81.771366
 0.832779 -0.484522  0.267801     6.388102
-0.540042 -0.604579  0.585525  -124.815783
>../../../../class2/gly1//data/domains/Catalytic_domain/structures/GlyRS-A_AF_Arch_Sulfolobus_islandicus_YN1551_gene7810979.pdb
-0.660651 -0.734298 -0.156034    79.459978
-0.670155  0.670556 -0.318193     3.833326
 0.338278 -0.105647 -0.935097  -127.529516
>../../../../class2/gly1//data/domains/Catalytic_domain/structures/GlyRS-A_AF_Arch_Thermoplasma_acidophilum_DSM_1728_gene1455843.pdb
 0.562190  0.817283  0.126456    80.101399
-0.444520  0.427567 -0.787140     6.055591
-0.697384  0.386309  0.603672  -126.703974
>../../../../class2/gly1//data/domains/Catalytic_domain/structures/GlyRS-A_AF_Bact_Capnocytophaga_ochracea_DSM_7271_gene29675716.pdb
-0.349461 -0.936704  0.021515    80.119107
-0.917877  0.337647 -0.208558     6.799857
 0.188093 -0.092631 -0.977773  -125.333504
>../../../../class2/gly1//data/domains/Catalytic_domain/structures/GlyRS-A_AF_Bact_Corynebacterium_ulcerans_809_gene75260805.pdb
 0.819431 -0.572984 -0.014918    81.215171
 0.568672  0.815971 -0.103943     1.855056
 0.071730  0.076690  0.994471  -125.401077
>../../../../class2/gly1//data/domains/Catalytic_domain/structures/GlyRS-A_AF_Bact_Treponema_denticola_ATCC_35405_gene2741635.pdb
-0.958854  0.279487 -0.049863    81.450908
 0.132040  0.594507  0.793175     3.662190
 0.251326  0.753955 -0.606949  -123.762200
>../../../../class2/gly1//data/domains/Catalytic_domain/structures/GlyRS-A_PDB_Bact_T_thermophilus_1ati.pdb
 0.127812 -0.416628  0.900047    62.501588
 0.492259 -0.761175 -0.422248    33.449696
 0.861014  0.497025  0.107801  -169.634082
>../../../../class2/gly3//data/domains/Catalytic_domain/structures/GlyRS-E_AF_Arch_Methanosalsum_zhilinae_DSM_4017_gene10821854.pdb
-0.084270  0.790866 -0.606160    82.239534
-0.218180 -0.608207 -0.763205     5.671978
-0.972263  0.067937  0.223804  -129.108996
>../../../../class2/gly3//data/domains/Catalytic_domain/structures/GlyRS-E_AF_Euk_Cryptococcus_neoformans_var_neoformans_JEC21_gene3258293.pdb
-0.968717 -0.137129 -0.206841    81.694242
-0.223225  0.845655  0.484808     6.530373
 0.108435  0.515814 -0.849811  -128.653964
>../../../../class2/gly3//data/domains/Catalytic_domain/structures/GlyRS-E_AF_Euk_Girardinichthys_multiradiatus_gene124858359.pdb
-0.018443  0.890650 -0.454316    81.599946
-0.287352 -0.439944 -0.850810     7.961568
-0.957647  0.114857  0.264044  -129.385699
>../../../../class2/gly3//data/domains/Catalytic_domain/structures/GlyRS-E_AF_Euk_Plasmodium_yoelii_gene3801472.pdb
-0.263068  0.444750 -0.856150    80.739534
 0.112815 -0.867138 -0.485123     4.732569
-0.958159 -0.224207  0.177942  -129.405803
>../../../../class2/gly3//data/domains/Catalytic_domain/structures/GlyRS-E_AF_Euk_Schizosaccharomyces_pombe_gene2543181.pdb
 0.079427  0.942457 -0.324755    82.690049
-0.441786 -0.258762 -0.858992     7.638758
-0.893598  0.211700  0.395811  -129.838841
>../../../../class2/gly3//data/domains/Catalytic_domain/structures/GlyRS-E_PDB_Euk_H_sapiens_2q5h.pdb
 1.000000  0.000000  0.000000     0.000000
 0.000000  1.000000  0.000000     0.000000
 0.000000  0.000000  1.000000     0.000000
