>structures/IleRS_AF_Arch_Candidatus_Korarchaeum_cryptofilum_OPF8_gene6094904.pdb
 0.671385  0.700607 -0.241645    -3.862406
-0.633517  0.373353 -0.677690    -0.301060
-0.384575  0.608077  0.694510     1.588010
>structures/IleRS_AF_Arch_Candidatus_Nitrosopumilus_sediminis_gene13697091.pdb
-0.324549 -0.199505  0.924590    -0.586549
-0.539765 -0.763652 -0.354246     2.016671
 0.776738 -0.614031  0.140157     2.325108
>structures/IleRS_AF_Arch_Pyrobaculum_aerophilum_str_IM2_gene1465853.pdb
-0.284093  0.433428  0.855238    -5.602032
 0.576068 -0.635880  0.513617     0.801424
 0.766445  0.638590 -0.069035    -3.218111
>structures/IleRS_AF_Arch_Thermoplasma_acidophilum_DSM_1728_gene1456418.pdb
 0.549924  0.340601 -0.762610    -3.590823
-0.088764 -0.884066 -0.458855    -0.561246
-0.830485  0.320027 -0.455936     1.135799
>structures/IleRS_AF_Bact_Chlamydia_muridarum_str_Nigg_gene1246458.pdb
 0.751961 -0.440402 -0.490511    -1.909308
 0.657382  0.556322  0.508286    -0.804325
 0.049032 -0.704664  0.707845     2.166883
>structures/IleRS_AF_Bact_Lactobacillus_acidophilus_La-14_gene56942445.pdb
-0.490437  0.513235  0.704316    -3.860078
 0.777202 -0.108026  0.619909    -1.003573
 0.394243  0.851423 -0.345907    -2.142159
>structures/IleRS_AF_Bact_Mycoplasma_hyopneumoniae_168-L_gene57100872.pdb
-0.498177  0.590479  0.634944    -6.821198
 0.787916  0.002603  0.615777    -1.560349
 0.361951  0.807049 -0.466545    -0.807018
>structures/IleRS_AF_Bact_Orientia_tsutsugamushi_str_Ikeda_gene66653313.pdb
-0.769882 -0.558945  0.307997    -4.566693
-0.628026  0.749329 -0.209975     0.543645
-0.113427 -0.355086 -0.927927     1.484541
>structures/IleRS_AF_Bact_Porphyromonas_gingivalis_ATCC_33277_gene29255747.pdb
-0.842173 -0.470445  0.263488    -7.327778
-0.520145  0.837582 -0.167051    -0.192636
-0.142105 -0.277738 -0.950088     3.105588
>structures/IleRS_AF_Bact_Streptobacillus_moniliformis_DSM_12112_gene29674186.pdb
-0.597741  0.440968  0.669517    -7.858022
 0.731485 -0.041770  0.680577     4.161250
 0.328078  0.896550 -0.297594    -1.933947
>structures/IleRS_AF_Bact_Thermus_thermophilus_HB8_gene3168241.pdb
 0.860102 -0.381691 -0.338432    -3.570299
 0.499863  0.762997  0.409845    -2.632165
 0.101788 -0.521678  0.847048     2.926107
>structures/IleRS_AF_Bact_Treponema_pallidum_subsp_pertenue_str_SamoaD_gene57878975.pdb
 0.909352  0.238233 -0.341063    -3.060477
-0.357827  0.866081 -0.349091    -1.462696
 0.212223  0.439488  0.872818     0.862133
>structures/IleRS_AF_Euk_Cyanidioschyzon_merolae_strain_10D_gene16992835.pdb
 0.534153 -0.290086 -0.794060    -4.622400
 0.714442 -0.347243  0.607450    -1.535917
-0.451945 -0.891780  0.021768    -1.195207
>structures/IleRS_AF_Euk_Homo_sapiens_gene3376.pdb
 1.000000  0.000000  0.000000     0.000000
 0.000000  1.000000  0.000000     0.000000
 0.000000  0.000000  1.000000     0.000000
>structures/IleRS_AF_Euk_Ostreococcus_lucimarinus_CCE9901_gene5000489.pdb
 0.828030  0.347998 -0.439618    -2.162288
-0.557500  0.594463 -0.579489    -1.259466
 0.059676  0.724921  0.686242    -1.509930
>structures/IleRS_AF_Euk_Trypanosoma_brucei_brucei_TREU927_gene3663037.pdb
 0.683840  0.452890 -0.572061    -3.224316
-0.715176  0.260760 -0.648481    -0.709610
-0.144520  0.852582  0.502214    -1.335923
>structures/IleRS_AF_Euk_Ustilago_maydis_521_gene23568123.pdb
-0.721205  0.510318  0.468443    -6.723011
 0.692673  0.539296  0.478920    -2.297009
-0.008228  0.669877 -0.742426     0.454448
>structures/IleRS_AF_Mito_Drosophila_melanogaster_gene39762.pdb
-0.596329 -0.672547  0.438260    -8.650972
-0.761567  0.301386 -0.573744    -1.569577
 0.253785 -0.675904 -0.691915     1.082563
>structures/IleRS_AF_Mito_Homo_sapiens_gene55699.pdb
-0.468533  0.553222  0.688783    -5.639464
 0.796961 -0.071757  0.599753    -1.824358
 0.381222  0.829938 -0.407276    -1.447195
>structures/IleRS_AF_Vir_Megavirus_chiliensis_gene11256744.pdb
-0.876201 -0.415564  0.244085    -4.544716
-0.426932  0.904257  0.006958     0.730861
-0.223607 -0.098111 -0.969729     2.596862
>structures/IleRS_PDB_Bact_S_aureus_1QU2.pdb
 0.172769  0.892927  0.415730  -120.343499
 0.846897 -0.350177  0.400177   -22.073036
 0.502908  0.282943 -0.816717    30.177832
>structures/IleRS_PDB_Bact_T_therm_1ILE.pdb
 0.839879 -0.451086 -0.301867     7.499477
 0.446445  0.890429 -0.088451     7.853810
 0.308690 -0.060479  0.949238    38.329514
>structures/IleRS_PDB_Euk_S_cere_7D5C.pdb
-0.749132  0.155509 -0.643908    22.150376
 0.649867  0.360872 -0.668912    20.890954
 0.128347 -0.919559 -0.371401    20.941317
