>structures/IleRS_AF_Arch_Candidatus_Korarchaeum_cryptofilum_OPF8_gene6094904.pdb
 0.735202 -0.134927 -0.664284    -0.841532
 0.676488  0.084004  0.731647    -0.136848
-0.042917 -0.987288  0.153036    -0.514557
>structures/IleRS_AF_Arch_Candidatus_Nitrosopumilus_sediminis_gene13697091.pdb
-0.781256  0.458039  0.424075     0.310875
 0.610582  0.419569  0.671678    -1.000717
 0.129726  0.783685 -0.607461    -4.170330
>structures/IleRS_AF_Arch_Pyrobaculum_aerophilum_str_IM2_gene1465853.pdb
-0.841648 -0.234430  0.486488     2.287881
-0.366247  0.909813 -0.195202    -3.081109
-0.396852 -0.342466 -0.851602     2.820072
>structures/IleRS_AF_Arch_Thermoplasma_acidophilum_DSM_1728_gene1456418.pdb
 0.999967 -0.001946 -0.007850    -0.141146
 0.001948  0.999998  0.000283    -0.006500
 0.007850 -0.000298  0.999969    -0.150267
>structures/IleRS_AF_Bact_Chlamydia_muridarum_str_Nigg_gene1246458.pdb
 0.321039  0.297824 -0.899019    -0.043406
-0.319630 -0.859499 -0.398871     1.181820
-0.891499  0.415406 -0.180740    -1.683627
>structures/IleRS_AF_Bact_Lactobacillus_acidophilus_La-14_gene56942445.pdb
-0.669089 -0.405813  0.622604     2.467798
-0.725641  0.537674 -0.429363    -0.525939
-0.160517 -0.739069 -0.654226     1.799291
>structures/IleRS_AF_Bact_Mycoplasma_hyopneumoniae_168-L_gene57100872.pdb
-0.644528 -0.344756  0.682442    -0.146621
-0.750183  0.457551 -0.477360    -0.741662
-0.147679 -0.819628 -0.553535     3.810502
>structures/IleRS_AF_Bact_Orientia_tsutsugamushi_str_Ikeda_gene66653313.pdb
-0.279148 -0.074956  0.957318    -1.074610
 0.257410 -0.966302 -0.000601    -1.179063
 0.925103  0.246256  0.289035     0.062066
>structures/IleRS_AF_Bact_Porphyromonas_gingivalis_ATCC_33277_gene29255747.pdb
-0.311586 -0.101936  0.944735    -3.908172
 0.133898 -0.989019 -0.062552    -0.863875
 0.940737  0.107008  0.321813     1.460410
>structures/IleRS_AF_Bact_Streptobacillus_moniliformis_DSM_12112_gene29674186.pdb
-0.660404 -0.500573  0.559726    -0.243608
-0.750499  0.464664 -0.469935    -6.605190
-0.024848 -0.730421 -0.682545     2.493749
>structures/IleRS_AF_Bact_Thermus_thermophilus_HB8_gene3168241.pdb
 0.360176  0.158341 -0.919348    -1.521360
-0.118258 -0.969790 -0.213359     2.363452
-0.925359  0.185567 -0.330570    -0.203087
>structures/IleRS_AF_Bact_Treponema_pallidum_subsp_pertenue_str_SamoaD_gene57878975.pdb
 0.359549 -0.298297 -0.884163     0.411852
 0.689526 -0.553481  0.467131     0.985957
-0.628711 -0.777610  0.006680    -0.004748
>structures/IleRS_AF_Euk_Cyanidioschyzon_merolae_strain_10D_gene16992835.pdb
 0.616356  0.605469 -0.503500     1.380462
-0.606513 -0.042796 -0.793921     0.105294
-0.502242  0.794717  0.340847     2.149524
>structures/IleRS_AF_Euk_Ostreococcus_lucimarinus_CCE9901_gene5000489.pdb
 0.455163 -0.450597 -0.767977     2.837217
 0.791327 -0.190701  0.580892     0.345768
-0.408202 -0.872121  0.269770     0.301954
>structures/IleRS_AF_Euk_Trypanosoma_brucei_brucei_TREU927_gene3663037.pdb
 0.557243 -0.474218 -0.681614     2.075335
 0.820473  0.188232  0.539808    -0.476769
-0.127685 -0.860050  0.493974     0.820213
>structures/IleRS_AF_Euk_Ustilago_maydis_521_gene23568123.pdb
-0.448837 -0.314409  0.836476    -1.250089
-0.860648 -0.099809 -0.499323     0.273357
 0.240479 -0.944026 -0.225797     3.367916
>structures/IleRS_AF_Mito_Drosophila_melanogaster_gene39762.pdb
-0.480144  0.155244  0.863343    -2.864873
 0.559896 -0.703411  0.437869    -0.704018
 0.675261  0.693623  0.250818     4.123535
>structures/IleRS_AF_Mito_Homo_sapiens_gene55699.pdb
-0.641772 -0.379984  0.666138     1.016771
-0.745509  0.512821 -0.425712    -0.464958
-0.179846 -0.769822 -0.612396     3.310289
>structures/IleRS_AF_Vir_Megavirus_chiliensis_gene11256744.pdb
-0.270874 -0.208774  0.939702    -2.068159
 0.008754 -0.976692 -0.214469    -1.198300
 0.962575 -0.049867  0.266388    -0.723159
>structures/IleRS_PDB_Bact_S_aureus_1QU2.pdb
-0.396771  0.284272  0.872790   -86.346296
-0.535283  0.700771 -0.471585   -11.154263
-0.745684 -0.654301 -0.125880    85.828472
>structures/IleRS_PDB_Bact_T_therm_1ILE.pdb
 0.177250 -0.275137 -0.944924   -25.328798
-0.013603 -0.960720  0.277184     8.124107
-0.984072 -0.036278 -0.174031   -29.874714
>structures/IleRS_PDB_Euk_S_cere_7D5C.pdb
-0.574751  0.818328  0.000566    -3.867800
-0.789381 -0.554602  0.263237    -4.205306
 0.215728  0.150849  0.964731   -38.657807
