>structures/IleRS_AF_Arch_Candidatus_Korarchaeum_cryptofilum_OPF8_gene6094904.pdb
-0.791429 -0.596687 -0.132686    -0.163137
-0.583709  0.802171 -0.125719     3.716297
 0.181452 -0.022048 -0.983153    -3.729473
>structures/IleRS_AF_Arch_Candidatus_Nitrosopumilus_sediminis_gene13697091.pdb
-0.020634 -0.004879 -0.999775    -2.293445
 0.006900 -0.999965  0.004738     6.543826
-0.999763 -0.006801  0.020667    -1.785120
>structures/IleRS_AF_Arch_Pyrobaculum_aerophilum_str_IM2_gene1465853.pdb
 0.349735 -0.730251 -0.586872     2.547376
 0.854290 -0.008541  0.519726     1.181293
-0.384543 -0.683126  0.620859     0.176981
>structures/IleRS_AF_Arch_Thermoplasma_acidophilum_DSM_1728_gene1456418.pdb
-0.407204 -0.678730  0.611155    -0.333127
-0.479857 -0.410364 -0.775460     3.413715
 0.777124 -0.609037 -0.158592    -3.056783
>structures/IleRS_AF_Bact_Chlamydia_muridarum_str_Nigg_gene1246458.pdb
-0.454663  0.717067  0.528296    -2.127062
 0.679763 -0.103893  0.726036     3.988808
 0.575503  0.689218 -0.440199    -3.768699
>structures/IleRS_AF_Bact_Escherichia_coli_O157:H7_str._Sakai_gene913425.pdb
 1.000000  0.000000  0.000000     0.000000
 0.000000  1.000000  0.000000     0.000000
 0.000000  0.000000  1.000000     0.000000
>structures/IleRS_AF_Bact_Lactobacillus_acidophilus_La-14_gene56942445.pdb
 0.665265 -0.655426 -0.357546     0.012171
 0.742958  0.533876  0.403719     0.711057
-0.073723 -0.534222  0.842124    -1.354905
>structures/IleRS_AF_Bact_Mycoplasma_hyopneumoniae_168-L_gene57100872.pdb
 0.687214 -0.667698 -0.286212     2.504473
 0.725599  0.611756  0.315057     0.472840
-0.035271 -0.424186  0.904888    -3.554743
>structures/IleRS_AF_Bact_Orientia_tsutsugamushi_str_Ikeda_gene66653313.pdb
 0.500550  0.839232 -0.212458     0.983337
-0.700947  0.248864 -0.668386     4.147155
-0.508058  0.483483  0.712827    -3.441778
>structures/IleRS_AF_Bact_Porphyromonas_gingivalis_ATCC_33277_gene29255747.pdb
 0.613014  0.776514 -0.145739     2.744762
-0.645332  0.385699 -0.659381     4.079189
-0.455807  0.498260  0.737548    -5.809699
>structures/IleRS_AF_Bact_Streptobacillus_moniliformis_DSM_12112_gene29674186.pdb
 0.761786 -0.562309 -0.321701     5.673219
 0.643859  0.602278  0.471919     4.022255
-0.071611 -0.566631  0.820854     0.021975
>structures/IleRS_AF_Bact_Thermus_thermophilus_HB8_gene3168241.pdb
-0.631250  0.707028  0.318802    -1.451011
 0.606032  0.193144  0.771635     2.908229
 0.483993  0.680299 -0.550404    -5.786270
>structures/IleRS_AF_Bact_Treponema_pallidum_subsp_pertenue_str_SamoaD_gene57878975.pdb
-0.998680  0.028323  0.042854    -1.209317
 0.036611  0.977645  0.207051     2.502959
-0.036032  0.208347 -0.977391    -3.567365
>structures/IleRS_AF_Euk_Cyanidioschyzon_merolae_strain_10D_gene16992835.pdb
-0.150794  0.277010  0.948961     0.404203
 0.375208 -0.872070  0.314187     0.676710
 0.914593  0.403435  0.027567    -2.509599
>structures/IleRS_AF_Euk_Homo_sapiens_gene3376.pdb
 0.193566  0.591848 -0.782463    -0.950489
-0.394956 -0.683057 -0.614363     3.148430
-0.898077  0.427958  0.101538    -0.042391
>structures/IleRS_AF_Euk_Ostreococcus_lucimarinus_CCE9901_gene5000489.pdb
-0.971139 -0.224831  0.079624    -1.516943
-0.232499  0.966839 -0.105672     1.467958
-0.053225 -0.121135 -0.991208    -1.233142
>structures/IleRS_AF_Euk_Trypanosoma_brucei_brucei_TREU927_gene3663037.pdb
-0.866703 -0.450100  0.215025    -0.260789
-0.496712  0.818360 -0.289075     1.737877
-0.045855 -0.357348 -0.932845    -1.253087
>structures/IleRS_AF_Euk_Ustilago_maydis_521_gene23568123.pdb
 0.913965 -0.381868 -0.137281     2.027942
 0.386336  0.922335  0.006466     0.856560
 0.124150 -0.058946  0.990511    -4.949421
>structures/IleRS_AF_Mito_Drosophila_melanogaster_gene39762.pdb
 0.219418  0.835911 -0.503099     3.696149
-0.540125 -0.325355 -0.776150     1.369495
-0.812478  0.442037  0.380108    -5.686364
>structures/IleRS_AF_Mito_Homo_sapiens_gene55699.pdb
 0.655955 -0.666839 -0.353621     1.508802
 0.753848  0.555260  0.351282     0.156667
-0.037897 -0.497002  0.866921    -2.719842
>structures/IleRS_AF_Vir_Megavirus_chiliensis_gene11256744.pdb
 0.690050  0.720138 -0.072332     0.851809
-0.625272  0.542831 -0.560687     5.309128
-0.364508  0.432130  0.824862    -3.920589
>structures/IleRS_PDB_Bact_S_aureus_1QU2.pdb
 0.067581 -0.991832 -0.108181    94.514988
 0.991620  0.078737 -0.102419   -19.263224
 0.110100 -0.100353  0.988841   -77.057662
>structures/IleRS_PDB_Bact_T_therm_1ILE.pdb
-0.665425  0.741661  0.084551   -14.131156
 0.686342  0.563355  0.459963    34.843934
 0.293504  0.364102 -0.883903   -23.684115
>structures/IleRS_PDB_Euk_S_cere_7D5C.pdb
 0.900892  0.138619  0.411313   -19.677704
 0.433510 -0.240405 -0.868490    36.592384
-0.021508  0.960724 -0.276672     0.957070
