>structures/IleRS_AF_Arch_Candidatus_Korarchaeum_cryptofilum_OPF8_gene6094904.pdb
 0.174181  0.943265 -0.282687   -24.594167
-0.849633 -0.001158 -0.527374     0.004790
-0.497780  0.332039  0.801227   -30.762079
>structures/IleRS_AF_Arch_Candidatus_Nitrosopumilus_sediminis_gene13697091.pdb
-0.277775 -0.689569  0.668831   -20.777911
-0.379568 -0.560796 -0.735824     0.722823
 0.882479 -0.458260 -0.105963   -31.274062
>structures/IleRS_AF_Arch_Pyrobaculum_aerophilum_str_IM2_gene1465853.pdb
 0.244251  0.287958  0.925970   -27.129835
 0.597890 -0.796511  0.089988     1.900411
 0.763458  0.531649 -0.366716   -34.874812
>structures/IleRS_AF_Arch_Thermoplasma_acidophilum_DSM_1728_gene1456418.pdb
 0.174503 -0.010936 -0.984596   -24.734787
-0.277930 -0.959826 -0.038597    -0.176640
-0.944618  0.280384 -0.170532   -31.279448
>structures/IleRS_AF_Bact_Chlamydia_muridarum_str_Nigg_gene1246458.pdb
 0.938059 -0.346044  0.017264   -23.139196
 0.255433  0.724376  0.640338    -1.209634
-0.234091 -0.596266  0.767899   -30.824439
>structures/IleRS_AF_Bact_Escherichia_coli_O157:H7_str._Sakai_gene913425.pdb
-0.665425  0.686342  0.293504   -26.366698
 0.741661  0.563355  0.364102    -0.525554
 0.084551  0.459963 -0.883903   -35.766571
>structures/IleRS_AF_Bact_Lactobacillus_acidophilus_La-14_gene56942445.pdb
 0.049141  0.648254  0.759837   -26.165909
 0.884724 -0.381302  0.268090    -0.596430
 0.463518  0.659071 -0.592264   -34.100874
>structures/IleRS_AF_Bact_Mycoplasma_hyopneumoniae_168-L_gene57100872.pdb
 0.048052  0.741846  0.668846   -28.497252
 0.900602 -0.321775  0.292194     0.244670
 0.431981  0.588324 -0.683570   -31.819221
>structures/IleRS_AF_Bact_Orientia_tsutsugamushi_str_Ikeda_gene66653313.pdb
-0.962628 -0.244788 -0.115869   -24.952654
-0.205519  0.938896 -0.276108     1.292453
 0.176377 -0.241976 -0.954117   -30.719848
>structures/IleRS_AF_Bact_Porphyromonas_gingivalis_ATCC_33277_gene29255747.pdb
-0.983748 -0.104201 -0.146224   -26.923035
-0.072168  0.975165 -0.209392     1.672582
 0.164411 -0.195436 -0.966837   -28.240028
>structures/IleRS_AF_Bact_Streptobacillus_moniliformis_DSM_12112_gene29674186.pdb
-0.078708  0.625242  0.776452   -27.138816
 0.902089 -0.286842  0.322425     6.047582
 0.424312  0.725806 -0.541447   -33.308980
>structures/IleRS_AF_Bact_Thermus_thermophilus_HB8_gene3168241.pdb
 0.977189 -0.137208  0.162099   -24.953749
 0.045723  0.881302  0.470336    -2.009998
-0.207392 -0.452195  0.867472   -29.345648
>structures/IleRS_AF_Bact_Treponema_pallidum_subsp_pertenue_str_SamoaD_gene57878975.pdb
 0.677846  0.715394 -0.169518   -24.657505
-0.734304  0.647371 -0.204225    -1.247009
-0.036361  0.262911  0.964135   -31.551279
>structures/IleRS_AF_Euk_Cyanidioschyzon_merolae_strain_10D_gene16992835.pdb
 0.613630 -0.678002 -0.404688   -26.685349
 0.433881 -0.138679  0.890234    -0.932438
-0.659702 -0.721860  0.209074   -32.707877
>structures/IleRS_AF_Euk_Homo_sapiens_gene3376.pdb
 0.839879  0.446445  0.308690   -21.636898
-0.451086  0.890429 -0.060479    -1.292218
-0.301867 -0.088451  0.949238   -33.425304
>structures/IleRS_AF_Euk_Ostreococcus_lucimarinus_CCE9901_gene5000489.pdb
 0.468223  0.781218 -0.412876   -24.505904
-0.871649  0.331737 -0.360803    -1.292767
-0.144900  0.528819  0.836274   -34.077030
>structures/IleRS_AF_Euk_Trypanosoma_brucei_brucei_TREU927_gene3663037.pdb
 0.215738  0.763801 -0.608330   -25.114271
-0.937877 -0.011290 -0.346783    -0.274065
-0.271742  0.645353  0.713916   -33.570194
>structures/IleRS_AF_Euk_Ustilago_maydis_521_gene23568123.pdb
-0.302416  0.875545  0.376783   -28.379178
 0.941241  0.211947  0.262954    -0.382338
 0.150370  0.434165 -0.888195   -30.633110
>structures/IleRS_AF_Mito_Drosophila_melanogaster_gene39762.pdb
-0.757697 -0.645967 -0.092856   -29.493032
-0.435484  0.606439 -0.665272     0.859650
 0.486055 -0.463637 -0.740805   -29.692148
>structures/IleRS_AF_Mito_Homo_sapiens_gene55699.pdb
 0.077296  0.684622  0.724788   -27.785743
 0.899334 -0.361684  0.245729    -0.155742
 0.430375  0.632833 -0.643661   -33.060704
>structures/IleRS_AF_Vir_Megavirus_chiliensis_gene11256744.pdb
-0.994428  0.023571 -0.102753   -24.144659
 0.030626  0.997240 -0.067631     1.664828
 0.100876 -0.070401 -0.992405   -29.542714
>structures/IleRS_PDB_Bact_S_aureus_1QU2.pdb
 0.674548  0.681006  0.284986  -124.128737
 0.645244 -0.731437  0.220589    31.285283
 0.358671  0.035088 -0.932804    32.518821
>structures/IleRS_PDB_Bact_T_therm_1ILE.pdb
 1.000000  0.000000  0.000000     0.000000
 0.000000  1.000000  0.000000     0.000000
 0.000000  0.000000  1.000000     0.000000
>structures/IleRS_PDB_Euk_S_cere_7D5C.pdb
-0.298540  0.021372 -0.954158    12.523027
 0.909112  0.310672 -0.277487     5.840640
 0.290499 -0.950277 -0.112178   -21.746421
