>structures/IleRS_AF_Arch_Candidatus_Korarchaeum_cryptofilum_OPF8_gene6094904.pdb
-0.829627  0.524142  0.192339     2.105209
 0.488681  0.515092  0.704181     4.211560
 0.270019  0.678200 -0.683472    -0.254199
>structures/IleRS_AF_Arch_Candidatus_Nitrosopumilus_sediminis_gene13697091.pdb
 0.426272 -0.841068 -0.333010     3.577966
 0.683767  0.058565  0.727347     4.765047
-0.592246 -0.537749  0.600059     5.093884
>structures/IleRS_AF_Arch_Pyrobaculum_aerophilum_str_IM2_gene1465853.pdb
 1.000000  0.000221 -0.000318     0.000344
-0.000220  1.000000  0.000175     0.000907
 0.000318 -0.000175  1.000000    -0.002051
>structures/IleRS_AF_Arch_Thermoplasma_acidophilum_DSM_1728_gene1456418.pdb
-0.819290 -0.373383 -0.435143     1.822937
-0.207623  0.900597 -0.381861     4.873529
 0.534468 -0.222510 -0.815373     0.994269
>structures/IleRS_AF_Bact_Chlamydia_muridarum_str_Nigg_gene1246458.pdb
 0.240058 -0.087459  0.966811     1.828001
-0.089196 -0.993708 -0.067745     6.635054
 0.966652 -0.069973 -0.246349     1.951145
>structures/IleRS_AF_Bact_Lactobacillus_acidophilus_La-14_gene56942445.pdb
 0.901119  0.429874 -0.056508    -1.168487
-0.429426  0.866910 -0.253102     3.176650
-0.059815  0.252341  0.965788    -0.157808
>structures/IleRS_AF_Bact_Mycoplasma_hyopneumoniae_168-L_gene57100872.pdb
 0.881966  0.447730 -0.147219     0.196979
-0.470735  0.821351 -0.322165     2.932573
-0.023325  0.353440  0.935166    -2.498386
>structures/IleRS_AF_Bact_Orientia_tsutsugamushi_str_Ikeda_gene66653313.pdb
-0.259245  0.332810 -0.906658     2.803868
-0.034776 -0.941361 -0.335605     4.254689
-0.965185 -0.055474  0.255617     0.139854
>structures/IleRS_AF_Bact_Porphyromonas_gingivalis_ATCC_33277_gene29255747.pdb
-0.184071  0.433060 -0.882370     4.244567
-0.154559 -0.899294 -0.409123     4.723519
-0.970685  0.061071  0.232468    -2.479653
>structures/IleRS_AF_Bact_Streptobacillus_moniliformis_DSM_12112_gene29674186.pdb
 0.838869  0.544279  0.007680     3.188452
-0.517869  0.802352 -0.296719    -1.824876
-0.167660  0.244931  0.954934    -0.426231
>structures/IleRS_AF_Bact_Thermus_thermophilus_HB8_gene3168241.pdb
 0.171186  0.188803  0.966979     1.634515
 0.144802 -0.975630  0.164858     7.659851
 0.974540  0.111799 -0.194353    -0.770923
>structures/IleRS_AF_Bact_Treponema_pallidum_subsp_pertenue_str_SamoaD_gene57878975.pdb
-0.265134  0.790816  0.551647     1.059801
 0.766981 -0.173744  0.617700     5.238286
 0.584333  0.586875 -0.560475     0.544460
>structures/IleRS_AF_Euk_Cyanidioschyzon_merolae_strain_10D_gene16992835.pdb
-0.085826 -0.812421  0.576721    -0.114914
-0.491821 -0.468864 -0.733675     3.991428
 0.866456 -0.346611 -0.359325    -0.641478
>structures/IleRS_AF_Euk_Ostreococcus_lucimarinus_CCE9901_gene5000489.pdb
-0.505641  0.819440  0.269898    -0.935039
 0.751650  0.264857  0.604047     4.100980
 0.423495  0.508300 -0.749855     1.771606
>structures/IleRS_AF_Euk_Trypanosoma_brucei_brucei_TREU927_gene3663037.pdb
-0.730699  0.668397  0.139016    -0.170607
 0.635840  0.592146  0.495046     3.685253
 0.248569  0.450121 -0.857674     1.262806
>structures/IleRS_AF_Euk_Ustilago_maydis_521_gene23568123.pdb
 0.557459  0.714533 -0.422709     0.838121
-0.789544  0.298899 -0.535984     4.030109
-0.256631  0.632536  0.730779    -3.301385
>structures/IleRS_AF_Mito_Drosophila_melanogaster_gene39762.pdb
-0.036015 -0.083364 -0.995868     3.054480
 0.305388 -0.949764  0.068461     3.346932
-0.951547 -0.301661  0.059664    -3.812374
>structures/IleRS_AF_Mito_Homo_sapiens_gene55699.pdb
 0.887793  0.438394 -0.140125    -0.417061
-0.460211  0.849205 -0.258955     2.897659
 0.005471  0.294385  0.955671    -1.588274
>structures/IleRS_AF_Vir_Megavirus_chiliensis_gene11256744.pdb
-0.220691  0.586198 -0.779530     4.410238
-0.268284 -0.804891 -0.529315     4.505733
-0.937720  0.092320  0.334900    -0.363898
>structures/IleRS_PDB_Bact_S_aureus_1QU2.pdb
 0.836690 -0.255175 -0.484599    43.467172
-0.100895  0.797865 -0.594333   -14.845127
 0.538304  0.546165  0.641820  -112.290847
>structures/IleRS_PDB_Bact_T_therm_1ILE.pdb
 0.286623  0.627798  0.723683    31.233742
 0.301467 -0.776106  0.553875    29.929904
 0.909376  0.059414 -0.411710    10.224521
>structures/IleRS_PDB_Euk_S_cere_7D5C.pdb
 0.646569 -0.510024 -0.567296    24.785808
-0.679380 -0.723214 -0.124114    15.724846
-0.346975  0.465658 -0.814108    28.658143
