>structures/IleRS_AF_Arch_Candidatus_Korarchaeum_cryptofilum_OPF8_gene6094904.pdb
 0.017614  0.735355 -0.677453    -1.841027
-0.433828 -0.604835 -0.667809     2.561599
-0.900824  0.305661  0.308363     0.972546
>structures/IleRS_AF_Arch_Candidatus_Nitrosopumilus_sediminis_gene13697091.pdb
-0.539592 -0.724438  0.428987     3.508551
-0.669974  0.060891 -0.739884     1.426474
 0.509878 -0.686645 -0.518211     1.060512
>structures/IleRS_AF_Arch_Pyrobaculum_aerophilum_str_IM2_gene1465853.pdb
 0.239795 -0.088886  0.966746    -1.734422
-0.087390 -0.993733 -0.069691     6.887233
 0.966882 -0.067772 -0.246060    -0.837334
>structures/IleRS_AF_Arch_Thermoplasma_acidophilum_DSM_1728_gene1456418.pdb
 0.335123 -0.382795 -0.860907    -0.736111
 0.241666 -0.848251  0.471240     1.822782
-0.910654 -0.365975 -0.191760     0.349556
>structures/IleRS_AF_Bact_Chlamydia_muridarum_str_Nigg_gene1246458.pdb
 1.000000  0.000000  0.000000     0.000000
 0.000000  1.000000  0.000000     0.000000
 0.000000  0.000000  1.000000     0.000000
>structures/IleRS_AF_Bact_Escherichia_coli_O157:H7_str._Sakai_gene913425.pdb
-0.366865  0.723742  0.584472    -1.567140
 0.731123 -0.164167  0.662200     4.274017
 0.575213  0.670259 -0.468917    -3.233013
>structures/IleRS_AF_Bact_Lactobacillus_acidophilus_La-14_gene56942445.pdb
 0.196847  0.270187  0.942470    -2.447608
 0.352112 -0.916628  0.189235     3.847324
 0.915024  0.294604 -0.275572    -2.144068
>structures/IleRS_AF_Bact_Mycoplasma_hyopneumoniae_168-L_gene57100872.pdb
 0.231101  0.376301  0.897212    -4.360542
 0.392376 -0.879904  0.267974     4.133988
 0.890299  0.290115 -0.350998    -0.230136
>structures/IleRS_AF_Bact_Orientia_tsutsugamushi_str_Ikeda_gene66653313.pdb
-0.992152  0.110162  0.059153    -1.302172
 0.124609  0.910304  0.394738     2.409137
-0.010363  0.399011 -0.916887     1.550884
>structures/IleRS_AF_Bact_Porphyromonas_gingivalis_ATCC_33277_gene29255747.pdb
-0.968272  0.244606  0.051157    -3.555863
 0.239533  0.850107  0.468980     1.984530
 0.071227  0.466353 -0.881726     3.540988
>structures/IleRS_AF_Bact_Streptobacillus_moniliformis_DSM_12112_gene29674186.pdb
 0.085470  0.296277  0.951270    -1.216078
 0.452794 -0.862024  0.227798     8.453787
 0.887509  0.411260 -0.207830     2.473700
>structures/IleRS_AF_Bact_Thermus_thermophilus_HB8_gene3168241.pdb
 0.971897  0.232547  0.036574    -2.647357
-0.217411  0.946281 -0.239344    -0.841780
-0.090269  0.224666  0.970246     0.362956
>structures/IleRS_AF_Bact_Treponema_pallidum_subsp_pertenue_str_SamoaD_gene57878975.pdb
 0.433455  0.772162 -0.464632    -1.417423
-0.779663  0.062762 -0.623046     1.553589
-0.451931  0.632319  0.629231    -0.301975
>structures/IleRS_AF_Euk_Cyanidioschyzon_merolae_strain_10D_gene16992835.pdb
 0.860794 -0.488310 -0.143482    -2.736420
 0.435615  0.561083  0.703865     2.979480
-0.263199 -0.668386  0.695691    -1.060152
>structures/IleRS_AF_Euk_Homo_sapiens_gene3376.pdb
-0.876237 -0.481879 -0.000893     0.767901
-0.435269  0.792274 -0.427601     3.681139
 0.206760 -0.374291 -0.903967    -1.048519
>structures/IleRS_AF_Euk_Ostreococcus_lucimarinus_CCE9901_gene5000489.pdb
 0.220872  0.664312 -0.714076    -0.611891
-0.732439 -0.370476 -0.571210     2.771826
-0.644010  0.649181  0.404741    -2.454534
>structures/IleRS_AF_Euk_Trypanosoma_brucei_brucei_TREU927_gene3663037.pdb
 0.008160  0.542601 -0.839951    -0.883081
-0.585419 -0.678393 -0.443923     3.154080
-0.810690  0.495345  0.312113    -1.561935
>structures/IleRS_AF_Euk_Ustilago_maydis_521_gene23568123.pdb
-0.043744  0.756160  0.652923    -5.084315
 0.753896 -0.403851  0.518214     3.043658
 0.655536  0.514905 -0.552400     0.514102
>structures/IleRS_AF_Mito_Drosophila_melanogaster_gene39762.pdb
-0.955981 -0.226134 -0.186988    -4.990937
-0.232911  0.972385  0.014809     3.564881
 0.178476  0.057708 -0.982251     2.829648
>structures/IleRS_AF_Mito_Homo_sapiens_gene55699.pdb
 0.257973  0.318962  0.911983    -3.631010
 0.377142 -0.902291  0.208890     4.131164
 0.889502  0.290059 -0.353060    -1.040974
>structures/IleRS_AF_Vir_Megavirus_chiliensis_gene11256744.pdb
-0.935757  0.301544  0.182840    -1.417972
 0.350755  0.742241  0.571007     2.054175
 0.036473  0.598456 -0.800325     3.207348
>structures/IleRS_PDB_Bact_S_aureus_1QU2.pdb
 0.730190  0.395579  0.557082   -98.523279
-0.010670 -0.808647  0.588198    25.678843
 0.683161 -0.435440 -0.586245    69.856929
>structures/IleRS_PDB_Bact_T_therm_1ILE.pdb
 0.921125  0.276095 -0.274407    12.963195
-0.387787  0.712243 -0.585091   -26.296416
 0.033903  0.645354  0.763131    24.832348
>structures/IleRS_PDB_Euk_S_cere_7D5C.pdb
-0.119793  0.391954 -0.912152    30.523488
 0.642979  0.730680  0.229532   -12.891905
 0.756457 -0.558998 -0.339548    15.005046
