>structures/IleRS_AF_Arch_Candidatus_Korarchaeum_cryptofilum_OPF8_gene6094904.pdb
 0.751738  0.653442  0.088902    -1.525444
-0.583323  0.721759 -0.372556     0.523853
-0.307610  0.228206  0.923741     0.392285
>structures/IleRS_AF_Arch_Candidatus_Nitrosopumilus_sediminis_gene13697091.pdb
 0.064804 -0.047910  0.996747     1.642360
-0.130549 -0.990669 -0.039130     4.728125
 0.989322 -0.127588 -0.070454    -1.444719
>structures/IleRS_AF_Arch_Pyrobaculum_aerophilum_str_IM2_gene1465853.pdb
-0.264058  0.766328  0.585675    -4.048647
 0.790848 -0.175570  0.586288    -0.251849
 0.552116  0.617994 -0.559688    -3.513038
>structures/IleRS_AF_Arch_Thermoplasma_acidophilum_DSM_1728_gene1456418.pdb
 0.370017  0.658644 -0.655191    -0.211302
-0.297868 -0.583904 -0.755202     0.917652
-0.879978  0.474598 -0.019866    -0.054185
>structures/IleRS_AF_Bact_Chlamydia_muridarum_str_Nigg_gene1246458.pdb
 0.434256 -0.779504 -0.451438     1.697305
 0.772485  0.064476  0.631751     1.172471
-0.463346 -0.623070  0.630154     0.502737
>structures/IleRS_AF_Bact_Escherichia_coli_O157:H7_str._Sakai_gene913425.pdb
-0.988921  0.139742 -0.050071    -0.855262
 0.127277  0.971815  0.198437    -1.806161
 0.076389  0.189865 -0.978834    -3.467457
>structures/IleRS_AF_Bact_Lactobacillus_acidophilus_La-14_gene56942445.pdb
-0.602075  0.698716  0.386397    -1.396977
 0.752812  0.335514  0.566308    -1.825604
 0.266047  0.631844 -0.728006    -2.109586
>structures/IleRS_AF_Bact_Mycoplasma_hyopneumoniae_168-L_gene57100872.pdb
-0.607312  0.718279  0.339480    -3.314949
 0.766337  0.416943  0.488761    -2.076036
 0.209523  0.556987 -0.803658    -0.196280
>structures/IleRS_AF_Bact_Orientia_tsutsugamushi_str_Ikeda_gene66653313.pdb
-0.523324 -0.841880  0.131796    -1.445124
-0.764990  0.396017 -0.507899     1.300179
 0.375397 -0.366618 -0.851274     0.584343
>structures/IleRS_AF_Bact_Porphyromonas_gingivalis_ATCC_33277_gene29255747.pdb
-0.638214 -0.767855  0.055502    -3.000047
-0.687738  0.536254 -0.489334     0.820116
 0.345975 -0.350471 -0.870328     3.135979
>structures/IleRS_AF_Bact_Streptobacillus_moniliformis_DSM_12112_gene29674186.pdb
-0.716577  0.614685  0.329666    -6.538023
 0.655881  0.432970  0.618350     2.340573
 0.237355  0.659317 -0.713417    -2.642080
>structures/IleRS_AF_Bact_Thermus_thermophilus_HB8_gene3168241.pdb
 0.633397 -0.737352 -0.234777     1.037867
 0.678752  0.383684  0.626165    -0.711315
-0.371624 -0.555967  0.743503     2.483745
>structures/IleRS_AF_Bact_Treponema_pallidum_subsp_pertenue_str_SamoaD_gene57878975.pdb
 0.999999  0.001601 -0.000355     0.006034
-0.001601  0.999998 -0.001112    -0.013632
 0.000353  0.001112  0.999999     0.001962
>structures/IleRS_AF_Euk_Cyanidioschyzon_merolae_strain_10D_gene16992835.pdb
 0.153025 -0.347807 -0.924994    -1.333946
 0.526833 -0.763202  0.374127    -1.419609
-0.836081 -0.544568  0.066447    -0.753380
>structures/IleRS_AF_Euk_Ostreococcus_lucimarinus_CCE9901_gene5000489.pdb
 0.957576  0.284268 -0.047328     0.379508
-0.283453  0.899453 -0.332624    -0.671763
-0.051986  0.331928  0.941871    -2.489175
>structures/IleRS_AF_Euk_Trypanosoma_brucei_brucei_TREU927_gene3663037.pdb
 0.825810  0.540942 -0.159438    -0.438847
-0.543636  0.688394 -0.480181    -0.292768
-0.149994  0.483215  0.862558    -2.039014
>structures/IleRS_AF_Euk_Ustilago_maydis_521_gene23568123.pdb
-0.902600  0.410798  0.128677    -3.113302
 0.428958  0.883402  0.188672    -2.233188
-0.036167  0.225492 -0.973573     1.285415
>structures/IleRS_AF_Mito_Drosophila_melanogaster_gene39762.pdb
-0.313613 -0.882548  0.350366    -4.521656
-0.640334 -0.075895 -0.764338    -0.660951
 0.701156 -0.464057 -0.541323     2.374059
>structures/IleRS_AF_Mito_Homo_sapiens_gene55699.pdb
-0.583927  0.707506  0.398077    -2.646788
 0.785980  0.370013  0.495303    -2.021610
 0.203136  0.602101 -0.772146    -1.066257
>structures/IleRS_AF_Vir_Megavirus_chiliensis_gene11256744.pdb
-0.696391 -0.717653 -0.003815    -1.971927
-0.677372  0.659041 -0.326853     2.230667
 0.237081 -0.225033 -0.945068     1.908730
>structures/IleRS_PDB_Bact_S_aureus_1QU2.pdb
 0.016943  0.998695  0.048187   -92.648763
 0.994973 -0.021598  0.097786   -29.142163
 0.098699  0.046288 -0.994040    74.165232
>structures/IleRS_PDB_Bact_T_therm_1ILE.pdb
 0.687847 -0.725815 -0.007638    16.631439
 0.707037  0.667596  0.233267    25.178410
-0.164210 -0.165852  0.972383    26.512067
>structures/IleRS_PDB_Euk_S_cere_7D5C.pdb
-0.894592 -0.146999 -0.422015    18.239927
 0.427046 -0.002960 -0.904225    33.390995
 0.131672 -0.989132  0.065423     3.858548
