>structures/LysRS-II_AF_Arch_Aciduliprofundum_boonei_T469_gene8827564.pdb
-0.743896  0.534554 -0.401087    63.040091
 0.151410 -0.449749 -0.880228   -85.113031
-0.650918 -0.715526  0.253630    32.219910
>structures/LysRS-II_AF_Arch_Archaeoglobus_sulfaticallidus_PM70-1_gene15393615.pdb
 0.121177  0.900765  0.417059    62.339248
 0.117300  0.404217 -0.907111   -88.880731
-0.985676  0.158842 -0.056678    26.500369
>structures/LysRS-II_AF_Arch_Candidatus_Woesearchaeota_archaeon_proteinMBS3172198.1.pdb
 0.667505  0.211089  0.714058    61.383316
 0.485297  0.603987 -0.632208   -86.988518
-0.564734  0.768532  0.300723    28.655984
>structures/LysRS-II_AF_Arch_Thermogladius_calderae_1633_gene13013549.pdb
-0.855996 -0.140510 -0.497522    63.975941
 0.473814 -0.598201 -0.646263   -83.975167
-0.206812 -0.788931  0.578633    30.897041
>structures/LysRS-II_AF_Bact_Chlamydia_muridarum_str_Nigg_gene1245697.pdb
-0.883544 -0.122444 -0.452059    64.536625
 0.416859 -0.645582 -0.639885   -85.089076
-0.213492 -0.753811  0.621442    32.263626
>structures/LysRS-II_AF_Bact_Cupriavidus_taiwanensis_LMG_19424_gene29762375.pdb
 0.183234  0.852614  0.489362    63.127548
 0.151624  0.467323 -0.870988   -88.119055
-0.971306  0.233794 -0.043647    23.433065
>structures/LysRS-II_AF_Bact_Leuconostoc_gelidum_JB7_gene61037106.pdb
 0.036717  0.823312  0.566400    63.519977
 0.124262  0.558622 -0.820061   -84.275077
-0.991570  0.100492 -0.081795    28.512022
>structures/LysRS-II_AF_Bact_Mycobacterium_intracellulare_ATCC_13950_gene11907187.pdb
 0.008993  0.938427  0.345360    61.754772
 0.118477  0.341942 -0.932223   -88.056837
-0.992916  0.049301 -0.108107    24.269441
>structures/LysRS-II_AF_Bact_Mycoplasma_hyopneumoniae_168-L_gene57101062.pdb
 0.046521  0.841531  0.538202    62.528287
 0.115600  0.530629 -0.839684   -83.391094
-0.992206  0.101279 -0.072595    30.029915
>structures/LysRS-II_AF_Bact_Porphyromonas_gingivalis_ATCC_33277_gene29256363.pdb
-0.712411  0.532658 -0.456887    62.331961
 0.343891 -0.302543 -0.888936   -84.963250
-0.611727 -0.790407  0.032359    33.364592
>structures/LysRS-II_AF_Bact_Prochlorococcus_marinus_subsp_marinus_str_CCMP1375_gene54201108.pdb
-0.167249  0.922141  0.348832    63.954527
 0.137792  0.372206 -0.917865   -84.062276
-0.976238 -0.105446 -0.189315    29.581319
>structures/LysRS-II_AF_Bact_Streptobacillus_moniliformis_DSM_12112_gene29673899.pdb
-0.243985  0.965301  0.093091    59.865184
 0.132305  0.128227 -0.982880   -87.193093
-0.960712 -0.227491 -0.158999    24.395166
>structures/LysRS-II_AF_Euk_Ostreococcus_tauri_gene9837657.pdb
 0.183991  0.858021  0.479528    62.396517
 0.178822  0.450495 -0.874687   -89.338546
-0.966525  0.246684 -0.070546    24.838339
>structures/LysRS-II_AF_Euk_Solanum_lycopersicum_gene778357.pdb
-0.512803 -0.558534 -0.651976    64.852505
-0.848403  0.445863  0.285338   -85.946167
 0.131321  0.699461 -0.702502    27.296743
>structures/LysRS-II_AF_Euk_Theileria_annulata_gene3864794.pdb
-0.591144  0.123285 -0.797088    62.819678
-0.588763  0.609498  0.530915   -85.516357
 0.551278  0.783143 -0.287715    23.720578
>structures/LysRS-II_AF_Euk_Zootoca_vivipara_gene118086243.pdb
 0.613122 -0.397101  0.682929    67.041198
 0.729904  0.615445 -0.297434   -84.159873
-0.302194  0.680836  0.667189    28.340215
>structures/LysRS-II_AF_Mito_Malus_domestica_gene103446975.pdb
 0.321791  0.750150  0.577690    63.636651
 0.255951  0.518504 -0.815869   -88.359388
-0.911559  0.410399 -0.025152    23.982731
>structures/LysRS-II_AF_Mito_Scheffersomyces_stipitis_CBS_6054_gene4837999.pdb
 0.205611  0.754070  0.623782    64.324244
 0.171906  0.599660 -0.781573   -88.152420
-0.963417  0.267931 -0.006332    23.736997
>structures/LysRS-II_PDB_Bact_G_stearothermophilus_3E9H.pdb
 1.000000  0.000000  0.000000     0.000000
 0.000000  1.000000  0.000000     0.000000
 0.000000  0.000000  1.000000     0.000000
