>structures/LysRS-II_AF_Arch_Aciduliprofundum_boonei_T469_gene8827564.pdb
 0.167306  0.013383  0.985814     0.870140
 0.027981 -0.999570  0.008821     4.824545
 0.985508  0.026108 -0.167609    -2.035520
>structures/LysRS-II_AF_Arch_Archaeoglobus_sulfaticallidus_PM70-1_gene15393615.pdb
-0.291290 -0.783921  0.548286     3.673380
-0.704639 -0.211821 -0.677211    -0.464011
 0.647019 -0.583609 -0.490680     1.365026
>structures/LysRS-II_AF_Arch_Candidatus_Woesearchaeota_archaeon_proteinMBS3172198.1.pdb
-0.828229 -0.519634  0.209805     2.841994
-0.551400  0.688878 -0.470537     2.422545
 0.099977 -0.505399 -0.857074     1.012818
>structures/LysRS-II_AF_Arch_Thermogladius_calderae_1633_gene13013549.pdb
 0.009796  0.475729  0.879537    -0.749769
 0.544930 -0.740036  0.394205     3.882890
 0.838424  0.475425 -0.266489    -1.392704
>structures/LysRS-II_AF_Bact_Chlamydia_muridarum_str_Nigg_gene1245697.pdb
 0.071358  0.511392  0.856380     0.087399
 0.529966 -0.746793  0.401792     4.031752
 0.845011  0.425181 -0.324310    -3.037698
>structures/LysRS-II_AF_Bact_Cupriavidus_taiwanensis_LMG_19424_gene29762375.pdb
-0.350049 -0.803070  0.482228     2.221025
-0.714195 -0.104302 -0.692132    -2.707315
 0.606128 -0.586685 -0.537038     3.216179
>structures/LysRS-II_AF_Bact_Leuconostoc_gelidum_JB7_gene61037106.pdb
-0.254588 -0.882896  0.394562    -0.574828
-0.658526 -0.140510 -0.739324     2.338143
 0.708186 -0.448053 -0.545638     0.493934
>structures/LysRS-II_AF_Bact_Mycobacterium_intracellulare_ATCC_13950_gene11907187.pdb
-0.235574 -0.764830  0.599617     2.981520
-0.646645 -0.337230 -0.684198    -1.328581
 0.725504 -0.548918 -0.415130     3.545640
>structures/LysRS-II_AF_Bact_Mycoplasma_hyopneumoniae_168-L_gene57101062.pdb
-0.254530 -0.868057  0.426252    -0.628211
-0.668007 -0.160896 -0.726553     4.309088
 0.699272 -0.469669 -0.538915     0.346061
>structures/LysRS-II_AF_Bact_Porphyromonas_gingivalis_ATCC_33277_gene29256363.pdb
-0.007139 -0.120675  0.992666     1.233393
 0.124342 -0.985094 -0.118860     6.087539
 0.992214  0.122582  0.022037    -2.307392
>structures/LysRS-II_AF_Bact_Prochlorococcus_marinus_subsp_marinus_str_CCMP1375_gene54201108.pdb
-0.159444 -0.802505  0.574946    -0.837814
-0.527839 -0.422856 -0.736599     2.937971
 0.834244 -0.420925 -0.356172    -0.480419
>structures/LysRS-II_AF_Bact_Streptobacillus_moniliformis_DSM_12112_gene29673899.pdb
-0.113239 -0.633702  0.765244     3.234461
-0.476734 -0.641092 -0.601437     0.199994
 0.871723 -0.432924 -0.229511     4.933043
>structures/LysRS-II_AF_Euk_Homo_sapiens_gene3735.pdb
-0.220376 -0.733605  0.642851     3.818619
-0.608280 -0.411846 -0.678512    -0.623320
 0.762516 -0.540561 -0.355476     4.412313
>structures/LysRS-II_AF_Euk_Ostreococcus_tauri_gene9837657.pdb
-0.372983 -0.789815  0.486905     3.814620
-0.699106 -0.105796 -0.707148    -1.860434
 0.610029 -0.604152 -0.512704     2.359622
>structures/LysRS-II_AF_Euk_Solanum_lycopersicum_gene778357.pdb
 1.000000  0.000000  0.000000     0.000000
 0.000000  1.000000  0.000000     0.000000
 0.000000  0.000000  1.000000     0.000000
>structures/LysRS-II_AF_Euk_Theileria_annulata_gene3864794.pdb
 0.875074 -0.477426 -0.079439     0.207644
 0.453199  0.750683  0.480714    -1.175134
-0.169871 -0.456662  0.873272     3.960699
>structures/LysRS-II_AF_Euk_Zootoca_vivipara_gene118086243.pdb
-0.973341 -0.229132 -0.010286    -2.500849
-0.228413  0.972412 -0.047359     0.304237
 0.020854 -0.043747 -0.998825    -1.650855
>structures/LysRS-II_AF_Mito_Malus_domestica_gene103446975.pdb
-0.501936 -0.770647  0.392637     2.235227
-0.703163  0.099268 -0.704065    -2.715687
 0.503609 -0.629483 -0.591717     2.433415
>structures/LysRS-II_AF_Mito_Scheffersomyces_stipitis_CBS_6054_gene4837999.pdb
-0.377836 -0.860239  0.342386     1.675021
-0.712102  0.033657 -0.701269    -3.178794
 0.591736 -0.508778 -0.625295     2.215368
>structures/LysRS-II_PDB_Bact_G_stearothermophilus_3E9H.pdb
-0.512803 -0.848403  0.131321   -43.245130
-0.558534  0.445863  0.699461    55.449548
-0.651976  0.285338 -0.702502    85.982031
