>structures/ThrRS_AF_Arch_Candidatus_Methanomethylophilus_alvus_Mx1201_gene15140074.pdb
-0.731074 -0.481319  0.483595     0.110530
 0.602620 -0.123115  0.788475     2.016265
-0.319970  0.867857  0.380058     2.516351
>structures/ThrRS_AF_Arch_Candidatus_Nitrosopumilus_koreensis_AR1_gene13725077.pdb
 0.963171  0.208227 -0.170129     7.846424
-0.244745  0.940939 -0.233954     0.786462
 0.111365  0.266976  0.957247     5.849436
>structures/ThrRS_AF_Arch_Pyrococcus_furiosus_DSM_3638_gene1469226.pdb
 0.939928  0.333317 -0.073724     7.562001
-0.321954  0.793740 -0.516065     2.171437
-0.113495  0.508799  0.853371     4.116346
>structures/ThrRS_AF_Arch_Sulfolobus_islandicus_M164_gene7940156.pdb
-0.787225 -0.408373  0.462069     1.236991
-0.549439  0.804700 -0.224889     5.264164
-0.279988 -0.430917 -0.857856     8.224494
>structures/ThrRS_AF_Bact_Bifidobacterium_longum_subsp_longum_JCM_1217_gene69578309.pdb
 0.012015  0.906644  0.421726     1.428875
-0.864949  0.221041 -0.450560     0.239943
-0.501716 -0.359358  0.786857    -1.456890
>structures/ThrRS_AF_Bact_Brachyspira_pilosicoli_95_1000_gene56439092.pdb
-0.516139 -0.222497  0.827101    -1.478834
-0.833144 -0.093575 -0.545083     1.324161
 0.198675 -0.970432 -0.137074     0.180433
>structures/ThrRS_AF_Bact_Brucella_abortus_2308_gene3787745.pdb
 0.406027  0.438771 -0.801637    -0.922911
 0.863454  0.103116  0.493776     0.957285
 0.299317 -0.892663 -0.336991    -0.494129
>structures/ThrRS_AF_Bact_Lactobacillus_acidophilus_La-14_gene56943112.pdb
 0.744305 -0.142605 -0.652437    -0.924184
-0.661190 -0.019822 -0.749957    -1.645798
 0.094015  0.989581 -0.109043    -3.661210
>structures/ThrRS_AF_Bact_Mycoplasma_hyopneumoniae_168-L_gene57101460.pdb
-0.885262  0.100008  0.454213     0.774993
 0.422118 -0.237246  0.874946     3.827645
 0.195262  0.966288  0.167810     1.703968
>structures/ThrRS_AF_Bact_Porphyromonas_gingivalis_ATCC_33277_gene29256174.pdb
-0.684997  0.020512  0.728257     1.509193
-0.499124 -0.741377 -0.448593     1.568869
 0.530712 -0.670775  0.518079    -1.195780
>structures/ThrRS_AF_Bact_Prochlorococcus_marinus_subsp_marinus_str_CCMP1375_gene54200406.pdb
 0.596785 -0.740608  0.308784     1.068758
 0.448873  0.627116  0.636583    -1.741781
-0.665103 -0.241298  0.706692    -1.157100
>structures/ThrRS_AF_Bact_Streptobacillus_moniliformis_DSM_12112_gene29674242.pdb
 0.938239  0.101449 -0.330780     0.108236
-0.321870  0.606628 -0.726913     0.226438
 0.126916  0.788486  0.601815    -0.920582
>structures/ThrRS_AF_Euk_Arabidopsis_thaliana_gene832741.pdb
 0.134520  0.968637 -0.208917     2.575688
-0.782943 -0.025331 -0.621578     1.300231
-0.607375  0.247185  0.754980    -3.509178
>structures/ThrRS_AF_Euk_Cercospora_beticola_gene35433465.pdb
-0.019542  0.375311 -0.926693     0.572085
-0.014228 -0.926880 -0.375087     1.205211
-0.999708  0.005855  0.023453    -3.207710
>structures/ThrRS_AF_Euk_Cryptococcus_gattii_WM276_gene10188143.pdb
 0.390634  0.869362  0.302680     0.113755
-0.770098  0.488762 -0.409953     0.809917
-0.504336 -0.072951  0.860421    -4.375172
>structures/ThrRS_AF_Euk_Cyanidioschyzon_merolae_strain_10D_gene16997242.pdb
 0.602520  0.036042 -0.797290    -0.076369
 0.748196  0.322212  0.579985    -0.746771
 0.277801 -0.945981  0.167172    -3.416458
>structures/ThrRS_AF_Mito_Cyanidioschyzon_merolae_strain_10D_gene16995590.pdb
 1.000000 -0.000000  0.000000     0.000000
 0.000000  1.000000  0.000000     0.000000
-0.000000  0.000000  1.000000     0.000000
>structures/ThrRS_AF_Mito_Oryza_sativa_Japonica_Group_gene4345200.pdb
 0.466210 -0.188944  0.864262     1.071827
 0.238863 -0.913760 -0.328615     0.038783
 0.851817  0.359644 -0.380872    -4.128909
>structures/ThrRS_PDB_Bact_E_coli_1evk.pdb
-0.222321 -0.510333 -0.830743    52.895618
 0.420832 -0.818835  0.390397    30.080226
-0.879474 -0.262809  0.396809    43.348469
>structures/ThrRS_PDB_Bact_S_aureus_1nyr.pdb
-0.611380  0.749150  0.254931   -41.136937
-0.330726 -0.534562  0.777730    -7.468246
 0.718912  0.391176  0.574584   -58.409702
