>../../../../class2/pro1//data/domains/Catalytic_domain/structures/ProRS-A_AF_Arch_Candidatus_Nitrosopumilus_sediminis_gene13697692.pdb
 0.850282 -0.398309 -0.344051    -1.609042
 0.515743  0.760965  0.393626    10.236578
 0.105026 -0.512135  0.852460    15.590642
>../../../../class2/pro1//data/domains/Catalytic_domain/structures/ProRS-A_AF_Arch_Halogeometricum_borinquense_DSM_11551_gene9994169.pdb
-0.051836 -0.154149  0.986687    -1.121767
-0.288403 -0.943607 -0.162570     9.887530
 0.956105 -0.292990  0.004456    15.229118
>../../../../class2/pro1//data/domains/Catalytic_domain/structures/ProRS-A_AF_Arch_Picrophilus_torridus_DSM_9790_gene2845069.pdb
-0.224572  0.109651  0.968269    -2.084595
 0.081688 -0.988033  0.130835     7.946132
 0.971028  0.108478  0.212927    16.473847
>../../../../class2/pro1//data/domains/Catalytic_domain/structures/ProRS-A_AF_Arch_Sulfurisphaera_tokodaii_str_7_gene1459472.pdb
 0.995247  0.061485 -0.075513    -1.832958
-0.074654  0.979661 -0.186254     9.563237
 0.062525  0.191007  0.979595    16.301888
>../../../../class2/pro1//data/domains/Catalytic_domain/structures/ProRS-A_AF_Bact_Bacillus_anthracis_str_Ames_Ancestor_gene45020455.pdb
-0.861376 -0.507506 -0.021656    -1.718901
-0.490589  0.820092  0.294570     9.391234
-0.131736  0.264359 -0.955385    15.561854
>../../../../class2/pro1//data/domains/Catalytic_domain/structures/ProRS-A_AF_Bact_Mycoplasma_hyopneumoniae_168-L_gene57101275.pdb
-0.107988 -0.620317  0.776882    -2.369198
-0.743064 -0.468783 -0.477596    11.493220
 0.660450 -0.628847 -0.410313    16.774693
>../../../../class2/pro1//data/domains/Catalytic_domain/structures/ProRS-A_AF_Bact_Porphyromonas_gingivalis_ATCC_33277_gene29256199.pdb
-0.049785 -0.158482  0.986106    -2.998285
-0.172389 -0.971148 -0.164781     9.715466
 0.983770 -0.178197  0.021028    15.506501
>../../../../class2/pro1//data/domains/Catalytic_domain/structures/ProRS-A_AF_Bact_Thermus_thermophilus_HB8_gene3169620.pdb
-0.032161 -0.448465  0.893221    -2.329490
-0.526692 -0.751926 -0.396488    10.472657
 0.849448 -0.483204 -0.212020    16.636278
>../../../../class2/pro1//data/domains/Catalytic_domain/structures/ProRS-A_AF_Euk_Cryptococcus_gattii_WM276_gene10188341.pdb
 0.104772 -0.261318  0.959550    -0.240644
-0.568140 -0.807639 -0.157913    12.318151
 0.816235 -0.528614 -0.233083    17.470655
>../../../../class2/pro1//data/domains/Catalytic_domain/structures/ProRS-A_AF_Euk_Ostreococcus_tauri_gene9837972.pdb
-0.134219 -0.540627  0.830486     2.204306
-0.794897 -0.441687 -0.415995     7.376392
 0.591713 -0.715985 -0.370460    20.229872
>../../../../class2/pro1//data/domains/Catalytic_domain/structures/ProRS-A_AF_Euk_Plasmodium_yoelii_gene3807174.pdb
-0.962289 -0.252883  0.100252    -1.713303
-0.248689  0.967157  0.052536     9.409559
-0.110245  0.025623 -0.993574    12.301513
>../../../../class2/pro1//data/domains/Catalytic_domain/structures/ProRS-A_AF_Euk_Scheffersomyces_stipitis_CBS_6054_gene4840393.pdb
-0.031054  0.173814  0.984289    -1.992385
-0.153869 -0.973856  0.167117    13.728598
 0.987603 -0.146262  0.056986    19.359814
>../../../../class2/pro1//data/domains/Catalytic_domain/structures/ProRS-A_AF_Mito_Oryza_sativa_Japonica_Group_gene4342480.pdb
-0.034314 -0.348871  0.936542     2.045447
-0.637076 -0.714387 -0.289459     8.833986
 0.770037 -0.606581 -0.197744    20.756668
>../../../../class2/pro1//data/domains/Catalytic_domain/structures/ProRS-A_PDB_Arch_M_janacshii_1nj8.pdb
-0.699729  0.368115 -0.612267    74.160079
-0.714274 -0.343865  0.609564    69.022857
 0.013852  0.863857  0.503547   -46.150129
>../../../../class2/sep//data/domains/Catalytic_domain/structures/SepRS_AF_Arch_Methanothrix_thermoacetophila_PT_gene4462697.pdb
-0.329981  0.589343  0.737420     1.783043
 0.432191 -0.600174  0.673054     5.138085
 0.839240  0.540801 -0.056662     2.415957
>../../../../class2/sep//data/domains/Catalytic_domain/structures/SepRS_AF_Arch_unclassified_Candidatus_Bathyarchaeota_proteinUCD26266.1.pdb
 0.284403  0.948931  0.136548    -4.172486
-0.694078  0.302054 -0.653467     0.251319
-0.661340  0.091073  0.744537    -1.771902
>../../../../class2/sep//data/domains/Catalytic_domain/structures/SepRS_AF_Arch_unclassified_Lokiarchaeota_proteinTFF69421.1.pdb
-0.198702  0.100037 -0.974941    -6.076973
 0.496573 -0.847357 -0.188152     4.153176
-0.844945 -0.521516  0.118696    -3.453915
>../../../../class2/sep//data/domains/Catalytic_domain/structures/SepRS_AF_Arch_unclassified_Thermoprotei_proteinRLF12424.1.pdb
 1.000000  0.000000  0.000000     0.000000
 0.000000  1.000000  0.000000     0.000000
 0.000000  0.000000  1.000000     0.000000
>../../../../class2/sep//data/domains/Catalytic_domain/structures/SepRS_PDB_Arch_2DU4_A_fulgidus.pdb
 0.520725 -0.632409  0.573501    35.612958
 0.580471 -0.230318 -0.781029   -11.157825
 0.626018  0.739603  0.247163   -60.032024
>../../../../class2/sep//data/domains/Catalytic_domain/structures/SepRS_PDB_Arch_2ODR_M_maripadulis.pdb
-0.805780 -0.527532 -0.269125    69.247101
 0.514999 -0.848555  0.121372   -24.860944
-0.292396 -0.040800  0.955427    -6.783147
