>structures/PheRS-Bβ_AF_Bact_Brachyspira_pilosicoli_95_1000_gene56440382.pdb
 0.188573  0.616687 -0.764289     0.305928
-0.707343 -0.454582 -0.541314     4.880167
-0.681254  0.642692  0.350487    -1.463060
>structures/PheRS-Bβ_AF_Bact_Chlamydia_psittaci_6BC_gene12242429.pdb
 0.328507 -0.667540 -0.668187     2.605020
 0.790706 -0.192565  0.581121     1.756287
-0.516591 -0.719242  0.464569     2.411454
>structures/PheRS-Bβ_AF_Bact_Ferrimonas_balearica_DSM_9799_gene67181907.pdb
 1.000000  0.000000  0.000000     0.000000
 0.000000  1.000000  0.000000     0.000000
 0.000000  0.000000  1.000000     0.000000
>structures/PheRS-Bβ_AF_Bact_Lacticaseibacillus_paracasei_gene61269867.pdb
-0.050476  0.456262 -0.888413    -0.671298
-0.454499 -0.802592 -0.386364     5.477151
-0.889316  0.384280  0.247882     1.327425
>structures/PheRS-Bβ_AF_Bact_Mycobacterium_intracellulare_ATCC_13950_gene11909688.pdb
 0.778110 -0.597283 -0.194419     1.048014
 0.614278  0.658944  0.434113     1.735213
-0.131177 -0.457215  0.879629     2.216101
>structures/PheRS-Bβ_AF_Bact_Mycoplasma_hyopneumoniae_168-L_gene57101148.pdb
-0.265536  0.082046 -0.960603    -6.425631
 0.115837 -0.986439 -0.116273     4.585874
-0.957117 -0.142148  0.252431     3.159640
>structures/PheRS-Bβ_AF_Bact_Porphyromonas_gingivalis_ATCC_33277_gene29257179.pdb
-0.695066  0.513693  0.502994     0.968578
 0.675274  0.226339  0.701979     1.649403
 0.246755  0.827581 -0.504205    -1.206191
>structures/PheRS-Bβ_AF_Bact_Prochlorococcus_marinus_subsp_marinus_str_CCMP1375_gene54200309.pdb
 0.292228 -0.761642 -0.578363     2.074270
 0.677969 -0.261547  0.686987     2.190545
-0.674507 -0.592869  0.439939     2.542413
>structures/PheRS-Bβ_AF_Euk_Didymosphenia_geminata_gene19740299.pdb
 0.040458 -0.032756 -0.998644     2.627954
 0.204321 -0.978072  0.040359     2.190428
-0.978068 -0.205677 -0.032879    -4.769264
>structures/PheRS-Bβ_AF_Euk_Gracilariopsis_tenuifrons_gene68635617.pdb
-0.229848 -0.256181  0.938904     1.286980
 0.013872 -0.965498 -0.260041     0.773981
 0.973128 -0.046745  0.225472    -3.452641
>structures/PheRS-Bβ_PDB_Bact.B_E_coli_3PCO.pdb
-0.330863  0.931577  0.150647    -4.793551
 0.917841  0.354777 -0.178048    30.975541
-0.219312  0.079360 -0.972422    40.248529
>structures/PheRS-Bβ_PDB_Bact.B_T_thermophilus_1PYS.pdb
-0.499608 -0.796605 -0.340311    68.233099
-0.138338 -0.314442  0.939143     3.941635
-0.855134  0.516281  0.046897   -25.365442
