>structures/CysRS_AF_Arch_Aciduliprofundum_boonei_T469_gene8827372.pdb
-0.522582 -0.726907 -0.445549    79.706257
-0.277765 -0.348917  0.895044    92.233816
-0.806073  0.591492 -0.019572    51.222659
>structures/CysRS_AF_Arch_Candidatus_Nitrosopumilus_sediminis_gene13696907.pdb
-0.404617 -0.909754 -0.092910    85.812666
-0.203891 -0.009296  0.978949    93.203022
-0.891467  0.415043 -0.181730    56.387198
>structures/CysRS_AF_Arch_Methanospirillum_hungatei_JF-1_gene3922979.pdb
 0.620373  0.244299  0.745289    79.583888
-0.783683  0.155190  0.601462    87.520599
 0.031275 -0.957201  0.287729    54.293043
>structures/CysRS_AF_Arch_Pyrobaculum_ferrireducens_gene11593896.pdb
 0.293161  0.645405  0.705343    82.228309
-0.934943  0.039318  0.352612    92.353555
 0.199845 -0.762828  0.614944    57.171270
>structures/CysRS_AF_Bact_Bordetella_avium_197N_gene41394405.pdb
 0.423293 -0.216343  0.879783    82.707834
-0.874246  0.157272  0.459303    91.385631
-0.237732 -0.963567 -0.122565    56.190199
>structures/CysRS_AF_Bact_Lactobacillus_amylovorus_GRL1118_gene66523130.pdb
 0.531747  0.239406  0.812361    81.083979
-0.846895  0.146091  0.511299    91.506815
 0.003730 -0.959866  0.280435    56.273118
>structures/CysRS_AF_Bact_Mycobacterium_canettii_CIPT_140010059_gene45427568.pdb
 0.174266 -0.897115 -0.405976    82.197691
 0.378472  0.441638 -0.813459    91.355870
 0.909060 -0.011892  0.416495    54.877963
>structures/CysRS_AF_Bact_Mycoplasma_hyopneumoniae_168-L_gene57101512.pdb
 0.375635  0.456282  0.806663    82.302025
-0.910232  0.017951  0.413710    89.480582
 0.174289 -0.889654  0.422065    55.337100
>structures/CysRS_AF_Bact_Porphyromonas_gingivalis_ATCC_33277_gene29256960.pdb
-0.217202 -0.955061 -0.201697    83.228274
-0.324948 -0.124099  0.937554    91.764815
-0.920452  0.269180 -0.283391    50.756496
>structures/CysRS_AF_Bact_Prochlorococcus_marinus_subsp_marinus_str_CCMP1375_gene54200571.pdb
-0.217231  0.906450  0.362158    81.445000
-0.898573 -0.330624  0.288537    90.078230
 0.381283 -0.262747  0.886334    54.376174
>structures/CysRS_AF_Bact_Streptobacillus_moniliformis_DSM_12112_gene29673427.pdb
-0.722293 -0.342354 -0.600904    76.806431
-0.438060 -0.445870  0.780579    91.797779
-0.535160  0.827039  0.172077    52.008199
>structures/CysRS_AF_Bact_Treponema_pallidum_subsp_pertenue_str_SamoaD_gene57878631.pdb
-0.316056 -0.920775 -0.228654    81.496742
-0.231907 -0.158719  0.959702    89.951666
-0.919961  0.356346 -0.163370    50.613705
>structures/CysRS_AF_Euk_Arabidopsis_thaliana_gene833874.pdb
 0.333987  0.339501  0.879313    83.314917
-0.927710 -0.046638  0.370377    94.676303
 0.166752 -0.939449  0.299382    56.486197
>structures/CysRS_AF_Euk_Cyanidioschyzon_merolae_strain_10D_gene16993418.pdb
-0.415736  0.882024  0.221807    84.175353
-0.864290 -0.459071  0.205563    99.324434
 0.283137 -0.106245  0.953177    60.376026
>structures/CysRS_AF_Euk_Drosophila_melanogaster_gene36784.pdb
-0.627268  0.721450 -0.293332    86.586651
-0.764294 -0.497885  0.409836    95.478074
 0.149631  0.481269  0.863707    54.404932
>structures/CysRS_AF_Euk_Micromonas_commoda_gene8246535.pdb
 0.506359 -0.783721  0.359699    84.271039
 0.598336  0.018943 -0.801022    94.876188
 0.620963  0.620825  0.478520    56.750109
>structures/CysRS_AF_Mito_Morone_saxatilis_gene118339815.pdb
 0.032085 -0.983692 -0.176976    79.965875
-0.396020 -0.175087  0.901395    91.338122
-0.917681  0.041165 -0.395179    57.933296
>structures/CysRS_AF_Mito_Saccharomyces_cerevisiae_S288C_gene855474.pdb
-0.234812 -0.697327 -0.677199    85.239591
-0.631370 -0.420295  0.651709    95.131168
-0.739078  0.580592 -0.341581    54.365550
>structures/CysRS_AF_Vir_Megavirus_chiliensis_gene11257271.pdb
 0.791952 -0.155163  0.590540    87.451482
 0.563554 -0.186472 -0.804758    92.165144
 0.234988  0.970130 -0.060234    54.887978
>structures/CysRS_PDB_Bact_E_coli_1LI5.pdb
 0.999982  0.003492 -0.004852    -0.029270
-0.003501  0.999992 -0.001871     0.465517
 0.004846  0.001888  0.999986    -0.479914
>structures/CysRS_PDB_Bact_M_smegmatis_3C8Z.pdb
 0.233486  0.596117 -0.768198    42.644354
 0.971939 -0.119819  0.202432    62.931241
 0.028629 -0.793907 -0.607365    37.918358
