>structures/CysRS_AF_Arch_Aciduliprofundum_boonei_T469_gene8827372.pdb
 0.109071 -0.647116 -0.754549    -1.084340
 0.802237 -0.390916  0.451221     6.324186
-0.586958 -0.654542  0.476503    -5.866482
>structures/CysRS_AF_Arch_Candidatus_Nitrosopumilus_sediminis_gene13696907.pdb
 0.205714 -0.867198 -0.453485     0.699177
 0.860755 -0.060132  0.505454    -0.033776
-0.465598 -0.494319  0.734076    -1.219648
>structures/CysRS_AF_Arch_Methanospirillum_hungatei_JF-1_gene3922979.pdb
 0.824110  0.549295  0.138267    -0.352076
-0.487743  0.812278 -0.319863     2.072941
-0.288010  0.196164  0.937321    -9.500726
>structures/CysRS_AF_Arch_Pyrobaculum_ferrireducens_gene11593896.pdb
 0.572424  0.816158  0.078845    -1.902053
-0.573648  0.467323 -0.672708     0.227386
-0.585882  0.339845  0.735695    -3.898356
>structures/CysRS_AF_Bact_Bordetella_avium_197N_gene41394405.pdb
 0.843186  0.207203  0.496090    -0.729026
-0.213778  0.975880 -0.044246     0.619361
-0.493292 -0.068746  0.867143    -4.445428
>structures/CysRS_AF_Bact_Lactobacillus_amylovorus_GRL1118_gene66523130.pdb
 0.797100  0.557864  0.231127    -1.938077
-0.461490  0.809641 -0.362642     1.196797
-0.389435  0.182399  0.902813    -5.303695
>structures/CysRS_AF_Bact_Mycobacterium_canettii_CIPT_140010059_gene45427568.pdb
-0.470330 -0.875736 -0.108976    -0.460061
-0.743158  0.459637 -0.486261     1.903669
 0.475926 -0.147716 -0.866992    -4.866294
>structures/CysRS_AF_Bact_Mycoplasma_hyopneumoniae_168-L_gene57101512.pdb
 0.638184  0.738601  0.217230     0.270978
-0.569845  0.642902 -0.511814     0.883571
-0.517684  0.202844  0.831178    -6.365297
>structures/CysRS_AF_Bact_Porphyromonas_gingivalis_ATCC_33277_gene29256960.pdb
 0.414990 -0.781592 -0.465723     2.058060
 0.781786  0.044491  0.621957     5.394269
-0.465396 -0.622202  0.629501    -4.351051
>structures/CysRS_AF_Bact_Prochlorococcus_marinus_subsp_marinus_str_CCMP1375_gene54200571.pdb
 0.086306  0.956171 -0.279799    -0.081227
-0.549664 -0.188534 -0.813833     2.215998
-0.830915  0.224034  0.509302    -6.409457
>structures/CysRS_AF_Bact_Streptobacillus_moniliformis_DSM_12112_gene29673427.pdb
-0.087183 -0.425122 -0.900928    -3.376496
 0.580601 -0.756577  0.300822     6.459260
-0.809507 -0.496853  0.312787    -7.794670
>structures/CysRS_AF_Bact_Treponema_pallidum_subsp_pertenue_str_SamoaD_gene57878631.pdb
 0.308262 -0.778544 -0.546666     1.698615
 0.839870 -0.047143  0.540736     5.524657
-0.446758 -0.625817  0.639344    -6.811502
>structures/CysRS_AF_Euk_Arabidopsis_thaliana_gene833874.pdb
 0.615270  0.709796  0.342975    -1.903267
-0.555451  0.699069 -0.450308     1.106193
-0.559390  0.086556  0.824373    -1.360061
>structures/CysRS_AF_Euk_Cyanidioschyzon_merolae_strain_10D_gene16993418.pdb
-0.034655  0.926392 -0.374962    -5.265924
-0.383585 -0.358781 -0.850963    -1.116550
-0.922855  0.114340  0.367783     3.214436
>structures/CysRS_AF_Euk_Drosophila_melanogaster_gene36784.pdb
-0.199263  0.539229 -0.818246     1.506714
-0.142696 -0.842057 -0.520170     1.796614
-0.969501  0.013110  0.244737     1.068924
>structures/CysRS_AF_Euk_Homo_sapiens_gene833.pdb
 1.000000 -0.000000  0.000000     0.000000
 0.000000  1.000000  0.000000     0.000000
-0.000000  0.000000  1.000000     0.000000
>structures/CysRS_AF_Euk_Micromonas_commoda_gene8246535.pdb
-0.192119 -0.881084  0.432183    -1.444851
-0.531067 -0.276993 -0.800776     0.683449
 0.825262 -0.383363 -0.414699    -0.654944
>structures/CysRS_AF_Mito_Homo_sapiens_gene79587.pdb
 0.748613  0.661234 -0.048454    -3.963559
-0.546721  0.574319 -0.609306    -0.001086
-0.375066  0.482626  0.791453    -4.731700
>structures/CysRS_AF_Mito_Morone_saxatilis_gene118339815.pdb
 0.629807 -0.675495 -0.383471    -3.548387
 0.678857  0.238757  0.694369    -0.159832
-0.377487 -0.697640  0.608935    -5.932370
>structures/CysRS_AF_Mito_Saccharomyces_cerevisiae_S288C_gene855474.pdb
 0.463762 -0.606234 -0.646069     0.554152
 0.531304 -0.393247  0.750382     2.295927
-0.708971 -0.691258  0.139722    -0.002367
>structures/CysRS_AF_Vir_Megavirus_chiliensis_gene11257271.pdb
 0.219738 -0.476363  0.851348     3.055601
-0.299650 -0.863448 -0.405792     0.335605
 0.928399 -0.165939 -0.332475    -1.287905
>structures/CysRS_PDB_Bact_E_coli_1LI5.pdb
 0.749909 -0.475688 -0.459736     6.562329
-0.343059  0.314570 -0.885074    49.924344
 0.565639  0.821441  0.072710  -130.325975
>structures/CysRS_PDB_Bact_M_smegmatis_3C8Z.pdb
-0.304192  0.869077 -0.390093    -8.605563
 0.207375  0.460091  0.863315    21.223035
 0.929765  0.181718 -0.320181   -51.938507
