>../../../../class2/his//data/domains/Catalytic_domain/structures/HisRS_AF_Arch_Candidatus_Methanomassiliicoccus_intestinalis_Issoire-Mx1_gene16154026.pdb
 0.929432  0.368925 -0.007117    -0.467875
-0.345770  0.864039 -0.365897    -1.131039
-0.128839  0.342537  0.930628    -2.383387
>../../../../class2/his//data/domains/Catalytic_domain/structures/HisRS_AF_Arch_Candidatus_Nitrosopumilus_koreensis_AR1_gene13725657.pdb
-0.980410  0.185791  0.065400    -4.449864
 0.196693  0.940959  0.275513    -1.114224
-0.010351  0.282980 -0.959070    -1.744687
>../../../../class2/his//data/domains/Catalytic_domain/structures/HisRS_AF_Arch_Desulfurococcus_amylolyticus_1221n_gene7171287.pdb
-0.076040  0.219945  0.972544    -5.025979
 0.380311 -0.895236  0.232197     1.487488
 0.921727  0.387526 -0.015574    -0.685225
>../../../../class2/his//data/domains/Catalytic_domain/structures/HisRS_AF_Arch_Methanoregula_formicica_SMSP_gene14310605.pdb
 1.000000  0.000000  0.000000     0.000000
 0.000000  1.000000  0.000000     0.000000
 0.000000  0.000000  1.000000     0.000000
>../../../../class2/his//data/domains/Catalytic_domain/structures/HisRS_AF_Bact_Chlamydia_muridarum_str_Nigg_gene1246198.pdb
-0.861544 -0.401825 -0.310287    -3.853043
-0.352077  0.913231 -0.205065     0.912806
 0.365764 -0.067428 -0.928262    -3.368493
>../../../../class2/his//data/domains/Catalytic_domain/structures/HisRS_AF_Bact_Lacticaseibacillus_paracasei_gene61269730.pdb
-0.673339  0.642508  0.365785    -6.069668
 0.656136  0.291295  0.696156     4.974437
 0.340734  0.708753 -0.617713    -2.558953
>../../../../class2/his//data/domains/Catalytic_domain/structures/HisRS_AF_Bact_Paracoccus_denitrificans_PD1222_gene75501415.pdb
 0.037923 -0.160939  0.986236    -4.186580
 0.281401 -0.945285 -0.165077    -0.749719
 0.958840  0.283788  0.009440    -1.822953
>../../../../class2/his//data/domains/Catalytic_domain/structures/HisRS_AF_Bact_Prochlorococcus_marinus_subsp_marinus_str_CCMP1375_gene54200127.pdb
 0.056514  0.023694  0.998121    -0.148752
 0.047774 -0.998637  0.021002     3.319664
 0.997258  0.046497 -0.057569     3.205261
>../../../../class2/his//data/domains/Catalytic_domain/structures/HisRS_AF_Bact_Streptobacillus_moniliformis_DSM_12112_gene29674169.pdb
-0.692780  0.663041  0.283608    -7.929688
 0.639451  0.382978  0.666656     3.886928
 0.333404  0.643199 -0.689302    -2.127767
>../../../../class2/his//data/domains/Catalytic_domain/structures/HisRS_AF_Bact_Streptomyces_albidoflavus_gene15149169.pdb
-0.893872  0.416795  0.165149    -2.638710
 0.373844  0.489637  0.787716     0.828499
 0.247453  0.765857 -0.593489    -1.777714
>../../../../class2/his//data/domains/Catalytic_domain/structures/HisRS_AF_Bact_Thermus_thermophilus_HB8_gene3168691.pdb
-0.511520  0.705732  0.490193    -5.071523
 0.758850  0.103397  0.643006     4.596705
 0.403106  0.700893 -0.588434    -3.202221
>../../../../class2/his//data/domains/Catalytic_domain/structures/HisRS_AF_Bact_Treponema_denticola_ATCC_35405_gene2741405.pdb
-0.606506 -0.684471  0.404536    -1.575023
-0.757719  0.343464 -0.554883     1.472922
 0.240857 -0.643064 -0.726950    -2.091332
>../../../../class2/his//data/domains/Catalytic_domain/structures/HisRS_AF_Euk_Arabidopsis_thaliana_gene823753.pdb
-0.885471  0.377614  0.270830    -3.747188
 0.432998  0.458900  0.775837     0.699291
 0.168683  0.804250 -0.569849    -1.620127
>../../../../class2/his//data/domains/Catalytic_domain/structures/HisRS_AF_Euk_Cryptococcus_gattii_WM276_gene10186972.pdb
-0.163730  0.197540 -0.966525    -4.337743
 0.214217 -0.949249 -0.230298     1.329695
-0.962966 -0.244752  0.113104    -0.888447
>../../../../class2/his//data/domains/Catalytic_domain/structures/HisRS_AF_Euk_Plasmodium_falciparum_3D7_gene812010.pdb
-0.628346  0.604500  0.489654     1.993381
 0.643081  0.757810 -0.110321   -13.068135
-0.437754  0.245567 -0.864910    -4.232989
>../../../../class2/his//data/domains/Catalytic_domain/structures/HisRS_AF_Euk_Platysiphonia_delicata_gene33353157.pdb
-0.690647  0.643440  0.330139    -8.202598
 0.638009  0.327161  0.697072     5.815472
 0.340516  0.692062 -0.636474    -1.866366
>../../../../class2/his//data/domains/Catalytic_domain/structures/HisRS_PDB_Arch_T_acidophilum_1WU7.pdb
-0.434404  0.861528 -0.262797   -21.998643
 0.216644 -0.183261 -0.958896    75.154431
-0.874276 -0.473481 -0.107035    37.084765
>../../../../class2/his//data/domains/Catalytic_domain/structures/HisRS_PDB_Bact_B_thailandensis_4e51.pdb
 0.192208  0.895312 -0.401837    13.410095
-0.956441  0.262583  0.127557    -0.050313
 0.219719  0.359816  0.906783   -44.222120
>../../../../class2/his//data/domains/Catalytic_domain/structures/HisRS_PDB_Bact_E_coli_1HTT.pdb
-0.224892 -0.959050 -0.172181    12.993406
-0.937925  0.165185  0.304977   -22.329525
-0.264046  0.230079 -0.936666    13.552911
>../../../../class2/phe5//data/domains/Catalytic_domain/structures/PheRS-M_AF_Mito_Arabidopsis_thaliana_gene824983.pdb
 0.758982 -0.510612  0.404006     2.788863
-0.382945  0.151759  0.911220    -7.602209
-0.526592 -0.846312 -0.080354    -0.465757
>../../../../class2/phe5//data/domains/Catalytic_domain/structures/PheRS-M_AF_Mito_Babesia_bovis_T2Bo_gene5478469.pdb
-0.514862  0.333743 -0.789641    -1.707836
-0.137846 -0.941352 -0.307986    -2.921410
-0.846118 -0.049721  0.530671    -2.290090
>../../../../class2/phe5//data/domains/Catalytic_domain/structures/PheRS-M_AF_Mito_Candida_albicans_SC5314_gene3638806.pdb
 0.867879  0.090595  0.488445     0.041970
-0.103070 -0.928998  0.355444    -2.866772
 0.485965 -0.358826 -0.796920     1.710789
>../../../../class2/phe5//data/domains/Catalytic_domain/structures/PheRS-M_AF_Mito_Crassostrea_gigas_gene105329377.pdb
-0.842391  0.001226 -0.538866    -9.302151
 0.463663  0.511200 -0.723665    -6.593036
 0.274581 -0.859461 -0.431199     3.857113
>../../../../class2/phe5//data/domains/Catalytic_domain/structures/PheRS-M_AF_Mito_Drosophila_melanogaster_gene36547.pdb
 0.170513  0.117640  0.978308     1.080900
 0.672094 -0.739930 -0.028167    -1.300054
 0.720565  0.662318 -0.205233    -2.045176
>../../../../class2/phe5//data/domains/Catalytic_domain/structures/PheRS-M_AF_Mito_Syngnathus_acus_gene119139175.pdb
 0.249928 -0.955038  0.159496    -4.086118
 0.504904 -0.012010 -0.863092    -5.295738
 0.826201  0.296241  0.479201     2.082830
>../../../../class2/phe5//data/domains/Catalytic_domain/structures/PheRS-M_PDB_Mito.H_sapiens_3CMQ.pdb
-0.157585  0.270903  0.949620   -23.718063
-0.518207 -0.841276  0.154001    13.427989
 0.840612 -0.467831  0.272956     7.688837
