>../../../../class2/lys//data/domains/Catalytic_domain/structures/LysRS-II_AF_Arch_Aciduliprofundum_boonei_T469_gene8827564.pdb
-0.728370  0.551795 -0.406202    62.761873
 0.146241 -0.453981 -0.878928   -84.921075
-0.669396 -0.699588  0.249971    32.202362
>../../../../class2/lys//data/domains/Catalytic_domain/structures/LysRS-II_AF_Arch_Archaeoglobus_sulfaticallidus_PM70-1_gene15393615.pdb
 0.138752  0.907307  0.396916    61.798734
 0.111432  0.383944 -0.916608   -88.455962
-0.984038  0.171410 -0.047830    26.542711
>../../../../class2/lys//data/domains/Catalytic_domain/structures/LysRS-II_AF_Arch_Candidatus_Woesearchaeota_archaeon_proteinMBS3172198.1.pdb
 0.673540  0.207393  0.709459    61.319048
 0.490399  0.592770 -0.638852   -86.752441
-0.553040  0.778211  0.297549    28.378616
>../../../../class2/lys//data/domains/Catalytic_domain/structures/LysRS-II_AF_Arch_Thermogladius_calderae_1633_gene13013549.pdb
-0.852063 -0.121614 -0.509115    63.734664
 0.472110 -0.598598 -0.647142   -83.836301
-0.226054 -0.791764  0.567458    30.680031
>../../../../class2/lys//data/domains/Catalytic_domain/structures/LysRS-II_AF_Bact_Chlamydia_muridarum_str_Nigg_gene1245697.pdb
-0.874672 -0.129094 -0.467209    64.305555
 0.437189 -0.626356 -0.645402   -85.000072
-0.209321 -0.768774  0.604294    32.046663
>../../../../class2/lys//data/domains/Catalytic_domain/structures/LysRS-II_AF_Bact_Cupriavidus_taiwanensis_LMG_19424_gene29762375.pdb
 0.183754  0.862133  0.472187    62.741867
 0.159176  0.447929 -0.879786   -87.824835
-0.969999  0.236825 -0.054922    23.480596
>../../../../class2/lys//data/domains/Catalytic_domain/structures/LysRS-II_AF_Bact_Leuconostoc_gelidum_JB7_gene61037106.pdb
 0.025342  0.825647  0.563617    63.428927
 0.130903  0.556203 -0.820672   -84.227889
-0.991071  0.094577 -0.093984    28.558149
>../../../../class2/lys//data/domains/Catalytic_domain/structures/LysRS-II_AF_Bact_Mycobacterium_intracellulare_ATCC_13950_gene11907187.pdb
 0.020592  0.941252  0.337075    61.589422
 0.123228  0.332187 -0.935129   -87.812789
-0.992165  0.060793 -0.109149    24.165800
>../../../../class2/lys//data/domains/Catalytic_domain/structures/LysRS-II_AF_Bact_Mycoplasma_hyopneumoniae_168-L_gene57101062.pdb
 0.080062  0.824440  0.560257    62.578170
 0.070365  0.555985 -0.828209   -83.348360
-0.994303  0.105730 -0.013498    30.364985
>../../../../class2/lys//data/domains/Catalytic_domain/structures/LysRS-II_AF_Bact_Porphyromonas_gingivalis_ATCC_33277_gene29256363.pdb
-0.697439  0.542346 -0.468445    61.829817
 0.346909 -0.316475 -0.882892   -84.765096
-0.627084 -0.778270  0.032578    33.427075
>../../../../class2/lys//data/domains/Catalytic_domain/structures/LysRS-II_AF_Bact_Prochlorococcus_marinus_subsp_marinus_str_CCMP1375_gene54201108.pdb
-0.159064  0.924120  0.347420    63.842923
 0.124992  0.367919 -0.921419   -83.966011
-0.979324 -0.103140 -0.174031    29.698153
>../../../../class2/lys//data/domains/Catalytic_domain/structures/LysRS-II_AF_Bact_Streptobacillus_moniliformis_DSM_12112_gene29673899.pdb
-0.251778  0.963566  0.090269    59.929026
 0.127056  0.125377 -0.983940   -87.053206
-0.959408 -0.236266 -0.153994    24.696962
>../../../../class2/lys//data/domains/Catalytic_domain/structures/LysRS-II_AF_Euk_Ostreococcus_tauri_gene9837657.pdb
 0.212899  0.852373  0.477634    62.265498
 0.163034  0.450997 -0.877509   -89.006643
-0.963376  0.264691 -0.042949    24.964196
>../../../../class2/lys//data/domains/Catalytic_domain/structures/LysRS-II_AF_Euk_Solanum_lycopersicum_gene778357.pdb
-0.523318 -0.585284 -0.619339    64.579502
-0.842813  0.462732  0.274857   -85.679177
 0.125719  0.665824 -0.735441    27.455798
>../../../../class2/lys//data/domains/Catalytic_domain/structures/LysRS-II_AF_Euk_Theileria_annulata_gene3864794.pdb
-0.607713  0.094737 -0.788486    62.904407
-0.581210  0.623534  0.522876   -85.434295
 0.541184  0.776035 -0.323867    23.953272
>../../../../class2/lys//data/domains/Catalytic_domain/structures/LysRS-II_AF_Euk_Zootoca_vivipara_gene118086243.pdb
 0.620928 -0.415516  0.664677    66.896884
 0.727176  0.621947 -0.290510   -83.831825
-0.292683  0.663723  0.688337    28.488932
>../../../../class2/lys//data/domains/Catalytic_domain/structures/LysRS-II_AF_Mito_Malus_domestica_gene103446975.pdb
 0.313067  0.756819  0.573772    63.622678
 0.266329  0.509942 -0.817942   -88.147810
-0.911624  0.408883 -0.041917    23.831835
>../../../../class2/lys//data/domains/Catalytic_domain/structures/LysRS-II_AF_Mito_Scheffersomyces_stipitis_CBS_6054_gene4837999.pdb
 0.196210  0.758510  0.621421    64.248967
 0.181006  0.594831 -0.783206   -88.040645
-0.963711  0.266154 -0.020583    23.715046
>../../../../class2/lys//data/domains/Catalytic_domain/structures/LysRS-II_PDB_Bact_G_stearothermophilus_3E9H.pdb
 1.000000 -0.000000  0.000000     0.000000
 0.000000  1.000000  0.000000     0.000000
-0.000000  0.000000  1.000000     0.000000
>../../../../class2/phe2//data/domains/Catalytic_domain/structures/PheRS-Bβ_AF_Bact_Brachyspira_pilosicoli_95_1000_gene56440382.pdb
 0.078351  0.919279  0.385730    74.867848
-0.885480  0.241937 -0.396727   -73.273436
-0.458025 -0.310473  0.832959    53.458033
>../../../../class2/phe2//data/domains/Catalytic_domain/structures/PheRS-Bβ_AF_Bact_Chlamydia_psittaci_6BC_gene12242429.pdb
-0.811596 -0.494493 -0.311110    79.559539
 0.324566 -0.824419  0.463670   -73.099519
-0.485767  0.275337  0.829591    52.489640
>../../../../class2/phe2//data/domains/Catalytic_domain/structures/PheRS-Bβ_AF_Bact_Ferrimonas_balearica_DSM_9799_gene67181907.pdb
 0.292566 -0.696120  0.655608    78.279628
 0.266434  0.717798  0.643256   -74.970873
-0.918378 -0.013519  0.395473    55.152127
>../../../../class2/phe2//data/domains/Catalytic_domain/structures/PheRS-Bβ_AF_Bact_Lacticaseibacillus_paracasei_gene61269867.pdb
-0.137832  0.949404  0.282195    76.321755
-0.950121 -0.046260 -0.308433   -67.942128
-0.279773 -0.310631  0.908425    54.897792
>../../../../class2/phe2//data/domains/Catalytic_domain/structures/PheRS-Bβ_AF_Bact_Mycobacterium_intracellulare_ATCC_13950_gene11909688.pdb
-0.288496 -0.934717  0.207542    78.715938
 0.598141 -0.006681  0.801363   -73.728947
-0.747661  0.355329  0.561020    54.706029
>../../../../class2/phe2//data/domains/Catalytic_domain/structures/PheRS-Bβ_AF_Bact_Mycoplasma_hyopneumoniae_168-L_gene57101148.pdb
-0.733773  0.678414 -0.036486    74.623878
-0.647387 -0.714484 -0.265334   -73.727008
-0.206075 -0.171075  0.963466    62.528169
>../../../../class2/phe2//data/domains/Catalytic_domain/structures/PheRS-Bβ_AF_Bact_Porphyromonas_gingivalis_ATCC_33277_gene29257179.pdb
-0.553886  0.553576 -0.621904    74.118087
 0.403395  0.831850  0.381180   -76.836095
 0.728343 -0.039742 -0.684060    53.151903
>../../../../class2/phe2//data/domains/Catalytic_domain/structures/PheRS-Bβ_AF_Bact_Prochlorococcus_marinus_subsp_marinus_str_CCMP1375_gene54200309.pdb
-0.843609 -0.418211 -0.336785    80.187085
 0.163371 -0.797381  0.580941   -73.476998
-0.511502  0.435066  0.741001    53.617112
>../../../../class2/phe2//data/domains/Catalytic_domain/structures/PheRS-Bβ_AF_Euk_Didymosphenia_geminata_gene19740299.pdb
-0.774841  0.541148 -0.326772    76.475191
-0.465876 -0.838222 -0.283448   -75.456789
-0.427295 -0.067392  0.901597    51.162963
>../../../../class2/phe2//data/domains/Catalytic_domain/structures/PheRS-Bβ_AF_Euk_Gracilariopsis_tenuifrons_gene68635617.pdb
 0.486447  0.431737  0.759587    69.248144
 0.399777 -0.883020  0.245874   -82.872915
 0.776884  0.184061 -0.602141    54.749493
>../../../../class2/phe2//data/domains/Catalytic_domain/structures/PheRS-Bβ_PDB_Bact.B_E_coli_3PCO.pdb
-0.893235  0.029726 -0.448606    80.061402
 0.383672  0.570544 -0.726137   -28.766203
 0.234364 -0.820729 -0.521035    74.427374
>../../../../class2/phe2//data/domains/Catalytic_domain/structures/PheRS-Bβ_PDB_Bact.B_T_thermophilus_1PYS.pdb
-0.596397  0.322619 -0.735002    78.406454
-0.800923 -0.178467  0.571551   -67.038721
 0.053220  0.929552  0.364830   -16.248301
