>../../../../class2/phe1//data/domains/Catalytic_domain/structures/PheRS-Bα_AF_Bact_Brachyspira_pilosicoli_95_1000_gene56440383.pdb
-0.140053 -0.882402 -0.449169   -22.868725
 0.430869  0.354123 -0.830030     1.712718
 0.891480 -0.309781  0.330603    58.818453
>../../../../class2/phe1//data/domains/Catalytic_domain/structures/PheRS-Bα_AF_Bact_Chlamydia_psittaci_6BC_gene12243227.pdb
-0.886450  0.027691 -0.461995   -24.831622
 0.366462  0.651686 -0.664086     0.537614
 0.282687 -0.757983 -0.587835    61.545519
>../../../../class2/phe1//data/domains/Catalytic_domain/structures/PheRS-Bα_AF_Bact_Ferrimonas_balearica_DSM_9799_gene67181906.pdb
 0.558755 -0.765514 -0.319031   -27.749453
-0.362364 -0.571373  0.736360     1.008649
-0.745979 -0.295840 -0.596652    61.282253
>../../../../class2/phe1//data/domains/Catalytic_domain/structures/PheRS-Bα_AF_Bact_Mycobacterium_intracellulare_ATCC_13950_gene11909689.pdb
-0.112843  0.504604 -0.855944   -34.965091
-0.986115 -0.162501  0.034205    -1.013503
-0.121832  0.847920  0.515935    62.309635
>../../../../class2/phe1//data/domains/Catalytic_domain/structures/PheRS-Bα_AF_Bact_Mycoplasma_capricolum_subsp_capricolum_ATCC_27343_gene23778662.pdb
 0.711164 -0.684477 -0.160426   -25.638074
-0.135756 -0.357602  0.923954     3.205663
-0.689794 -0.635304 -0.347236    60.194062
>../../../../class2/phe1//data/domains/Catalytic_domain/structures/PheRS-Bα_AF_Bact_Porphyromonas_gingivalis_ATCC_33277_gene29256875.pdb
-0.514117 -0.511272 -0.688683   -23.286227
 0.646891  0.296108 -0.702746    -1.738017
 0.563219 -0.806797  0.178503    57.866827
>../../../../class2/phe1//data/domains/Catalytic_domain/structures/PheRS-Bα_AF_Bact_Prochlorococcus_marinus_subsp_marinus_str_CCMP1375_gene54200681.pdb
 0.801025  0.588438 -0.110004   -33.498323
-0.414064  0.677333  0.608088     1.089391
 0.432331 -0.441544  0.786211    64.858443
>../../../../class2/phe1//data/domains/Catalytic_domain/structures/PheRS-Bα_AF_Bact_Staphylococcus_argenteus_gene66839332.pdb
 0.995451  0.083377  0.046112   -26.029203
-0.070601  0.320488  0.944618     1.595928
 0.063981 -0.943576  0.324917    65.846112
>../../../../class2/phe1//data/domains/Catalytic_domain/structures/PheRS-Bα_PDB_Bact.A_E_coli_3PCO.pdb
 1.000000 -0.000000  0.000000     0.000000
 0.000000  1.000000  0.000000     0.000000
-0.000000  0.000000  1.000000     0.000000
>../../../../class2/phe1//data/domains/Catalytic_domain/structures/PheRS-Bα_PDB_Bact.A_T_thermophilus_1PYS.pdb
 0.193483 -0.143328  0.970578   -32.523840
-0.575400 -0.817849 -0.006069    52.384867
 0.794656 -0.557297 -0.240711    78.546611
>../../../../class2/pro2//data/domains/Catalytic_domain/structures/ProRS-B_AF_Bact_Acinetobacter_baylyi_ADP1_gene45233245.pdb
 0.277767  0.959982 -0.035791   -27.251337
-0.903910  0.273794  0.328609    -6.703450
 0.325258 -0.058925  0.943788    49.579305
>../../../../class2/pro2//data/domains/Catalytic_domain/structures/ProRS-B_AF_Bact_Brachyspira_pilosicoli_95_1000_gene56438966.pdb
 0.955353  0.015233  0.295074   -27.363129
-0.289845  0.242205  0.925919    -6.254898
-0.057364 -0.970105  0.235807    51.151059
>../../../../class2/pro2//data/domains/Catalytic_domain/structures/ProRS-B_AF_Bact_Chlamydia_psittaci_6BC_gene12242703.pdb
-0.277130  0.913653  0.297383   -31.117630
 0.865409  0.371821 -0.335881    -9.360103
-0.417452  0.164275 -0.893727    50.678939
>../../../../class2/pro2//data/domains/Catalytic_domain/structures/ProRS-B_AF_Bact_Clostridium_acetobutylicum_DSM_1731_gene44999665.pdb
 0.440736  0.897115  0.030593   -27.489623
-0.790531  0.371777  0.486665    -6.817506
 0.425221 -0.238675  0.873053    50.694769
>../../../../class2/pro2//data/domains/Catalytic_domain/structures/ProRS-B_AF_Bact_Corynebacterium_ulcerans_809_gene75260584.pdb
 0.023985  0.275293  0.961061   -28.669914
 0.938473  0.325094 -0.116543    -8.059078
-0.344518  0.904725 -0.250557    50.129692
>../../../../class2/pro2//data/domains/Catalytic_domain/structures/ProRS-B_AF_Bact_Prochlorococcus_marinus_subsp_marinus_str_CCMP1375_gene54199876.pdb
 0.382993  0.915694 -0.121743   -27.265545
-0.824683  0.398314  0.401552    -7.534280
 0.416191 -0.053392  0.907708    48.885505
>../../../../class2/pro2//data/domains/Catalytic_domain/structures/ProRS-B_AF_Bact_Streptobacillus_moniliformis_DSM_12112_gene29673723.pdb
-0.092967  0.784190 -0.613517   -27.415033
-0.991892 -0.019320  0.125609    -5.787527
 0.086648  0.620220  0.779628    51.314113
>../../../../class2/pro2//data/domains/Catalytic_domain/structures/ProRS-B_PDB_Bact_S_aureus_5znj.pdb
 0.006358  0.818129  0.574999   -40.113618
-0.996790 -0.040704  0.068937    -5.436422
 0.079804 -0.573592  0.815245    33.421014
>../../../../class2/pro2//data/domains/Catalytic_domain/structures/ProRS_PDB_Bact_E_faecalis_2J3M.pdb
-0.115832  0.957314 -0.264827   -10.114015
-0.992186 -0.123965 -0.014147    20.185191
-0.046373  0.261119  0.964192    43.008629
