>../../../../class2/gly2//data/domains/Catalytic_domain/structures/GlyRS-Bα_AF_Bact_Brachyspira_pilosicoli_95_1000_gene56440230.pdb
-0.154250 -0.987415  0.034905   -50.181287
-0.486141  0.045093 -0.872716    11.963978
 0.860159 -0.151585 -0.486979    -1.557238
>../../../../class2/gly2//data/domains/Catalytic_domain/structures/GlyRS-Bα_AF_Bact_Chlamydia_pneumoniae_TW-183_gene45051002.pdb
 0.114705 -0.227540  0.966989   -50.378510
-0.300224  0.919956  0.252086    32.120763
-0.946947 -0.319229  0.037211   -10.008866
>../../../../class2/gly2//data/domains/Catalytic_domain/structures/GlyRS-Bα_AF_Bact_Lacticaseibacillus_paracasei_gene61269714.pdb
 0.269672  0.950338 -0.155356   -48.611221
-0.830512  0.147883 -0.537010    11.168424
-0.487367  0.273842  0.829147    -2.172739
>../../../../class2/gly2//data/domains/Catalytic_domain/structures/GlyRS-Bα_AF_Bact_Prochlorococcus_marinus_subsp_marinus_str_CCMP1375_gene54200602.pdb
-0.506650  0.794613 -0.334508   -48.340913
-0.634388 -0.606338 -0.479485    11.023473
-0.583831 -0.030723  0.811294    -1.864760
>../../../../class2/gly2//data/domains/Catalytic_domain/structures/GlyRS-Bα_AF_Bact_Salmonella_enterica_subsp_enterica_serovar_Typhimurium_str_LT2_gene1255180.pdb
-0.461293 -0.258271 -0.848826   -47.407056
-0.106661 -0.933615  0.342034    12.491661
-0.880813  0.248315  0.403123    -2.311628
>../../../../class2/gly2//data/domains/Catalytic_domain/structures/GlyRS-Bα_AF_Bact_Streptobacillus_moniliformis_DSM_12112_gene29673275.pdb
-0.336450  0.935747 -0.105731   -48.511240
-0.762527 -0.336596 -0.552499    11.496497
-0.552588 -0.105265  0.826780    -1.905016
>../../../../class2/gly2//data/domains/Catalytic_domain/structures/GlyRS-Bα_AF_Euk_Ostreococcus_tauri_gene9837276.pdb
-0.160047 -0.862166  0.480682   -51.126166
 0.596774  0.303378  0.742848    30.399671
-0.786286  0.405749  0.465963    -9.656034
>../../../../class2/gly2//data/domains/Catalytic_domain/structures/GlyRS-Bα_AF_Mito_Nymphaea_colorata_gene116265348.pdb
-0.178864  0.073952  0.981091   -51.076349
-0.367454  0.919994 -0.136338    32.816485
-0.912680 -0.384892 -0.137380    -8.546047
>../../../../class2/gly2//data/domains/Catalytic_domain/structures/GlyRS-Bα_PDB_Bact_A_aeolicus_5f5w.pdb
 1.000000  0.000000  0.000000     0.000000
 0.000000  1.000000  0.000000     0.000000
 0.000000  0.000000  1.000000     0.000000
>../../../../class2/gly2//data/domains/Catalytic_domain/structures/GlyRS-Bα_PDB_Bact_C_jejuni_3ufg.pdb
 0.387904 -0.921452  0.021370   -32.053279
-0.072998 -0.007601  0.997303    13.934547
-0.918804 -0.388418 -0.070213    32.107529
>../../../../class2/gly2//data/domains/Catalytic_domain/structures/GlyRS-Bα_PDB_Bact_T_maritima_1j5w.pdb
 0.007193  0.654532 -0.756000   -80.596440
-0.231982 -0.734302 -0.637953    68.809543
-0.972693  0.179968  0.146558    25.868828
>../../../../class2/pro2//data/domains/Catalytic_domain/structures/ProRS-B_AF_Bact_Acinetobacter_baylyi_ADP1_gene45233245.pdb
-0.151713 -0.896137  0.417039   -43.701246
 0.559043 -0.425750 -0.711483    15.708255
 0.815140  0.125201  0.565571   -11.629170
>../../../../class2/pro2//data/domains/Catalytic_domain/structures/ProRS-B_AF_Bact_Brachyspira_pilosicoli_95_1000_gene56438966.pdb
-0.906477 -0.389710 -0.162559   -42.851479
 0.071339  0.238100 -0.968617    14.532000
 0.416185 -0.889626 -0.188031   -10.633468
>../../../../class2/pro2//data/domains/Catalytic_domain/structures/ProRS-B_AF_Bact_Chlamydia_psittaci_6BC_gene12242703.pdb
 0.092845 -0.786469 -0.610611   -39.257034
-0.502044 -0.566573  0.653411    18.031027
-0.859844  0.245888 -0.447446   -10.771233
>../../../../class2/pro2//data/domains/Catalytic_domain/structures/ProRS-B_AF_Bact_Clostridium_acetobutylicum_DSM_1731_gene44999665.pdb
-0.238010 -0.919331  0.313340   -42.768226
 0.398169 -0.386611 -0.831861    15.216417
 0.885897 -0.073229  0.458066   -10.742879
>../../../../class2/pro2//data/domains/Catalytic_domain/structures/ProRS-B_AF_Bact_Corynebacterium_ulcerans_809_gene75260584.pdb
-0.144520  0.096834 -0.984752   -41.863475
-0.653225 -0.756860  0.021441    16.676873
-0.743243  0.646364  0.172636   -11.041793
>../../../../class2/pro2//data/domains/Catalytic_domain/structures/ProRS-B_AF_Bact_Prochlorococcus_marinus_subsp_marinus_str_CCMP1375_gene54199876.pdb
-0.186569 -0.865962  0.464006   -43.719214
 0.441775 -0.495803 -0.747673    16.718515
 0.877512  0.065494  0.475062   -11.658834
>../../../../class2/pro2//data/domains/Catalytic_domain/structures/ProRS-B_AF_Bact_Streptobacillus_moniliformis_DSM_12112_gene29673723.pdb
 0.119770 -0.473126  0.872815   -42.768945
 0.826298 -0.439842 -0.351812    14.276233
 0.550352  0.763342  0.338263   -10.670988
>../../../../class2/pro2//data/domains/Catalytic_domain/structures/ProRS-B_PDB_Bact_S_aureus_5znj.pdb
 0.019342 -0.979438 -0.200815   -38.383881
 0.815648  0.131617 -0.563378    25.016386
 0.578225 -0.152897  0.801423   -29.282829
>../../../../class2/pro2//data/domains/Catalytic_domain/structures/ProRS_PDB_Bact_E_faecalis_2J3M.pdb
 0.101447 -0.783729  0.612762   -61.924132
 0.906696 -0.180637 -0.381146    -8.050482
 0.409402  0.594255  0.692279   -24.339640
