>structures/GluGlnRS_AF_Bact_Campylobacter_lari_RM2100_gene7410051.pdb
 0.349332  0.640102  0.684278     0.097133
-0.236445  0.766873 -0.596657   -15.710306
-0.906676  0.046637  0.419242    46.550029
>structures/GluRS-B_AF_Bact_Chlamydia_psittaci_6BC_gene12242467.pdb
 0.544051 -0.836096  0.070375     0.333054
-0.448472 -0.360658 -0.817801    -7.397185
 0.709141  0.413364 -0.571182    46.020851
>structures/GluRS-B_AF_Bact_Escherichia_coli_O157:H7_str._Sakai_gene915601.pdb
-0.832295 -0.062710 -0.550774     2.471247
 0.259302 -0.922218 -0.286838   -15.119072
-0.489946 -0.381551  0.783818    50.319467
>structures/GluRS-B_AF_Bact_[Eubacterium]_eligens_ATCC_27750_gene41357084.pdb
 0.282018 -0.959019  0.027348    -1.098901
-0.864788 -0.266445 -0.425615   -16.175999
 0.415460  0.096381 -0.904491    46.822937
>structures/GluRS-B_AF_Bact_Porphyromonas_gingivalis_ATCC_33277_gene29255772.pdb
 0.150127  0.860173  0.487406    -0.425686
-0.351109  0.507244 -0.787036   -15.432433
-0.924221 -0.052978  0.378166    48.679940
>structures/GluRS-B_AF_Bact_Treponema_pallidum_subsp_pertenue_str_SamoaD_gene57879197.pdb
 0.533923 -0.815933  0.221766    -0.082970
-0.715521 -0.575752 -0.395651   -15.840094
 0.450507  0.052569 -0.891224    50.712636
>structures/GluRS-B_AF_Euk_Cryptococcus_neoformans_var_grubii_H99_gene23890400.pdb
 0.420074  0.687635  0.592196    -0.650146
-0.336409  0.724067 -0.602126   -17.504228
-0.842833  0.053717  0.535488    50.823745
>structures/GluRS-B_AF_Mito_Drosophila_melanogaster_gene39828.pdb
-0.427835 -0.834282 -0.347752     3.640530
 0.855434 -0.497986  0.142275   -15.296092
-0.291873 -0.236608  0.926729    48.446137
>structures/GluRS-B_PDB_Bact_T_therm_1J09.pdb
 0.481109  0.635882  0.603480   -42.087708
-0.455744  0.769469 -0.447453   -17.787057
-0.748887 -0.059758  0.659998    77.470080
>structures/GlxRS-B_AF_Bact_Bifidobacterium_animalis_subsp_lactis_BLC1_gene66532600.pdb
 0.455623 -0.601092  0.656580     0.278935
-0.555509 -0.768335 -0.317916   -16.060076
 0.695570 -0.219886 -0.683983    48.881325
>structures/GlxRS-B_AF_Bact_Mycoplasma_hyopneumoniae_168-L_gene57101016.pdb
 0.432244 -0.898247  0.079476    -0.019474
-0.844260 -0.434077 -0.314330   -15.139426
 0.316844  0.068769 -0.945981    47.888961
>structures/GlxRS-B_AF_Bact_Paracoccus_denitrificans_PD1222_gene75500422.pdb
 0.385922 -0.918733 -0.083634    -0.879215
-0.888878 -0.346050 -0.300242   -16.327717
 0.246901  0.190211 -0.950189    47.295840
>structures/GlxRS-B_AF_Bact_Prochlorococcus_marinus_subsp_marinus_str_CCMP1375_gene54199839.pdb
 0.663046 -0.439724  0.605816    -0.196918
 0.455703  0.879153  0.139370   -16.206794
-0.593890  0.183664  0.783302    47.777388
>structures/GlxRS-B_AF_Euk_Arabidopsis_thaliana_gene836526.pdb
-0.295364 -0.853262 -0.429772     0.524211
 0.870688 -0.425578  0.246548   -11.396319
-0.393271 -0.301376  0.868626    51.454053
>structures/GlxRS-B_AF_Euk_Ostreococcus_tauri_proteinOUS48355.1.pdb
-0.672132 -0.188797 -0.715957    -3.716003
 0.439103 -0.880196 -0.180119   -12.306355
-0.596176 -0.435443  0.674510    49.739352
>structures/GlxRS-B_AF_Euk_Plasmodium_knowlesi_strain_H_gene7321821.pdb
 0.561096 -0.787193  0.255926     0.399342
-0.646749 -0.609888 -0.457987   -13.923191
 0.516610  0.091455 -0.851322    49.036903
>structures/GlxRS-B_AF_Mito_Cyanidioschyzon_merolae_strain_10D_gene16997617.pdb
-0.674505 -0.184255 -0.714908    -2.555439
 0.468412 -0.855293 -0.221503   -14.909703
-0.570643 -0.484277  0.663206    50.450505
>structures/GlxRS-B_AF_Mito_Homo_sapiens_gene124454.pdb
-0.094362 -0.945840 -0.310617     1.958743
 0.937396 -0.189482  0.292207   -10.843005
-0.335237 -0.263598  0.904507    48.989605
>structures/GlxRS-B_PDB_Bact_S_elong_2CFO.pdb
 1.000000  0.000000  0.000000     0.000000
 0.000000  1.000000 -0.000000     0.000000
-0.000000  0.000000  1.000000     0.000000
