>structures/GluGlnRS_AF_Bact_Campylobacter_lari_RM2100_gene7410051.pdb
 0.046329  0.459755 -0.886836    -1.683449
 0.076882 -0.886797 -0.455719     3.671836
-0.995963 -0.047069 -0.076431    -5.129863
>structures/GluRS-B_AF_Bact_Chlamydia_psittaci_6BC_gene12242467.pdb
-0.830124 -0.229769 -0.508036     5.675151
-0.487445  0.741446  0.461145     0.088019
 0.270724  0.630447 -0.727492    -3.645795
>structures/GluRS-B_AF_Bact_[Eubacterium]_eligens_ATCC_27750_gene41357084.pdb
-0.999528 -0.014647 -0.026997    -1.936517
-0.024515  0.909976  0.413935     5.023215
 0.018504  0.414402 -0.909906    -4.493444
>structures/GluRS-B_AF_Bact_Porphyromonas_gingivalis_ATCC_33277_gene29255772.pdb
 0.013034  0.208440 -0.977948    -2.140596
 0.301342 -0.933380 -0.194925     3.353642
-0.953427 -0.292156 -0.074977    -2.991747
>structures/GluRS-B_AF_Bact_Treponema_pallidum_subsp_pertenue_str_SamoaD_gene57879197.pdb
-0.958608 -0.276544 -0.067785    -3.311084
-0.284720  0.928973  0.236523     2.745088
-0.002439  0.246033 -0.969259    -1.445220
>structures/GluRS-B_AF_Euk_Cryptococcus_neoformans_var_grubii_H99_gene23890400.pdb
-0.087804  0.413866 -0.906093    -4.652087
 0.034009 -0.907831 -0.417955     3.851889
-0.995557 -0.067513  0.065636    -1.526772
>structures/GluRS-B_AF_Mito_Drosophila_melanogaster_gene39828.pdb
 0.986286 -0.091527 -0.137342    -3.130989
 0.087193  0.995494 -0.037264    -0.061569
 0.140134  0.024778  0.989823    -4.887624
>structures/GluRS-B_AF_Mito_Homo_sapiens_gene124454.pdb
 0.974785  0.222929 -0.009866     1.016004
-0.222396  0.966927 -0.124866    -0.677673
-0.018296  0.123912  0.992125    -2.587488
>structures/GluRS-B_PDB_Bact_T_therm_1J09.pdb
-0.246589  0.511294 -0.823270    -3.259547
 0.005892 -0.848695 -0.528849    31.368057
-0.969102 -0.135259  0.206266    39.294325
>structures/GlxRS-B_AF_Bact_Bifidobacterium_animalis_subsp_lactis_BLC1_gene66532600.pdb
-0.891962 -0.404753 -0.201444    -2.978198
-0.362265  0.906420 -0.217178     2.956042
 0.270496 -0.120739 -0.955120    -3.272474
>structures/GlxRS-B_AF_Bact_Mycoplasma_hyopneumoniae_168-L_gene57101016.pdb
-0.987503 -0.138849  0.074556    -1.690248
-0.104228  0.930221  0.351889     3.125182
-0.118213  0.339721 -0.933068    -3.776823
>structures/GlxRS-B_AF_Bact_Paracoccus_denitrificans_PD1222_gene75500422.pdb
-0.985150 -0.103647  0.136882    -2.236912
-0.024357  0.873538  0.486146     4.544704
-0.169959  0.475593 -0.863091    -4.213771
>structures/GlxRS-B_AF_Bact_Prochlorococcus_marinus_subsp_marinus_str_CCMP1375_gene54199839.pdb
 0.432413  0.824020 -0.366074    -2.519522
-0.583658 -0.053665 -0.810225     3.806560
-0.687286  0.564014  0.457740    -4.085518
>structures/GlxRS-B_AF_Euk_Arabidopsis_thaliana_gene836526.pdb
 1.000000  0.000000  0.000000     0.000000
 0.000000  1.000000  0.000000     0.000000
 0.000000  0.000000  1.000000     0.000000
>structures/GlxRS-B_AF_Euk_Ostreococcus_tauri_proteinOUS48355.1.pdb
 0.817918 -0.536962 -0.206594     1.168026
 0.560735  0.663617  0.495165     4.634088
-0.128785 -0.520849  0.843878     0.086651
>structures/GlxRS-B_AF_Euk_Plasmodium_knowlesi_strain_H_gene7321821.pdb
-0.932758 -0.339088 -0.122400    -1.354539
-0.359301  0.902124  0.238903     1.847680
 0.029410  0.266817 -0.963298    -2.686252
>structures/GlxRS-B_AF_Mito_Cyanidioschyzon_merolae_strain_10D_gene16997617.pdb
 0.829956 -0.503765 -0.239569    -1.706944
 0.549497  0.664376  0.506613     4.468998
-0.096050 -0.552109  0.828221    -0.440370
>structures/GlxRS-B_PDB_Bact_S_elong_2CFO.pdb
-0.295364  0.870688 -0.393271    30.312871
-0.853262 -0.425578 -0.301376    11.104275
-0.429772  0.246548  0.868626   -41.659277
