>structures/GluGlnRS_AF_Bact_Campylobacter_lari_RM2100_gene7410051.pdb
-0.085442  0.369109 -0.925450     1.706150
 0.042288 -0.926666 -0.373499     3.600253
-0.995445 -0.071048  0.063568    -0.580050
>structures/GluRS-B_AF_Bact_Chlamydia_psittaci_6BC_gene12242467.pdb
-0.823552 -0.071587 -0.562706     8.880240
-0.398440  0.779079  0.484027    -0.604069
 0.403742  0.622826 -0.670135     0.031165
>structures/GluRS-B_AF_Bact_[Eubacterium]_eligens_ATCC_27750_gene41357084.pdb
-0.985096  0.133476 -0.108487     1.585065
 0.080576  0.915342  0.394533     4.867005
 0.151963  0.379912 -0.912455     0.008413
>structures/GluRS-B_AF_Bact_Porphyromonas_gingivalis_ATCC_33277_gene29255772.pdb
-0.094316  0.081752 -0.992180     1.549178
 0.269205 -0.957399 -0.104477     3.396637
-0.958454 -0.276953  0.068290     1.614027
>structures/GluRS-B_AF_Bact_Treponema_pallidum_subsp_pertenue_str_SamoaD_gene57879197.pdb
-0.973110 -0.159913 -0.165786     0.398290
-0.195250  0.954513  0.225352     2.822690
 0.122208  0.251662 -0.960068     3.294217
>structures/GluRS-B_AF_Euk_Cryptococcus_neoformans_var_grubii_H99_gene23890400.pdb
-0.223419  0.318093 -0.921358    -0.677712
 0.012351 -0.944252 -0.328992     4.165050
-0.974644 -0.084883  0.207035     3.389004
>structures/GluRS-B_AF_Mito_Drosophila_melanogaster_gene39828.pdb
 1.000000 -0.000000  0.000000     0.000000
 0.000000  1.000000  0.000000     0.000000
-0.000000  0.000000  1.000000     0.000000
>structures/GluRS-B_PDB_Bact_T_therm_1J09.pdb
-0.380797  0.408626 -0.829469     9.010099
-0.001503 -0.897326 -0.441365    32.732618
-0.924657 -0.166824  0.342313    42.341625
>structures/GlxRS-B_AF_Bact_Bifidobacterium_animalis_subsp_lactis_BLC1_gene66532600.pdb
-0.873593 -0.335827 -0.352216     0.650326
-0.268494  0.936221 -0.226718     3.072668
 0.405890 -0.103491 -0.908044     1.465955
>structures/GlxRS-B_AF_Bact_Mycoplasma_hyopneumoniae_168-L_gene57101016.pdb
-0.999631 -0.006762 -0.026312     1.862135
-0.014700  0.949128  0.314548     3.102812
 0.022847  0.314819 -0.948877     0.782611
>structures/GlxRS-B_AF_Bact_Paracoccus_denitrificans_PD1222_gene75500422.pdb
-0.997499  0.041466  0.057236     1.382653
 0.062662  0.893436  0.444799     4.550155
-0.032693  0.447273 -0.893800     0.363575
>structures/GlxRS-B_AF_Bact_Prochlorococcus_marinus_subsp_marinus_str_CCMP1375_gene54199839.pdb
 0.279912  0.886289 -0.368972     1.055233
-0.640293 -0.114018 -0.759621     3.816562
-0.715314  0.448878  0.535570     0.583773
>structures/GlxRS-B_AF_Euk_Arabidopsis_thaliana_gene836526.pdb
 0.986286  0.087193  0.140134     3.778339
-0.091527  0.995494  0.024778    -0.104173
-0.137342 -0.037264  0.989823     4.405570
>structures/GlxRS-B_AF_Euk_Ostreococcus_tauri_proteinOUS48355.1.pdb
 0.836033 -0.547055 -0.042179     5.357252
 0.483009  0.697326  0.529565     4.378214
-0.260289 -0.463106  0.847220     4.157044
>structures/GlxRS-B_AF_Euk_Plasmodium_knowlesi_strain_H_gene7321821.pdb
-0.945194 -0.211663 -0.248609     2.358553
-0.266987  0.939337  0.215322     1.878227
 0.187952  0.269896 -0.944368     1.879106
>structures/GlxRS-B_AF_Mito_Cyanidioschyzon_merolae_strain_10D_gene16997617.pdb
 0.856136 -0.512419 -0.066762     2.489028
 0.459328  0.695434  0.552621     4.511063
-0.236745 -0.503784  0.830755     4.018259
>structures/GlxRS-B_PDB_Bact_S_elong_2CFO.pdb
-0.427835  0.855434 -0.291873    28.782467
-0.834282 -0.497986 -0.236608     6.882752
-0.347752  0.142275  0.926729   -41.454184
