>structures/GluGlnRS_AF_Bact_Campylobacter_lari_RM2100_gene7410051.pdb
 0.201695 -0.122119 -0.971805    -2.153907
 0.536568 -0.816287  0.213940     3.665216
-0.819398 -0.564591 -0.099116    -4.266821
>structures/GluRS-B_AF_Bact_Chlamydia_psittaci_6BC_gene12242467.pdb
-0.985279  0.157793 -0.065770     1.651135
-0.016380  0.295819  0.955103    -3.467473
 0.170165  0.942121 -0.288880    -6.286920
>structures/GluRS-B_AF_Bact_[Eubacterium]_eligens_ATCC_27750_gene41357084.pdb
-0.826452  0.458639  0.326539    -1.651261
 0.522897  0.410288  0.747156     4.465164
 0.208700  0.788235 -0.578904    -3.050164
>structures/GluRS-B_AF_Bact_Porphyromonas_gingivalis_ATCC_33277_gene29255772.pdb
 0.295546 -0.324072 -0.898682    -2.949568
 0.683461 -0.585540  0.435918     2.588231
-0.667483 -0.743048  0.048436    -2.506248
>structures/GluRS-B_AF_Bact_Treponema_pallidum_subsp_pertenue_str_SamoaD_gene57879197.pdb
-0.942605  0.264746  0.203482    -4.533268
 0.329497  0.638746  0.695295     1.982004
 0.054103  0.722435 -0.689318    -1.290665
>structures/GluRS-B_AF_Euk_Cryptococcus_neoformans_var_grubii_H99_gene23890400.pdb
 0.067771 -0.168749 -0.983326    -4.898494
 0.581886 -0.793920  0.176348     3.514995
-0.810442 -0.584135  0.044388    -0.493668
>structures/GluRS-B_AF_Mito_Drosophila_melanogaster_gene39828.pdb
 0.836033  0.483009 -0.260289    -5.511528
-0.547055  0.697326 -0.463106     1.802822
-0.042179  0.529565  0.847220    -5.614518
>structures/GluRS-B_PDB_Bact_T_therm_1J09.pdb
-0.082035 -0.048519 -0.995448     6.988170
 0.633935 -0.773249 -0.014554     0.221515
-0.769023 -0.632243  0.094192    47.191695
>structures/GlxRS-B_AF_Bact_Bifidobacterium_animalis_subsp_lactis_BLC1_gene66532600.pdb
-0.964775  0.198375 -0.172790    -3.824861
 0.100879  0.885564  0.453431     2.926518
 0.242966  0.420028 -0.874382    -2.761944
>structures/GlxRS-B_AF_Bact_Mycoplasma_hyopneumoniae_168-L_gene57101016.pdb
-0.849950  0.373705  0.371388    -2.611670
 0.523680  0.521868  0.673359     2.600719
 0.057822  0.766810 -0.639264    -3.379648
>structures/GlxRS-B_AF_Bact_Paracoccus_denitrificans_PD1222_gene75500422.pdb
-0.796431  0.354599  0.489855    -2.197834
 0.602467  0.395254  0.693403     4.068098
 0.052262  0.847369 -0.528426    -2.949970
>structures/GlxRS-B_AF_Bact_Prochlorococcus_marinus_subsp_marinus_str_CCMP1375_gene54199839.pdb
 0.115212  0.571204 -0.812682    -2.944817
-0.261714 -0.771769 -0.579551     3.605250
-0.958244  0.279461  0.060575    -3.168502
>structures/GlxRS-B_AF_Euk_Arabidopsis_thaliana_gene836526.pdb
 0.817918  0.560735 -0.128785    -3.542687
-0.536962  0.663617 -0.520849    -2.402942
-0.206594  0.495165  0.843878    -2.126454
>structures/GlxRS-B_AF_Euk_Ostreococcus_tauri_proteinOUS48355.1.pdb
 1.000000 -0.000000  0.000000     0.000000
 0.000000  1.000000  0.000000     0.000000
-0.000000  0.000000  1.000000     0.000000
>structures/GlxRS-B_AF_Euk_Plasmodium_knowlesi_strain_H_gene7321821.pdb
-0.967907  0.213788  0.132104    -2.998201
 0.241798  0.648976  0.721362     1.019782
 0.068486  0.730154 -0.679842    -3.098760
>structures/GlxRS-B_AF_Mito_Cyanidioschyzon_merolae_strain_10D_gene16997617.pdb
 0.999039  0.042502 -0.010705    -2.392301
-0.042015  0.998227  0.042154     1.805783
 0.012478 -0.041664  0.999054     0.101617
>structures/GlxRS-B_AF_Mito_Homo_sapiens_gene124454.pdb
 0.674786  0.708809 -0.205555    -2.756368
-0.661428  0.457280 -0.594481    -2.051765
-0.327377  0.537107  0.777393    -4.856911
>structures/GlxRS-B_PDB_Bact_S_elong_2CFO.pdb
-0.672132  0.439103 -0.596176    32.559542
-0.188797 -0.880196 -0.435443    10.125055
-0.715957 -0.180119  0.674510   -38.426784
