>structures/MetRS_AF_Arch_Aciduliprofundum_boonei_T469_gene8827030.pdb
 0.667051  0.743016  0.054496     2.308644
-0.679859  0.637000 -0.363350     8.496060
-0.304689  0.205323  0.930058    -1.311031
>structures/MetRS_AF_Arch_Candidatus_Korarchaeum_cryptofilum_OPF8_gene6093355.pdb
-0.124345 -0.501671 -0.856075     4.305343
 0.362569 -0.826081  0.431432     6.501740
-0.923624 -0.256740  0.284609     1.337191
>structures/MetRS_AF_Arch_Candidatus_Nitrosopumilus_sediminis_gene13696902.pdb
-0.734158 -0.675263 -0.070937     1.558037
-0.560757  0.661919 -0.497409     5.092575
 0.382836 -0.325398 -0.864611     0.202374
>structures/MetRS_AF_Arch_Halalkalicoccus_jeotgali_B3_gene9420443.pdb
 0.743304  0.645292  0.176343     2.212712
-0.562500  0.745589 -0.357339     4.875921
-0.362067  0.166419  0.917176    -1.831487
>structures/MetRS_AF_Bact_Bacillus_anthracis_str_Ames_Ancestor_gene45024892.pdb
-0.381392  0.705022  0.597899     2.656792
 0.496079 -0.389670  0.775927     4.947950
 0.780029  0.592538 -0.201130    -0.645145
>structures/MetRS_AF_Bact_Brucella_suis_1330_gene45052047.pdb
-0.032285 -0.547077 -0.836460     1.606843
 0.471616 -0.746207  0.469845     3.697138
-0.881213 -0.379319  0.282102     2.267297
>structures/MetRS_AF_Bact_Chlamydia_psittaci_6BC_gene12243105.pdb
 0.999881 -0.006739  0.013879    -0.047903
 0.006865  0.999936 -0.008999    -0.202885
-0.013817  0.009093  0.999863     0.247640
>structures/MetRS_AF_Bact_Mycoplasma_hyopneumoniae_168-L_gene57101263.pdb
 0.954513  0.271844  0.122501    -0.260960
-0.291023  0.938791  0.184330     2.895554
-0.064894 -0.211596  0.975200    -0.098004
>structures/MetRS_AF_Bact_Nocardia_farcinica_IFM_10152_gene61135500.pdb
 0.398318 -0.776378 -0.488445     1.024522
 0.737692 -0.045323  0.673614     2.590588
-0.545117 -0.628635  0.554675     3.320841
>structures/MetRS_AF_Bact_Prochlorococcus_marinus_subsp_marinus_str_CCMP1375_gene54200313.pdb
-0.986865 -0.088222 -0.135330     0.573702
-0.094679  0.994620  0.042028     3.204108
 0.130895  0.054288 -0.989909     1.755447
>structures/MetRS_AF_Bact_Streptobacillus_moniliformis_DSM_12112_gene29673607.pdb
-0.194741 -0.285430  0.938406    -0.517005
 0.175650 -0.951405 -0.252932     6.328694
 0.964999  0.115575  0.235413     0.673127
>structures/MetRS_AF_Bact_Treponema_denticola_ATCC_35405_gene2740824.pdb
-0.954739 -0.297411  0.004574     3.025368
-0.268827  0.856194 -0.441208     4.271061
 0.127304 -0.422468 -0.897393     2.881830
>structures/MetRS_AF_Euk_Drosophila_melanogaster_gene37177.pdb
 0.660897  0.684611 -0.307447    -4.017981
-0.709155  0.435634 -0.554367    -2.524934
-0.245591  0.584406  0.773404    -1.274211
>structures/MetRS_AF_Euk_Homo_sapiens_gene4141.pdb
 0.044754  0.116024  0.992238    -1.116354
 0.405195 -0.909973  0.088129     8.504834
 0.913134  0.398105 -0.087738     4.346937
>structures/MetRS_AF_Euk_Oryza_sativa_Japonica_Group_gene4341140.pdb
 0.247843  0.855025 -0.455528    -2.454682
-0.764635 -0.116090 -0.633922     1.990494
-0.594901  0.505426  0.625010    -4.208210
>structures/MetRS_AF_Euk_Scheffersomyces_stipitis_CBS_6054_gene4836672.pdb
-0.546357 -0.836566 -0.040642    -2.932698
-0.634835  0.445284 -0.631432     4.214230
 0.546331 -0.319186 -0.774366     8.304004
>structures/MetRS_AF_Euk_Trypanosoma_brucei_brucei_TREU927_gene3662741.pdb
 0.013055 -0.166236  0.986000    -1.247410
 0.063410 -0.983961 -0.166732     3.155987
 0.997902  0.064699 -0.002304     3.794391
>structures/MetRS_AF_Mito_Arvicanthis_niloticus_gene117706247.pdb
-0.097819 -0.853126  0.512452    -1.776363
-0.455854 -0.419318 -0.785092     4.442566
 0.884663 -0.310400 -0.347884     2.015747
>structures/MetRS_AF_Mito_Brachypodium_distachyon_gene100843706.pdb
 0.772471  0.630707  0.074148    -0.279353
-0.618583  0.773710 -0.136850     4.586990
-0.143681  0.059846  0.987813     0.333085
>structures/MetRS_AF_Mito_Homo_sapiens_gene92935.pdb
-0.169824 -0.893856  0.414947    -2.107680
-0.508378 -0.281248 -0.813911     4.617502
 0.844222 -0.349172 -0.406654     1.533999
>structures/MetRS_AF_Vir_Megavirus_chiliensis_gene11256705.pdb
-0.693370 -0.719232 -0.044079     2.552345
-0.563140  0.579024 -0.589580     5.202484
 0.449568 -0.383974 -0.806506    -0.944087
>structures/MetRS_PDB_Arch_P_abyssi_1RQG.pdb
-0.177401 -0.009464  0.984093   -87.342816
 0.209812 -0.977329  0.028423    23.591352
 0.961513  0.211517  0.175364   -39.526806
>structures/MetRS_PDB_Bact_E_coli_1PFV.pdb
 0.236124 -0.652246 -0.720292    27.738112
 0.925291 -0.075477  0.371672   -13.819196
-0.296787 -0.754240  0.585696    -9.844668
>structures/MetRS_PDB_Bact_T_therm_1WOY.pdb
-0.388701 -0.901973  0.188030   -41.305777
 0.401523  0.017852  0.915675  -111.215895
-0.829271  0.431422  0.355224   -33.934725
