>structures/MetRS_AF_Arch_Aciduliprofundum_boonei_T469_gene8827030.pdb
-0.497449 -0.856096  0.140155    -0.662558
-0.641466  0.254238 -0.723799     5.460570
 0.584009 -0.449958 -0.675627     1.819685
>structures/MetRS_AF_Arch_Candidatus_Korarchaeum_cryptofilum_OPF8_gene6093355.pdb
-0.074733  0.667628  0.740735    -1.815511
 0.740407 -0.460434  0.489692     2.066279
 0.667992  0.585041 -0.459907     0.385592
>structures/MetRS_AF_Arch_Candidatus_Nitrosopumilus_sediminis_gene13696902.pdb
 0.892774  0.438408  0.103694     1.120870
-0.436926  0.898702 -0.037821     2.066137
-0.109771 -0.011541  0.993890     1.988324
>structures/MetRS_AF_Arch_Halalkalicoccus_jeotgali_B3_gene9420443.pdb
-0.606403 -0.794894  0.020475     0.360840
-0.537588  0.390867 -0.747143     2.658699
 0.585896 -0.464077 -0.664348     3.878546
>structures/MetRS_AF_Bact_Bacillus_anthracis_str_Ames_Ancestor_gene45024892.pdb
 0.319193 -0.512569 -0.797113     0.035042
 0.199939 -0.785757  0.585330     1.970706
-0.926359 -0.346207 -0.148325     2.758640
>structures/MetRS_AF_Bact_Brucella_suis_1330_gene45052047.pdb
-0.184815  0.681302  0.708287     1.704408
 0.790964 -0.324626  0.518646     0.008518
 0.583283  0.656083 -0.478890     0.680783
>structures/MetRS_AF_Bact_Chlamydia_psittaci_6BC_gene12243105.pdb
-0.962680 -0.253874  0.093777     3.974219
-0.268849  0.857261 -0.439118    -2.012989
 0.031089 -0.447942 -0.893522     4.188776
>structures/MetRS_AF_Bact_Mycoplasma_hyopneumoniae_168-L_gene57101263.pdb
-0.843514 -0.533921 -0.058418     3.408340
-0.496730  0.816847 -0.293292     0.951322
 0.204314 -0.218378 -0.954236     3.119774
>structures/MetRS_AF_Bact_Nocardia_farcinica_IFM_10152_gene61135500.pdb
-0.636017  0.689424  0.346667     2.781888
 0.752039  0.453066  0.478716    -1.232967
 0.172975  0.565178 -0.806631     0.157830
>structures/MetRS_AF_Bact_Prochlorococcus_marinus_subsp_marinus_str_CCMP1375_gene54200313.pdb
 0.986479 -0.161464  0.028095     2.776511
 0.127300  0.862864  0.489142     0.018333
-0.103221 -0.478952  0.871751     1.266827
>structures/MetRS_AF_Bact_Streptobacillus_moniliformis_DSM_12112_gene29673607.pdb
 0.245123  0.537101 -0.807117     2.870072
-0.206674 -0.784429 -0.584771     3.561803
-0.947207  0.310151 -0.081277     0.896982
>structures/MetRS_AF_Bact_Treponema_denticola_ATCC_35405_gene2740824.pdb
 0.999809  0.015709  0.011663     0.195345
-0.015754  0.999869  0.003795    -0.137574
-0.011602 -0.003978  0.999925    -0.019979
>structures/MetRS_AF_Euk_Drosophila_melanogaster_gene37177.pdb
-0.474300 -0.705580  0.526495     8.278359
-0.692681 -0.070013 -0.717838    -2.139586
 0.543354 -0.705163 -0.455534     6.598945
>structures/MetRS_AF_Euk_Homo_sapiens_gene4141.pdb
-0.054107  0.162813 -0.985172     3.142016
-0.061913 -0.985266 -0.159428     3.796391
-0.996614  0.052369  0.063390    -3.442791
>structures/MetRS_AF_Euk_Oryza_sativa_Japonica_Group_gene4341140.pdb
-0.105905 -0.736164  0.668466     5.315605
-0.473657 -0.553734 -0.684855     2.325985
 0.874319 -0.389153 -0.290047     7.255270
>structures/MetRS_AF_Euk_Saccharomyces_cerevisiae_S288C_gene853181.pdb
 0.932307  0.360666 -0.026894     5.315814
-0.360351  0.920003 -0.154083    -3.317499
-0.030830  0.153344  0.987692    -4.024570
>structures/MetRS_AF_Euk_Scheffersomyces_stipitis_CBS_6054_gene4836672.pdb
 0.735786  0.670748  0.093361     6.582399
-0.645728  0.736425 -0.201776    -1.312084
-0.204095  0.088178  0.974972    -4.361646
>structures/MetRS_AF_Euk_Trypanosoma_brucei_brucei_TREU927_gene3662741.pdb
 0.081577  0.425002 -0.901509     4.815079
-0.370736 -0.826678 -0.423272    -0.176231
-0.925149  0.368751  0.090125    -0.346200
>structures/MetRS_AF_Mito_Arvicanthis_niloticus_gene117706247.pdb
 0.312357  0.894365 -0.320225     4.713583
-0.738888  0.016869 -0.673617     1.766655
-0.597058  0.447019  0.666105     0.628457
>structures/MetRS_AF_Mito_Brachypodium_distachyon_gene100843706.pdb
-0.597942 -0.798983  0.063969     3.077226
-0.685662  0.468533 -0.557085     2.051850
 0.415130 -0.376966 -0.827988     2.027088
>structures/MetRS_AF_Mito_Homo_sapiens_gene92935.pdb
 0.380039  0.896445 -0.227939     4.890950
-0.752269  0.156164 -0.640081     2.026003
-0.538202  0.414728  0.733716     0.808508
>structures/MetRS_AF_Vir_Megavirus_chiliensis_gene11256705.pdb
 0.861782  0.496055  0.106116     0.019328
-0.479315  0.864755 -0.149851     2.375148
-0.166099  0.078276  0.982997     3.041872
>structures/MetRS_PDB_Arch_P_abyssi_1RQG.pdb
 0.219917  0.286907 -0.932374    77.204268
-0.180570 -0.927284 -0.327931    59.988836
-0.958661  0.240476 -0.152119    27.894708
>structures/MetRS_PDB_Bact_E_coli_1PFV.pdb
-0.501621  0.560319  0.659104   -20.185908
 0.853899  0.442837  0.273407   -17.243601
-0.138680  0.699956 -0.700593    19.753861
>structures/MetRS_PDB_Bact_T_therm_1WOY.pdb
 0.175996  0.907182 -0.382160    69.204487
 0.809740  0.087345  0.580251   -70.942485
 0.559773 -0.411572 -0.719210    83.188034
