>structures/MetRS_AF_Arch_Aciduliprofundum_boonei_T469_gene8827030.pdb
-0.554281  0.192970  0.809651    17.817162
 0.592789 -0.591322  0.546753    22.060459
 0.584272  0.783007  0.213368    94.460401
>structures/MetRS_AF_Arch_Candidatus_Korarchaeum_cryptofilum_OPF8_gene6093355.pdb
-0.788795 -0.331428  0.517647    19.598353
-0.549044  0.758524 -0.350986    24.543906
-0.276321 -0.561067 -0.780289    96.861671
>structures/MetRS_AF_Arch_Candidatus_Nitrosopumilus_sediminis_gene13696902.pdb
 0.383331 -0.052455 -0.922120    18.680442
 0.630792 -0.714406  0.302863    25.478200
-0.674655 -0.697763 -0.240766    93.961037
>structures/MetRS_AF_Arch_Halalkalicoccus_jeotgali_B3_gene9420443.pdb
-0.597599  0.202444  0.775817    16.427579
 0.473650 -0.691587  0.545310    25.140868
 0.646940  0.693342  0.317404    94.303549
>structures/MetRS_AF_Bact_Bacillus_anthracis_str_Ames_Ancestor_gene45024892.pdb
 0.919094  0.364587 -0.149473    17.659221
-0.325308  0.488011 -0.809951    25.637885
-0.222353  0.793046  0.567131    94.835418
>structures/MetRS_AF_Bact_Brucella_suis_1330_gene45052047.pdb
-0.746839 -0.410093  0.523503    20.213918
-0.639061  0.660331 -0.394417    27.292335
-0.183938 -0.629116 -0.755235    94.410139
>structures/MetRS_AF_Bact_Chlamydia_psittaci_6BC_gene12243105.pdb
-0.181194  0.201008  0.962686    17.604494
-0.005632 -0.979085  0.203373    30.514214
 0.983431  0.031428  0.178536    92.040231
>structures/MetRS_AF_Bact_Mycoplasma_hyopneumoniae_168-L_gene57101263.pdb
-0.297852 -0.070077  0.952036    18.138810
 0.265935 -0.963913  0.012248    27.615256
 0.916822  0.256828  0.305740    92.034552
>structures/MetRS_AF_Bact_Nocardia_farcinica_IFM_10152_gene61135500.pdb
-0.450499 -0.473344  0.756965    21.041572
-0.832592 -0.083288 -0.547589    28.447417
 0.322244 -0.876931 -0.356581    93.977142
>structures/MetRS_AF_Bact_Prochlorococcus_marinus_subsp_marinus_str_CCMP1375_gene54200313.pdb
 0.294657  0.266104 -0.917805    19.801825
 0.133266 -0.962503 -0.236280    27.669431
-0.946265 -0.052691 -0.319071    93.296471
>structures/MetRS_AF_Bact_Streptobacillus_moniliformis_DSM_12112_gene29673607.pdb
 0.999688 -0.024468  0.004980    19.578689
 0.021988  0.957132  0.288815    24.420524
-0.011833 -0.288616  0.957372    91.982890
>structures/MetRS_AF_Bact_Treponema_denticola_ATCC_35405_gene2740824.pdb
 0.231754 -0.175636 -0.956787    20.663787
 0.291415 -0.925859  0.240545    26.912905
-0.928099 -0.334569 -0.163389    95.755543
>structures/MetRS_AF_Euk_Drosophila_melanogaster_gene37177.pdb
-0.502370  0.534193  0.679899    16.439380
 0.637268 -0.302704  0.708703    32.795508
 0.584393  0.789308 -0.188355    87.830332
>structures/MetRS_AF_Euk_Oryza_sativa_Japonica_Group_gene4341140.pdb
-0.781333  0.304811  0.544618    14.586088
 0.613134  0.211919  0.761023    28.035934
 0.116553  0.928537 -0.352470    89.158760
>structures/MetRS_AF_Euk_Scheffersomyces_stipitis_CBS_6054_gene4836672.pdb
 0.484797 -0.066595 -0.872088    26.748805
 0.735666 -0.508231  0.447769    28.044409
-0.473041 -0.858642 -0.197397    90.908628
>structures/MetRS_AF_Euk_Trypanosoma_brucei_brucei_TREU927_gene3662741.pdb
 0.972184 -0.100131 -0.211737    22.106093
 0.134413  0.978845  0.154258    28.063970
 0.191811 -0.178427  0.965076    91.579743
>structures/MetRS_AF_Mito_Arvicanthis_niloticus_gene117706247.pdb
 0.779716 -0.223982 -0.584701    20.721773
 0.624083  0.353526  0.696807    26.476615
 0.050634 -0.908213  0.415433    90.915625
>structures/MetRS_AF_Mito_Brachypodium_distachyon_gene100843706.pdb
-0.411298  0.096169  0.906413    18.947063
 0.568129 -0.750579  0.337432    26.082422
 0.712786  0.653745  0.254076    92.227728
>structures/MetRS_AF_Vir_Megavirus_chiliensis_gene11256705.pdb
 0.429661 -0.113193 -0.895867    17.375746
 0.653909 -0.645190  0.395137    25.345688
-0.622731 -0.755591 -0.203195    94.717942
>structures/MetRS_PDB_Arch_P_abyssi_1RQG.pdb
 1.000000  0.000000  0.000000     0.000000
 0.000000  1.000000  0.000000     0.000000
 0.000000  0.000000  1.000000     0.000000
>structures/MetRS_PDB_Bact_E_coli_1PFV.pdb
-0.128001 -0.623540  0.771242     0.369202
-0.970716 -0.080629 -0.226295    41.688449
 0.203289 -0.777623 -0.594959   117.370347
>structures/MetRS_PDB_Bact_T_therm_1WOY.pdb
-0.648045  0.582227  0.490969   -29.953715
-0.553022  0.083501 -0.828972   133.379677
-0.523646 -0.808727  0.267872    43.081874
