>structures/SerRS-A_AF_Arch_Conexivisphaera_calida_protein1635512986.pdb
 0.355745 -0.630269 -0.690077     2.476638
 0.921402  0.112951  0.371834    -0.283293
-0.156411 -0.768116  0.620913     0.093652
>structures/SerRS-A_AF_Arch_Ignisphaera_aggregans_protein304378874.pdb
-0.054897 -0.192009 -0.979856     2.339759
 0.616486 -0.778473  0.118008     1.673677
-0.785450 -0.597589  0.161107     1.128704
>structures/SerRS-A_AF_Arch_Methanosarcina_barkeri_protein805401349.pdb
 1.000000  0.000000  0.000000     0.000000
 0.000000  1.000000  0.000000     0.000000
 0.000000  0.000000  1.000000     0.000000
>structures/SerRS-A_AF_Arch_Unclassified_Thermoplasmata_protein1635512986.pdb
 0.510281 -0.611494 -0.604722     0.030738
 0.859541  0.385790  0.335194    -1.710995
 0.028327 -0.690827  0.722465     1.323234
>structures/SerRS-A_PDB_Arch_M_barkeri_2cjb.pdb
-0.878072 -0.430622  0.208695    24.901872
-0.459349  0.636265 -0.619811    74.539425
 0.134119 -0.640102 -0.756493    56.116362
