>../../../../class1/glu2//data/domains/Catalytic_domain/structures/GlxRS-A_AF_Arch_Candidatus_Korarchaeum_cryptofilum_OPF8_gene6094352.pdb
 0.411083 -0.474963 -0.778088    -6.655506
 0.773464 -0.270003  0.573456    -2.528214
-0.482457 -0.837561  0.256373     0.963631
>../../../../class1/glu2//data/domains/Catalytic_domain/structures/GlxRS-A_AF_Arch_Methanothrix_soehngenii_GP6_gene10459943.pdb
 0.601126  0.654049 -0.459203    -9.317299
-0.728913  0.213169 -0.650573    -4.208087
-0.327619  0.725795  0.604886     0.525478
>../../../../class1/glu2//data/domains/Catalytic_domain/structures/GlxRS-A_AF_Arch_Nitrosopumilus_maritimus_SCM1_gene5773999.pdb
-0.082219 -0.016027  0.996485    -7.724699
 0.249450 -0.968375  0.005007    -5.073272
 0.964891  0.248985  0.083616     2.101336
>../../../../class1/glu2//data/domains/Catalytic_domain/structures/GlxRS-A_AF_Arch_Sulfolobus_islandicus_LAL14_1_gene15298417.pdb
-0.948149  0.316977  0.023222   -11.586332
 0.279454  0.796643  0.535972    -1.276878
 0.151391  0.514671 -0.843916    -1.734029
>../../../../class1/glu2//data/domains/Catalytic_domain/structures/GlxRS-A_PDB_Arch_M_thermau_3AII.pdb
-0.660637 -0.745729  0.086299    14.527036
 0.037544  0.081993  0.995926   -68.823505
-0.749766  0.661185 -0.026170   -24.579790
>../../../../class1/glu3//data/domains/Catalytic_domain/structures/GluRS-E_AF_Euk_Cyathus_striatus_proteinKAF9013924.1.pdb
 0.925120  0.370512 -0.082912     0.261415
-0.377884  0.877345 -0.295752    -6.650606
-0.036837  0.304937  0.951660     1.218438
>../../../../class1/glu3//data/domains/Catalytic_domain/structures/GluRS-E_AF_Euk_Lichtheimia_hyalospora_proteinKAI7879902.1.pdb
 0.938774 -0.317698 -0.133312    -7.912827
 0.336323  0.761047  0.554702    -5.633182
-0.074771 -0.565576  0.821300    -6.447974
>../../../../class1/glu3//data/domains/Catalytic_domain/structures/GluRS-E_AF_Euk_Medicago_truncatula_gene11407510.pdb
 1.000000  0.000000  0.000000     0.000000
 0.000000  1.000000  0.000000     0.000000
 0.000000  0.000000  1.000000     0.000000
>../../../../class1/glu3//data/domains/Catalytic_domain/structures/GluRS-E_AF_Euk_Xylariaceae_sp_FL0804_proteinKAI0483267.1.pdb
-0.971341 -0.231546 -0.053698   -11.465682
-0.228780  0.972034 -0.053014    -8.513325
 0.064472 -0.039209 -0.997149    -7.185856
>../../../../class1/glu3//data/domains/Catalytic_domain/structures/GluRS-E_PDB_Euk_Gallus_gallus_7WRU.pdb
-0.813575 -0.399214 -0.422758    32.975956
 0.580762 -0.522290 -0.624443    41.554687
 0.028484 -0.753553  0.656770   -73.340405
