>../../../../class2/sep//data/domains/Catalytic_domain/structures/SepRS_AF_Arch_Methanothrix_thermoacetophila_PT_gene4462697.pdb
-0.948292  0.227901 -0.220917    -4.477317
-0.106952  0.425878  0.898437     7.523120
 0.298838  0.875608 -0.379482     0.791967
>../../../../class2/sep//data/domains/Catalytic_domain/structures/SepRS_AF_Arch_unclassified_Candidatus_Bathyarchaeota_proteinUCD26266.1.pdb
 1.000000  0.000000  0.000000     0.000000
 0.000000  1.000000  0.000000     0.000000
 0.000000  0.000000  1.000000     0.000000
>../../../../class2/sep//data/domains/Catalytic_domain/structures/SepRS_AF_Arch_unclassified_Lokiarchaeota_proteinTFF69421.1.pdb
 0.158858  0.961293 -0.225124    -2.120006
-0.117874 -0.207922 -0.971017    -0.825910
-0.980240  0.180790  0.080282    -4.086001
>../../../../class2/sep//data/domains/Catalytic_domain/structures/SepRS_AF_Arch_unclassified_Thermoprotei_proteinRLF12424.1.pdb
 0.284403 -0.694078 -0.661340     0.189275
 0.948931  0.302054  0.091073     4.044860
 0.136548 -0.653467  0.744537     2.053222
>../../../../class2/sep//data/domains/Catalytic_domain/structures/SepRS_PDB_Arch_2DU4_A_fulgidus.pdb
-0.665050 -0.548269  0.507060    60.226681
 0.738493 -0.583804  0.337344    27.151918
 0.111068  0.598811  0.793151   -26.896797
>../../../../class2/sep//data/domains/Catalytic_domain/structures/SepRS_PDB_Arch_2ODR_M_maripadulis.pdb
-0.371674  0.426729 -0.824476    42.295280
-0.637464 -0.762942 -0.107512    60.635349
-0.674906  0.485614  0.555590    25.164198
>../../../../class2/ser2//data/domains/Catalytic_domain/structures/SerRS-A_AF_Arch_Conexivisphaera_calida_protein1635512986.pdb
-0.398660  0.499849 -0.768909   -19.294527
 0.532293 -0.556629 -0.637831    -9.366282
-0.746816 -0.663563 -0.044160    15.751805
>../../../../class2/ser2//data/domains/Catalytic_domain/structures/SerRS-A_AF_Arch_Ignisphaera_aggregans_protein304378874.pdb
 0.250966  0.928150 -0.274871   -21.297799
 0.100512 -0.307411 -0.946254    -9.157587
-0.962763  0.209850 -0.170440    14.878982
>../../../../class2/ser2//data/domains/Catalytic_domain/structures/SerRS-A_AF_Arch_Methanosarcina_barkeri_protein805401349.pdb
 0.067419 -0.608746 -0.790495   -19.489116
 0.983383  0.174400 -0.050433   -11.672942
 0.168563 -0.773959  0.610388    15.035677
>../../../../class2/ser2//data/domains/Catalytic_domain/structures/SerRS-A_AF_Arch_Unclassified_Thermoplasmata_protein1635512986.pdb
-0.495161  0.257210 -0.829855   -19.434161
 0.651814 -0.521540 -0.550576   -11.550143
-0.574416 -0.813535  0.090594    17.185079
>../../../../class2/ser2//data/domains/Catalytic_domain/structures/SerRS-A_PDB_Arch_M_barkeri_2cjb.pdb
 0.087479  0.079710  0.992972  -106.650930
-0.951399 -0.288775  0.106998    25.675669
 0.295274 -0.954073  0.050574    -4.471194
