>../../../../class2/his//data/domains/Catalytic_domain/structures/HisRS_AF_Arch_Candidatus_Methanomassiliicoccus_intestinalis_Issoire-Mx1_gene16154026.pdb
-0.976715 -0.198441 -0.081544    -3.758815
-0.191887  0.978013 -0.081665     0.453975
 0.095957 -0.064116 -0.993318     0.882371
>../../../../class2/his//data/domains/Catalytic_domain/structures/HisRS_AF_Arch_Candidatus_Nitrosopumilus_koreensis_AR1_gene13725657.pdb
 1.000000  0.000000  0.000000     0.000000
 0.000000  1.000000  0.000000     0.000000
 0.000000  0.000000  1.000000     0.000000
>../../../../class2/his//data/domains/Catalytic_domain/structures/HisRS_AF_Arch_Desulfurococcus_amylolyticus_1221n_gene7171287.pdb
 0.121053 -0.389661 -0.912968     1.169988
 0.625970 -0.683840  0.374866     2.539922
-0.770395 -0.616869  0.161135    -0.458805
>../../../../class2/his//data/domains/Catalytic_domain/structures/HisRS_AF_Arch_Methanoregula_formicica_SMSP_gene14310605.pdb
-0.980410  0.196693 -0.010351    -4.161592
 0.185791  0.940959  0.282980     2.368894
 0.065400  0.275513 -0.959070    -1.075271
>../../../../class2/his//data/domains/Catalytic_domain/structures/HisRS_AF_Bact_Chlamydia_muridarum_str_Nigg_gene1246198.pdb
 0.778943  0.559437  0.283335    -0.025179
-0.375325  0.777868 -0.504037     1.520121
-0.502374  0.286273  0.815885     2.078200
>../../../../class2/his//data/domains/Catalytic_domain/structures/HisRS_AF_Bact_Lacticaseibacillus_paracasei_gene61269730.pdb
 0.782597 -0.582060 -0.220790     2.884266
 0.593008  0.589104  0.548905     5.151635
-0.189427 -0.560502  0.806198     2.301053
>../../../../class2/his//data/domains/Catalytic_domain/structures/HisRS_AF_Bact_Paracoccus_denitrificans_PD1222_gene75501415.pdb
 0.009027 -0.055384 -0.998424    -0.195934
 0.551830 -0.832386  0.051163     0.183505
-0.833908 -0.551422  0.023048    -0.023672
>../../../../class2/his//data/domains/Catalytic_domain/structures/HisRS_AF_Bact_Prochlorococcus_marinus_subsp_marinus_str_CCMP1375_gene54200127.pdb
-0.065436 -0.213891 -0.974663    -3.269735
 0.338084 -0.923739  0.180018     6.331018
-0.938838 -0.317738  0.132759    -3.262307
>../../../../class2/his//data/domains/Catalytic_domain/structures/HisRS_AF_Bact_Streptobacillus_moniliformis_DSM_12112_gene29674169.pdb
 0.796941 -0.586855 -0.143130     4.578638
 0.571269  0.655218  0.494308     3.969974
-0.196306 -0.475700  0.857423     1.442689
>../../../../class2/his//data/domains/Catalytic_domain/structures/HisRS_AF_Bact_Streptomyces_albidoflavus_gene15149169.pdb
 0.939254 -0.343207 -0.003475    -1.124215
 0.277208  0.752587  0.597301     2.049610
-0.202382 -0.561980  0.802010     0.616870
>../../../../class2/his//data/domains/Catalytic_domain/structures/HisRS_AF_Bact_Thermus_thermophilus_HB8_gene3168691.pdb
 0.629285 -0.689551 -0.358497     1.931794
 0.749000  0.415017  0.516487     4.803545
-0.207362 -0.593532  0.777638     2.907552
>../../../../class2/his//data/domains/Catalytic_domain/structures/HisRS_AF_Bact_Treponema_denticola_ATCC_35405_gene2741405.pdb
 0.429895  0.748325 -0.505172    -2.359980
-0.767210  0.007788 -0.641349     2.944870
-0.476003  0.663286  0.577471     1.214734
>../../../../class2/his//data/domains/Catalytic_domain/structures/HisRS_AF_Euk_Arabidopsis_thaliana_gene823753.pdb
 0.957116 -0.267344 -0.111604    -0.329631
 0.275473  0.720602  0.636276     1.782037
-0.089682 -0.639734  0.763346     0.394246
>../../../../class2/his//data/domains/Catalytic_domain/structures/HisRS_AF_Euk_Cryptococcus_gattii_WM276_gene10186972.pdb
 0.212354 -0.372349  0.903472     0.539733
-0.098942 -0.928000 -0.359203     2.448042
 0.972171 -0.013113 -0.233906    -0.214212
>../../../../class2/his//data/domains/Catalytic_domain/structures/HisRS_AF_Euk_Plasmodium_falciparum_3D7_gene812010.pdb
 0.740657 -0.444387 -0.503931    -8.723130
 0.359479  0.895746 -0.261558   -10.812509
 0.567628  0.012572  0.823189    -0.680615
>../../../../class2/his//data/domains/Catalytic_domain/structures/HisRS_AF_Euk_Platysiphonia_delicata_gene33353157.pdb
 0.794726 -0.578275 -0.184412     5.082991
 0.573444  0.615762  0.540370     5.874485
-0.198928 -0.535196  0.820970     1.766745
>../../../../class2/his//data/domains/Catalytic_domain/structures/HisRS_PDB_Arch_T_acidophilum_1WU7.pdb
 0.455678 -0.888069  0.060759    32.955110
-0.125888 -0.131864 -0.983242    78.968111
 0.881198  0.440393 -0.171885   -17.005709
>../../../../class2/his//data/domains/Catalytic_domain/structures/HisRS_PDB_Bact_B_thailandensis_4e51.pdb
-0.366181 -0.838051  0.404452   -16.511970
-0.805454  0.503113  0.313245    -8.182922
-0.466000 -0.211063 -0.859242    42.072511
>../../../../class2/his//data/domains/Catalytic_domain/structures/HisRS_PDB_Bact_E_coli_1HTT.pdb
 0.057079  0.967244  0.247348   -21.147319
-0.997877  0.063053 -0.016294   -12.738096
-0.031357 -0.245893  0.968790   -19.488041
>../../../../class2/phe3//data/domains/Catalytic_domain/structures/PheRS-Aα_AF_Arch_Candidatus_Nitrosopumilus_koreensis_AR1_gene13724458.pdb
-0.464854  0.884634 -0.036532     0.379459
-0.512927 -0.302703 -0.803292     4.309742
-0.721677 -0.354675  0.594465    -2.164421
>../../../../class2/phe3//data/domains/Catalytic_domain/structures/PheRS-Aα_AF_Arch_Haloterrigena_turkmenica_DSM_5511_gene8744248.pdb
-0.449081 -0.584553 -0.675740    -6.335694
 0.805064 -0.592770 -0.022247    -2.598516
-0.387554 -0.554004  0.736805     4.506800
>../../../../class2/phe3//data/domains/Catalytic_domain/structures/PheRS-Aα_AF_Arch_Thermoplasma_volcanium_GSS1_gene1441177.pdb
-0.603875  0.777454 -0.175782    -7.758067
 0.273781  0.409428  0.870295    -2.565051
 0.748585  0.477424 -0.460095     5.233318
>../../../../class2/phe3//data/domains/Catalytic_domain/structures/PheRS-Aα_AF_Arch_Thermosphaera_aggregans_DSM_11486_gene9165306.pdb
-0.389939  0.828522 -0.401870    -9.244725
-0.107347 -0.474340 -0.873772    -8.190888
-0.914562 -0.297578  0.273903     7.705247
>../../../../class2/phe3//data/domains/Catalytic_domain/structures/PheRS-Aα_AF_Euk_Cyanidioschyzon_merolae_strain_10D_gene16993638.pdb
 0.538631  0.576443  0.614484    -0.410600
 0.111706 -0.771741  0.626049    -1.150498
 0.835104 -0.268568 -0.480076    11.537719
>../../../../class2/phe3//data/domains/Catalytic_domain/structures/PheRS-Aα_AF_Euk_Megalobrama_amblycephala_gene125266654.pdb
-0.623491 -0.498349 -0.602418    -5.965852
-0.726005  0.654978  0.209573    -9.717729
 0.290130  0.568025 -0.770176     6.833218
>../../../../class2/phe3//data/domains/Catalytic_domain/structures/PheRS-Aα_AF_Euk_Plasmodium_falciparum_3D7_gene813233.pdb
 0.617666  0.392585  0.681444     0.969004
 0.059930  0.840475 -0.538526   -10.432200
-0.784154  0.373468  0.495606     7.663474
>../../../../class2/phe3//data/domains/Catalytic_domain/structures/PheRS-Aα_AF_Euk_Schizosaccharomyces_pombe_gene2543647.pdb
 0.212087 -0.977250  0.001014    -0.051086
 0.967382  0.210092  0.141542    -2.354601
-0.138535 -0.029038  0.989932     9.794124
>../../../../class2/phe3//data/domains/Catalytic_domain/structures/PheRS-Aα_PDB_Euk.B_H_sapiens_3L4G.C.pdb
-0.656148 -0.741969 -0.137669   101.200621
 0.501251 -0.564893  0.655472    66.559728
-0.564108  0.361080  0.742566     8.867009
