>structures/LeuRS-A_AF_Arch_Aciduliprofundum_boonei_T469_gene8828435.pdb
 0.130624 -0.323939  0.937017     0.378576
-0.340539 -0.902273 -0.264455     4.602853
 0.931113 -0.284546 -0.228172     1.438704
>structures/LeuRS-A_AF_Arch_Candidatus_Korarchaeum_cryptofilum_OPF8_gene6093520.pdb
 1.000000  0.000000  0.000000     0.000000
 0.000000  1.000000  0.000000     0.000000
 0.000000  0.000000  1.000000     0.000000
>structures/LeuRS-A_AF_Arch_Candidatus_Nitrosopumilus_koreensis_AR1_gene13725794.pdb
-0.885001  0.375338  0.275490     1.300586
 0.465317  0.733243  0.495818     3.051245
-0.015902  0.566989 -0.823572     0.401451
>structures/LeuRS-A_AF_Arch_Methanobrevibacter_smithii_ATCC_35061_gene5216355.pdb
-0.831408  0.430453  0.351384     2.071457
 0.553800  0.590165  0.587377     2.247296
 0.045464  0.682946 -0.729053     0.544723
>structures/LeuRS-A_AF_Euk_Arabidopsis_thaliana_gene837489.pdb
-0.064602  0.654737 -0.753091     1.462821
-0.294929 -0.733482 -0.612390     2.429074
-0.953333  0.182547  0.240486     2.815399
>structures/LeuRS-A_AF_Euk_Drosophila_melanogaster_gene326262.pdb
-0.874942  0.362717  0.320800     2.400529
 0.482976  0.606103  0.631960     2.801195
 0.034785  0.707867 -0.705489     2.511406
>structures/LeuRS-A_AF_Euk_Leishmania_major_strain_Friedlin_gene5650139.pdb
-0.909432  0.366746  0.196038    -0.960563
 0.411413  0.724778  0.552663     3.864689
 0.060603  0.583262 -0.810020     3.536247
>structures/LeuRS-A_AF_Euk_Neurospora_crassa_OR74A_gene3879366.pdb
-0.805642  0.443765  0.392446    -0.274468
 0.584764  0.489676  0.646737     2.981839
 0.094828  0.750526 -0.654001     1.768861
>structures/LeuRS-A_PDB_Arch_P_hori_1WKB.pdb
-0.374031 -0.864643 -0.335401    76.054454
-0.771004  0.088913  0.630593    98.330347
-0.515417  0.494457 -0.699899    52.064128
