>../../../../class1/leu1//data/domains/Catalytic_domain/structures/LeuRS-B_AF_Bact_Bifidobacterium_longum_subsp_longum_JCM_1217_gene69578373.pdb
 0.840571  0.294118 -0.454902    12.762877
-0.186831  0.945644  0.266181     5.430577
 0.508464 -0.138754  0.849831    -7.013420
>../../../../class1/leu1//data/domains/Catalytic_domain/structures/LeuRS-B_AF_Bact_Brachyspira_pilosicoli_95_1000_gene56439070.pdb
 0.375833  0.482721 -0.791031     9.518299
-0.906517  0.368642 -0.205741     6.645139
 0.192291  0.794408  0.576143    -6.090298
>../../../../class1/leu1//data/domains/Catalytic_domain/structures/LeuRS-B_AF_Bact_Chlamydia_psittaci_6BC_gene12243068.pdb
-0.367594  0.134219  0.920250     9.540135
 0.929108  0.009998  0.369674     5.398525
 0.040417  0.990901 -0.128379    -5.863831
>../../../../class1/leu1//data/domains/Catalytic_domain/structures/LeuRS-B_AF_Bact_Clostridium_botulinum_A_str_ATCC_3502_gene5187707.pdb
-0.857313 -0.356278  0.371591    12.901303
-0.450924  0.171475 -0.875936     7.203876
 0.248359 -0.918511 -0.307662    -3.456478
>../../../../class1/leu1//data/domains/Catalytic_domain/structures/LeuRS-B_AF_Bact_Mycoplasma_hyopneumoniae_168-L_gene57101518.pdb
 0.340593 -0.213343 -0.915686    12.046044
-0.116581 -0.975983  0.184029     6.652106
-0.932955  0.044072 -0.357285    -6.676716
>../../../../class1/leu1//data/domains/Catalytic_domain/structures/LeuRS-B_AF_Bact_Orientia_tsutsugamushi_str_Ikeda_gene66652454.pdb
-0.360429 -0.005298  0.932772    10.592870
 0.910141 -0.221005  0.350429     4.946589
 0.204290  0.975258  0.084478    -5.219653
>../../../../class1/leu1//data/domains/Catalytic_domain/structures/LeuRS-B_AF_Bact_Porphyromonas_gingivalis_ATCC_33277_gene29256038.pdb
 0.632171  0.453854 -0.627993    10.004214
-0.704284  0.674470 -0.221526     5.082296
 0.323022  0.582329  0.746023    -6.235845
>../../../../class1/leu1//data/domains/Catalytic_domain/structures/LeuRS-B_AF_Bact_Thermus_thermophilus_HB8_gene3168656.pdb
-0.836689 -0.447643  0.315544     9.125509
-0.399226  0.104079 -0.910926     1.597722
 0.374928 -0.888135 -0.265793    -1.644043
>../../../../class1/leu1//data/domains/Catalytic_domain/structures/LeuRS-B_AF_Euk_Bathycoccus_prasinos_gene19015540.pdb
-0.274648  0.333415  0.901889    11.226128
 0.956158 -0.004444  0.292817     5.111246
 0.101638  0.942770 -0.317577    -6.734004
>../../../../class1/leu1//data/domains/Catalytic_domain/structures/LeuRS-B_AF_Euk_Klebsormidium_nitens_protein971510658.pdb
 0.442949 -0.212956 -0.870888    11.138007
 0.079864 -0.958146  0.274914     4.987404
-0.892983 -0.191325 -0.407402    -5.746343
>../../../../class1/leu1//data/domains/Catalytic_domain/structures/LeuRS-B_AF_Euk_Plasmodium_falciparum_3D7_gene2655460.pdb
 0.855022  0.373259 -0.360021    10.447070
-0.187076  0.869485  0.457164     3.587679
 0.483674 -0.323534  0.813256    -0.971612
>../../../../class1/leu1//data/domains/Catalytic_domain/structures/LeuRS-B_AF_Euk_Thalassiosira_pseudonana_CCMP1335_gene7441753.pdb
 0.464744  0.603648 -0.647783    10.834684
-0.866383  0.461000 -0.191985     0.986088
 0.182737  0.650452  0.737238    -4.193317
>../../../../class1/leu1//data/domains/Catalytic_domain/structures/LeuRS-B_AF_Mito_Drosophila_melanogaster_gene38581.pdb
 0.125851  0.010942 -0.991989     9.260922
-0.296944 -0.953678 -0.048192     9.160494
-0.946565  0.300630 -0.116772    -4.932637
>../../../../class1/leu1//data/domains/Catalytic_domain/structures/LeuRS-B_AF_Mito_Homo_sapiens_gene23395.pdb
-0.452769  0.256935  0.853806    10.228517
 0.886785  0.030100  0.461200     7.722120
 0.092799  0.965960 -0.241475    -6.276057
>../../../../class1/leu1//data/domains/Catalytic_domain/structures/LeuRS-B_PDB_Bact_T_therm_2V0C.pdb
 0.904608  0.177563  0.387500    -9.695948
-0.091575 -0.806913  0.583529   -32.952986
 0.416292 -0.563350 -0.713679   -18.793294
>../../../../class1/lys//data/domains/Catalytic_domain/structures/LysRS-I_AF_Arch_Candidatus_Bathyarchaeota_archaeon_proteinRJS75864.1.pdb
 0.994655  0.081543 -0.063336    -3.271651
-0.085841  0.993959 -0.068391     0.074596
 0.057376  0.073462  0.995646    -3.274855
>../../../../class1/lys//data/domains/Catalytic_domain/structures/LysRS-I_AF_Arch_Candidatus_Nitrosopumilus_koreensis_AR1_gene13726042.pdb
-0.046341  0.041336 -0.998070    -0.582623
 0.314874 -0.947604 -0.053865     3.701865
-0.948001 -0.316763  0.030898    -2.948240
>../../../../class1/lys//data/domains/Catalytic_domain/structures/LysRS-I_AF_Arch_Ferroplasma_acidarmanus_Fer1_gene16025146.pdb
 1.000000  0.000000  0.000000     0.000000
 0.000000  1.000000  0.000000     0.000000
 0.000000  0.000000  1.000000     0.000000
>../../../../class1/lys//data/domains/Catalytic_domain/structures/LysRS-I_AF_Arch_Halorubrum_lacusprofundi_ATCC_49239_gene7400505.pdb
-0.717068 -0.675031  0.173626    -4.471748
-0.675867  0.612526 -0.409897    -2.367072
 0.170343 -0.411272 -0.895455    -2.198304
>../../../../class1/lys//data/domains/Catalytic_domain/structures/LysRS-I_AF_Bact_Cereibacter_sphaeroides_KD131_gene67447319.pdb
-0.981490  0.177509 -0.071890    -3.023630
 0.124709  0.877269  0.463516     3.761296
 0.145345  0.445971 -0.883167     1.310882
>../../../../class1/lys//data/domains/Catalytic_domain/structures/LysRS-I_AF_Bact_Cyanobacteria_bacterium_J007_proteinRMH73500.1.pdb
 0.901421  0.406184 -0.149849    -3.939937
-0.425038  0.764424 -0.484767    -0.702904
-0.082357  0.500671  0.861711    -4.227587
>../../../../class1/lys//data/domains/Catalytic_domain/structures/LysRS-I_AF_Bact_Streptomyces_albidoflavus_gene15147364.pdb
 0.193235  0.063332 -0.979106    -5.206179
 0.323638 -0.946177  0.002671     2.168796
-0.926239 -0.317392 -0.203331    -2.666781
>../../../../class1/lys//data/domains/Catalytic_domain/structures/LysRS-I_AF_Bact_Treponema_denticola_ATCC_35405_gene2739918.pdb
 0.244199  0.018144 -0.969555    -5.132204
 0.262000 -0.963876  0.047951     2.187536
-0.933661 -0.265733 -0.240131    -2.743811
>../../../../class1/lys//data/domains/Catalytic_domain/structures/LysRS-I_PDB_Arch_P_hori_1IRX.pdb
 0.364955 -0.766425  0.528583   -29.112387
-0.917843 -0.200979  0.342304    26.035980
-0.156116 -0.610082 -0.776806    82.769620
