>../../../../class2/asp2//data/domains/Catalytic_domain/structures/AspRS-E_AF_Euk_Caenorhabditis_elegans_gene176334.pdb
-0.051602  0.854229  0.517330    25.670447
-0.680654  0.348984 -0.644143    -5.568267
-0.730786 -0.385362  0.563426   -17.132444
>../../../../class2/asp2//data/domains/Catalytic_domain/structures/AspRS-E_AF_Euk_Cryptococcus_neoformans_var_neoformans_JEC21_gene3258977.pdb
-0.206244 -0.514947  0.832042    14.215184
 0.492790  0.679956  0.542972    -8.918345
-0.845353  0.522006  0.113524   -13.563918
>../../../../class2/asp2//data/domains/Catalytic_domain/structures/AspRS-E_AF_Euk_Thalassiosira_pseudonana_CCMP1335_gene7443135.pdb
 0.013227  0.780368  0.625181    25.645564
-0.631293  0.491387 -0.600007    -5.728054
-0.775432 -0.386736  0.499140   -19.478137
>../../../../class2/asp2//data/domains/Catalytic_domain/structures/AspRS-E_AF_Euk_Theileria_orientalis_strain_Shintoku_gene20715543.pdb
-0.118274  0.913903  0.388321    25.814509
-0.738185  0.180639 -0.649964    -5.177432
-0.664150 -0.363526  0.653264   -16.291236
>../../../../class2/asp2//data/domains/Catalytic_domain/structures/AspRS-E_PDB_Euk_S_cerevisiae_1EOV.pdb
 0.922075 -0.306593  0.236175    19.433178
-0.070974 -0.733864 -0.675579    40.393589
 0.380448  0.606172 -0.698437    11.093960
>../../../../class2/asp2//data/domains/Catalytic_domain/structures/AsxRS_AF_Arch_Candidatus_Korarchaeum_cryptofilum_OPF8_gene6094477.pdb
 0.121010  0.331056  0.935820    25.493802
-0.421462  0.870689 -0.253517    -5.674027
-0.898736 -0.363734  0.244889   -22.438424
>../../../../class2/asp2//data/domains/Catalytic_domain/structures/AsxRS_AF_Arch_Candidatus_Methanomassiliicoccus_intestinalis_Issoire-Mx1_gene16154831.pdb
 0.194785  0.212866  0.957469    25.664185
-0.303454  0.941353 -0.147549    -5.372726
-0.932724 -0.261808  0.247956   -20.769526
>../../../../class2/asp2//data/domains/Catalytic_domain/structures/AsxRS_AF_Arch_Candidatus_Nitrosopumilus_koreensis_AR1_gene13725312.pdb
 0.275959 -0.321722  0.905727    30.002947
 0.228570  0.937251  0.263279    -5.798636
-0.933597  0.134368  0.332178   -24.864372
>../../../../class2/asp2//data/domains/Catalytic_domain/structures/AsxRS_AF_Arch_Methanobacterium_lacus_gene10277817.pdb
 0.021785 -0.795814  0.605149    30.052475
 0.697552  0.445714  0.561035    -2.731307
-0.716203  0.409901  0.564832   -23.580631
>../../../../class2/asp2//data/domains/Catalytic_domain/structures/AsxRS_AF_Bact_Clostridium_acetobutylicum_DSM_1731_gene45000055.pdb
-0.085309  0.822086  0.562936    24.776566
-0.672130  0.369593 -0.641593    -5.327528
-0.735502 -0.433100  0.521019   -19.982200
>../../../../class2/asp2//data/domains/Catalytic_domain/structures/AsxRS_AF_Bact_Spirochaetes_bacterium_GWE1_32_154_proteinOHD39701.1.pdb
 0.125447 -0.736459  0.664749    26.087286
 0.467550  0.634855  0.615107    -6.229279
-0.875020  0.233640  0.423972   -21.717644
>../../../../class2/asp2//data/domains/Catalytic_domain/structures/AsxRS_AF_Bact_Tropheryma_whipplei_TW08_27_gene67388547.pdb
 0.959728 -0.277167  0.045842    26.038802
-0.251472 -0.920313 -0.299642    -5.829526
 0.125240  0.276047 -0.952950   -21.165824
>../../../../class2/asp2//data/domains/Catalytic_domain/structures/AsxRS_PDB_Arch_T_kodarensis_1b8a.pdb
-0.334122 -0.794598 -0.506928    63.116960
-0.850752  0.485752 -0.200665    24.158444
 0.405689  0.364223 -0.838306   -11.226695
>../../../../class2/asp2//data/domains/Catalytic_domain/structures/AsxRS_PDB_Bact_T_thermophilus_1n9w.pdb
-0.397377 -0.491609 -0.774863    87.110411
-0.917408  0.232413  0.323026     6.777083
 0.021286  0.839229 -0.543362    15.112026
>../../../../class2/phe4//data/domains/Catalytic_domain/structures/PheRS-Aβ_AF_Arch_Candidatus_Nitrosopumilus_koreensis_AR1_gene13724457.pdb
 0.987281 -0.007252  0.158819    -0.022742
-0.015407  0.989893  0.140976     3.018526
-0.158236 -0.141630  0.977191     0.907616
>../../../../class2/phe4//data/domains/Catalytic_domain/structures/PheRS-Aβ_AF_Arch_Halalkalicoccus_jeotgali_B3_gene9420006.pdb
-0.235387  0.337244 -0.911515     1.021654
-0.442855 -0.872065 -0.208287     5.563700
-0.865143  0.354640  0.354623    -0.403008
>../../../../class2/phe4//data/domains/Catalytic_domain/structures/PheRS-Aβ_AF_Arch_Sulfolobus_islandicus_YG5714_gene7807969.pdb
 1.000000 -0.000000  0.000000     0.000000
 0.000000  1.000000  0.000000     0.000000
-0.000000  0.000000  1.000000     0.000000
>../../../../class2/phe4//data/domains/Catalytic_domain/structures/PheRS-Aβ_AF_Arch_Thermoplasma_volcanium_GSS1_gene1441711.pdb
-0.020354 -0.530885  0.847200     0.948292
-0.498439 -0.729172 -0.468900     5.759926
 0.866686 -0.431821 -0.249772     2.193141
>../../../../class2/phe4//data/domains/Catalytic_domain/structures/PheRS-Aβ_AF_Euk_Astyanax_mexicanus_gene103044481.pdb
-0.796327 -0.604544  0.019736    -3.429753
-0.502170  0.642584 -0.578715    -1.128414
 0.337177 -0.470757 -0.815291    -1.156456
>../../../../class2/phe4//data/domains/Catalytic_domain/structures/PheRS-Aβ_AF_Euk_Drosophila_melanogaster_gene42888.pdb
 0.604666  0.690382 -0.397180    -1.325567
-0.516024 -0.040289 -0.855626    -0.875311
-0.606711  0.722322  0.331892    -3.217083
>../../../../class2/phe4//data/domains/Catalytic_domain/structures/PheRS-Aβ_AF_Euk_Plasmodium_falciparum_3D7_gene810604.pdb
 0.966437 -0.239712  0.092398     3.495335
 0.206227  0.938359  0.277403     0.749118
-0.153199 -0.249037  0.956300    -0.635437
>../../../../class2/phe4//data/domains/Catalytic_domain/structures/PheRS-Aβ_AF_Euk_Saccharomyces_cerevisiae_S288C_gene850749.pdb
-0.035070 -0.571785 -0.819653     3.561850
 0.375730 -0.767531  0.519349     5.503829
-0.926065 -0.289755  0.241754     0.143555
>../../../../class2/phe4//data/domains/Catalytic_domain/structures/PheRS-Aβ_PDB_Euk.B_H_sapiens_3L4G.pdb
-0.174597  0.051519 -0.983291    19.328229
 0.900274  0.412796 -0.138228   -78.504023
 0.398777 -0.909365 -0.118454    67.419276
