>structures/AsnRS_AF_Arch_Candidatus_Korarchaeum_cryptofilum_OPF8_gene6094562.pdb
 0.085667  0.119435  0.989139    -5.149148
-0.038338 -0.991659  0.123059     4.403356
 0.995586 -0.048464 -0.080374    -2.344258
>structures/AsnRS_AF_Arch_Candidatus_Nitrososphaera_gargensis_Ga92_gene13796664.pdb
 0.386752  0.645892 -0.658214    -6.630550
-0.634372 -0.331709 -0.698242     2.911935
-0.669324  0.687599  0.281447    -3.986127
>structures/AsnRS_AF_Arch_Ferroplasma_acidarmanus_Fer1_gene16025664.pdb
 0.994890 -0.099461 -0.017388    -0.091562
 0.096774  0.988431 -0.116789    -1.028655
 0.028803  0.114509  0.993005     0.661653
>structures/AsnRS_AF_Arch_Pyrococcus_sp_ST04_gene13021535.pdb
 0.999292 -0.015270 -0.034377    -0.587300
 0.010619  0.991243 -0.131623    -1.465971
 0.036086  0.131165  0.990704    -0.175119
>structures/AsnRS_AF_Bact_Clostridium_acetobutylicum_DSM_1731_gene44999755.pdb
 0.293222  0.703147 -0.647769    -7.320151
-0.634779 -0.363460 -0.681875     4.257757
-0.714896  0.611131  0.339768    -2.750979
>structures/AsnRS_AF_Bact_Mycoplasma_hyopneumoniae_168-L_gene57101291.pdb
 0.956043  0.291921 -0.027634    -0.589604
-0.282274  0.890722 -0.356279    -2.353730
-0.079392  0.348418  0.933971    -1.342347
>structures/AsnRS_AF_Bact_Porphyromonas_gingivalis_ATCC_33277_gene29256423.pdb
 0.994641  0.100040  0.026115    -1.409705
-0.095641  0.986195 -0.135173    -0.432617
-0.039277  0.131951  0.990478    -1.390012
>structures/AsnRS_AF_Bact_Streptobacillus_moniliformis_DSM_12112_gene29673200.pdb
 0.229208  0.711707 -0.664031    -7.104215
-0.589726 -0.441199 -0.676436     4.129515
-0.774394  0.546641  0.318586    -3.023695
>structures/AsnRS_AF_Bact_Thermus_thermophilus_HB8_gene3168522.pdb
 0.936746  0.348749 -0.029682    -1.040259
-0.318694  0.814801 -0.484286    -3.199642
-0.144709  0.463113  0.874406    -1.463059
>structures/AsnRS_AF_Bact_Treponema_pallidum_subsp_pertenue_str_SamoaD_gene57879132.pdb
 0.376770  0.691264 -0.616602    -7.537527
-0.644563 -0.282423 -0.710476     3.940543
-0.665269  0.665125  0.339155    -3.729604
>structures/AsnRS_AF_Bact_unclassified_Blastocatellia_proteinRPI49177.1.pdb
 0.835420  0.537787 -0.113396    -2.480443
-0.480047  0.613513 -0.627022    -3.103968
-0.267634  0.578262  0.770704    -2.669938
>structures/AsnRS_AF_Euk_Candida_albicans_SC5314_gene3646227.pdb
 0.989725  0.071925 -0.123577    -4.504657
-0.103308  0.957229 -0.270258    -3.418283
 0.098853  0.280248  0.954824     1.406277
>structures/AsnRS_AF_Euk_Cryptococcus_gattii_WM276_gene10190222.pdb
 0.965886  0.101185 -0.238382    -7.851950
-0.176189  0.931390 -0.318545    -3.467370
 0.189795  0.349678  0.917444     1.370903
>structures/AsnRS_AF_Euk_Encephalitozoon_intestinalis_ATCC_50506_gene9698489.pdb
 1.000000  0.000000  0.000000     0.000000
 0.000000  1.000000  0.000000     0.000000
 0.000000  0.000000  1.000000     0.000000
>structures/AsnRS_AF_Euk_Vitis_vinifera_gene100257593.pdb
 0.258082  0.840054 -0.477182    -8.150053
-0.474801 -0.319869 -0.819907     6.591362
-0.841402  0.438170  0.316306    -5.260615
>structures/AsnRS_AF_Mito_Homo_sapiens_gene79731.pdb
 0.037199 -0.495554  0.867780    -5.864463
-0.425053 -0.793758 -0.435062     1.399959
 0.904404 -0.352669 -0.240164    -1.862042
>structures/AsnRS_AF_Mito_Zeugodacus_cucurbitae_gene105213230.pdb
-0.998746  0.047360 -0.016221    -9.431628
 0.039904  0.948819  0.313288     1.525896
 0.030229  0.312248 -0.949520    -4.937322
>structures/AsnRS_PDB_Arch_P_horikoshii_1X54.pdb
 0.244429 -0.438423  0.864893   -28.626739
-0.965450 -0.026942  0.259190   -11.909206
-0.090333 -0.898365 -0.429861    12.409920
>structures/AsnRS_PDB_Bact_E_anophelis_6pqh.pdb
 0.034345 -0.153503 -0.987551   -61.398846
-0.167316 -0.975071  0.145744     8.166935
-0.985305  0.160228 -0.059173   -18.756096
