>structures/AsnRS_AF_Arch_Candidatus_Korarchaeum_cryptofilum_OPF8_gene6094562.pdb
 0.283247  0.283942  0.916050     0.627855
 0.322488 -0.927746  0.187852     6.287235
 0.903201  0.242207 -0.354349    -6.537361
>structures/AsnRS_AF_Arch_Candidatus_Nitrososphaera_gargensis_Ga92_gene13796664.pdb
 0.357410  0.814783 -0.456493    -0.891700
-0.786072 -0.001502 -0.618133     4.196485
-0.504330  0.579763  0.639942    -7.208007
>structures/AsnRS_AF_Arch_Ferroplasma_acidarmanus_Fer1_gene16025664.pdb
 0.946015 -0.254758  0.200384     7.164350
 0.205075  0.949213  0.238619     2.805078
-0.250998 -0.184644  0.950214    -3.325014
>structures/AsnRS_AF_Arch_Pyrococcus_sp_ST04_gene13021535.pdb
 0.968707 -0.167412  0.183246     6.496873
 0.124702  0.966609  0.223865     2.096384
-0.214606 -0.194009  0.957238    -3.793389
>structures/AsnRS_AF_Bact_Clostridium_acetobutylicum_DSM_1731_gene44999755.pdb
 0.255343  0.862873 -0.436176    -1.481169
-0.815349 -0.050280 -0.576782     5.915599
-0.519621  0.502913  0.690705    -6.325113
>structures/AsnRS_AF_Bact_Escherichia_coli_O157:H7_str._Sakai_gene917756.pdb
 0.594175  0.800428  0.079196     1.441517
-0.676661  0.550661 -0.488777    -0.311274
-0.434840  0.236830  0.868807    -6.662618
>structures/AsnRS_AF_Bact_Mycoplasma_hyopneumoniae_168-L_gene57101291.pdb
 0.956512  0.192998  0.218716     6.460585
-0.196178  0.980541 -0.007299     0.873804
-0.215868 -0.035926  0.975761    -4.569132
>structures/AsnRS_AF_Bact_Porphyromonas_gingivalis_ATCC_33277_gene29256423.pdb
 0.967339 -0.055872  0.247252     5.364866
-0.001984  0.973707  0.227794     2.564226
-0.253478 -0.220844  0.941794    -5.002462
>structures/AsnRS_AF_Bact_Streptobacillus_moniliformis_DSM_12112_gene29673200.pdb
 0.174349  0.872656 -0.456151    -1.267548
-0.799439 -0.145014 -0.582983     5.685403
-0.574892  0.466307  0.672352    -6.608348
>structures/AsnRS_AF_Bact_Thermus_thermophilus_HB8_gene3168522.pdb
 0.932819  0.278027  0.229236     6.149026
-0.249466  0.957324 -0.145939    -0.053921
-0.260028  0.078948  0.962368    -4.316718
>structures/AsnRS_AF_Bact_Treponema_pallidum_subsp_pertenue_str_SamoaD_gene57879132.pdb
 0.349188  0.848929 -0.396720    -1.723119
-0.794954  0.044234 -0.605054     5.163440
-0.496100  0.526652  0.690306    -7.053093
>structures/AsnRS_AF_Bact_unclassified_Blastocatellia_proteinRPI49177.1.pdb
 0.840135  0.520591  0.152178     4.455648
-0.455344  0.829429 -0.323587    -0.529665
-0.294678  0.202563  0.933881    -5.069673
>structures/AsnRS_AF_Euk_Candida_albicans_SC5314_gene3646227.pdb
 0.992503 -0.046484  0.113034     3.319336
 0.038968  0.996936  0.067817     0.358440
-0.115840 -0.062904  0.991274    -0.789837
>structures/AsnRS_AF_Euk_Cryptococcus_gattii_WM276_gene10190222.pdb
 1.000000  0.000000  0.000000     0.000000
 0.000000  1.000000  0.000000     0.000000
 0.000000  0.000000  1.000000     0.000000
>structures/AsnRS_AF_Euk_Encephalitozoon_intestinalis_ATCC_50506_gene9698489.pdb
 0.965188 -0.177293  0.192301     6.765921
 0.101306  0.931226  0.350078     3.553300
-0.241142 -0.318410  0.916769    -4.236289
>structures/AsnRS_AF_Euk_Homo_sapiens_gene4677.pdb
 0.977477 -0.210658  0.012697     2.833435
 0.199317  0.941282  0.272509     2.971841
-0.069358 -0.263840  0.962070    -0.665250
>structures/AsnRS_AF_Euk_Saccharomyces_cerevisiae_S288C_gene856412.pdb
 0.930542  0.365171 -0.027237    -4.885180
-0.353435  0.876197 -0.327662     1.002601
-0.095788  0.314530  0.944402    -1.646668
>structures/AsnRS_AF_Euk_Vitis_vinifera_gene100257593.pdb
 0.168125  0.953301 -0.250899    -3.147623
-0.713608 -0.057893 -0.698149     7.052785
-0.680072  0.296420  0.670550    -9.170839
>structures/AsnRS_AF_Mito_Homo_sapiens_gene79731.pdb
 0.293355 -0.404894  0.866028     0.651043
-0.074267 -0.912798 -0.401603     3.628465
 0.953114  0.053495 -0.297844    -4.970347
>structures/AsnRS_AF_Mito_Zeugodacus_cucurbitae_gene105213230.pdb
-0.962797 -0.065374 -0.262199    -3.424630
-0.054488  0.997332 -0.048581     2.298357
 0.264676 -0.032487 -0.963790    -6.893737
>structures/AsnRS_PDB_Arch_P_horikoshii_1X54.pdb
 0.392108 -0.592636  0.703587   -16.201287
-0.904777 -0.386647  0.178556    -6.077289
 0.166221 -0.706603 -0.687811    17.912855
>structures/AsnRS_PDB_Bact_E_anophelis_6pqh.pdb
-0.131092  0.055418 -0.989820   -57.511578
-0.499046 -0.866397  0.017586    -1.479594
-0.856602  0.496271  0.141235    -8.931941
