>structures/AsnRS_AF_Arch_Candidatus_Korarchaeum_cryptofilum_OPF8_gene6094562.pdb
 0.108778  0.017448  0.993913    -4.663203
 0.067918 -0.997640  0.010080     5.598221
 0.991743  0.066409 -0.109707    -3.534004
>structures/AsnRS_AF_Arch_Candidatus_Nitrososphaera_gargensis_Ga92_gene13796664.pdb
 0.299446  0.624249 -0.721558    -6.378083
-0.742270 -0.322742 -0.587259     4.116193
-0.599473  0.711443  0.366717    -4.981756
>structures/AsnRS_AF_Arch_Ferroplasma_acidarmanus_Fer1_gene16025664.pdb
 1.000000  0.000000  0.000000     0.000000
 0.000000  1.000000  0.000000     0.000000
 0.000000  0.000000  1.000000     0.000000
>structures/AsnRS_AF_Arch_Pyrococcus_sp_ST04_gene13021535.pdb
 0.995764  0.089343 -0.021731    -0.692007
-0.089617  0.995904 -0.011969    -0.447513
 0.020573  0.013866  0.999692    -0.726022
>structures/AsnRS_AF_Bact_Clostridium_acetobutylicum_DSM_1731_gene44999755.pdb
 0.216865  0.680840 -0.699590    -6.795083
-0.744778 -0.347900 -0.569448     5.571859
-0.631090  0.644533  0.431628    -3.883290
>structures/AsnRS_AF_Bact_Mycoplasma_hyopneumoniae_168-L_gene57101291.pdb
 0.919473  0.390600 -0.044726    -0.809377
-0.389160  0.888056 -0.244768    -1.474322
-0.055887  0.242463  0.968550    -1.852573
>structures/AsnRS_AF_Bact_Porphyromonas_gingivalis_ATCC_33277_gene29256423.pdb
 0.979296  0.198925  0.037513    -1.348895
-0.198354  0.979957 -0.018408     0.483408
-0.040423  0.010586  0.999127    -2.040552
>structures/AsnRS_AF_Bact_Streptobacillus_moniliformis_DSM_12112_gene29673200.pdb
 0.156231  0.679198 -0.717134    -6.594981
-0.699002 -0.436941 -0.566108     5.372237
-0.697845  0.589722  0.406497    -4.190311
>structures/AsnRS_AF_Bact_Thermus_thermophilus_HB8_gene3168522.pdb
 0.896529  0.440041 -0.050975    -1.223769
-0.425672  0.823915 -0.374122    -2.288196
-0.122630  0.357110  0.925978    -1.817918
>structures/AsnRS_AF_Bact_Treponema_pallidum_subsp_pertenue_str_SamoaD_gene57879132.pdb
 0.303075  0.680470 -0.667163    -6.964595
-0.753113 -0.257949 -0.605213     5.042258
-0.583924  0.685874  0.434293    -4.789167
>structures/AsnRS_AF_Bact_unclassified_Blastocatellia_proteinRPI49177.1.pdb
 0.775384  0.611365 -0.158151    -2.810572
-0.592245  0.617110 -0.518094    -2.152059
-0.219148  0.495386  0.840575    -3.023731
>structures/AsnRS_AF_Euk_Candida_albicans_SC5314_gene3646227.pdb
 0.977056  0.173635 -0.123341    -4.640252
-0.191079  0.970426 -0.147521    -1.801935
 0.094078  0.167704  0.981338     1.074588
>structures/AsnRS_AF_Euk_Cryptococcus_gattii_WM276_gene10190222.pdb
 0.946545  0.205027 -0.249030    -8.151030
-0.254101  0.949495 -0.184096    -1.446367
 0.198708  0.237534  0.950838     1.091100
>structures/AsnRS_AF_Euk_Encephalitozoon_intestinalis_ATCC_50506_gene9698489.pdb
 0.994890  0.096774  0.028803     0.171584
-0.099461  0.988431  0.114509     0.931882
-0.017388 -0.116789  0.993005    -0.778752
>structures/AsnRS_AF_Euk_Homo_sapiens_gene4677.pdb
 0.984551  0.057950 -0.165233    -4.555901
-0.045299  0.995819  0.079329     0.777660
 0.169139 -0.070619  0.983059     1.766968
>structures/AsnRS_AF_Euk_Vitis_vinifera_gene100257593.pdb
 0.194093  0.815757 -0.544856    -7.450267
-0.594939 -0.343730 -0.726565     7.592236
-0.779985  0.465177  0.418610    -6.691046
>structures/AsnRS_AF_Mito_Homo_sapiens_gene79731.pdb
 0.020627 -0.580916  0.813702    -5.641139
-0.319063 -0.775143 -0.545300     2.772390
 0.947509 -0.248374 -0.201337    -2.668384
>structures/AsnRS_AF_Mito_Zeugodacus_cucurbitae_gene105213230.pdb
-0.988944  0.147671 -0.013527    -9.119874
 0.142217  0.970329  0.195538     2.828016
 0.042001  0.191452 -0.980603    -5.720399
>structures/AsnRS_PDB_Arch_P_horikoshii_1X54.pdb
 0.142492 -0.462135  0.875287   -29.309571
-0.989589 -0.084593  0.116436    -6.399271
 0.020234 -0.882766 -0.469378    13.387038
>structures/AsnRS_PDB_Bact_E_anophelis_6pqh.pdb
-0.006697 -0.242887 -0.970031   -60.638069
-0.283231 -0.929869  0.234786    12.883817
-0.959028  0.276315 -0.062566   -19.562979
