>../../../../class1/arg//data/domains/Catalytic_domain/structures/ArgRS_AF_Arch_Candidatus_Korarchaeum_cryptofilum_OPF8_gene6093502.pdb
 0.431004 -0.388609 -0.814382    -9.108408
-0.636729 -0.770477  0.030676     8.354793
-0.639384  0.505320 -0.579518    -4.276625
>../../../../class1/arg//data/domains/Catalytic_domain/structures/ArgRS_AF_Arch_Candidatus_Nitrosopumilus_sediminis_gene13697696.pdb
 0.025219  0.000652 -0.999682   -11.176255
-0.881368 -0.471893 -0.022542     8.595756
-0.471757  0.881656 -0.011325    -4.721217
>../../../../class1/arg//data/domains/Catalytic_domain/structures/ArgRS_AF_Arch_Desulfurococcus_mucosus_DSM_2162_gene10153309.pdb
 0.545575 -0.293931 -0.784827    -8.336038
-0.684386 -0.696760 -0.214805     2.893811
-0.483698  0.654317 -0.581297    -0.482479
>../../../../class1/arg//data/domains/Catalytic_domain/structures/ArgRS_AF_Arch_Methanothermococcus_okinawensis_IH1_gene10773248.pdb
 0.688517 -0.562927 -0.457228   -12.399562
-0.460186 -0.826405  0.324475     7.658359
-0.560511 -0.012997 -0.828045    -5.025950
>../../../../class1/arg//data/domains/Catalytic_domain/structures/ArgRS_AF_Bact_Anoxybacillus_flavithermus_WK1_gene7039015.pdb
 0.044907  0.235122 -0.970928   -11.859917
-0.964262  0.264242  0.019391     9.361779
 0.261119  0.935358  0.238586    -7.492785
>../../../../class1/arg//data/domains/Catalytic_domain/structures/ArgRS_AF_Bact_Brachyspira_pilosicoli_95_1000_gene56439668.pdb
 0.705151 -0.287618 -0.648104   -13.539555
-0.049332 -0.931721  0.359809    10.085037
-0.707339 -0.221747 -0.671192    -2.893766
>../../../../class1/arg//data/domains/Catalytic_domain/structures/ArgRS_AF_Bact_Chlamydia_psittaci_6BC_gene12242456.pdb
 0.449449 -0.294508 -0.843363   -10.935648
-0.386317 -0.915324  0.113760     9.546166
-0.805453  0.274676 -0.525165    -3.834418
>../../../../class1/arg//data/domains/Catalytic_domain/structures/ArgRS_AF_Bact_Corynebacterium_ulcerans_809_gene75260071.pdb
 0.646489 -0.316780 -0.694048   -13.254426
-0.145027 -0.944161  0.295849     9.156321
-0.749012 -0.090608 -0.656332    -2.929432
>../../../../class1/arg//data/domains/Catalytic_domain/structures/ArgRS_AF_Bact_Cupriavidus_taiwanensis_LMG_19424_gene29762022.pdb
 0.521032 -0.395884 -0.756176   -12.858039
-0.444135 -0.882294  0.155886     7.599677
-0.728883  0.254623 -0.635529    -4.020153
>../../../../class1/arg//data/domains/Catalytic_domain/structures/ArgRS_AF_Bact_Mycoplasma_hyopneumoniae_168-L_gene57100855.pdb
 0.343670 -0.382787 -0.857534    -9.966946
-0.572451 -0.809272  0.131825     6.765576
-0.744440  0.445592 -0.497249    -3.932409
>../../../../class1/arg//data/domains/Catalytic_domain/structures/ArgRS_AF_Bact_Prochlorococcus_marinus_subsp_marinus_str_CCMP1375_gene54199571.pdb
 0.212945  0.593432 -0.776204   -13.642229
-0.870123  0.476554  0.125630     4.784965
 0.444456  0.648640  0.617839    -3.002296
>../../../../class1/arg//data/domains/Catalytic_domain/structures/ArgRS_AF_Bact_Streptobacillus_moniliformis_DSM_12112_gene29674021.pdb
-0.352506  0.196973  0.914845   -13.065542
 0.704979  0.698798  0.121185     8.690031
-0.615422  0.687665 -0.385192    -4.278703
>../../../../class1/arg//data/domains/Catalytic_domain/structures/ArgRS_AF_Euk_Micromonas_commoda_gene8250062.pdb
-0.192797 -0.385122  0.902502   -10.409142
 0.663252 -0.728976 -0.169386    10.783179
 0.723137  0.565929  0.395977    -6.227031
>../../../../class1/arg//data/domains/Catalytic_domain/structures/ArgRS_AF_Euk_Paulinella_chromatophora_gene6481434.pdb
 0.412399  0.692360 -0.592085   -12.025844
-0.720231  0.645767  0.253479     5.089986
 0.557848  0.321903  0.764973    -0.732727
>../../../../class1/arg//data/domains/Catalytic_domain/structures/ArgRS_AF_Euk_Polyodon_spathula_gene121324634.pdb
 0.871122 -0.476168 -0.120046    -6.535936
-0.169622 -0.521182  0.836419    13.738601
-0.460842 -0.708261 -0.534782    -7.474465
>../../../../class1/arg//data/domains/Catalytic_domain/structures/ArgRS_AF_Euk_Thalassiosira_pseudonana_CCMP1335_gene7449555.pdb
-0.348642  0.449426  0.822475   -11.824307
 0.640535  0.754879 -0.140971     9.503803
-0.684224  0.477676 -0.551056   -11.087972
>../../../../class1/arg//data/domains/Catalytic_domain/structures/ArgRS_AF_Mito_Caenorhabditis_elegans_gene174023.pdb
 0.688514  0.559348 -0.461604    -9.403151
-0.314023  0.803675  0.505466     3.203155
 0.653712 -0.203066  0.728989    -4.891092
>../../../../class1/arg//data/domains/Catalytic_domain/structures/ArgRS_AF_Mito_Saccharomyces_cerevisiae_S288C_gene851942.pdb
-0.972610 -0.231952 -0.015072   -13.158691
-0.006954  0.093849 -0.995562    10.782687
 0.232337 -0.968189 -0.092892    -4.786894
>../../../../class1/arg//data/domains/Catalytic_domain/structures/ArgRS_AF_Vir_Megavirus_chiliensis_gene11257368.pdb
-0.823737  0.483080  0.296801   -16.337020
 0.222500  0.756922 -0.614461     8.404319
-0.521490 -0.440116 -0.730990    -7.115384
>../../../../class1/arg//data/domains/Catalytic_domain/structures/ArgRS_PDB_Arch_2ZUF.pdb
 0.564539 -0.379947  0.732759   -45.971717
-0.735082 -0.635222  0.236955    15.906402
 0.375435 -0.672408 -0.637900     5.047773
>../../../../class1/arg//data/domains/Catalytic_domain/structures/ArgRS_PDB_Bact_1IQ0.pdb
-0.759974  0.603762 -0.240646   -46.574411
 0.493060  0.776786  0.391785   -49.946773
 0.423475  0.179094 -0.888028   -21.165309
>../../../../class1/arg//data/domains/Catalytic_domain/structures/ArgRS_PDB_Euk_S_cerevisiae_1BS2.pdb
-0.144206  0.846506 -0.512477   -80.288237
-0.260732  0.467086  0.844896     0.929865
 0.954580  0.255458  0.153354   -60.492052
>../../../../class1/trp//data/domains/Catalytic_domain/structures/TrpRS_AF_Arch_Natrialba_magadii_ATCC_43099_gene8824932.pdb
-0.968394  0.239440 -0.069871    -2.830114
 0.135120  0.739059  0.659950     2.194931
 0.209658  0.629651 -0.748053    -1.567255
>../../../../class1/trp//data/domains/Catalytic_domain/structures/TrpRS_AF_Arch_Nitrosopumilus_maritimus_SCM1_gene5773245.pdb
-0.985435  0.084899 -0.147343    -3.371682
-0.006395  0.847342  0.531009     1.712362
 0.169932  0.524217 -0.834457     0.463150
>../../../../class1/trp//data/domains/Catalytic_domain/structures/TrpRS_AF_Arch_Sulfolobus_islandicus_M1627_gene7814138.pdb
 1.000000  0.000000  0.000000     0.000000
 0.000000  1.000000  0.000000     0.000000
 0.000000  0.000000  1.000000     0.000000
>../../../../class1/trp//data/domains/Catalytic_domain/structures/TrpRS_AF_Arch_Thermoplasma_acidophilum_DSM_1728_gene1456706.pdb
 0.078308 -0.544265  0.835251    -0.526410
-0.972179 -0.227221 -0.056916     6.162835
 0.220764 -0.807556 -0.546916    -2.683085
>../../../../class1/trp//data/domains/Catalytic_domain/structures/TrpRS_AF_Bact_Anoxybacillus_flavithermus_WK1_gene7038388.pdb
 0.917611 -0.343509 -0.199982     2.687156
 0.379406  0.906945  0.183036    -2.113151
 0.118498 -0.243830  0.962551    -1.302342
>../../../../class1/trp//data/domains/Catalytic_domain/structures/TrpRS_AF_Bact_Brachyspira_pilosicoli_95_1000_gene56440833.pdb
-0.078217 -0.102527  0.991650    -1.983349
-0.087817 -0.990123 -0.109296    -1.176715
 0.993061 -0.095632  0.068440    -4.755222
>../../../../class1/trp//data/domains/Catalytic_domain/structures/TrpRS_AF_Bact_Helicobacter_cinaedi_PAGU611_gene66538868.pdb
 0.981942 -0.181878 -0.052067     2.690733
 0.178375  0.981781 -0.065491    -3.200123
 0.063030  0.055021  0.996494    -1.613728
>../../../../class1/trp//data/domains/Catalytic_domain/structures/TrpRS_AF_Bact_Mycoplasma_hyopneumoniae_168-L_gene57101461.pdb
 0.997079  0.026950 -0.071465     1.064528
-0.039140  0.983774 -0.175092    -4.520305
 0.065586  0.177378  0.981955    -2.362839
>../../../../class1/trp//data/domains/Catalytic_domain/structures/TrpRS_AF_Bact_Porphyromonas_gingivalis_ATCC_33277_gene29255389.pdb
-0.011102  0.781151 -0.624243    -2.726893
-0.200307 -0.613365 -0.763977    -1.705611
-0.979670  0.116558  0.163280    -3.670862
>../../../../class1/trp//data/domains/Catalytic_domain/structures/TrpRS_AF_Bact_Prochlorococcus_marinus_subsp_marinus_str_CCMP1375_gene54200405.pdb
-0.992710 -0.114785  0.036769    -6.426361
-0.090258  0.910124  0.404385    -2.971325
-0.079882  0.398119 -0.913849    -7.987901
>../../../../class1/trp//data/domains/Catalytic_domain/structures/TrpRS_AF_Bact_Streptomyces_albidoflavus_gene15147734.pdb
 0.276591  0.901492 -0.332881    -1.153248
-0.502384 -0.159646 -0.849778    -1.234313
-0.819211  0.402275  0.408739    -4.316559
>../../../../class1/trp//data/domains/Catalytic_domain/structures/TrpRS_AF_Bact_Thermus_thermophilus_HB8_gene3168998.pdb
-0.789257 -0.613183 -0.032870    -2.006261
-0.611821  0.789818 -0.043166    -1.082074
 0.052430 -0.013958 -0.998527    -3.891496
>../../../../class1/trp//data/domains/Catalytic_domain/structures/TrpRS_AF_Euk_Cryptococcus_neoformans_var_neoformans_JEC21_gene3254069.pdb
 0.316996 -0.753987  0.575340    -3.754655
-0.673596 -0.606032 -0.423076     1.684389
 0.667669 -0.253433 -0.699993    -1.753559
>../../../../class1/trp//data/domains/Catalytic_domain/structures/TrpRS_AF_Euk_Cyanidioschyzon_merolae_strain_10D_gene16993299.pdb
-0.797609 -0.574594 -0.183472    -3.983415
-0.580793  0.813712 -0.023483     1.249363
 0.162787  0.087829 -0.982744    -0.402862
>../../../../class1/trp//data/domains/Catalytic_domain/structures/TrpRS_AF_Euk_Drosophila_melanogaster_gene45399.pdb
-0.957200 -0.267594 -0.110280    -8.271679
-0.278363  0.955506  0.097579    -0.839110
 0.079261  0.124100 -0.989099    -3.566899
>../../../../class1/trp//data/domains/Catalytic_domain/structures/TrpRS_AF_Euk_Saccharomyces_cerevisiae_S288C_gene854056.pdb
 0.135622  0.477951  0.867854    -3.948646
 0.233054 -0.866758  0.440927     1.993473
 0.962960  0.142457 -0.228939    -2.283308
>../../../../class1/trp//data/domains/Catalytic_domain/structures/TrpRS_AF_Mito_Bufo_gargarizans_gene122922343.pdb
-0.326731 -0.884146  0.333966    -2.965498
-0.856733  0.127865 -0.499659    -1.287247
 0.399068 -0.449374 -0.799254    -3.711755
>../../../../class1/trp//data/domains/Catalytic_domain/structures/TrpRS_AF_Mito_Cyanidioschyzon_merolae_strain_10D_gene16992222.pdb
-0.007402 -0.059987  0.998172     0.729040
-0.275000 -0.959589 -0.059707    -0.313781
 0.961416 -0.274939 -0.009393     1.018871
>../../../../class1/trp//data/domains/Catalytic_domain/structures/TrpRS_AF_Vir_Megavirus_chiliensis_gene11257301.pdb
-0.943111 -0.056205 -0.327692    -2.493074
-0.195021  0.891761  0.408326     1.751981
 0.269273  0.449004 -0.851990    -1.242164
>../../../../class1/trp//data/domains/Catalytic_domain/structures/TrpRS_PDB_Arch_P_hori_3JXE.pdb
 0.938110 -0.120287  0.324778    35.888461
 0.308993 -0.132891 -0.941734    25.167701
 0.156439  0.983804 -0.087498   -22.237640
>../../../../class1/trp//data/domains/Catalytic_domain/structures/TrpRS_PDB_Bact_G_stearo_1I6M.pdb
-0.600922  0.028134  0.798812    -1.581839
 0.595462  0.682439  0.423913   -65.172091
-0.533214  0.730401 -0.426845    27.904375
>../../../../class1/trp//data/domains/Catalytic_domain/structures/TrpRS_PDB_Bact_Y_pestis_3N9I.pdb
-0.421440 -0.414188  0.806745    28.813608
-0.406094 -0.709230 -0.576265    72.923145
 0.810849 -0.570475  0.130699     7.918178
>../../../../class1/trp//data/domains/Catalytic_domain/structures/TrpRS_PDB_Euk_S_Cerevisiae_3KT3.pdb
-0.205491 -0.857385 -0.471873   -21.188822
-0.878726 -0.050617  0.474636  -122.508244
-0.430831  0.512180 -0.743005   -99.824989
