>structures/GlxRS-A_AF_Arch_Candidatus_Korarchaeum_cryptofilum_OPF8_gene6094352.pdb
-0.341489 -0.833323  0.434694    -0.751150
-0.874271  0.111861 -0.472374    -2.169169
 0.345015 -0.541350 -0.766749     0.733763
>structures/GlxRS-A_AF_Arch_Methanothrix_soehngenii_GP6_gene10459943.pdb
-0.565799  0.687592  0.455070    -1.664925
 0.586907 -0.051808  0.807995    -1.651848
 0.579147  0.724247 -0.374239    -1.904189
>structures/GlxRS-A_AF_Arch_Nitrosopumilus_maritimus_SCM1_gene5773999.pdb
 1.000000  0.000000  0.000000     0.000000
 0.000000  1.000000  0.000000     0.000000
 0.000000  0.000000  1.000000     0.000000
>structures/GlxRS-A_AF_Arch_Sulfolobus_islandicus_LAL14_1_gene15298417.pdb
 0.279210  0.649936 -0.706841    -2.382927
-0.261283 -0.656917 -0.707242    -3.562570
-0.923998  0.382155 -0.013601    -3.883056
>structures/GlxRS-A_PDB_Arch_M_thermau_3AII.pdb
-0.659183  0.713632  0.237080   -44.515919
-0.222450  0.116109 -0.968005    53.448579
-0.718327 -0.690832  0.082211    20.294019
