>../../../../class2/lys//data/domains/Catalytic_domain/structures/LysRS-II_AF_Arch_Aciduliprofundum_boonei_T469_gene8827564.pdb
-0.807651  0.289688  0.513596    -1.604985
 0.426269  0.888653  0.169091    -0.225659
-0.407425  0.355496 -0.841206    -0.829884
>../../../../class2/lys//data/domains/Catalytic_domain/structures/LysRS-II_AF_Arch_Archaeoglobus_sulfaticallidus_PM70-1_gene15393615.pdb
-0.471174  0.283412  0.835268    -2.025654
 0.805795 -0.246833  0.538301     6.415124
 0.358733  0.926688 -0.112071    -2.232822
>../../../../class2/lys//data/domains/Catalytic_domain/structures/LysRS-II_AF_Arch_Candidatus_Woesearchaeota_archaeon_proteinMBS3172198.1.pdb
-0.233175  0.043786  0.971449    -2.873839
 0.301100 -0.946640  0.114940     3.873144
 0.924645  0.319304  0.207548    -2.283104
>../../../../class2/lys//data/domains/Catalytic_domain/structures/LysRS-II_AF_Arch_Thermogladius_calderae_1633_gene13013549.pdb
-0.893746 -0.014808  0.448328    -2.412878
-0.127176  0.966811 -0.221593     0.653726
-0.430167 -0.255064 -0.865967     0.932133
>../../../../class2/lys//data/domains/Catalytic_domain/structures/LysRS-II_AF_Bact_Chlamydia_muridarum_str_Nigg_gene1245697.pdb
-0.873830  0.035022  0.484969    -0.814663
-0.100833  0.962668 -0.251203     0.197374
-0.475662 -0.268409 -0.837676     0.470402
>../../../../class2/lys//data/domains/Catalytic_domain/structures/LysRS-II_AF_Bact_Cupriavidus_taiwanensis_LMG_19424_gene29762375.pdb
-0.455324  0.237303  0.858118    -3.356011
 0.785751 -0.346115  0.512640     8.806681
 0.418659  0.907685 -0.028867    -0.543338
>../../../../class2/lys//data/domains/Catalytic_domain/structures/LysRS-II_AF_Bact_Leuconostoc_gelidum_JB7_gene61037106.pdb
-0.522994  0.108138  0.845449    -3.670740
 0.799666 -0.281031  0.530618     2.730780
 0.294977  0.953587  0.060503     0.783328
>../../../../class2/lys//data/domains/Catalytic_domain/structures/LysRS-II_AF_Bact_Mycobacterium_intracellulare_ATCC_13950_gene11907187.pdb
-0.533787  0.283254  0.796768    -3.665349
 0.800283 -0.135157  0.584191     8.211886
 0.273163  0.949473 -0.154539    -1.531874
>../../../../class2/lys//data/domains/Catalytic_domain/structures/LysRS-II_AF_Bact_Mycoplasma_hyopneumoniae_168-L_gene57101062.pdb
-0.481473  0.110108  0.869517    -3.779003
 0.825190 -0.277387  0.492054     0.736671
 0.295372  0.954428  0.042694     0.176149
>../../../../class2/lys//data/domains/Catalytic_domain/structures/LysRS-II_AF_Bact_Porphyromonas_gingivalis_ATCC_33277_gene29256363.pdb
-0.908146  0.156198  0.388425    -1.638321
 0.304767  0.882759  0.357566    -1.453161
-0.287034  0.443101 -0.849278    -1.663035
>../../../../class2/lys//data/domains/Catalytic_domain/structures/LysRS-II_AF_Bact_Prochlorococcus_marinus_subsp_marinus_str_CCMP1375_gene54201108.pdb
-0.631943  0.193216  0.750543    -2.945946
 0.764214 -0.005760  0.644937     1.748879
 0.128936  0.981139 -0.144019     0.953805
>../../../../class2/lys//data/domains/Catalytic_domain/structures/LysRS-II_AF_Bact_Streptobacillus_moniliformis_DSM_12112_gene29673899.pdb
-0.660669  0.327832  0.675309    -5.231191
 0.748736  0.223121  0.624188     7.237228
 0.053953  0.918010 -0.392869    -2.824555
>../../../../class2/lys//data/domains/Catalytic_domain/structures/LysRS-II_AF_Euk_Ostreococcus_tauri_gene9837657.pdb
-0.462428  0.263681  0.846542    -2.176114
 0.763553 -0.366908  0.531380     8.285094
 0.450718  0.892105 -0.031666    -1.863243
>../../../../class2/lys//data/domains/Catalytic_domain/structures/LysRS-II_AF_Euk_Solanum_lycopersicum_gene778357.pdb
 0.379875 -0.311682 -0.870947    -2.100659
 0.257810 -0.868548  0.423270     4.606806
-0.888386 -0.385329 -0.249585     1.348075
>../../../../class2/lys//data/domains/Catalytic_domain/structures/LysRS-II_AF_Euk_Theileria_annulata_gene3864794.pdb
 0.340766 -0.019796 -0.939940    -5.001637
-0.239030 -0.968749 -0.066255     7.264147
-0.909254  0.247251 -0.334849     0.663500
>../../../../class2/lys//data/domains/Catalytic_domain/structures/LysRS-II_AF_Euk_Zootoca_vivipara_gene118086243.pdb
-0.321554 -0.331921  0.886810    -1.674441
-0.052099 -0.928928 -0.366577     3.069400
 0.945457 -0.164076  0.281408     3.979801
>../../../../class2/lys//data/domains/Catalytic_domain/structures/LysRS-II_AF_Mito_Malus_domestica_gene103446975.pdb
-0.427485  0.236758  0.872469    -2.867614
 0.684190 -0.546069  0.483418     8.789646
 0.590881  0.803588  0.071449    -0.192726
>../../../../class2/lys//data/domains/Catalytic_domain/structures/LysRS-II_AF_Mito_Scheffersomyces_stipitis_CBS_6054_gene4837999.pdb
-0.459277  0.121021  0.880011    -2.640808
 0.758972 -0.461282  0.459544     8.837431
 0.461547  0.878961  0.120005     0.516775
>../../../../class2/lys//data/domains/Catalytic_domain/structures/LysRS-II_PDB_Bact_G_stearothermophilus_3E9H.pdb
 0.545557 -0.704900  0.453303  -110.517374
 0.088498 -0.489408 -0.867553   -19.322781
 0.833388  0.513416 -0.204618    -3.000188
>../../../../class2/phe3//data/domains/Catalytic_domain/structures/PheRS-Aα_AF_Arch_Candidatus_Nitrosopumilus_koreensis_AR1_gene13724458.pdb
-0.359569 -0.905261  0.226302    -8.901718
-0.932733  0.355662 -0.059276     5.606678
-0.026827 -0.232393 -0.972252     8.207789
>../../../../class2/phe3//data/domains/Catalytic_domain/structures/PheRS-Aα_AF_Arch_Haloterrigena_turkmenica_DSM_5511_gene8744248.pdb
 0.213302 -0.204565  0.955330    -1.501100
-0.220381 -0.962706 -0.156939     1.101113
 0.951806 -0.177062 -0.250430    -0.089360
>../../../../class2/phe3//data/domains/Catalytic_domain/structures/PheRS-Aα_AF_Arch_Thermoplasma_volcanium_GSS1_gene1441177.pdb
 1.000000  0.000000  0.000000     0.000000
 0.000000  1.000000  0.000000     0.000000
 0.000000  0.000000  1.000000     0.000000
>../../../../class2/phe3//data/domains/Catalytic_domain/structures/PheRS-Aα_AF_Arch_Thermosphaera_aggregans_DSM_11486_gene9165306.pdb
-0.467632 -0.854597  0.225798     1.342572
-0.794706  0.294644 -0.530686    -1.937775
 0.386992 -0.427609 -0.816938    -5.786715
>../../../../class2/phe3//data/domains/Catalytic_domain/structures/PheRS-Aα_AF_Euk_Cyanidioschyzon_merolae_strain_10D_gene16993638.pdb
 0.320509 -0.758867 -0.566917     0.580243
 0.867932 -0.004462  0.496662     9.454462
-0.379431 -0.651230  0.657215    -2.989146
>../../../../class2/phe3//data/domains/Catalytic_domain/structures/PheRS-Aα_AF_Euk_Megalobrama_amblycephala_gene125266654.pdb
 0.413253  0.897588 -0.153485    -1.472352
-0.639409  0.166014 -0.750730    -0.659500
-0.648366  0.408381  0.642531    -7.268634
>../../../../class2/phe3//data/domains/Catalytic_domain/structures/PheRS-Aα_AF_Euk_Plasmodium_falciparum_3D7_gene813233.pdb
-0.948805  0.257842 -0.182446    -5.289407
 0.118516  0.826022  0.551037     4.875598
 0.292785  0.501204 -0.814292    -9.619241
>../../../../class2/phe3//data/domains/Catalytic_domain/structures/PheRS-Aα_AF_Euk_Schizosaccharomyces_pombe_gene2543647.pdb
 0.012058  0.636056  0.771549    -1.198164
 0.485063 -0.678458  0.551732     8.519452
 0.874396  0.367597 -0.316708    -3.202188
>../../../../class2/phe3//data/domains/Catalytic_domain/structures/PheRS-Aα_PDB_Euk.B_H_sapiens_3L4G.C.pdb
 0.133697  0.568984  0.811407   -45.993237
-0.580682 -0.618506  0.529396   113.705011
 0.803078 -0.541948  0.247707    41.039217
