>../../../../class2/phe2//data/domains/Catalytic_domain/structures/PheRS-Bβ_AF_Bact_Brachyspira_pilosicoli_95_1000_gene56440382.pdb
 0.267313  0.709468 -0.652072   -22.999627
 0.176382  0.629239  0.756933    20.380395
 0.947329 -0.317352  0.043066   -17.856551
>../../../../class2/phe2//data/domains/Catalytic_domain/structures/PheRS-Bβ_AF_Bact_Chlamydia_psittaci_6BC_gene12242429.pdb
 0.154373 -0.612725 -0.775072   -20.407220
-0.987928 -0.085490 -0.129186    23.850861
 0.012895  0.785659 -0.618526   -18.914352
>../../../../class2/phe2//data/domains/Catalytic_domain/structures/PheRS-Bβ_AF_Bact_Ferrimonas_balearica_DSM_9799_gene67181907.pdb
 0.985954 -0.163662  0.033318   -23.586872
-0.156848 -0.838755  0.521429    24.702111
-0.057392 -0.519331 -0.852644   -16.903545
>../../../../class2/phe2//data/domains/Catalytic_domain/structures/PheRS-Bβ_AF_Bact_Lacticaseibacillus_paracasei_gene61269867.pdb
 0.023143  0.659629 -0.751235   -23.347993
 0.085897  0.747345  0.658860    19.994693
 0.996035 -0.079777 -0.039364   -23.278594
>../../../../class2/phe2//data/domains/Catalytic_domain/structures/PheRS-Bβ_AF_Bact_Mycobacterium_intracellulare_ATCC_13950_gene11909688.pdb
 0.652172 -0.710870 -0.263317   -22.959963
-0.701893 -0.697468  0.144519    24.429405
-0.286390  0.090569 -0.953823   -18.242141
>../../../../class2/phe2//data/domains/Catalytic_domain/structures/PheRS-Bβ_AF_Bact_Mycoplasma_hyopneumoniae_168-L_gene57101148.pdb
-0.233387  0.313395 -0.920497   -31.835787
-0.528935  0.753421  0.390621    23.834939
 0.815941  0.578048 -0.010073   -18.957904
>../../../../class2/phe2//data/domains/Catalytic_domain/structures/PheRS-Bβ_AF_Bact_Porphyromonas_gingivalis_ATCC_33277_gene29257179.pdb
-0.790772  0.447943  0.417165   -23.776143
-0.355000  0.219579 -0.908713    20.594258
-0.498653 -0.866679 -0.014617   -14.870376
>../../../../class2/phe2//data/domains/Catalytic_domain/structures/PheRS-Bβ_AF_Bact_Prochlorococcus_marinus_subsp_marinus_str_CCMP1375_gene54200309.pdb
 0.140046 -0.706535 -0.693682   -21.640768
-0.973967  0.027828 -0.224976    24.833591
 0.178257  0.707130 -0.684245   -18.666611
>../../../../class2/phe2//data/domains/Catalytic_domain/structures/PheRS-Bβ_AF_Euk_Didymosphenia_geminata_gene19740299.pdb
-0.019790  0.137203 -0.990345   -21.354786
-0.681160  0.723235  0.113809    21.417323
 0.731867  0.676836  0.079144   -15.413212
>../../../../class2/phe2//data/domains/Catalytic_domain/structures/PheRS-Bβ_AF_Euk_Gracilariopsis_tenuifrons_gene68635617.pdb
-0.421680 -0.130428  0.897315   -28.670121
 0.585924  0.716050  0.379427    18.862074
-0.692011  0.685755 -0.225523    -7.300448
>../../../../class2/phe2//data/domains/Catalytic_domain/structures/PheRS-Bβ_PDB_Bact.B_E_coli_3PCO.pdb
-0.517590  0.843445  0.143880   -31.802216
-0.823589 -0.445528 -0.351008    18.441512
-0.231953 -0.300176  0.925252   -66.360079
>../../../../class2/phe2//data/domains/Catalytic_domain/structures/PheRS-Bβ_PDB_Bact.B_T_thermophilus_1PYS.pdb
-0.450912 -0.722628 -0.523914    41.065866
-0.270259  0.669956 -0.691461    -2.933335
 0.850669 -0.170196 -0.497388    -3.687236
>../../../../class2/pyl//data/domains/Catalytic_domain/structures/PylRS_AF_Arch_Candidatus_Methanomassiliicoccus_intestinalis_Issoire-Mx1_gene16153983.pdb
 0.279627 -0.294705 -0.913760    -5.604261
 0.788505 -0.472512  0.393691     2.101926
-0.547785 -0.830591  0.100249    -0.485608
>../../../../class2/pyl//data/domains/Catalytic_domain/structures/PylRS_AF_Arch_Methanosalsum_zhilinae_DSM_4017_gene10822650.pdb
 1.000000  0.000000  0.000000     0.000000
 0.000000  1.000000  0.000000     0.000000
 0.000000  0.000000  1.000000     0.000000
>../../../../class2/pyl//data/domains/Catalytic_domain/structures/PylRS_AF_Arch_Unclassified_Candidatus_Bathyarchaeota_proteinUCH69683.1.pdb
-0.114699  0.277521  0.953848    -6.203767
 0.336629 -0.892517  0.300156     0.118750
 0.934626  0.355520  0.008949    -0.417494
>../../../../class2/pyl//data/domains/Catalytic_domain/structures/PylRS_AF_Bact_Unclassified_Actinobacteria_proteinMBU2601214.1.pdb
-0.137380  0.303995  0.942716    -6.397926
 0.345401 -0.877299  0.333234     0.062345
 0.928345  0.371395  0.015523     0.201426
>../../../../class2/pyl//data/domains/Catalytic_domain/structures/PylRS_AF_Bact_Unclassified_Aerophobetes_proteinMCD6471581.1.pdb
 0.010950  0.243643  0.969803    -6.594304
 0.207940 -0.949214  0.236123     0.718442
 0.978080  0.199076 -0.061057    -0.109336
>../../../../class2/pyl//data/domains/Catalytic_domain/structures/PylRS_AF_Bact_unclassified_Desulfosarcina_proteinMBC2741817.pdb
-0.134804  0.004503  0.990862    -0.334342
-0.076480 -0.997054 -0.005873     0.003805
 0.987916 -0.076573  0.134751    -4.500045
>../../../../class2/pyl//data/domains/Catalytic_domain/structures/PylRS_AF_Bact_unclassified_Lachnospiraceae_proteinHCE77498.1.pdb
 0.843919  0.525296 -0.108923    -3.802297
-0.473120  0.633048 -0.612705    -4.189669
-0.252898  0.568608  0.782769    -0.782297
>../../../../class2/pyl//data/domains/Catalytic_domain/structures/PylRS_PDB_Arch_M_mazei_2Q7E.pdb
-0.773745  0.384435 -0.503517     7.118600
 0.630317  0.546724 -0.551174   -14.026950
 0.063395 -0.743843 -0.665341    47.462548
>../../../../class2/pyl//data/domains/Catalytic_domain/structures/PylRS_PDB_Bact_D_hafniense_2ZNJ.pdb
 0.208916  0.227945 -0.950997   -46.838094
 0.168764  0.949462  0.264651    -4.988438
 0.963262 -0.215784  0.159889   -36.658684
