>../../../../class1/cys//data/domains/Catalytic_domain/structures/CysRS_AF_Arch_Aciduliprofundum_boonei_T469_gene8827372.pdb
 0.998403  0.033768  0.045300    13.634416
-0.056084  0.494949  0.867110     4.157782
 0.006860 -0.868265  0.496053    -0.263269
>../../../../class1/cys//data/domains/Catalytic_domain/structures/CysRS_AF_Arch_Candidatus_Nitrosopumilus_sediminis_gene13696907.pdb
 0.975172  0.218805 -0.034114     5.730304
-0.157363  0.793082  0.588437     1.759962
 0.155808 -0.568459  0.807823     0.357939
>../../../../class1/cys//data/domains/Catalytic_domain/structures/CysRS_AF_Arch_Methanospirillum_hungatei_JF-1_gene3922979.pdb
-0.193801  0.552874 -0.810415    12.263324
-0.906437 -0.416889 -0.067643     2.087056
-0.375251  0.721481  0.581938    -5.307608
>../../../../class1/cys//data/domains/Catalytic_domain/structures/CysRS_AF_Arch_Pyrobaculum_ferrireducens_gene11593896.pdb
-0.097102  0.191648 -0.976649     7.351059
-0.694355 -0.716074 -0.071480     3.997420
-0.713052  0.671200  0.202604    -2.010780
>../../../../class1/cys//data/domains/Catalytic_domain/structures/CysRS_AF_Bact_Bordetella_avium_197N_gene41394405.pdb
 0.146251  0.833690 -0.532514     8.104174
-0.914332 -0.091571 -0.394476     2.794773
-0.377634  0.544587  0.748877    -2.088910
>../../../../class1/cys//data/domains/Catalytic_domain/structures/CysRS_AF_Bact_Lactobacillus_amylovorus_GRL1118_gene66523130.pdb
-0.100753  0.570254 -0.815266     8.867533
-0.890523 -0.417084 -0.181685     4.086831
-0.443641  0.707708  0.549847    -2.660566
>../../../../class1/cys//data/domains/Catalytic_domain/structures/CysRS_AF_Bact_Mycobacterium_canettii_CIPT_140010059_gene45427568.pdb
-0.901316  0.421077  0.101609     9.455782
 0.418023  0.907019 -0.050725     2.595505
-0.113520 -0.003244 -0.993530    -1.737149
>../../../../class1/cys//data/domains/Catalytic_domain/structures/CysRS_AF_Bact_Mycoplasma_hyopneumoniae_168-L_gene57101512.pdb
-0.123388  0.403962 -0.906416     9.274199
-0.748874 -0.637218 -0.182046     1.637208
-0.651124  0.656329  0.381142    -3.316263
>../../../../class1/cys//data/domains/Catalytic_domain/structures/CysRS_AF_Bact_Porphyromonas_gingivalis_ATCC_33277_gene29256960.pdb
 0.915643  0.385223  0.114902    11.987939
-0.370735  0.698706  0.611855     0.730026
 0.155418 -0.602838  0.782580     1.154173
>../../../../class1/cys//data/domains/Catalytic_domain/structures/CysRS_AF_Bact_Prochlorococcus_marinus_subsp_marinus_str_CCMP1375_gene54200571.pdb
 0.048729 -0.246568 -0.967900    10.463276
-0.257832 -0.939313  0.226305     2.215222
-0.964960  0.238528 -0.109345    -2.597252
>../../../../class1/cys//data/domains/Catalytic_domain/structures/CysRS_AF_Bact_Streptobacillus_moniliformis_DSM_12112_gene29673427.pdb
 0.943360 -0.331547  0.012231    14.595857
 0.076484  0.253199  0.964386     5.874887
-0.322836 -0.908827  0.264215    -2.204434
>../../../../class1/cys//data/domains/Catalytic_domain/structures/CysRS_AF_Bact_Treponema_pallidum_subsp_pertenue_str_SamoaD_gene57878631.pdb
 0.952087  0.305169  0.020074    13.327702
-0.236000  0.691368  0.682872     0.934199
 0.194513 -0.654891  0.730262    -0.729659
>../../../../class1/cys//data/domains/Catalytic_domain/structures/CysRS_AF_Euk_Arabidopsis_thaliana_gene833874.pdb
-0.093022  0.537555 -0.838082     6.648161
-0.740162 -0.600338 -0.302910     4.416003
-0.665963  0.592139  0.453723     0.323780
>../../../../class1/cys//data/domains/Catalytic_domain/structures/CysRS_AF_Euk_Cyanidioschyzon_merolae_strain_10D_gene16993418.pdb
 0.232286 -0.330725 -0.914693     2.171554
-0.123230 -0.942845  0.309610     8.078338
-0.964810  0.040799 -0.259765     2.165929
>../../../../class1/cys//data/domains/Catalytic_domain/structures/CysRS_AF_Euk_Drosophila_melanogaster_gene36784.pdb
 0.445878 -0.674636 -0.588267     5.976177
 0.041344 -0.640989  0.766436     1.879008
-0.894138 -0.366058 -0.257910     3.220648
>../../../../class1/cys//data/domains/Catalytic_domain/structures/CysRS_AF_Euk_Micromonas_commoda_gene8246535.pdb
-0.919669 -0.029671 -0.391571     6.010543
 0.218381  0.790090 -0.572773     3.965216
 0.326371 -0.612273 -0.720142     0.844569
>../../../../class1/cys//data/domains/Catalytic_domain/structures/CysRS_AF_Mito_Morone_saxatilis_gene118339815.pdb
 0.792845  0.580018  0.187016     8.216655
-0.578199  0.618961  0.531576     5.351671
 0.192568 -0.529590  0.826107    -4.239575
>../../../../class1/cys//data/domains/Catalytic_domain/structures/CysRS_AF_Mito_Saccharomyces_cerevisiae_S288C_gene855474.pdb
 0.858176  0.065459  0.509164     7.090331
-0.478402  0.461698  0.746971     2.566787
-0.186184 -0.884618  0.427534     2.576012
>../../../../class1/cys//data/domains/Catalytic_domain/structures/CysRS_AF_Vir_Megavirus_chiliensis_gene11257271.pdb
-0.788717 -0.604689 -0.110803     6.035323
-0.139427  0.351494 -0.925749    -0.625759
 0.598737 -0.714705 -0.361539     0.785533
>../../../../class1/cys//data/domains/Catalytic_domain/structures/CysRS_PDB_Bact_E_coli_1LI5.pdb
-0.587474 -0.240714 -0.772613   122.029283
-0.712116  0.607288  0.352268   -13.428212
 0.384402  0.757138 -0.528182   -73.510718
>../../../../class1/cys//data/domains/Catalytic_domain/structures/CysRS_PDB_Bact_M_smegmatis_3C8Z.pdb
-0.398704  0.313666  0.861770    52.082461
 0.439837 -0.759160  0.479812     8.413648
 0.804723  0.570342  0.164718   -29.811350
>../../../../class1/gln//data/domains/Catalytic_domain/structures/GlnRS_AF_Bact_Anaerostipes_hadrus_gene15230984.pdb
 0.244578  0.195703 -0.949675     2.127418
-0.196174 -0.949178 -0.246124    -3.369850
-0.949577  0.246498 -0.193756     5.707358
>../../../../class1/gln//data/domains/Catalytic_domain/structures/GlnRS_AF_Bact_Cutibacterium_avidum_44067_gene29843447.pdb
 0.333263  0.610027 -0.718890     2.449963
-0.489535 -0.539690 -0.684902    -2.886093
-0.805786  0.580174  0.118771     6.403641
>../../../../class1/gln//data/domains/Catalytic_domain/structures/GlnRS_AF_Bact_Pasteurella_multocida_subsp_multocida_str_Pm70_gene1243875.pdb
 0.023561  0.533881 -0.845231     1.898917
-0.667416 -0.621066 -0.410893    -1.442071
-0.744312  0.573802  0.341688     5.663276
>../../../../class1/gln//data/domains/Catalytic_domain/structures/GlnRS_AF_Bact_Porphyromonas_gingivalis_ATCC_33277_gene29257033.pdb
 0.221960 -0.089491 -0.970940     3.442214
 0.018638 -0.995208  0.095989    -3.196814
-0.974878 -0.039403 -0.219229     5.792675
>../../../../class1/gln//data/domains/Catalytic_domain/structures/GlnRS_AF_Bact_Thermus_thermophilus_HB8_gene3168786.pdb
-0.523384 -0.780450  0.342005     4.193503
-0.362331 -0.159433 -0.918312    -4.504315
 0.771223 -0.604549 -0.199337     5.883704
>../../../../class1/gln//data/domains/Catalytic_domain/structures/GlnRS_AF_Euk_Candida_dubliniensis_CD36_gene8049124.pdb
 0.008979  0.407164 -0.913311     6.577048
-0.153916 -0.901900 -0.403591    -2.191531
-0.988043  0.144196  0.054571     5.849126
>../../../../class1/gln//data/domains/Catalytic_domain/structures/GlnRS_AF_Euk_Dictyostelium_discoideum_AX4_gene8627167.pdb
-0.299062 -0.231572  0.925709     8.406511
-0.013041 -0.969024 -0.246621    -1.928096
 0.954145 -0.085827  0.286778     3.242135
>../../../../class1/gln//data/domains/Catalytic_domain/structures/GlnRS_AF_Euk_Encephalitozoon_romaleae_SJ-2008_gene20564565.pdb
-0.066425 -0.620021  0.781768     5.441706
-0.128825 -0.771612 -0.622912    -2.114321
 0.989440 -0.142088 -0.028620     4.942762
>../../../../class1/gln//data/domains/Catalytic_domain/structures/GlnRS_AF_Euk_Myodes_glareolus_gene125393344.pdb
 1.000000  0.000000  0.000000     0.000000
 0.000000  1.000000  0.000000     0.000000
 0.000000  0.000000  1.000000     0.000000
>../../../../class1/gln//data/domains/Catalytic_domain/structures/GlnRS_AF_Mito_Cyanidioschyzon_merolae_strain_10D_gene16997184.pdb
-0.449285 -0.702975  0.551334     7.250165
-0.361754 -0.421119 -0.831741    -2.452331
 0.816870 -0.573136 -0.065102     7.812505
>../../../../class1/gln//data/domains/Catalytic_domain/structures/GlnRS_Bact_D_radio_2HZ7.pdb
 0.402405  0.900016 -0.167456   -36.394744
 0.399883 -0.008263  0.916529   -78.409762
 0.823507 -0.435779 -0.363226    29.203940
>../../../../class1/gln//data/domains/Catalytic_domain/structures/GlnRS_Bact_E_coli_1QTQ.pdb
 0.024866  0.742235  0.669678   -19.841501
-0.963813  0.195653 -0.181064    34.810744
-0.265416 -0.640942  0.720241    16.752837
>../../../../class1/gln//data/domains/Catalytic_domain/structures/GlnRS_PDB_Euk_T_gondii_4P2B.pdb
 0.185138  0.705860  0.683729   -88.264388
-0.359793 -0.598761  0.715565    22.179933
 0.914479 -0.378479  0.143110   -64.121106
