>structures/CysRS_AF_Arch_Aciduliprofundum_boonei_T469_gene8827372.pdb
 0.874265 -0.060964 -0.481606     5.355908
 0.034517  0.997379 -0.063595     3.099560
 0.484220  0.038976  0.874078     2.345977
>structures/CysRS_AF_Arch_Candidatus_Nitrosopumilus_sediminis_gene13696907.pdb
 0.868131 -0.096255 -0.486912    -0.650707
-0.143649  0.890304 -0.432116     1.856639
 0.475093  0.445078  0.759073    -2.870519
>structures/CysRS_AF_Arch_Methanospirillum_hungatei_JF-1_gene3922979.pdb
 0.351804  0.550409 -0.757155     6.227997
-0.094318 -0.783903 -0.613677     6.889970
-0.931310  0.287308 -0.223867    -1.519727
>structures/CysRS_AF_Arch_Pyrobaculum_ferrireducens_gene11593896.pdb
 0.397921  0.405296 -0.823039     0.240101
 0.301783 -0.905024 -0.299763     4.503466
-0.866363 -0.129098 -0.482440    -1.464568
>structures/CysRS_AF_Bact_Bordetella_avium_197N_gene41394405.pdb
 0.637385  0.659821 -0.397966     1.491767
-0.073763 -0.461854 -0.883884     4.365906
-0.767007  0.592729 -0.245708    -1.641173
>structures/CysRS_AF_Bact_Lactobacillus_amylovorus_GRL1118_gene66523130.pdb
 0.426806  0.561440 -0.708958     1.887617
-0.012431 -0.780232 -0.625367     5.289037
-0.904258  0.275723 -0.326028    -0.710326
>structures/CysRS_AF_Bact_Mycobacterium_canettii_CIPT_140010059_gene45427568.pdb
-0.943583 -0.084892  0.320071     2.463336
 0.249904  0.451602  0.856506     4.090385
-0.217255  0.888172 -0.404909    -1.243164
>structures/CysRS_AF_Bact_Mycoplasma_hyopneumoniae_168-L_gene57101512.pdb
 0.365029  0.540303 -0.758173     3.595597
 0.268224 -0.840871 -0.470099     4.351325
-0.891521 -0.031760 -0.451864    -2.789103
>structures/CysRS_AF_Bact_Porphyromonas_gingivalis_ATCC_33277_gene29256960.pdb
 0.923688  0.084747 -0.373655     4.856645
-0.243288  0.883128 -0.401119     0.913052
 0.295991  0.461415  0.836353    -0.452105
>structures/CysRS_AF_Bact_Prochlorococcus_marinus_subsp_marinus_str_CCMP1375_gene54200571.pdb
 0.331943  0.213939 -0.918719     4.143210
 0.750654 -0.649721  0.119921     4.263552
-0.571255 -0.729447 -0.376264    -1.143326
>structures/CysRS_AF_Bact_Streptobacillus_moniliformis_DSM_12112_gene29673427.pdb
 0.838901 -0.225009 -0.495597     5.500228
 0.364550  0.908420  0.204639     6.201695
 0.404165 -0.352342  0.844101     3.747768
>structures/CysRS_AF_Bact_Treponema_pallidum_subsp_pertenue_str_SamoaD_gene57878631.pdb
 0.889378  0.071126 -0.451606     6.516711
-0.245586  0.907524 -0.340718     2.732784
 0.385609  0.413935  0.824599    -0.099208
>structures/CysRS_AF_Euk_Arabidopsis_thaliana_gene833874.pdb
 0.408983  0.645377 -0.645152    -0.707401
 0.238273 -0.757982 -0.607198     2.702574
-0.880885  0.094611 -0.463778    -0.366562
>structures/CysRS_AF_Euk_Cyanidioschyzon_merolae_strain_10D_gene16993418.pdb
 0.419010  0.186657 -0.888589    -6.588946
 0.830090 -0.475324  0.291578     1.529975
-0.367943 -0.859783 -0.354108     0.873718
>structures/CysRS_AF_Euk_Drosophila_melanogaster_gene36784.pdb
 0.550246 -0.187323 -0.813720    -1.225964
 0.828926  0.005189  0.559334    -0.637199
-0.100554 -0.982285  0.158132    -1.604549
>structures/CysRS_AF_Euk_Micromonas_commoda_gene8246535.pdb
-0.947783 -0.309397  0.077334    -1.286804
-0.266780  0.902048  0.339319     1.752238
-0.174743  0.300970 -0.937487    -0.596715
>structures/CysRS_AF_Mito_Morone_saxatilis_gene118339815.pdb
 0.913034  0.310097 -0.264969     0.642014
-0.404239  0.774584 -0.486427     7.551341
 0.054401  0.551235  0.832575    -0.821699
>structures/CysRS_AF_Mito_Saccharomyces_cerevisiae_S288C_gene855474.pdb
 0.999974 -0.007175  0.000851     0.148392
 0.007190  0.999777 -0.019865    -0.458202
-0.000708  0.019871  0.999802    -0.345177
>structures/CysRS_AF_Vir_Megavirus_chiliensis_gene11257271.pdb
-0.705110 -0.540997  0.458412     0.605095
-0.646016  0.756651 -0.100709    -0.012452
-0.292375 -0.367152 -0.883015    -5.076183
>structures/CysRS_PDB_Bact_E_coli_1LI5.pdb
-0.212995 -0.647298 -0.731873   119.417393
-0.706119 -0.415740  0.573197    68.342299
-0.675299  0.638878 -0.368519    16.282140
>structures/CysRS_PDB_Bact_M_smegmatis_3C8Z.pdb
-0.711865  0.492552  0.500641    43.095116
-0.531799 -0.843645  0.073845    32.259746
 0.458735 -0.213673  0.862500    13.522333
