>../../../../class1/glu2//data/domains/Catalytic_domain/structures/GlxRS-A_AF_Arch_Candidatus_Korarchaeum_cryptofilum_OPF8_gene6094352.pdb
 0.535722 -0.272529 -0.799206    -0.518049
 0.818846 -0.063387  0.570502     0.642185
-0.206138 -0.960057  0.189202    -0.859535
>../../../../class1/glu2//data/domains/Catalytic_domain/structures/GlxRS-A_AF_Arch_Methanothrix_soehngenii_GP6_gene10459943.pdb
 0.634267  0.460965 -0.620658    -3.093165
-0.705764  0.017515 -0.708231    -0.950674
-0.315599  0.887245  0.336441    -1.884269
>../../../../class1/glu2//data/domains/Catalytic_domain/structures/GlxRS-A_AF_Arch_Nitrosopumilus_maritimus_SCM1_gene5773999.pdb
-0.296679 -0.092621  0.950475    -1.888188
 0.052044 -0.995375 -0.080752    -1.897242
 0.953558  0.025509  0.300127    -0.520287
>../../../../class1/glu2//data/domains/Catalytic_domain/structures/GlxRS-A_AF_Arch_Sulfolobus_islandicus_LAL14_1_gene15298417.pdb
-0.944727  0.209954  0.251813    -4.661158
 0.326755  0.665878  0.670700     2.548222
-0.026861  0.715910 -0.697676    -4.033369
>../../../../class1/glu2//data/domains/Catalytic_domain/structures/GlxRS-A_PDB_Arch_M_thermau_3AII.pdb
-0.439340 -0.890082  0.121384    24.642939
 0.212751  0.028184  0.976700   -62.120916
-0.872764  0.454927  0.176984   -31.110961
>../../../../class1/lys//data/domains/Catalytic_domain/structures/LysRS-I_AF_Arch_Candidatus_Bathyarchaeota_archaeon_proteinRJS75864.1.pdb
-0.642026 -0.718858  0.266543    -2.599794
-0.750531  0.518309 -0.409950     1.130850
 0.156544 -0.463247 -0.872294     0.235636
>../../../../class1/lys//data/domains/Catalytic_domain/structures/LysRS-I_AF_Arch_Candidatus_Nitrosopumilus_koreensis_AR1_gene13726042.pdb
-0.335268  0.556871  0.759928    -6.987810
 0.614295 -0.482353  0.624482     1.360482
 0.714309  0.676188 -0.180365    -1.179812
>../../../../class1/lys//data/domains/Catalytic_domain/structures/LysRS-I_AF_Arch_Ferroplasma_acidarmanus_Fer1_gene16025146.pdb
-0.717068 -0.675867  0.170343    -4.431910
-0.675031  0.612526 -0.411272    -2.472776
 0.173626 -0.409897 -0.895455    -2.162327
>../../../../class1/lys//data/domains/Catalytic_domain/structures/LysRS-I_AF_Arch_Halorubrum_lacusprofundi_ATCC_49239_gene7400505.pdb
 1.000000  0.000000  0.000000     0.000000
 0.000000  1.000000  0.000000     0.000000
 0.000000  0.000000  1.000000     0.000000
>../../../../class1/lys//data/domains/Catalytic_domain/structures/LysRS-I_AF_Bact_Cereibacter_sphaeroides_KD131_gene67447319.pdb
 0.646176 -0.636516 -0.421074    -4.452207
 0.677475  0.224361  0.700492     1.297387
-0.351402 -0.737909  0.576201    -5.066912
>../../../../class1/lys//data/domains/Catalytic_domain/structures/LysRS-I_AF_Bact_Cyanobacteria_bacterium_J007_proteinRMH73500.1.pdb
-0.371024 -0.717482  0.589543    -1.793768
-0.837011 -0.016572 -0.546935     1.579262
 0.402186 -0.696380 -0.594392     1.369006
>../../../../class1/lys//data/domains/Catalytic_domain/structures/LysRS-I_AF_Bact_Streptomyces_albidoflavus_gene15147364.pdb
-0.513349  0.534368  0.671509    -2.575600
 0.455844 -0.493176  0.740935     3.326684
 0.727103  0.686461  0.009583    -1.453130
>../../../../class1/lys//data/domains/Catalytic_domain/structures/LysRS-I_AF_Bact_Treponema_denticola_ATCC_35405_gene2739918.pdb
-0.518936  0.591223  0.617382    -2.685482
 0.382974 -0.484899  0.786259     3.442402
 0.764223  0.644459  0.025208    -1.335429
>../../../../class1/lys//data/domains/Catalytic_domain/structures/LysRS-I_PDB_Arch_P_hori_1IRX.pdb
 0.333984  0.576943 -0.745380    13.229696
-0.741323  0.649179  0.170314    -1.019091
 0.582147  0.495685  0.644517   -91.845947
