>../../../../class1/glu1//data/domains/Catalytic_domain/structures/GluRS-B_AF_Bact_Chlamydia_psittaci_6BC_gene12242467.pdb
 0.957609 -0.051551  0.283420    -5.829659
-0.079339  0.898610  0.431515    -5.253633
-0.276929 -0.435709  0.856427    -0.153874
>../../../../class1/glu1//data/domains/Catalytic_domain/structures/GluRS-B_AF_Bact_[Eubacterium]_eligens_ATCC_27750_gene41357084.pdb
 0.938228 -0.298304 -0.175335    -0.206866
 0.327914  0.928291  0.175352     1.742524
 0.110454 -0.222015  0.968767     2.381962
>../../../../class1/glu1//data/domains/Catalytic_domain/structures/GluRS-B_AF_Bact_Porphyromonas_gingivalis_ATCC_33277_gene29255772.pdb
-0.127573  0.136732  0.982359     0.065675
 0.055669 -0.987903  0.144734     0.610516
 0.990266  0.073151  0.118418     0.489283
>../../../../class1/glu1//data/domains/Catalytic_domain/structures/GluRS-B_AF_Bact_Treponema_pallidum_subsp_pertenue_str_SamoaD_gene57879197.pdb
 0.998203 -0.040252 -0.044392     1.510459
 0.040418  0.999179  0.002850     1.107813
 0.044241 -0.004639  0.999010    -0.995198
>../../../../class1/glu1//data/domains/Catalytic_domain/structures/GluRS-B_AF_Euk_Cryptococcus_neoformans_var_grubii_H99_gene23890400.pdb
 0.018794 -0.055070  0.998306     2.896043
-0.179818 -0.982387 -0.050807     2.628741
 0.983520 -0.178559 -0.028365    -0.218162
>../../../../class1/glu1//data/domains/Catalytic_domain/structures/GluRS-B_AF_Mito_Drosophila_melanogaster_gene39828.pdb
-0.956422 -0.239572  0.166921     2.016339
-0.194378  0.948986  0.248281    -2.352596
-0.217887  0.205015 -0.954198     1.751669
>../../../../class1/glu1//data/domains/Catalytic_domain/structures/GluRS-B_PDB_Bact_T_therm_1J09.pdb
 0.169763 -0.154742  0.973260    -6.588495
-0.113199 -0.984120 -0.136724    35.518381
 0.978962 -0.086961 -0.184584   -35.255219
>../../../../class1/glu1//data/domains/Catalytic_domain/structures/GlxRS-B_AF_Bact_Bifidobacterium_animalis_subsp_lactis_BLC1_gene66532600.pdb
 0.976447 -0.008570  0.215588     1.642489
 0.084202  0.935113 -0.344199     0.961451
-0.198650  0.354245  0.913810     0.958981
>../../../../class1/glu1//data/domains/Catalytic_domain/structures/GlxRS-B_AF_Bact_Mycoplasma_hyopneumoniae_168-L_gene57101016.pdb
 0.954160 -0.195514 -0.226612    -0.206037
 0.217909  0.972832  0.078185     0.413149
 0.205169 -0.123982  0.970842     1.082212
>../../../../class1/glu1//data/domains/Catalytic_domain/structures/GlxRS-B_AF_Bact_Paracoccus_denitrificans_PD1222_gene75500422.pdb
 0.905994 -0.290382 -0.307982    -0.939247
 0.355181  0.917314  0.179948     1.535446
 0.230263 -0.272421  0.934219     2.026437
>../../../../class1/glu1//data/domains/Catalytic_domain/structures/GlxRS-B_AF_Bact_Prochlorococcus_marinus_subsp_marinus_str_CCMP1375_gene54199839.pdb
-0.181608 -0.723369  0.666150     0.447378
-0.831455 -0.248754 -0.496794     1.262817
 0.525073 -0.644095 -0.556273     1.597777
>../../../../class1/glu1//data/domains/Catalytic_domain/structures/GlxRS-B_AF_Euk_Arabidopsis_thaliana_gene836526.pdb
-0.928065 -0.370610  0.036663    -0.165668
-0.349574  0.900854  0.257410    -1.762341
-0.128427  0.226077 -0.965606    -3.394356
>../../../../class1/glu1//data/domains/Catalytic_domain/structures/GlxRS-B_AF_Euk_Ostreococcus_tauri_proteinOUS48355.1.pdb
-0.973311  0.221885  0.058595    -2.711729
 0.195993  0.670860  0.715216     1.777591
 0.119387  0.707611 -0.696443    -2.784640
>../../../../class1/glu1//data/domains/Catalytic_domain/structures/GlxRS-B_AF_Euk_Plasmodium_knowlesi_strain_H_gene7321821.pdb
 1.000000  0.000000  0.000000     0.000000
 0.000000  1.000000  0.000000     0.000000
 0.000000  0.000000  1.000000     0.000000
>../../../../class1/glu1//data/domains/Catalytic_domain/structures/GlxRS-B_AF_Mito_Cyanidioschyzon_merolae_strain_10D_gene16997617.pdb
-0.978783  0.192821  0.069310    -0.201026
 0.180094  0.648253  0.739820     2.462909
 0.097723  0.736606 -0.669225    -2.030056
>../../../../class1/glu1//data/domains/Catalytic_domain/structures/GlxRS-B_PDB_Bact_S_elong_2CFO.pdb
 0.622220 -0.604578  0.497320   -33.155092
-0.716340 -0.695943  0.050208   -12.958137
 0.315752 -0.387491 -0.866113    36.960502
>../../../../class1/glu2//data/domains/Catalytic_domain/structures/GlxRS-A_AF_Arch_Candidatus_Korarchaeum_cryptofilum_OPF8_gene6094352.pdb
 0.993680 -0.111398  0.013781     0.052932
 0.111739  0.993367 -0.027151    -0.096866
-0.010665  0.028520  0.999536    -0.315838
>../../../../class1/glu2//data/domains/Catalytic_domain/structures/GlxRS-A_AF_Arch_Methanothrix_soehngenii_GP6_gene10459943.pdb
-0.197366  0.185478 -0.962624    -2.451364
 0.188288 -0.956485 -0.222900     1.592458
-0.962078 -0.225244  0.153854     0.770008
>../../../../class1/glu2//data/domains/Catalytic_domain/structures/GlxRS-A_AF_Arch_Nitrosopumilus_maritimus_SCM1_gene5773999.pdb
-0.202286 -0.883273  0.422977    -2.975920
-0.876015 -0.029886 -0.481356    -0.215241
 0.437810 -0.467906 -0.767715    -0.677668
>../../../../class1/glu2//data/domains/Catalytic_domain/structures/GlxRS-A_AF_Arch_Sulfolobus_islandicus_LAL14_1_gene15298417.pdb
-0.261195  0.586785  0.766460    -0.004871
 0.199024 -0.744226  0.637587     4.038176
 0.944546  0.319078  0.077604     3.713309
>../../../../class1/glu2//data/domains/Catalytic_domain/structures/GlxRS-A_PDB_Arch_M_thermau_3AII.pdb
 0.017181 -0.524345  0.851333   -33.933615
 0.933313 -0.297013 -0.201769    26.386122
 0.358654  0.798026  0.484275   -60.598835
