>../../../../class1/glu3//data/domains/Catalytic_domain/structures/GluRS-E_AF_Euk_Cyathus_striatus_proteinKAF9013924.1.pdb
-0.197889  0.658643  0.725967    -2.063757
 0.978198  0.180295  0.103069    18.622033
-0.063003  0.730536 -0.679962     6.262225
>../../../../class1/glu3//data/domains/Catalytic_domain/structures/GluRS-E_AF_Euk_Lichtheimia_hyalospora_proteinKAI7879902.1.pdb
 0.077310 -0.162699  0.983642    -8.434931
 0.801239 -0.576994 -0.158411     8.963328
 0.593329  0.800379  0.085754     8.605562
>../../../../class1/glu3//data/domains/Catalytic_domain/structures/GluRS-E_AF_Euk_Medicago_truncatula_gene11407510.pdb
 0.002342  0.447285  0.894389    -0.025628
 0.957155 -0.259990  0.127515    16.157843
 0.289568  0.855770 -0.428729    13.059294
>../../../../class1/glu3//data/domains/Catalytic_domain/structures/GluRS-E_AF_Euk_Xylariaceae_sp_FL0804_proteinKAI0483267.1.pdb
-0.044212  0.400367 -0.915288   -10.353671
-0.860941 -0.480027 -0.168387     6.353405
-0.506779  0.780564  0.365915     5.526050
>../../../../class1/glu3//data/domains/Catalytic_domain/structures/GluRS-E_PDB_Euk_Gallus_gallus_7WRU.pdb
 0.295161 -0.907275  0.299554   -46.335861
-0.922110 -0.352596 -0.159338    27.231761
 0.250185 -0.229192 -0.940680    89.933500
>../../../../class1/leu2//data/domains/Catalytic_domain/structures/LeuRS-A_AF_Arch_Aciduliprofundum_boonei_T469_gene8828435.pdb
-0.287420 -0.202104 -0.936239     2.963487
 0.491192 -0.870262  0.037069     0.369603
-0.822265 -0.449219  0.349403     0.396509
>../../../../class1/leu2//data/domains/Catalytic_domain/structures/LeuRS-A_AF_Arch_Candidatus_Korarchaeum_cryptofilum_OPF8_gene6093520.pdb
-0.828602  0.558010  0.045211     0.681210
 0.432388  0.586579  0.684811    -2.714935
 0.355612  0.586984 -0.727317    -1.750994
>../../../../class1/leu2//data/domains/Catalytic_domain/structures/LeuRS-A_AF_Arch_Candidatus_Nitrosopumilus_koreensis_AR1_gene13725794.pdb
 0.996230  0.086697  0.003193     1.234285
-0.084980  0.982587 -0.165233    -0.595297
-0.017463  0.164339  0.986249     0.003988
>../../../../class1/leu2//data/domains/Catalytic_domain/structures/LeuRS-A_AF_Arch_Methanobrevibacter_smithii_ATCC_35061_gene5216355.pdb
 1.000000 -0.000000  0.000000     0.000000
 0.000000  1.000000  0.000000     0.000000
-0.000000  0.000000  1.000000     0.000000
>../../../../class1/leu2//data/domains/Catalytic_domain/structures/LeuRS-A_AF_Euk_Arabidopsis_thaliana_gene837489.pdb
-0.216290 -0.922645  0.319287     0.637916
-0.845624  0.013577 -0.533607     2.054567
 0.487995 -0.385411 -0.783147    -3.294019
>../../../../class1/leu2//data/domains/Catalytic_domain/structures/LeuRS-A_AF_Euk_Drosophila_melanogaster_gene326262.pdb
 0.996381  0.084991 -0.001237    -0.343856
-0.084936  0.996091  0.024282     1.947326
 0.003296 -0.024089  0.999704    -2.445894
>../../../../class1/leu2//data/domains/Catalytic_domain/structures/LeuRS-A_AF_Euk_Leishmania_major_strain_Friedlin_gene5650139.pdb
 0.990114  0.127030  0.059481     3.472184
-0.117454  0.982658 -0.143484     1.780057
-0.076676  0.135079  0.987863    -3.360029
>../../../../class1/leu2//data/domains/Catalytic_domain/structures/LeuRS-A_AF_Euk_Neurospora_crassa_OR74A_gene3879366.pdb
 0.998955 -0.030502 -0.034032     2.266891
 0.033592  0.994978  0.094288     0.559802
 0.030985 -0.095332  0.994963    -2.387718
>../../../../class1/leu2//data/domains/Catalytic_domain/structures/LeuRS-A_PDB_Arch_P_hori_1WKB.pdb
-0.143766  0.800462  0.581887    -6.167200
-0.964164  0.019189 -0.264611   123.249406
-0.222977 -0.599077  0.769018    45.696796
