>structures/LysRS-II_AF_Arch_Aciduliprofundum_boonei_T469_gene8827564.pdb
 0.887529  0.409003 -0.212155    -7.602723
-0.454397  0.700765 -0.549956    -0.852580
-0.076263  0.584504  0.807799    -3.559372
>structures/LysRS-II_AF_Arch_Archaeoglobus_sulfaticallidus_PM70-1_gene15393615.pdb
 0.899735 -0.385004 -0.205543    -2.400007
 0.431131  0.857266  0.281462    -0.069593
 0.067841 -0.341857  0.937300     0.520348
>structures/LysRS-II_AF_Arch_Candidatus_Woesearchaeota_archaeon_proteinMBS3172198.1.pdb
 0.367952 -0.736880 -0.567115    -3.974379
 0.861999  0.041621  0.505198    -0.991685
-0.348666 -0.674741  0.650505    -0.589791
>structures/LysRS-II_AF_Arch_Thermogladius_calderae_1633_gene13013549.pdb
 0.575612  0.692901 -0.434235    -6.146127
-0.663356  0.085159 -0.743443    -0.257074
-0.478153  0.715986  0.508658    -4.714837
>structures/LysRS-II_AF_Bact_Chlamydia_muridarum_str_Nigg_gene1245697.pdb
 0.493077  0.717089 -0.492604    -7.864656
-0.707953  0.001633 -0.706257     1.203321
-0.505645  0.696980  0.508471    -1.884026
>structures/LysRS-II_AF_Bact_Cupriavidus_taiwanensis_LMG_19424_gene29762375.pdb
 0.858928 -0.482479 -0.171630     0.029409
 0.511028  0.785930  0.348087     1.285344
-0.033055 -0.386689  0.921618     1.260811
>structures/LysRS-II_AF_Bact_Leuconostoc_gelidum_JB7_gene61037106.pdb
 0.950995 -0.250997 -0.180578    -4.343404
 0.308294  0.814485  0.491496     1.621824
 0.023714 -0.523081  0.851953    -3.218555
>structures/LysRS-II_AF_Bact_Mycobacterium_intracellulare_ATCC_13950_gene11907187.pdb
 0.957033 -0.228397 -0.178667    -0.046664
 0.267146  0.934084  0.236897     1.434235
 0.112784 -0.274449  0.954965    -0.456992
>structures/LysRS-II_AF_Bact_Mycoplasma_hyopneumoniae_168-L_gene57101062.pdb
 0.911662 -0.267979 -0.311545    -6.041120
 0.390991  0.798990  0.456882    -0.094976
 0.126486 -0.538333  0.833186    -5.557908
>structures/LysRS-II_AF_Bact_Porphyromonas_gingivalis_ATCC_33277_gene29256363.pdb
 0.839258  0.540989 -0.054553    -7.934455
-0.472276  0.675567 -0.566185    -0.506839
-0.269446  0.500939  0.822471    -4.250378
>structures/LysRS-II_AF_Bact_Prochlorococcus_marinus_subsp_marinus_str_CCMP1375_gene54201108.pdb
 0.990941 -0.115459 -0.068592    -5.588142
 0.129644  0.955706  0.264233     1.800671
 0.035046 -0.270732  0.962017    -3.642438
>structures/LysRS-II_AF_Bact_Streptobacillus_moniliformis_DSM_12112_gene29673899.pdb
 0.999930  0.011273 -0.003547     0.045329
-0.011283  0.999933 -0.002639     0.190098
 0.003517  0.002679  0.999990    -0.012974
>structures/LysRS-II_AF_Euk_Ostreococcus_tauri_gene9837657.pdb
 0.889707 -0.338225 -0.306636    -1.155987
 0.435290  0.830972  0.346423     1.744703
 0.137637 -0.441690  0.886547    -0.355492
>structures/LysRS-II_AF_Euk_Solanum_lycopersicum_gene778357.pdb
-0.195204 -0.335124  0.921731    -3.245192
-0.651037 -0.658611 -0.377335     3.531068
 0.733516 -0.673738 -0.089615    -3.819493
>structures/LysRS-II_AF_Euk_Theileria_annulata_gene3864794.pdb
-0.481833 -0.598564  0.639967     0.611091
-0.792167 -0.014651 -0.610128     2.613233
 0.374577 -0.800941 -0.467104    -2.934667
>structures/LysRS-II_AF_Euk_Zootoca_vivipara_gene118086243.pdb
 0.302958 -0.349705 -0.886523    -4.126396
 0.761242 -0.470851  0.445881     6.072498
-0.573347 -0.809942  0.123562    -5.853721
>structures/LysRS-II_AF_Mito_Malus_domestica_gene103446975.pdb
 0.821974 -0.526975 -0.216001    -0.331770
 0.562958  0.694357  0.448271     3.130859
-0.086246 -0.490066  0.867408     1.647949
>structures/LysRS-II_AF_Mito_Scheffersomyces_stipitis_CBS_6054_gene4837999.pdb
 0.940676 -0.121388 -0.316850     0.050883
 0.292206  0.764462  0.574642     7.410800
 0.172465 -0.633137  0.754581    -2.267893
>structures/LysRS-II_PDB_Bact_G_stearothermophilus_3E9H.pdb
-0.285234  0.151577 -0.946396    53.734627
 0.956832  0.102524 -0.271959   -42.705409
 0.055806 -0.983114 -0.174277   -84.851228
