>structures/AspRS_AF_Arch_Candidatus_Methanomassiliicoccus_intestinalis_Issoire-Mx1_gene16154434.pdb
-0.012896 -0.627984 -0.778119    -4.375917
 0.415424 -0.711210  0.567101     7.081154
-0.909537 -0.315936  0.270051    -4.504305
>structures/AspRS_AF_Arch_unclassified_Euryarchaeota_proteinHHT76046.1.pdb
 0.037687 -0.367519 -0.929252    -3.735229
 0.583845 -0.746587  0.318954     0.549165
-0.810990 -0.554560  0.186438    -2.835328
>structures/AspRS_AF_Bact_Bacillus_anthracis_str_Ames_Ancestor_gene45024275.pdb
-0.927545  0.295495  0.228785    -9.189659
 0.372243  0.784736  0.495605     2.957101
-0.033087  0.544860 -0.837874    -5.656656
>structures/AspRS_AF_Bact_Brachyspira_pilosicoli_95_1000_gene56440011.pdb
-0.028094 -0.121162 -0.992235    -3.302201
 0.488383 -0.867752  0.092133     2.258211
-0.872177 -0.482002  0.083552    -2.714579
>structures/AspRS_AF_Bact_Chlamydia_muridarum_str_Nigg_gene1246197.pdb
-0.215765  0.320812 -0.922239    -2.791797
-0.043840 -0.946717 -0.319070     1.580397
-0.975461 -0.028413  0.218333    -1.862365
>structures/AspRS_AF_Bact_Mycoplasma_hyopneumoniae_168-L_gene57101115.pdb
 0.323826 -0.843565 -0.428410    -0.754332
 0.591986 -0.172564  0.787257     7.592078
-0.738031 -0.508547  0.443498    -2.822102
>structures/AspRS_AF_Bact_Nocardia_cyriacigeorgica_GUH-2_gene45501717.pdb
 1.000000  0.000000  0.000000     0.000000
 0.000000  1.000000  0.000000     0.000000
 0.000000  0.000000  1.000000     0.000000
>structures/AspRS_AF_Bact_Porphyromonas_gingivalis_ATCC_33277_gene29255515.pdb
 0.187398  0.468597  0.863307    -5.334181
 0.842733 -0.528232  0.103789     2.460399
 0.504662  0.708087 -0.493892    -0.758017
>structures/AspRS_AF_Bact_Prochlorococcus_marinus_subsp_marinus_str_CCMP1375_gene54201182.pdb
-0.183343  0.098156 -0.978136    -7.074217
-0.149077 -0.986271 -0.071029     3.207939
-0.971680  0.132795  0.195459    -6.845536
>structures/AspRS_AF_Bact_Xylella_fastidiosa_Temecula1_gene58016479.pdb
 0.995080  0.085210  0.050543    -5.470798
-0.082452  0.995111 -0.054362    -0.113218
-0.054928  0.049927  0.997241    -1.999528
>structures/AspRS_AF_Mito_Homo_sapiens_gene55157.pdb
-0.087122  0.581042  0.809197    -5.940851
 0.877599 -0.339617  0.338348     1.920455
 0.471412  0.739628 -0.480334    -1.612963
>structures/AspRS_AF_Mito_Oryza_sativa_Japonica_Group_gene4324505.pdb
 0.020437 -0.446640  0.894480    -0.807087
-0.449535 -0.803236 -0.390808     0.500475
 0.893029 -0.394113 -0.217196     2.619218
>structures/AspRS_AF_Mito_Oryzias_melastigma_gene112147132.pdb
 0.725889 -0.541411 -0.424216    -4.763493
 0.574399  0.137900  0.806876    -0.093789
-0.378352 -0.829372  0.411086    -3.641112
>structures/AspRS_PDB_Bact_E_coli_1c0a.pdb
-0.118918 -0.933185 -0.339152    36.377312
 0.991293 -0.092135 -0.094068   -53.896069
 0.056535 -0.347385  0.936017    12.810658
