>structures/AspRS_AF_Arch_Candidatus_Methanomassiliicoccus_intestinalis_Issoire-Mx1_gene16154434.pdb
 0.362067 -0.648331  0.669757    64.314369
 0.289745  0.761190  0.580204    38.430218
-0.885977 -0.016014  0.463453    -8.117460
>structures/AspRS_AF_Arch_unclassified_Euryarchaeota_proteinHHT76046.1.pdb
 0.528856 -0.727629  0.436883    57.855646
 0.192907  0.604344  0.773017    37.852218
-0.826498 -0.324537  0.459975    -6.156940
>structures/AspRS_AF_Bact_Bacillus_anthracis_str_Ames_Ancestor_gene45024275.pdb
 0.477426  0.773522  0.416808    60.732603
 0.842782 -0.537314  0.031810    43.699429
 0.248562  0.336091 -0.908438    -7.178241
>structures/AspRS_AF_Bact_Brachyspira_pilosicoli_95_1000_gene56440011.pdb
 0.438375 -0.872967  0.213907    59.505688
 0.284219  0.360422  0.888434    37.248279
-0.852670 -0.328671  0.406114    -6.353543
>structures/AspRS_AF_Bact_Chlamydia_muridarum_str_Nigg_gene1246197.pdb
-0.072459 -0.978154 -0.194844    58.820609
 0.544340 -0.202481  0.814061    36.539891
-0.835730 -0.047075  0.547120    -5.660878
>structures/AspRS_AF_Bact_Mycoplasma_hyopneumoniae_168-L_gene57101115.pdb
 0.506710 -0.099448  0.856361    64.484127
-0.100453  0.979748  0.173215    34.415769
-0.856244 -0.173794  0.486458    -7.820006
>structures/AspRS_AF_Bact_Nocardia_cyriacigeorgica_GUH-2_gene45501717.pdb
-0.118918  0.991293  0.056535    57.028479
-0.933185 -0.092135 -0.347385    33.431263
-0.339152 -0.094068  0.936017    -4.723477
>structures/AspRS_AF_Bact_Porphyromonas_gingivalis_ATCC_33277_gene29255515.pdb
 0.841579 -0.539437 -0.027444    60.057731
-0.427797 -0.634667 -0.643574    38.446224
 0.329749  0.553359 -0.764892    -3.852030
>structures/AspRS_AF_Bact_Prochlorococcus_marinus_subsp_marinus_str_CCMP1375_gene54201182.pdb
-0.175293 -0.982673  0.060212    60.610905
 0.522885 -0.041105  0.851412    42.004362
-0.834184  0.180731  0.521031    -8.971130
>structures/AspRS_AF_Bact_Xylella_fastidiosa_Temecula1_gene58016479.pdb
-0.203287  0.979113 -0.003473    57.453772
-0.901955 -0.188646 -0.388445    39.241343
-0.380987 -0.075833  0.921465    -4.729195
>structures/AspRS_AF_Mito_Oryza_sativa_Japonica_Group_gene4324505.pdb
-0.397629 -0.765294 -0.506178    57.766575
-0.287646  0.627826 -0.723253    33.227854
 0.871293 -0.141986 -0.469775    -2.043037
>structures/AspRS_AF_Mito_Oryzias_melastigma_gene112147132.pdb
 0.456329  0.154259  0.876338    57.284787
-0.592068  0.787835  0.169623    39.018270
-0.664243 -0.596255  0.450844    -6.711954
>structures/AspRS_PDB_Bact_E_coli_1c0a.pdb
 1.000000 -0.000000  0.000000     0.000000
 0.000000  1.000000  0.000000     0.000000
-0.000000  0.000000  1.000000     0.000000
