>structures/LeuRS-B_AF_Bact_Bifidobacterium_longum_subsp_longum_JCM_1217_gene69578373.pdb
 0.594020 -0.767526 -0.240923     2.378081
 0.726921  0.383855  0.569422    -0.381897
-0.344567 -0.513380  0.785948    -2.725589
>structures/LeuRS-B_AF_Bact_Brachyspira_pilosicoli_95_1000_gene56439070.pdb
 0.999975 -0.003301  0.006192    -0.130783
 0.003283  0.999990  0.003027    -0.005439
-0.006202 -0.003007  0.999976    -0.088337
>structures/LeuRS-B_AF_Bact_Chlamydia_psittaci_6BC_gene12243068.pdb
-0.961334  0.274953 -0.015456     0.763096
 0.231877  0.838452  0.493185     0.177347
 0.148562  0.470532 -0.869787    -0.151171
>structures/LeuRS-B_AF_Bact_Clostridium_botulinum_A_str_ATCC_3502_gene5187707.pdb
 0.126780 -0.441845  0.888088     1.191718
-0.419000 -0.835370 -0.355802     5.247919
 0.899091 -0.327001 -0.291041    -1.493791
>structures/LeuRS-B_AF_Bact_Mycoplasma_hyopneumoniae_168-L_gene57101518.pdb
 0.031370  0.804238 -0.593479     0.380336
-0.553848 -0.480290 -0.680128     1.885018
-0.832027  0.350033  0.430359    -2.642628
>structures/LeuRS-B_AF_Bact_Orientia_tsutsugamushi_str_Ikeda_gene66652454.pdb
-0.920322  0.377081  0.104007     2.646697
 0.345169  0.657782  0.669463     0.988356
 0.184028  0.652021 -0.735528     0.546963
>structures/LeuRS-B_AF_Bact_Porphyromonas_gingivalis_ATCC_33277_gene29256038.pdb
 0.950273 -0.260208  0.171093     0.252642
 0.223933  0.952748  0.205243    -1.194340
-0.216415 -0.156723  0.963640    -0.754637
>structures/LeuRS-B_AF_Bact_Thermus_thermophilus_HB8_gene3168656.pdb
 0.136650 -0.449049  0.882996     4.526042
-0.361514 -0.852488 -0.377587     2.343709
 0.922298 -0.267618 -0.278830     3.864026
>structures/LeuRS-B_AF_Euk_Bathycoccus_prasinos_gene19015540.pdb
-0.946658  0.320483  0.033597     2.152506
 0.316019  0.902940  0.291256    -0.408896
 0.063007  0.286338 -0.956055    -1.185221
>structures/LeuRS-B_AF_Euk_Klebsormidium_nitens_protein971510658.pdb
-0.100294  0.728779 -0.677364     1.891692
-0.466195 -0.635860 -0.615097     0.044870
-0.878979  0.254093  0.403526    -0.949159
>structures/LeuRS-B_AF_Euk_Thalassiosira_pseudonana_CCMP1335_gene7441753.pdb
 0.996098 -0.075515  0.045671     6.174682
 0.065542  0.979563  0.190160     0.248793
-0.059098 -0.186425  0.980690     1.615896
>structures/LeuRS-B_AF_Mito_Drosophila_melanogaster_gene38581.pdb
 0.095972  0.923889 -0.370431    -2.485026
-0.707483 -0.198467 -0.678291     3.464730
-0.700184  0.327171  0.634588     0.207473
>structures/LeuRS-B_AF_Mito_Homo_sapiens_gene23395.pdb
-0.952591  0.268756 -0.142619    -0.623456
 0.156617  0.835022  0.527455     2.439317
 0.260847  0.480112 -0.837527    -0.865980
>structures/LeuRS-B_PDB_Bact_T_therm_2V0C.pdb
 0.509905  0.667674 -0.542410    24.836407
 0.777553 -0.627453 -0.041399   -34.680073
-0.367978 -0.400643 -0.839093    10.568720
