>structures/LeuRS-B_AF_Bact_Bifidobacterium_longum_subsp_longum_JCM_1217_gene69578373.pdb
 0.995430  0.091136  0.028529    20.090939
 0.073985 -0.547093 -0.833796   -31.294398
-0.060381  0.832096 -0.551335    21.919423
>structures/LeuRS-B_AF_Bact_Brachyspira_pilosicoli_95_1000_gene56439070.pdb
 0.515867  0.782501 -0.348675    17.781294
 0.674440 -0.621932 -0.397909   -34.202541
-0.528216 -0.029892 -0.848584    21.266222
>structures/LeuRS-B_AF_Bact_Chlamydia_psittaci_6BC_gene12243068.pdb
-0.364651  0.620387  0.694370    18.658427
-0.845908 -0.532401  0.031443   -33.667572
 0.389190 -0.575908  0.718931    20.582009
>structures/LeuRS-B_AF_Bact_Clostridium_botulinum_A_str_ATCC_3502_gene5187707.pdb
-0.584471 -0.762253  0.278145    23.116982
-0.019800  0.356085  0.934244   -35.894200
-0.811173  0.540531 -0.223214    21.349695
>structures/LeuRS-B_AF_Bact_Escherichia_coli_O157_H7_str._Sakai_gene917041.pdb
 0.754965  0.654692  0.037499    18.910971
 0.553293 -0.605256 -0.572304   -36.315074
-0.351987  0.452818 -0.819183    19.765369
>structures/LeuRS-B_AF_Bact_Mycoplasma_hyopneumoniae_168-L_gene57101518.pdb
-0.114788 -0.087114 -0.989563    20.611896
 0.696972  0.702754 -0.142713   -34.104226
 0.707851 -0.706080 -0.019951    23.075592
>structures/LeuRS-B_AF_Bact_Orientia_tsutsugamushi_str_Ikeda_gene66652454.pdb
-0.263564  0.467646  0.843707    19.907264
-0.905125 -0.422353 -0.048650   -33.135609
 0.333591 -0.776482  0.534595    18.907044
>structures/LeuRS-B_AF_Bact_Porphyromonas_gingivalis_ATCC_33277_gene29256038.pdb
 0.740950  0.664352 -0.098129    17.479273
 0.579746 -0.706535 -0.405836   -32.887727
-0.338949  0.243814 -0.908663    21.419786
>structures/LeuRS-B_AF_Bact_Thermus_thermophilus_HB8_gene3168656.pdb
-0.550453 -0.790751  0.267797    20.984240
-0.046711  0.349435  0.935796   -34.252200
-0.833559  0.502602 -0.229284    15.044401
>structures/LeuRS-B_AF_Euk_Bathycoccus_prasinos_gene19015540.pdb
-0.266866  0.768553  0.581471    19.072942
-0.855384 -0.466837  0.224459   -31.999143
 0.443961 -0.437480  0.781991    20.908655
>structures/LeuRS-B_AF_Euk_Klebsormidium_nitens_protein971510658.pdb
-0.089401 -0.215098 -0.972492    19.402562
 0.579042  0.783214 -0.226464   -32.561127
 0.810381 -0.583359  0.054531    20.598274
>structures/LeuRS-B_AF_Euk_Plasmodium_falciparum_3D7_gene2655460.pdb
 0.997192  0.071016  0.023756    21.968666
 0.049218 -0.382468 -0.922657   -35.417872
-0.056437  0.921235 -0.384890    17.130984
>structures/LeuRS-B_AF_Euk_Thalassiosira_pseudonana_CCMP1335_gene7441753.pdb
 0.579480  0.793166 -0.187327    20.784295
 0.645107 -0.586871 -0.489306   -30.778706
-0.498037  0.162697 -0.851756    16.006989
>structures/LeuRS-B_AF_Mito_Drosophila_melanogaster_gene38581.pdb
-0.256628  0.190869 -0.947476    19.231919
 0.786514  0.610987 -0.089948   -37.894406
 0.561727 -0.768287 -0.306917    21.940591
>structures/LeuRS-B_AF_Mito_Homo_sapiens_gene23395.pdb
-0.458238  0.609599  0.646844    19.914639
-0.839691 -0.535528 -0.090161   -35.753997
 0.291441 -0.584464  0.757274    21.851697
>structures/LeuRS-B_PDB_Bact_T_therm_2V0C.pdb
 0.999985  0.004017  0.003735     0.128605
-0.004020  0.999992  0.000804     0.001296
-0.003732 -0.000819  0.999993    -0.094624
