>structures/TyrRS_AF_Arch_Candidatus_Korarchaeum_cryptofilum_OPF8_gene6094625.pdb
 0.389801  0.920645 -0.021640    -3.860280
-0.387117  0.142492 -0.910954     1.699428
-0.835581  0.363468  0.411941     2.064638
>structures/TyrRS_AF_Arch_Desulfurococcus_amylolyticus_1221n_gene7171652.pdb
 0.937490  0.328052  0.116166    -4.010172
-0.172203  0.727349 -0.664311     2.121995
-0.302422  0.602781  0.738374     3.647208
>structures/TyrRS_AF_Arch_Methanothermococcus_okinawensis_IH1_gene10772133.pdb
-0.134991 -0.502628 -0.853898    -1.887609
 0.924330 -0.374310  0.074204     2.069688
-0.356920 -0.779267  0.515123     6.240250
>structures/TyrRS_AF_Arch_Thermoplasma_acidophilum_DSM_1728_gene1456112.pdb
-0.978537 -0.203880  0.029985    -9.273098
-0.114786  0.660106  0.742351     0.459302
-0.171144  0.722975 -0.669340     0.367488
>structures/TyrRS_AF_Bact_Bifidobacterium_animalis_subsp_lactis_BLC1_gene66533077.pdb
 0.880062  0.466759  0.087331     0.835849
-0.425258  0.856528 -0.292429    -0.062886
-0.211295  0.220217  0.952291    -1.006413
>structures/TyrRS_AF_Bact_Brachyspira_pilosicoli_95_1000_gene56440491.pdb
-0.903504  0.420114  0.084760    -6.972673
 0.275865  0.418721  0.865200     4.391880
 0.327992  0.805095 -0.494211     1.151517
>structures/TyrRS_AF_Bact_Chlamydia_psittaci_6BC_gene12242888.pdb
 0.954899  0.286038  0.079688    -4.072352
-0.243895  0.908640 -0.338952     1.285213
-0.169361  0.304230  0.937423     2.026388
>structures/TyrRS_AF_Bact_Lactococcus_lactis_subsp_cremoris_KW2_gene61108704.pdb
 0.956481  0.266624  0.118557     0.277649
-0.225981  0.933891 -0.277093     1.734992
-0.184599  0.238242  0.953501    -0.887342
>structures/TyrRS_AF_Bact_Porphyromonas_gingivalis_ATCC_33277_gene29255602.pdb
-0.944537  0.303110 -0.126390    -4.989451
 0.148413  0.737295  0.659068     1.803085
 0.292957  0.603756 -0.741387    -2.148247
>structures/TyrRS_AF_Bact_Prochlorococcus_marinus_subsp_marinus_str_CCMP1375_gene54200747.pdb
 0.688559 -0.533436 -0.491257    -2.941896
 0.706169  0.339122  0.621547     0.366218
-0.164960 -0.774882  0.610201     2.070758
>structures/TyrRS_AF_Bact_Serratia_plymuthica_AS9_gene57666950.pdb
 0.566783 -0.812728 -0.135023     1.485629
 0.789603  0.489092  0.370562    -1.101048
-0.235127 -0.316643  0.918941    -1.408350
>structures/TyrRS_AF_Bact_Streptobacillus_moniliformis_DSM_12112_gene29673957.pdb
 0.740780 -0.671611  0.013541     3.111747
 0.645010  0.716780  0.264932     4.090044
-0.187638 -0.187522  0.964172     4.978980
>structures/TyrRS_AF_Euk_Cryptococcus_neoformans_var_neoformans_JEC21_gene3254328.pdb
 0.999986  0.002736  0.004480    -0.018841
-0.002706  0.999975 -0.006531     0.079789
-0.004498  0.006519  0.999969     0.005222
>structures/TyrRS_AF_Euk_Drosophila_melanogaster_gene39829.pdb
-0.623037 -0.516806  0.587142    -9.301737
 0.721976 -0.091143  0.685889     5.839413
-0.300958  0.851237  0.429907    -3.424992
>structures/TyrRS_AF_Euk_Plasmodium_falciparum_3D7_gene2655248.pdb
 0.833118  0.515294  0.200964    -3.584163
 0.069436  0.263028 -0.962286    -0.095216
-0.548720  0.815652  0.183353     4.804397
>structures/TyrRS_AF_Euk_Seriola_dumerili_gene111223086.pdb
-0.684192 -0.615491 -0.391219   -11.071253
 0.617121 -0.774463  0.139170     7.389274
-0.388643 -0.146210  0.909714    -2.374876
>structures/TyrRS_AF_Mito_Aspergillus_fumigatus_Af293_gene3509181.pdb
-0.558112  0.637059  0.531664    -6.394284
-0.802087 -0.578314 -0.149032    -7.219668
 0.212527 -0.509617  0.833740     8.528382
>structures/TyrRS_AF_Mito_Cyanidioschyzon_merolae_strain_10D_gene16996209.pdb
 0.989614  0.127679  0.066043     0.176608
-0.132408  0.988503  0.073012    -0.306513
-0.055962 -0.080999  0.995142     1.408316
>structures/TyrRS_AF_Vir_Megavirus_chiliensis_gene11257765.pdb
-0.605780 -0.390966 -0.692948    -4.096843
 0.627955 -0.769757 -0.114660    -1.282881
-0.488573 -0.504599  0.711812     8.866474
>structures/TyrRS_PDB_Arch_M_jannashii_1U7D.pdb
 0.045221  0.998394  0.034137   -51.439893
 0.979293 -0.051054  0.195907    -1.894662
 0.197335  0.024571 -0.980028    21.235032
>structures/TyrRS_PDB_E_coli_Bact_1WQ4.pdb
 0.071610  0.345445  0.935703   -60.446056
-0.981795  0.189879  0.005037    25.357338
-0.175930 -0.919029  0.352753     0.300009
>structures/TyrRS_PDB_Vir_Acanthamoeba_polyphaga_mimivirus_2J5B.pdb
 0.459016 -0.310254  0.832495   -46.924921
 0.113307  0.949834  0.291509   -87.004462
-0.881173 -0.039479  0.471143    30.916705
