>structures/TyrRS_AF_Arch_Candidatus_Korarchaeum_cryptofilum_OPF8_gene6094625.pdb
-0.661851 -0.749615  0.005520     0.195429
-0.674938  0.592681 -0.439531     2.932220
 0.326208 -0.294630 -0.898210    -3.290585
>structures/TyrRS_AF_Arch_Desulfurococcus_amylolyticus_1221n_gene7171652.pdb
-0.999369 -0.035423  0.002722     0.846986
-0.035470  0.999170 -0.020051     4.150579
-0.002010 -0.020135 -0.999795    -4.184197
>structures/TyrRS_AF_Arch_Methanothermococcus_okinawensis_IH1_gene10772133.pdb
 0.160541  0.201234  0.966298    -0.442439
 0.436502 -0.892534  0.113352     6.280010
 0.885264  0.403593 -0.231127    -6.424757
>structures/TyrRS_AF_Arch_Thermoplasma_acidophilum_DSM_1728_gene1456112.pdb
 0.860920  0.499184 -0.098145     4.710704
-0.482097  0.862120  0.155988    -0.656510
 0.162479 -0.086978  0.982871    -2.164881
>structures/TyrRS_AF_Bact_Bifidobacterium_animalis_subsp_lactis_BLC1_gene66533077.pdb
-0.955711 -0.256313  0.144639    -5.383888
-0.186185  0.907164  0.377343     1.148931
-0.227929  0.333702 -0.914708    -2.722123
>structures/TyrRS_AF_Bact_Brachyspira_pilosicoli_95_1000_gene56440491.pdb
 0.989357 -0.109884 -0.095389     3.273360
 0.137936  0.916983  0.374320     3.479658
 0.046338 -0.383493  0.922380    -0.468420
>structures/TyrRS_AF_Bact_Chlamydia_psittaci_6BC_gene12242888.pdb
-0.988563 -0.053638  0.140950     0.323433
-0.003923  0.943444  0.331509     2.533607
-0.150759  0.327165 -0.932864    -3.506249
>structures/TyrRS_AF_Bact_Lactococcus_lactis_subsp_cremoris_KW2_gene61108704.pdb
-0.991787 -0.050310  0.117590    -4.561111
 0.000744  0.917105  0.398646     2.397713
-0.127898  0.395459 -0.909535    -1.572718
>structures/TyrRS_AF_Bact_Porphyromonas_gingivalis_ATCC_33277_gene29255602.pdb
 0.999938 -0.009960  0.004985     0.084078
 0.009906  0.999892  0.010853     0.153027
-0.005092 -0.010803  0.999929     0.073592
>structures/TyrRS_AF_Bact_Prochlorococcus_marinus_subsp_marinus_str_CCMP1375_gene54200747.pdb
-0.597644  0.335280  0.728291    -0.869626
 0.629236 -0.366794  0.685218     2.205356
 0.496873  0.867784  0.008242    -4.277962
>structures/TyrRS_AF_Bact_Serratia_plymuthica_AS9_gene57666950.pdb
-0.489800  0.751468  0.442032    -6.266471
 0.614091 -0.062528  0.786754     0.324984
 0.618860  0.656800 -0.430843    -3.176943
>structures/TyrRS_AF_Bact_Streptobacillus_moniliformis_DSM_12112_gene29673957.pdb
-0.662362  0.687177  0.298437    -5.247759
 0.585346  0.226051  0.778634     8.493306
 0.467597  0.690426 -0.551964    -4.791393
>structures/TyrRS_AF_Euk_Cryptococcus_neoformans_var_neoformans_JEC21_gene3254328.pdb
-0.949766  0.143667  0.278036    -4.267221
 0.287692  0.750516  0.594944     1.610055
-0.123196  0.645047 -0.754147    -3.281209
>structures/TyrRS_AF_Euk_Drosophila_melanogaster_gene39829.pdb
 0.611927  0.716956 -0.333945     4.439013
 0.177167  0.287241  0.941331     1.179908
 0.770816 -0.635190  0.048749     4.186606
>structures/TyrRS_AF_Euk_Homo_sapiens_gene8565.pdb
 0.720328  0.657667 -0.220458     5.091301
 0.235975  0.066523  0.969479     2.897383
 0.652261 -0.750366 -0.107274     3.890689
>structures/TyrRS_AF_Euk_Plasmodium_falciparum_3D7_gene2655248.pdb
-0.935009 -0.219300 -0.278685     0.421281
-0.032279  0.835230 -0.548953     3.332481
 0.353151 -0.504281 -0.788026    -6.558227
>structures/TyrRS_AF_Euk_Seriola_dumerili_gene111223086.pdb
 0.628056  0.430250  0.648406     6.601145
 0.028056 -0.845225  0.533674     2.415148
 0.777662 -0.316985 -0.542919     4.633371
>structures/TyrRS_AF_Mito_Aspergillus_fumigatus_Af293_gene3509181.pdb
 0.473770 -0.831706 -0.289494     3.137621
-0.634014 -0.550279  0.543340    -0.597474
-0.611202 -0.073875 -0.788019   -13.619460
>structures/TyrRS_AF_Mito_Cyanidioschyzon_merolae_strain_10D_gene16996209.pdb
-0.973245 -0.001248  0.229764    -4.110874
 0.157098  0.726113  0.669388     2.218815
-0.167670  0.687574 -0.706490    -4.608213
>structures/TyrRS_AF_Mito_Homo_sapiens_gene51067.pdb
-0.896606 -0.400747  0.188415    -7.881588
-0.398056  0.915793  0.053615    -3.069675
-0.194035 -0.026928 -0.980625    -5.665783
>structures/TyrRS_AF_Vir_Megavirus_chiliensis_gene11257765.pdb
 0.526822  0.116863  0.841903     1.911951
-0.000825 -0.990432  0.137997     4.705369
 0.849975 -0.073394 -0.521685   -10.298980
>structures/TyrRS_PDB_Arch_M_jannashii_1U7D.pdb
 0.154899 -0.946815 -0.282043    50.209412
 0.861513  0.269185 -0.430506    -2.224484
 0.483531 -0.176299  0.857389   -14.049696
>structures/TyrRS_PDB_E_coli_Bact_1WQ4.pdb
-0.260545 -0.558443 -0.787564    56.836164
-0.816872 -0.307305  0.488143     2.994109
-0.514623  0.770523 -0.376110    20.341885
>structures/TyrRS_PDB_Vir_Acanthamoeba_polyphaga_mimivirus_2J5B.pdb
-0.668340  0.420179 -0.613817    36.380004
-0.308347  0.594454  0.742662   -58.587980
 0.676936  0.685620 -0.267737   -77.189936
