>structures/TyrRS_AF_Arch_Candidatus_Korarchaeum_cryptofilum_OPF8_gene6094625.pdb
-0.660768 -0.750575  0.004741     0.215447
-0.675239  0.591664 -0.440438     2.944782
 0.327777 -0.294229 -0.897770    -3.288727
>structures/TyrRS_AF_Arch_Desulfurococcus_amylolyticus_1221n_gene7171652.pdb
-0.999335 -0.036441  0.001343     0.864659
-0.036461  0.999111 -0.021165     4.163359
-0.000571 -0.021200 -0.999775    -4.184907
>structures/TyrRS_AF_Arch_Methanothermococcus_okinawensis_IH1_gene10772133.pdb
 0.161109  0.201692  0.966108    -0.434545
 0.437016 -0.892276  0.113402     6.283827
 0.884907  0.403935 -0.231896    -6.424586
>structures/TyrRS_AF_Arch_Thermoplasma_acidophilum_DSM_1728_gene1456112.pdb
 0.861685  0.498104 -0.096915     4.734861
-0.480970  0.862578  0.156932    -0.637738
 0.161765 -0.088613  0.982843    -2.166168
>structures/TyrRS_AF_Bact_Bifidobacterium_animalis_subsp_lactis_BLC1_gene66533077.pdb
-0.955852 -0.256624  0.143147    -5.363050
-0.187192  0.907283  0.376559     1.156479
-0.226509  0.333138 -0.915266    -2.711719
>structures/TyrRS_AF_Bact_Brachyspira_pilosicoli_95_1000_gene56440491.pdb
 0.989283 -0.111238 -0.094577     3.294643
 0.138918  0.916502  0.375136     3.497070
 0.044951 -0.384254  0.922133    -0.471375
>structures/TyrRS_AF_Bact_Chlamydia_psittaci_6BC_gene12242888.pdb
-0.988759 -0.053875  0.139475     0.342474
-0.004779  0.943738  0.330660     2.545071
-0.149442  0.326276 -0.933387    -3.504686
>structures/TyrRS_AF_Bact_Lactococcus_lactis_subsp_cremoris_KW2_gene61108704.pdb
-0.991951 -0.050548  0.116094    -4.539850
-0.000189  0.917451  0.397850     2.407021
-0.126621  0.394625 -0.910076    -1.564621
>structures/TyrRS_AF_Bact_Porphyromonas_gingivalis_ATCC_33277_gene29255602.pdb
 0.999921 -0.010894  0.006194     0.108695
 0.010820  0.999872  0.011826     0.167760
-0.006322 -0.011758  0.999911     0.077986
>structures/TyrRS_AF_Bact_Prochlorococcus_marinus_subsp_marinus_str_CCMP1375_gene54200747.pdb
-0.597634  0.336718  0.727636    -0.852066
 0.629127 -0.365647  0.685931     2.214894
 0.497023  0.867711  0.006685    -4.274382
>structures/TyrRS_AF_Bact_Serratia_plymuthica_AS9_gene57666950.pdb
-0.489587  0.752165  0.441080    -6.249821
 0.614273 -0.061496  0.786694     0.330731
 0.618848  0.656099 -0.431927    -3.167403
>structures/TyrRS_AF_Bact_Streptobacillus_moniliformis_DSM_12112_gene29673957.pdb
-0.662367  0.687805  0.296975    -5.237199
 0.585135  0.227404  0.778399     8.498093
 0.467853  0.689356 -0.553083    -4.788458
>structures/TyrRS_AF_Euk_Cryptococcus_neoformans_var_neoformans_JEC21_gene3254328.pdb
-0.950182  0.143754  0.276565    -4.248042
 0.286691  0.751275  0.594469     1.617533
-0.122319  0.644143 -0.755062    -3.272918
>structures/TyrRS_AF_Euk_Drosophila_melanogaster_gene39829.pdb
 0.634584  0.711095 -0.302732     4.880618
 0.167935  0.255476  0.952119     1.224829
 0.754388 -0.655039  0.042703     4.059499
>structures/TyrRS_AF_Euk_Homo_sapiens_gene8565.pdb
 0.740036  0.645008 -0.190556     5.504384
 0.218871  0.036944  0.975054     2.843107
 0.635958 -0.763282 -0.113834     3.745284
>structures/TyrRS_AF_Euk_Plasmodium_falciparum_3D7_gene2655248.pdb
-0.934470 -0.221072 -0.279094     0.438680
-0.033065  0.834376 -0.550203     3.338218
 0.354504 -0.504920 -0.787009    -6.559083
>structures/TyrRS_AF_Euk_Saccharomyces_cerevisiae_S288C_gene853097.pdb
-0.984187 -0.176397  0.016122     1.245142
-0.176315  0.966849 -0.184706     3.970164
 0.016994 -0.184628 -0.982662    -4.892185
>structures/TyrRS_AF_Euk_Seriola_dumerili_gene111223086.pdb
 0.629099  0.430715  0.647085     6.632538
 0.029584 -0.845114  0.533767     2.443879
 0.776762 -0.316649 -0.544403     4.626679
>structures/TyrRS_AF_Mito_Aspergillus_fumigatus_Af293_gene3509181.pdb
 0.473480 -0.831338 -0.291021     3.147446
-0.634197 -0.551054  0.542342    -0.594522
-0.611238 -0.072224 -0.788145   -13.619442
>structures/TyrRS_AF_Mito_Cyanidioschyzon_merolae_strain_10D_gene16996209.pdb
-0.973590 -0.001000  0.228300    -4.093547
 0.156105  0.726779  0.668897     2.225352
-0.166592  0.686871 -0.707429    -4.600575
>structures/TyrRS_AF_Mito_Homo_sapiens_gene51067.pdb
-0.896462 -0.401646  0.187178    -7.860914
-0.399089  0.915388  0.052859    -3.068062
-0.192571 -0.027315 -0.980903    -5.648679
>structures/TyrRS_AF_Vir_Megavirus_chiliensis_gene11257765.pdb
 0.528063  0.117599  0.841023     1.920356
 0.000531 -0.990411  0.138154     4.711685
 0.849205 -0.072507 -0.523062   -10.302154
>structures/TyrRS_PDB_Arch_M_jannashii_1U7D.pdb
 0.155131 -0.947092 -0.280983    50.214781
 0.861913  0.268745 -0.429980    -2.208346
 0.482743 -0.175480  0.858001   -14.097696
>structures/TyrRS_PDB_E_coli_Bact_1WQ4.pdb
-0.260422 -0.557245 -0.788453    56.882071
-0.817606 -0.307060  0.487068     3.079673
-0.513518  0.771487 -0.375642    20.275736
>structures/TyrRS_PDB_Vir_Acanthamoeba_polyphaga_mimivirus_2J5B.pdb
-0.667475  0.420444 -0.614576    36.363473
-0.308178  0.595363  0.742004   -58.619591
 0.677867  0.684668 -0.267818   -77.169421
