>../../../../class2/phe1//data/domains/Catalytic_domain/structures/PheRS-Bα_AF_Bact_Brachyspira_pilosicoli_95_1000_gene56440383.pdb
 0.095707 -0.988353  0.118317     5.643925
-0.188800 -0.134729 -0.972730     9.453171
 0.977341  0.070759 -0.199496    -5.488436
>../../../../class2/phe1//data/domains/Catalytic_domain/structures/PheRS-Bα_AF_Bact_Chlamydia_psittaci_6BC_gene12243227.pdb
-0.739820 -0.567464 -0.361458     5.821204
-0.390616  0.799696 -0.455967     6.343291
 0.547801 -0.196142 -0.813291    -3.778763
>../../../../class2/phe1//data/domains/Catalytic_domain/structures/PheRS-Bα_AF_Bact_Ferrimonas_balearica_DSM_9799_gene67181906.pdb
 0.274817 -0.507124 -0.816885     3.116312
 0.411045 -0.706081  0.576621     4.960435
-0.869205 -0.494241  0.014407    -3.470411
>../../../../class2/phe1//data/domains/Catalytic_domain/structures/PheRS-Bα_AF_Bact_Mycobacterium_intracellulare_ATCC_13950_gene11909689.pdb
 0.255753  0.836900 -0.483931    -1.392220
-0.682913 -0.197913 -0.703179    -0.903873
-0.684267  0.510323  0.520913    -3.109076
>../../../../class2/phe1//data/domains/Catalytic_domain/structures/PheRS-Bα_AF_Bact_Mycoplasma_capricolum_subsp_capricolum_ATCC_27343_gene23778662.pdb
 0.332296 -0.682593 -0.650881     3.496088
 0.630971 -0.352047  0.691331     8.289002
-0.701039 -0.640413  0.313712    -3.147626
>../../../../class2/phe1//data/domains/Catalytic_domain/structures/PheRS-Bα_AF_Bact_Porphyromonas_gingivalis_ATCC_33277_gene29256875.pdb
-0.434653 -0.879972 -0.191641     6.325973
-0.114349  0.264995 -0.957446     7.294767
 0.893309 -0.394243 -0.215804    -8.283399
>../../../../class2/phe1//data/domains/Catalytic_domain/structures/PheRS-Bα_AF_Bact_Prochlorococcus_marinus_subsp_marinus_str_CCMP1375_gene54200681.pdb
 1.000000  0.000000  0.000000     0.000000
 0.000000  1.000000  0.000000     0.000000
 0.000000  0.000000  1.000000     0.000000
>../../../../class2/phe1//data/domains/Catalytic_domain/structures/PheRS-Bα_AF_Bact_Staphylococcus_argenteus_gene66839332.pdb
 0.856960 -0.470605 -0.210119     6.170441
 0.505159  0.686184  0.523418     4.390012
-0.102143 -0.554692  0.825763     0.259967
>../../../../class2/phe1//data/domains/Catalytic_domain/structures/PheRS-Bα_PDB_Bact.A_E_coli_3PCO.pdb
 0.801025 -0.414064  0.432331    -0.756274
 0.588438  0.677333 -0.441544    47.611679
-0.110004  0.608088  0.786211   -55.339842
>../../../../class2/phe1//data/domains/Catalytic_domain/structures/PheRS-Bα_PDB_Bact.A_T_thermophilus_1PYS.pdb
 0.726429 -0.022751  0.686865   -14.163254
-0.638820 -0.390868  0.662670    29.743653
 0.253398 -0.920165 -0.298471    41.815279
>../../../../class2/phe5//data/domains/Catalytic_domain/structures/PheRS-M_AF_Mito_Arabidopsis_thaliana_gene824983.pdb
-0.304932 -0.938548  0.161690     7.931184
 0.658167 -0.330383 -0.676508    12.815680
 0.688355 -0.099871  0.718466    -8.267073
>../../../../class2/phe5//data/domains/Catalytic_domain/structures/PheRS-M_AF_Mito_Babesia_bovis_T2Bo_gene5478469.pdb
-0.979151 -0.050893  0.196657     5.450014
-0.057840  0.997883 -0.029742     6.642108
-0.194726 -0.040496 -0.980021    -9.645260
>../../../../class2/phe5//data/domains/Catalytic_domain/structures/PheRS-M_AF_Mito_Candida_albicans_SC5314_gene3638806.pdb
 0.716576 -0.421644 -0.555639     9.719865
 0.434525  0.892994 -0.117261     7.331464
 0.545625 -0.157413  0.823113    -9.633654
>../../../../class2/phe5//data/domains/Catalytic_domain/structures/PheRS-M_AF_Mito_Crassostrea_gigas_gene105329377.pdb
 0.050897 -0.743167 -0.667167     8.225825
-0.765427 -0.458131  0.451926     6.834089
-0.641507  0.487666 -0.592158   -19.794188
>../../../../class2/phe5//data/domains/Catalytic_domain/structures/PheRS-M_AF_Mito_Drosophila_melanogaster_gene36547.pdb
 0.815384  0.566634  0.118638     6.673957
-0.559058  0.717478  0.415547     6.239089
 0.150343 -0.405156  0.901801    -6.797630
>../../../../class2/phe5//data/domains/Catalytic_domain/structures/PheRS-M_AF_Mito_Syngnathus_acus_gene119139175.pdb
 0.921457 -0.019878  0.387970     8.330152
-0.366603 -0.374901  0.851500     7.793301
 0.128525 -0.926852 -0.352743   -14.179466
>../../../../class2/phe5//data/domains/Catalytic_domain/structures/PheRS-M_PDB_Mito.H_sapiens_3CMQ.pdb
 0.671851 -0.465484  0.576143     9.873955
 0.408641  0.881701  0.235829   -17.231556
-0.617761  0.076994  0.782588   -25.972851
