>structures/SepRS_AF_Arch_Methanothrix_thermoacetophila_PT_gene4462697.pdb
-0.938662  0.242065 -0.245598    -5.077425
-0.129237  0.413361  0.901349     7.794428
 0.319706  0.877803 -0.356722     0.855626
>structures/SepRS_AF_Arch_unclassified_Candidatus_Bathyarchaeota_proteinUCD26266.1.pdb
 1.000000  0.000000  0.000000     0.000000
 0.000000  1.000000  0.000000     0.000000
 0.000000  0.000000  1.000000     0.000000
>structures/SepRS_AF_Arch_unclassified_Lokiarchaeota_proteinTFF69421.1.pdb
 0.118402  0.972975 -0.198245    -3.149380
-0.094312 -0.187727 -0.977683    -0.194094
-0.988477  0.134456  0.069536    -4.352620
>structures/SepRS_AF_Arch_unclassified_Thermoprotei_proteinRLF12424.1.pdb
 0.279915 -0.673711 -0.683931     0.167351
 0.950230  0.295935  0.097391     3.835361
 0.136786 -0.677153  0.723017     3.165741
>structures/SepRS_PDB_Arch_2DU4_A_fulgidus.pdb
-0.677092 -0.502489  0.537635    56.934524
 0.717802 -0.611989  0.332010    30.201495
 0.162196  0.610716  0.775060   -29.452097
>structures/SepRS_PDB_Arch_2ODR_M_maripadulis.pdb
-0.384818  0.471257 -0.793619    40.397660
-0.642241 -0.754257 -0.136467    62.324658
-0.662904  0.457179  0.592912    23.402285
