>../../../../class2/pro2//data/domains/Catalytic_domain/structures/ProRS-B_AF_Bact_Acinetobacter_baylyi_ADP1_gene45233245.pdb
-0.381609 -0.704775  0.598053    -8.684724
-0.352943 -0.486888 -0.798981    11.362674
 0.854287 -0.515977 -0.062945    17.650866
>../../../../class2/pro2//data/domains/Catalytic_domain/structures/ProRS-B_AF_Bact_Brachyspira_pilosicoli_95_1000_gene56438966.pdb
-0.895758 -0.396990  0.200041    -7.730142
-0.444363  0.786866 -0.428232    10.116388
 0.012599 -0.472483 -0.881250    17.668308
>../../../../class2/pro2//data/domains/Catalytic_domain/structures/ProRS-B_AF_Bact_Chlamydia_psittaci_6BC_gene12242703.pdb
 0.330250 -0.533432 -0.778707    -5.693457
 0.407956 -0.663294  0.627386    12.766909
-0.851180 -0.524872 -0.001436    21.234278
>../../../../class2/pro2//data/domains/Catalytic_domain/structures/ProRS-B_AF_Bact_Clostridium_acetobutylicum_DSM_1731_gene44999665.pdb
-0.418486 -0.715948  0.558827    -7.888392
-0.527588 -0.309201 -0.791230    10.651864
 0.739270 -0.625950 -0.248330    18.103390
>../../../../class2/pro2//data/domains/Catalytic_domain/structures/ProRS-B_AF_Bact_Corynebacterium_ulcerans_809_gene75260584.pdb
 0.147848  0.315200 -0.937438    -7.447891
 0.188255 -0.939494 -0.286201    11.792889
-0.970928 -0.134163 -0.198240    19.185690
>../../../../class2/pro2//data/domains/Catalytic_domain/structures/ProRS-B_AF_Bact_Prochlorococcus_marinus_subsp_marinus_str_CCMP1375_gene54199876.pdb
-0.399878 -0.626487  0.669038    -9.028073
-0.479767 -0.478886 -0.735182    12.060263
 0.780975 -0.614965 -0.109071    18.279993
>../../../../class2/pro2//data/domains/Catalytic_domain/structures/ProRS-B_AF_Bact_Streptobacillus_moniliformis_DSM_12112_gene29673723.pdb
-0.236935 -0.334874  0.911988    -7.411542
 0.053982 -0.941805 -0.331798     9.958619
 0.970025 -0.029384  0.241223    17.387923
>../../../../class2/pro2//data/domains/Catalytic_domain/structures/ProRS-B_PDB_Bact_S_aureus_5znj.pdb
-0.311770 -0.949377 -0.038508    -5.938967
-0.000459  0.040678 -0.999172    31.897974
 0.950158 -0.311494 -0.013118    15.933053
>../../../../class2/pro2//data/domains/Catalytic_domain/structures/ProRS_PDB_Bact_E_faecalis_2J3M.pdb
-0.252196 -0.703593  0.664344   -16.530414
 0.220543 -0.710260 -0.668500     4.535079
 0.942209 -0.022077  0.334297   -13.303789
>../../../../class2/sep//data/domains/Catalytic_domain/structures/SepRS_AF_Arch_Methanothrix_thermoacetophila_PT_gene4462697.pdb
-0.329981  0.589343  0.737420     1.783043
 0.432191 -0.600174  0.673054     5.138085
 0.839240  0.540801 -0.056662     2.415957
>../../../../class2/sep//data/domains/Catalytic_domain/structures/SepRS_AF_Arch_unclassified_Candidatus_Bathyarchaeota_proteinUCD26266.1.pdb
 0.284403  0.948931  0.136548    -4.172486
-0.694078  0.302054 -0.653467     0.251319
-0.661340  0.091073  0.744537    -1.771902
>../../../../class2/sep//data/domains/Catalytic_domain/structures/SepRS_AF_Arch_unclassified_Lokiarchaeota_proteinTFF69421.1.pdb
-0.198702  0.100037 -0.974941    -6.076973
 0.496573 -0.847357 -0.188152     4.153176
-0.844945 -0.521516  0.118696    -3.453915
>../../../../class2/sep//data/domains/Catalytic_domain/structures/SepRS_AF_Arch_unclassified_Thermoprotei_proteinRLF12424.1.pdb
 1.000000  0.000000  0.000000     0.000000
 0.000000  1.000000  0.000000     0.000000
 0.000000  0.000000  1.000000     0.000000
>../../../../class2/sep//data/domains/Catalytic_domain/structures/SepRS_PDB_Arch_2DU4_A_fulgidus.pdb
 0.520725 -0.632409  0.573501    35.612958
 0.580471 -0.230318 -0.781029   -11.157825
 0.626018  0.739603  0.247163   -60.032024
>../../../../class2/sep//data/domains/Catalytic_domain/structures/SepRS_PDB_Arch_2ODR_M_maripadulis.pdb
-0.805780 -0.527532 -0.269125    69.247101
 0.514999 -0.848555  0.121372   -24.860944
-0.292396 -0.040800  0.955427    -6.783147
