>../../../../class2/sep//data/domains/Catalytic_domain/structures/SepRS_AF_Arch_Methanothrix_thermoacetophila_PT_gene4462697.pdb
 0.642451  0.679148 -0.354986    -7.569691
-0.766092  0.557717 -0.319461    15.742801
-0.018980  0.477190  0.878595     1.340278
>../../../../class2/sep//data/domains/Catalytic_domain/structures/SepRS_AF_Arch_unclassified_Candidatus_Bathyarchaeota_proteinUCD26266.1.pdb
-0.386100 -0.068128  0.919938    -8.812907
 0.921533  0.016132  0.387964    18.976908
-0.041272  0.997546  0.056554    -5.776636
>../../../../class2/sep//data/domains/Catalytic_domain/structures/SepRS_AF_Arch_unclassified_Lokiarchaeota_proteinTFF69421.1.pdb
-0.951721 -0.203083  0.230183   -11.960395
-0.247552  0.951175 -0.184347    15.225994
-0.181506 -0.232429 -0.955527    -6.862401
>../../../../class2/sep//data/domains/Catalytic_domain/structures/SepRS_AF_Arch_unclassified_Thermoprotei_proteinRLF12424.1.pdb
-0.080631 -0.427131  0.900588    -6.726528
 0.339366 -0.861311 -0.378119    21.422088
 0.937192  0.275141  0.214401    -2.671842
>../../../../class2/sep//data/domains/Catalytic_domain/structures/SepRS_PDB_Arch_2DU4_A_fulgidus.pdb
 0.282742  0.819954  0.497727   -60.071550
-0.558248 -0.281298  0.780532    64.446919
 0.780010 -0.498545  0.378203    15.104896
>../../../../class2/sep//data/domains/Catalytic_domain/structures/SepRS_PDB_Arch_2ODR_M_maripadulis.pdb
-0.407453  0.358224  0.840034    -9.018030
-0.615376  0.571952 -0.542387    68.593020
-0.674755 -0.737934 -0.012601    53.953823
>../../../../class2/thr//data/domains/Catalytic_domain/structures/ThrRS_AF_Arch_Candidatus_Methanomethylophilus_alvus_Mx1201_gene15140074.pdb
-0.920654 -0.307868  0.240028     0.013719
 0.030928  0.555403  0.831006     3.512293
-0.389153  0.772493 -0.501812     0.723723
>../../../../class2/thr//data/domains/Catalytic_domain/structures/ThrRS_AF_Arch_Candidatus_Nitrosopumilus_koreensis_AR1_gene13725077.pdb
 0.993364 -0.096549  0.062504     8.633105
 0.043037  0.815985  0.576469     6.149399
-0.106660 -0.569954  0.814725     1.302054
>../../../../class2/thr//data/domains/Catalytic_domain/structures/ThrRS_AF_Arch_Pyrococcus_furiosus_DSM_3638_gene1469226.pdb
 0.968133  0.104663  0.227516     7.689483
-0.179200  0.924145  0.337408     5.650097
-0.174944 -0.367427  0.913451    -0.587237
>../../../../class2/thr//data/domains/Catalytic_domain/structures/ThrRS_AF_Arch_Sulfolobus_islandicus_M164_gene7940156.pdb
-0.587466 -0.703916  0.399231     1.022857
-0.643987  0.107893 -0.757390    10.295224
 0.490065 -0.702041 -0.516696     1.356959
>../../../../class2/thr//data/domains/Catalytic_domain/structures/ThrRS_AF_Bact_Bifidobacterium_longum_subsp_longum_JCM_1217_gene69578309.pdb
 0.227533  0.733364  0.640629     1.318067
-0.920383 -0.052877  0.387426    -0.174059
 0.317999 -0.677776  0.662945    -1.093625
>../../../../class2/thr//data/domains/Catalytic_domain/structures/ThrRS_AF_Bact_Brachyspira_pilosicoli_95_1000_gene56439092.pdb
-0.175131 -0.290560  0.940694    -1.152921
-0.413663 -0.845318 -0.338113     0.952283
 0.893427 -0.448344  0.027847     0.325471
>../../../../class2/thr//data/domains/Catalytic_domain/structures/ThrRS_AF_Bact_Brucella_abortus_2308_gene3787745.pdb
 0.135301  0.266135 -0.954393    -0.745743
 0.809236 -0.585475 -0.048539     0.542646
-0.571691 -0.765762 -0.294581    -0.022940
>../../../../class2/thr//data/domains/Catalytic_domain/structures/ThrRS_AF_Bact_Lactobacillus_acidophilus_La-14_gene56943112.pdb
 0.931061 -0.006975 -0.364796    -0.016112
-0.241768  0.737018 -0.631151    -3.849638
 0.273264  0.675837  0.684523    -0.036873
>../../../../class2/thr//data/domains/Catalytic_domain/structures/ThrRS_AF_Bact_Mycoplasma_hyopneumoniae_168-L_gene57101460.pdb
-0.942112  0.295783  0.157919     0.056476
 0.315061  0.619760  0.718772     4.153165
 0.114729  0.726918 -0.677073    -1.130835
>../../../../class2/thr//data/domains/Catalytic_domain/structures/ThrRS_AF_Bact_Porphyromonas_gingivalis_ATCC_33277_gene29256174.pdb
-0.407413  0.169818  0.897316     1.098927
 0.032720 -0.979214  0.200174     0.724321
 0.912658  0.110914  0.393388    -1.835940
>../../../../class2/thr//data/domains/Catalytic_domain/structures/ThrRS_AF_Bact_Prochlorococcus_marinus_subsp_marinus_str_CCMP1375_gene54200406.pdb
 0.333279 -0.928456  0.163996     2.038129
-0.163793  0.114280  0.979853    -1.757966
-0.928492 -0.353426 -0.113988     0.502521
>../../../../class2/thr//data/domains/Catalytic_domain/structures/ThrRS_AF_Bact_Streptobacillus_moniliformis_DSM_12112_gene29674242.pdb
 1.000000  0.000000  0.000000     0.000000
 0.000000  1.000000  0.000000     0.000000
 0.000000  0.000000  1.000000     0.000000
>../../../../class2/thr//data/domains/Catalytic_domain/structures/ThrRS_AF_Euk_Arabidopsis_thaliana_gene832741.pdb
 0.302760  0.946509  0.111609     1.927847
-0.937844  0.275028  0.211681    -0.768052
 0.169662 -0.168761  0.970945    -2.946146
>../../../../class2/thr//data/domains/Catalytic_domain/structures/ThrRS_AF_Euk_Cercospora_beticola_gene35433465.pdb
-0.142975  0.653152 -0.743606    -0.022690
-0.822310 -0.496508 -0.278004    -0.650775
-0.550786  0.571727  0.608081    -1.785143
>../../../../class2/thr//data/domains/Catalytic_domain/structures/ThrRS_AF_Euk_Cryptococcus_gattii_WM276_gene10188143.pdb
 0.552123  0.647994  0.524657    -0.448804
-0.818934  0.303321  0.487179    -1.931245
 0.156549 -0.698642  0.698135    -2.035204
>../../../../class2/thr//data/domains/Catalytic_domain/structures/ThrRS_AF_Euk_Cyanidioschyzon_merolae_strain_10D_gene16997242.pdb
 0.367052 -0.201070 -0.908209    -0.163959
 0.718240 -0.559173  0.414073    -1.922747
-0.591104 -0.804299 -0.060829    -0.651141
>../../../../class2/thr//data/domains/Catalytic_domain/structures/ThrRS_AF_Mito_Cyanidioschyzon_merolae_strain_10D_gene16995590.pdb
 0.934054 -0.327286  0.142922     0.301923
 0.110864  0.646148  0.755117     0.162998
-0.339488 -0.689475  0.639822     0.268116
>../../../../class2/thr//data/domains/Catalytic_domain/structures/ThrRS_AF_Mito_Oryza_sativa_Japonica_Group_gene4345200.pdb
 0.478891  0.164459  0.862332     0.585226
 0.861017 -0.279569 -0.424843    -2.072067
 0.171212  0.945936 -0.275485    -2.021795
>../../../../class2/thr//data/domains/Catalytic_domain/structures/ThrRS_PDB_Bact_E_coli_1evk.pdb
-0.476554 -0.254569 -0.841482    46.391167
-0.413479 -0.779788  0.470070    58.116667
-0.775843  0.571948  0.266352   -11.076757
>../../../../class2/thr//data/domains/Catalytic_domain/structures/ThrRS_PDB_Bact_S_aureus_1nyr.pdb
-0.375209  0.925848  0.044993   -42.121097
 0.290365  0.071300  0.954256   -55.167631
 0.880288  0.371110 -0.295586   -15.427208
