>../../../../class2/phe3//data/domains/Catalytic_domain/structures/PheRS-Aα_AF_Arch_Candidatus_Nitrosopumilus_koreensis_AR1_gene13724458.pdb
 0.900496  0.052472 -0.431686     4.217279
 0.041409  0.977836  0.205237     5.010394
 0.432888 -0.202691  0.878365   -17.724030
>../../../../class2/phe3//data/domains/Catalytic_domain/structures/PheRS-Aα_AF_Arch_Haloterrigena_turkmenica_DSM_5511_gene8744248.pdb
 0.440024  0.794672 -0.418181     1.165125
-0.655900 -0.033646 -0.754098     0.979828
-0.613330  0.606106  0.506420    -6.869341
>../../../../class2/phe3//data/domains/Catalytic_domain/structures/PheRS-Aα_AF_Arch_Thermoplasma_volcanium_GSS1_gene1441177.pdb
-0.467632 -0.794706  0.386992     1.327283
-0.854597  0.294644 -0.427609    -0.756140
 0.225798 -0.530686 -0.816938    -6.058887
>../../../../class2/phe3//data/domains/Catalytic_domain/structures/PheRS-Aα_AF_Arch_Thermosphaera_aggregans_DSM_11486_gene9165306.pdb
 1.000000  0.000000  0.000000     0.000000
 0.000000  1.000000  0.000000     0.000000
 0.000000  0.000000  1.000000     0.000000
>../../../../class2/phe3//data/domains/Catalytic_domain/structures/PheRS-Aα_AF_Euk_Cyanidioschyzon_merolae_strain_10D_gene16993638.pdb
-0.986159  0.114323  0.120088    -7.566252
 0.149891  0.924316  0.350960     2.856670
-0.070876  0.364103 -0.928658    -8.370269
>../../../../class2/phe3//data/domains/Catalytic_domain/structures/PheRS-Aα_AF_Euk_Megalobrama_amblycephala_gene125266654.pdb
 0.068244 -0.395024  0.916133    -0.156745
-0.263643 -0.892771 -0.365311     3.435035
 0.962203 -0.216602 -0.165072    -0.041524
>../../../../class2/phe3//data/domains/Catalytic_domain/structures/PheRS-Aα_AF_Euk_Plasmodium_falciparum_3D7_gene813233.pdb
 0.463889 -0.585003 -0.665266    -3.747075
 0.720185 -0.188278  0.667746     9.289459
-0.515889 -0.788874  0.333970    -1.920914
>../../../../class2/phe3//data/domains/Catalytic_domain/structures/PheRS-Aα_AF_Euk_Schizosaccharomyces_pombe_gene2543647.pdb
-0.061315  0.383475 -0.921513    -6.018030
-0.239540 -0.901922 -0.359384     4.146518
-0.968948  0.198704  0.147159    -8.106819
>../../../../class2/phe3//data/domains/Catalytic_domain/structures/PheRS-Aα_PDB_Euk.B_H_sapiens_3L4G.C.pdb
 0.705444  0.015866 -0.708588   -51.600840
-0.633279 -0.434849 -0.640206    54.604794
-0.318286  0.900364 -0.296714  -110.223899
>../../../../class2/pro2//data/domains/Catalytic_domain/structures/ProRS-B_AF_Bact_Acinetobacter_baylyi_ADP1_gene45233245.pdb
 0.421122  0.898007 -0.127433     1.903944
 0.157189 -0.210632 -0.964845    13.103712
-0.893279  0.386286 -0.229858   -10.901681
>../../../../class2/pro2//data/domains/Catalytic_domain/structures/ProRS-B_AF_Bact_Brachyspira_pilosicoli_95_1000_gene56438966.pdb
 0.996559 -0.001108  0.082881     1.822203
 0.060196  0.697060 -0.714482    11.753204
-0.056981  0.717012  0.694728   -11.854774
>../../../../class2/pro2//data/domains/Catalytic_domain/structures/ProRS-B_AF_Bact_Chlamydia_psittaci_6BC_gene12242703.pdb
-0.407859  0.837466  0.363735    -1.894496
-0.077900 -0.428840  0.900015    13.695041
 0.909716  0.338744  0.240145   -14.171484
>../../../../class2/pro2//data/domains/Catalytic_domain/structures/ProRS-B_AF_Bact_Clostridium_acetobutylicum_DSM_1731_gene44999665.pdb
 0.581992  0.807773 -0.093744     1.782477
-0.012185 -0.106603 -0.994227    12.345310
-0.813103  0.579774 -0.052199   -12.040186
>../../../../class2/pro2//data/domains/Catalytic_domain/structures/ProRS-B_AF_Bact_Corynebacterium_ulcerans_809_gene75260584.pdb
-0.161983  0.185789  0.969146     0.741085
-0.184563 -0.970489  0.155199    13.478274
 0.969380 -0.153729  0.191492   -12.995949
>../../../../class2/pro2//data/domains/Catalytic_domain/structures/ProRS-B_AF_Bact_Prochlorococcus_marinus_subsp_marinus_str_CCMP1375_gene54199876.pdb
 0.497633  0.841957 -0.208495     1.730035
 0.037950 -0.261275 -0.964518    13.988180
-0.866557  0.472063 -0.161972   -11.215298
>../../../../class2/pro2//data/domains/Catalytic_domain/structures/ProRS-B_AF_Bact_Streptobacillus_moniliformis_DSM_12112_gene29673723.pdb
 0.138133  0.742159 -0.655835     1.767353
 0.440878 -0.639034 -0.630287    11.507256
-0.886874 -0.202080 -0.415473   -11.593047
>../../../../class2/pro2//data/domains/Catalytic_domain/structures/ProRS-B_PDB_Bact_S_aureus_5znj.pdb
 0.172701  0.836041  0.520779   -10.188153
 0.445915  0.405076 -0.798169    27.793920
-0.878257  0.370067 -0.302846    -2.774481
>../../../../class2/pro2//data/domains/Catalytic_domain/structures/ProRS_PDB_Bact_E_faecalis_2J3M.pdb
 0.049991  0.956924 -0.286001    14.382060
 0.575977 -0.261566 -0.774490     2.388395
-0.815936 -0.126012 -0.564242    17.309879
