>../../../../class2/his//data/domains/Catalytic_domain/structures/HisRS_AF_Arch_Candidatus_Methanomassiliicoccus_intestinalis_Issoire-Mx1_gene16154026.pdb
-0.976715 -0.198441 -0.081544    -3.758815
-0.191887  0.978013 -0.081665     0.453975
 0.095957 -0.064116 -0.993318     0.882371
>../../../../class2/his//data/domains/Catalytic_domain/structures/HisRS_AF_Arch_Candidatus_Nitrosopumilus_koreensis_AR1_gene13725657.pdb
 1.000000  0.000000  0.000000     0.000000
 0.000000  1.000000  0.000000     0.000000
 0.000000  0.000000  1.000000     0.000000
>../../../../class2/his//data/domains/Catalytic_domain/structures/HisRS_AF_Arch_Desulfurococcus_amylolyticus_1221n_gene7171287.pdb
 0.121053 -0.389661 -0.912968     1.169988
 0.625970 -0.683840  0.374866     2.539922
-0.770395 -0.616869  0.161135    -0.458805
>../../../../class2/his//data/domains/Catalytic_domain/structures/HisRS_AF_Arch_Methanoregula_formicica_SMSP_gene14310605.pdb
-0.980410  0.196693 -0.010351    -4.161592
 0.185791  0.940959  0.282980     2.368894
 0.065400  0.275513 -0.959070    -1.075271
>../../../../class2/his//data/domains/Catalytic_domain/structures/HisRS_AF_Bact_Chlamydia_muridarum_str_Nigg_gene1246198.pdb
 0.778943  0.559437  0.283335    -0.025179
-0.375325  0.777868 -0.504037     1.520121
-0.502374  0.286273  0.815885     2.078200
>../../../../class2/his//data/domains/Catalytic_domain/structures/HisRS_AF_Bact_Lacticaseibacillus_paracasei_gene61269730.pdb
 0.782597 -0.582060 -0.220790     2.884266
 0.593008  0.589104  0.548905     5.151635
-0.189427 -0.560502  0.806198     2.301053
>../../../../class2/his//data/domains/Catalytic_domain/structures/HisRS_AF_Bact_Paracoccus_denitrificans_PD1222_gene75501415.pdb
 0.009027 -0.055384 -0.998424    -0.195934
 0.551830 -0.832386  0.051163     0.183505
-0.833908 -0.551422  0.023048    -0.023672
>../../../../class2/his//data/domains/Catalytic_domain/structures/HisRS_AF_Bact_Prochlorococcus_marinus_subsp_marinus_str_CCMP1375_gene54200127.pdb
-0.065436 -0.213891 -0.974663    -3.269735
 0.338084 -0.923739  0.180018     6.331018
-0.938838 -0.317738  0.132759    -3.262307
>../../../../class2/his//data/domains/Catalytic_domain/structures/HisRS_AF_Bact_Streptobacillus_moniliformis_DSM_12112_gene29674169.pdb
 0.796941 -0.586855 -0.143130     4.578638
 0.571269  0.655218  0.494308     3.969974
-0.196306 -0.475700  0.857423     1.442689
>../../../../class2/his//data/domains/Catalytic_domain/structures/HisRS_AF_Bact_Streptomyces_albidoflavus_gene15149169.pdb
 0.939254 -0.343207 -0.003475    -1.124215
 0.277208  0.752587  0.597301     2.049610
-0.202382 -0.561980  0.802010     0.616870
>../../../../class2/his//data/domains/Catalytic_domain/structures/HisRS_AF_Bact_Thermus_thermophilus_HB8_gene3168691.pdb
 0.629285 -0.689551 -0.358497     1.931794
 0.749000  0.415017  0.516487     4.803545
-0.207362 -0.593532  0.777638     2.907552
>../../../../class2/his//data/domains/Catalytic_domain/structures/HisRS_AF_Bact_Treponema_denticola_ATCC_35405_gene2741405.pdb
 0.429895  0.748325 -0.505172    -2.359980
-0.767210  0.007788 -0.641349     2.944870
-0.476003  0.663286  0.577471     1.214734
>../../../../class2/his//data/domains/Catalytic_domain/structures/HisRS_AF_Euk_Arabidopsis_thaliana_gene823753.pdb
 0.957116 -0.267344 -0.111604    -0.329631
 0.275473  0.720602  0.636276     1.782037
-0.089682 -0.639734  0.763346     0.394246
>../../../../class2/his//data/domains/Catalytic_domain/structures/HisRS_AF_Euk_Cryptococcus_gattii_WM276_gene10186972.pdb
 0.212354 -0.372349  0.903472     0.539733
-0.098942 -0.928000 -0.359203     2.448042
 0.972171 -0.013113 -0.233906    -0.214212
>../../../../class2/his//data/domains/Catalytic_domain/structures/HisRS_AF_Euk_Plasmodium_falciparum_3D7_gene812010.pdb
 0.740657 -0.444387 -0.503931    -8.723130
 0.359479  0.895746 -0.261558   -10.812509
 0.567628  0.012572  0.823189    -0.680615
>../../../../class2/his//data/domains/Catalytic_domain/structures/HisRS_AF_Euk_Platysiphonia_delicata_gene33353157.pdb
 0.794726 -0.578275 -0.184412     5.082991
 0.573444  0.615762  0.540370     5.874485
-0.198928 -0.535196  0.820970     1.766745
>../../../../class2/his//data/domains/Catalytic_domain/structures/HisRS_PDB_Arch_T_acidophilum_1WU7.pdb
 0.455678 -0.888069  0.060759    32.955110
-0.125888 -0.131864 -0.983242    78.968111
 0.881198  0.440393 -0.171885   -17.005709
>../../../../class2/his//data/domains/Catalytic_domain/structures/HisRS_PDB_Bact_B_thailandensis_4e51.pdb
-0.366181 -0.838051  0.404452   -16.511970
-0.805454  0.503113  0.313245    -8.182922
-0.466000 -0.211063 -0.859242    42.072511
>../../../../class2/his//data/domains/Catalytic_domain/structures/HisRS_PDB_Bact_E_coli_1HTT.pdb
 0.057079  0.967244  0.247348   -21.147319
-0.997877  0.063053 -0.016294   -12.738096
-0.031357 -0.245893  0.968790   -19.488041
>../../../../class2/sep//data/domains/Catalytic_domain/structures/SepRS_AF_Arch_Methanothrix_thermoacetophila_PT_gene4462697.pdb
 0.858777 -0.165861  0.484760    -8.563850
 0.233032  0.969068 -0.081259    -7.807297
-0.456288  0.182748  0.870864    11.931396
>../../../../class2/sep//data/domains/Catalytic_domain/structures/SepRS_AF_Arch_unclassified_Candidatus_Bathyarchaeota_proteinUCD26266.1.pdb
-0.961996  0.265498 -0.063832   -15.005498
 0.020730  0.304096  0.952416   -10.835581
 0.272275  0.914897 -0.298042     6.397363
>../../../../class2/sep//data/domains/Catalytic_domain/structures/SepRS_AF_Arch_unclassified_Lokiarchaeota_proteinTFF69421.1.pdb
-0.111550 -0.992233 -0.055049   -12.777051
-0.965764  0.121297 -0.229319   -15.204689
 0.234215  0.027584 -0.971793     6.556578
>../../../../class2/sep//data/domains/Catalytic_domain/structures/SepRS_AF_Arch_unclassified_Thermoprotei_proteinRLF12424.1.pdb
-0.035467  0.743090  0.668251   -15.293539
 0.414895 -0.597376  0.686298    -6.597635
 0.909178  0.301595 -0.287118     8.816820
>../../../../class2/sep//data/domains/Catalytic_domain/structures/SepRS_PDB_Arch_2DU4_A_fulgidus.pdb
 0.826239  0.336992 -0.451404   -64.297577
 0.326991  0.365593  0.871446   -25.824284
 0.458701 -0.867628  0.191874    56.104340
>../../../../class2/sep//data/domains/Catalytic_domain/structures/SepRS_PDB_Arch_2ODR_M_maripadulis.pdb
 0.229504 -0.654136  0.720718   -40.459986
-0.846987  0.230590  0.479000    32.865982
-0.479522 -0.720371 -0.501124    66.146633
