>structures/ProRS-M_AF_Euk_Candida_albicans_SC5314_gene3640100.pdb
 0.591113 -0.523318 -0.613779     4.038207
 0.743166  0.057585  0.666624    -1.675645
-0.313512 -0.850190  0.422951     0.010273
>structures/ProRS-M_AF_Mito_Acanthaster_planci_gene110989971.pdb
-0.608213  0.499217  0.617137    -0.043254
 0.565417 -0.273205  0.778243     0.727924
 0.557118  0.822278 -0.116099     2.013118
>structures/ProRS-M_AF_Mito_Drosophila_melanogaster_gene38331.pdb
 0.048376  0.026557  0.998476    -1.341885
 0.128239 -0.991538  0.020159    -0.863459
 0.990563  0.127069 -0.051372     2.404221
>structures/ProRS-M_AF_Mito_Mauremys_reevesii_gene120369760.pdb
 0.826727  0.526696 -0.197770     2.703317
-0.524979  0.595813 -0.607787    -5.465775
-0.202285  0.606299  0.769079     2.941936
>structures/ProRS-M_AF_Mito_Patella_vulgata_gene126818129.pdb
 0.014903 -0.089715  0.995856    -1.517259
-0.027703 -0.995621 -0.089280    -0.260367
 0.999505 -0.026258 -0.017323     0.935141
>structures/ProRS-M_AF_Mito_Priapulus_caudatus_gene106814725.pdb
 0.871481  0.488568  0.042682     0.096462
-0.415435  0.781671 -0.465193     1.485359
-0.260641  0.387675  0.884180     0.400096
>structures/ProRS-M_AF_Mito_Saccoglossus_kowalevskii_gene100368006.pdb
 1.000000  0.000000  0.000000     0.000000
 0.000000  1.000000  0.000000     0.000000
 0.000000  0.000000  1.000000     0.000000
>structures/ProRS-M_AF_Mito_Schizosaccharomyces_pombe_gene2540642.pdb
 0.302633 -0.543820 -0.782734    -0.919160
 0.892464 -0.126572  0.432997     0.670425
-0.334545 -0.829602  0.447035     1.755544
