>structures/ProRS-M_AF_Euk_Candida_albicans_SC5314_gene3640100.pdb
 0.160847 -0.284088 -0.945210    -0.188037
 0.571682 -0.753853  0.323858     1.373314
-0.804554 -0.592452  0.041153    -4.768284
>structures/ProRS-M_AF_Mito_Drosophila_melanogaster_gene38331.pdb
-0.226196  0.520714  0.823221    -5.885263
 0.700553 -0.500238  0.508908     0.309270
 0.676802  0.691823 -0.251636    -2.591684
>structures/ProRS-M_AF_Mito_Mauremys_reevesii_gene120369760.pdb
 0.999996  0.001723  0.002221    -0.153201
-0.001718  0.999995 -0.002505    -0.021964
-0.002225  0.002501  0.999994    -0.020473
>structures/ProRS-M_AF_Mito_Schizosaccharomyces_pombe_gene2540642.pdb
-0.173543 -0.205107 -0.963231    -6.318036
 0.483137 -0.870019  0.098213     1.320465
-0.858173 -0.448328  0.250081    -4.300671
