>structures/ProRS-M_AF_Euk_Candida_albicans_SC5314_gene3640100.pdb
 0.304351 -0.249560 -0.919288     5.050636
 0.738199 -0.548138  0.393201    -1.273853
-0.602024 -0.798288  0.017398     1.766681
>structures/ProRS-M_AF_Mito_Acanthaster_planci_gene110989971.pdb
-0.909644  0.334869  0.245786    -0.188153
 0.363083  0.353536  0.862081    -0.164183
 0.201790  0.873427 -0.443177     1.713125
>structures/ProRS-M_AF_Mito_Drosophila_melanogaster_gene38331.pdb
-0.279103  0.412606  0.867097    -0.806670
 0.514745 -0.698000  0.497829    -1.612536
 0.810641  0.585279 -0.017573     2.768612
>structures/ProRS-M_AF_Mito_Homo_sapiens_gene25973.pdb
-0.233216  0.262771  0.936249     0.134562
 0.435699 -0.832511  0.342187    -1.761228
 0.869354  0.487726  0.079665     2.334228
>structures/ProRS-M_AF_Mito_Mauremys_reevesii_gene120369760.pdb
 0.990474  0.049913 -0.128337     4.602555
-0.083339  0.959208 -0.270139    -3.198370
 0.109618  0.278261  0.954230     5.841980
>structures/ProRS-M_AF_Mito_Patella_vulgata_gene126818129.pdb
-0.236426  0.346164  0.907895    -0.805040
 0.374451 -0.829753  0.413881    -1.950097
 0.896599  0.437814  0.066554     1.268350
>structures/ProRS-M_AF_Mito_Priapulus_caudatus_gene106814725.pdb
 1.000000  0.000000  0.000000     0.000000
 0.000000  1.000000  0.000000     0.000000
 0.000000  0.000000  1.000000     0.000000
>structures/ProRS-M_AF_Mito_Saccoglossus_kowalevskii_gene100368006.pdb
 0.871481 -0.415435 -0.260641     0.637287
 0.488568  0.781671  0.387675    -1.363297
 0.042682 -0.465193  0.884180     0.333104
>structures/ProRS-M_AF_Mito_Schizosaccharomyces_pombe_gene2540642.pdb
-0.017935 -0.212164 -0.977070    -0.904665
 0.711144 -0.689629  0.136694    -0.925531
-0.702817 -0.692386  0.163247     1.448705
