>structures/TyrRS_AF_Bact_Bifidobacterium_animalis_subsp_lactis_BLC1_gene66533077.pdb
 0.083243  0.931398 -0.354357   -43.263430
 0.338373  0.308047  0.889163    -0.256808
 0.937323 -0.193922 -0.289517     0.706511
>structures/TyrRS_AF_Bact_Brachyspira_pilosicoli_95_1000_gene56440491.pdb
 1.000000 -0.000000  0.000000     0.000000
 0.000000  1.000000  0.000000     0.000000
-0.000000  0.000000  1.000000     0.000000
>structures/TyrRS_AF_Bact_Chlamydia_psittaci_6BC_gene12242888.pdb
-0.681394  0.729536 -0.058992   -17.103469
 0.326917  0.375472  0.867263     1.301775
 0.654850  0.571662 -0.494342    -5.784023
>structures/TyrRS_AF_Bact_Lactococcus_lactis_subsp_cremoris_KW2_gene61108704.pdb
 0.273875  0.921019 -0.276979   -44.821568
 0.300582  0.191595  0.934314     4.084222
 0.913588 -0.339140 -0.224368     4.188787
>structures/TyrRS_AF_Bact_Porphyromonas_gingivalis_ATCC_33277_gene29255602.pdb
-0.397662  0.661439  0.635896   -49.467750
-0.191136  0.618128 -0.762486    -0.416688
-0.897403 -0.424754 -0.119382     1.616593
>structures/TyrRS_AF_Bact_Prochlorococcus_marinus_subsp_marinus_str_CCMP1375_gene54200747.pdb
-0.119116  0.135800  0.983550    -8.006271
 0.848169 -0.501058  0.171902   -16.537098
 0.516159  0.854693 -0.055498     1.338604
>structures/TyrRS_AF_Bact_Serratia_plymuthica_AS9_gene57666950.pdb
 0.882273  0.444094  0.156122   -42.106242
 0.286420 -0.769634  0.570637    -6.215727
 0.373573 -0.458742 -0.806225    -0.508161
>structures/TyrRS_AF_Bact_Streptobacillus_moniliformis_DSM_12112_gene29673957.pdb
-0.054525  0.731960  0.679162    -8.930860
 0.869732 -0.299310  0.392403   -16.596159
 0.490504  0.612085 -0.620289    -2.791522
>structures/TyrRS_AF_Euk_Cryptococcus_neoformans_var_neoformans_JEC21_gene3254328.pdb
-0.443421  0.859140 -0.255453   -32.037216
 0.346566  0.427179  0.835111    -2.605029
 0.826601  0.281774 -0.487169    -4.635727
>structures/TyrRS_AF_Euk_Drosophila_melanogaster_gene39829.pdb
 0.102378 -0.539194  0.835936    -9.986562
-0.733993 -0.608136 -0.302365   -21.088637
 0.671396 -0.582615 -0.458025    -3.511072
>structures/TyrRS_AF_Euk_Seriola_dumerili_gene111223086.pdb
-0.811603  0.128518  0.569897     8.492217
-0.534053 -0.558664 -0.634572   -26.399594
 0.236828 -0.819376  0.522049    44.591008
>structures/TyrRS_AF_Mito_Aspergillus_fumigatus_Af293_gene3509181.pdb
 0.108806  0.720981  0.684359   -32.506445
 0.089405 -0.692754  0.715611     5.400378
 0.990034 -0.016678 -0.139835    18.065508
>structures/TyrRS_AF_Mito_Cyanidioschyzon_merolae_strain_10D_gene16996209.pdb
 0.313696  0.912581 -0.262278   -46.554231
 0.361631  0.140579  0.921662     2.902397
 0.877962 -0.383970 -0.285919     2.517721
