>structures/SepRS_AF_Arch_Methanothrix_thermoacetophila_PT_gene4462697.pdb
-0.428590 -0.872251  0.235561    -6.039247
-0.837073  0.285225 -0.466857    -3.103810
 0.340029 -0.397272 -0.852382    -7.156891
>structures/SepRS_AF_Arch_unclassified_Candidatus_Bathyarchaeota_proteinUCD26266.1.pdb
 0.156689 -0.114461 -0.980993    -3.745703
 0.961523 -0.209262  0.177995     2.604962
-0.225658 -0.971137  0.077268    -0.908319
>structures/SepRS_AF_Arch_unclassified_Lokiarchaeota_proteinTFF69421.1.pdb
 0.999997 -0.002433  0.000898    -0.060793
 0.002433  0.999997 -0.000584     0.021659
-0.000897  0.000586  0.999999    -0.018063
>structures/SepRS_AF_Arch_unclassified_Thermoprotei_proteinRLF12424.1.pdb
-0.198685  0.496609 -0.844928    -6.189074
 0.100077 -0.847329 -0.521553     2.332573
-0.974940 -0.188183  0.118652    -4.728018
>structures/SepRS_PDB_Arch_2DU4_A_fulgidus.pdb
-0.294728 -0.610200 -0.735385    29.279720
-0.776311 -0.295845  0.556613    49.903767
-0.557205  0.734937 -0.386511   -42.920945
>structures/SepRS_PDB_Arch_2ODR_M_maripadulis.pdb
 0.675120 -0.335005 -0.657255   -28.636571
-0.334337  0.655242 -0.677405    34.740330
 0.657595  0.677074  0.330362   -67.594096
