>../../../../class2//ala/data/domains/Editing_domain_AT//structures/AlaRS_AF_Arch_Candidatus_Korarchaeum_cryptofilum_OPF8_gene6094822.pdb
 0.037100  0.725881 -0.686819     3.000069
 0.992701 -0.105697 -0.058085    -2.404869
-0.114757 -0.679650 -0.724504    -1.411435
>../../../../class2//ala/data/domains/Editing_domain_AT//structures/AlaRS_AF_Arch_Candidatus_Nitrosopumilus_koreensis_AR1_gene13725795.pdb
 0.068030 -0.970456  0.231489     7.914404
 0.004003 -0.231760 -0.972765    -4.664361
 0.997675  0.067104 -0.011882    -0.497135
>../../../../class2//ala/data/domains/Editing_domain_AT//structures/AlaRS_AF_Arch_Sulfolobus_islandicus_YG5714_gene7807284.pdb
 0.401791  0.196745 -0.894346     4.901650
 0.283252 -0.955453 -0.082935    -2.975171
-0.870823 -0.220003 -0.439621    -4.950435
>../../../../class2//ala/data/domains/Editing_domain_AT//structures/AlaRS_AF_Arch_Thermoplasma_acidophilum_DSM_1728_gene1456391.pdb
 0.142398 -0.945292  0.293505     7.238135
-0.065550 -0.304882 -0.950132    -4.220776
 0.987637  0.116058 -0.105379    -0.932974
>../../../../class2//ala/data/domains/Editing_domain_AT//structures/AlaRS_AF_Bact_Brucella_melitensis_bv_1_str_16M_gene29593597.pdb
-0.612728  0.148501  0.776216    16.654499
-0.304378 -0.950761 -0.058375    19.355307
 0.729328 -0.272031  0.627758    19.005817
>../../../../class2//ala/data/domains/Editing_domain_AT//structures/AlaRS_AF_Bact_Chlamydia_psittaci_6BC_gene12242512.pdb
 1.000000  0.000000  0.000000     0.000000
 0.000000  1.000000  0.000000     0.000000
 0.000000  0.000000  1.000000     0.000000
>../../../../class2//ala/data/domains/Editing_domain_AT//structures/AlaRS_AF_Bact_Lactobacillus_acidophilus_La-14_gene56942022.pdb
 0.399830  0.720904 -0.566068    -2.516312
-0.788757 -0.043980 -0.613130    -8.977796
-0.466904  0.691638  0.551033    -2.895218
>../../../../class2//ala/data/domains/Editing_domain_AT//structures/AlaRS_AF_Bact_Nocardia_farcinica_IFM_10152_gene61134339.pdb
 0.799413  0.600757  0.005531     1.373167
-0.521717  0.698743 -0.489458    -0.431940
-0.297910  0.388394  0.872009    -0.687647
>../../../../class2//ala/data/domains/Editing_domain_AT//structures/AlaRS_AF_Bact_Porphyromonas_gingivalis_ATCC_33277_gene29256567.pdb
 0.938463  0.327844  0.108651    -1.306321
-0.256566  0.872346 -0.416157     6.515933
-0.231215  0.362672  0.902778    -0.087092
>../../../../class2//ala/data/domains/Editing_domain_AT//structures/AlaRS_AF_Bact_Prochlorococcus_marinus_subsp_marinus_str_CCMP1375_gene54199407.pdb
-0.303691 -0.717563  0.626797    -0.938536
-0.928328  0.370910 -0.025164    -0.471542
-0.214429 -0.589515 -0.778776    -0.167821
>../../../../class2//ala/data/domains/Editing_domain_AT//structures/AlaRS_AF_Bact_Streptobacillus_moniliformis_DSM_12112_gene29672963.pdb
 0.960889  0.273598  0.042852    -0.706022
-0.271745  0.901717  0.336244    -6.556790
 0.053355 -0.334739  0.940799     1.021779
>../../../../class2//ala/data/domains/Editing_domain_AT//structures/AlaRS_AF_Bact_Treponema_pallidum_subsp_pertenue_str_SamoaD_gene57879528.pdb
 0.267612 -0.960046 -0.081825    -2.406164
 0.707949  0.138311  0.692588    -8.200328
-0.653599 -0.243273  0.716677   -22.429824
>../../../../class2//ala/data/domains/Editing_domain_AT//structures/AlaRS_AF_Euk_Cyanidioschyzon_merolae_strain_10D_gene16993235.pdb
 0.195665 -0.413153 -0.889393    -0.618372
 0.380324 -0.803974  0.457144     1.059216
-0.903919 -0.427705 -0.000178    -4.455773
>../../../../class2//ala/data/domains/Editing_domain_AT//structures/AlaRS_AF_Euk_Marasmius_oreades_gene66078979.pdb
 0.111927  0.731375  0.672728    -7.448619
-0.992382  0.117345  0.037536    17.572959
-0.051489 -0.671804  0.738937    34.439736
>../../../../class2//ala/data/domains/Editing_domain_AT//structures/AlaRS_AF_Euk_Plasmodium_berghei_ANKA_gene55150801.pdb
 0.852915  0.503186 -0.139070     0.186122
-0.469038  0.621650 -0.627340    -6.857369
-0.229216  0.600296  0.766228    -0.903980
>../../../../class2//ala/data/domains/Editing_domain_AT//structures/AlaRS_AF_Euk_Saccharomyces_cerevisiae_S288C_gene854513.pdb
 0.154008 -0.933227  0.324607    -3.806787
-0.565638 -0.352639 -0.745452     5.746394
 0.810145 -0.068805 -0.582178    -0.392100
>../../../../class2//thr/data/domains/Editing_domain_AT//structures/ThrRS_AF_Arch_Candidatus_Methanomethylophilus_alvus_Mx1201_gene15140074.pdb
 0.127397 -0.818391 -0.560363   -23.204902
-0.985347 -0.169024  0.022838    17.968428
-0.113405  0.549243 -0.827932    12.038219
>../../../../class2//thr/data/domains/Editing_domain_AT//structures/ThrRS_AF_Bact_Bifidobacterium_longum_subsp_longum_JCM_1217_gene69578309.pdb
 0.748264  0.371528 -0.549608   -20.267851
 0.362259  0.465216  0.807677    17.286942
 0.555761 -0.803456  0.213515    11.161803
>../../../../class2//thr/data/domains/Editing_domain_AT//structures/ThrRS_AF_Bact_Brachyspira_pilosicoli_95_1000_gene56439092.pdb
 0.070349  0.943727  0.323157   -22.236282
 0.038032 -0.326261  0.944514    16.979984
 0.996797 -0.054156 -0.058844    13.300822
>../../../../class2//thr/data/domains/Editing_domain_AT//structures/ThrRS_AF_Bact_Brucella_abortus_2308_gene3787745.pdb
-0.546798  0.766176  0.337618   -23.988323
-0.099888  0.340664 -0.934864    16.506136
-0.831284 -0.544906 -0.109743    13.431335
>../../../../class2//thr/data/domains/Editing_domain_AT//structures/ThrRS_AF_Bact_Lactobacillus_acidophilus_La-14_gene56943112.pdb
-0.293299 -0.914123  0.279918   -21.205013
 0.949352 -0.243965  0.198020    15.500331
-0.112725  0.323820  0.939379    10.973482
>../../../../class2//thr/data/domains/Editing_domain_AT//structures/ThrRS_AF_Bact_Mycoplasma_hyopneumoniae_168-L_gene57101460.pdb
-0.309337 -0.861077 -0.403556   -23.840035
-0.867360  0.429461 -0.251495    15.191033
 0.389869  0.272232 -0.879712     7.800818
>../../../../class2//thr/data/domains/Editing_domain_AT//structures/ThrRS_AF_Bact_Porphyromonas_gingivalis_ATCC_33277_gene29256174.pdb
-0.602308  0.779344 -0.172767   -16.089239
-0.047550  0.181017  0.982330    18.679830
 0.796846  0.599880 -0.071970    10.405503
>../../../../class2//thr/data/domains/Editing_domain_AT//structures/ThrRS_AF_Bact_Prochlorococcus_marinus_subsp_marinus_str_CCMP1375_gene54200406.pdb
 0.438829 -0.007843 -0.898536   -20.728775
 0.105299 -0.992624  0.060090    19.072914
-0.892380 -0.120984 -0.434766    14.197268
>../../../../class2//thr/data/domains/Editing_domain_AT//structures/ThrRS_AF_Bact_Streptobacillus_moniliformis_DSM_12112_gene29674242.pdb
 0.008410 -0.910824 -0.412710   -19.869943
 0.944953 -0.127767  0.301230    18.199814
-0.327098 -0.392525  0.859611    11.640372
>../../../../class2//thr/data/domains/Editing_domain_AT//structures/ThrRS_AF_Euk_Arabidopsis_thaliana_gene832741.pdb
 0.806448  0.126992 -0.577508   -13.688239
 0.290278  0.765857  0.573761    16.717603
 0.515151 -0.630346  0.580761     9.544968
>../../../../class2//thr/data/domains/Editing_domain_AT//structures/ThrRS_AF_Euk_Cercospora_beticola_gene35433465.pdb
 0.951091  0.308882  0.004241   -18.528511
-0.284526  0.881276 -0.377355    15.961580
-0.120296  0.357692  0.926059    10.458106
>../../../../class2//thr/data/domains/Editing_domain_AT//structures/ThrRS_AF_Euk_Cryptococcus_gattii_WM276_gene10188143.pdb
 0.767972 -0.007141 -0.640443   -16.984869
 0.613063  0.297643  0.731821    16.630114
 0.185398 -0.954651  0.232959    11.775357
>../../../../class2//thr/data/domains/Editing_domain_AT//structures/ThrRS_AF_Euk_Cyanidioschyzon_merolae_strain_10D_gene16997242.pdb
-0.490926  0.740286 -0.459312   -18.427653
 0.064023 -0.495135 -0.866454    17.189366
-0.868845 -0.454772  0.195679    13.747689
>../../../../class2//thr/data/domains/Editing_domain_AT//structures/ThrRS_AF_Mito_Cyanidioschyzon_merolae_strain_10D_gene16995590.pdb
 0.219536 -0.384628 -0.896586   -18.865566
 0.725595 -0.549957  0.413594    19.163589
-0.652163 -0.741357  0.158349    10.723460
>../../../../class2//thr/data/domains/Editing_domain_AT//structures/ThrRS_AF_Mito_Oryza_sativa_Japonica_Group_gene4345200.pdb
-0.753634 -0.141788  0.641819   -15.485174
 0.544144  0.413152  0.730215    18.267711
-0.368704  0.899557 -0.234212    13.206302
>../../../../class2//thr/data/domains/Editing_domain_AT//structures/ThrRS_PDB_Bact_S_aureus_1nyr.pdb
-0.678330 -0.190930 -0.709517    33.669513
 0.046709  0.952489 -0.300969   -19.895049
 0.733272 -0.237296 -0.637184    41.426605
