>../../../../class1/gln//data/domains/Catalytic_domain/structures/GlnRS_AF_Bact_Anaerostipes_hadrus_gene15230984.pdb
 0.429397  0.232647 -0.872636    -6.858188
 0.308542 -0.945902 -0.100356    -1.724137
-0.848776 -0.226152 -0.477948    -1.376192
>../../../../class1/gln//data/domains/Catalytic_domain/structures/GlnRS_AF_Bact_Cutibacterium_avidum_44067_gene29843447.pdb
 0.504266  0.543813 -0.670808    -6.559408
-0.020833 -0.768917 -0.639009    -1.579481
-0.863297  0.336205 -0.376409    -0.413723
>../../../../class1/gln//data/domains/Catalytic_domain/structures/GlnRS_AF_Bact_Pasteurella_multocida_subsp_multocida_str_Pm70_gene1243875.pdb
 0.225176  0.458075 -0.859920    -7.380265
-0.218833 -0.836260 -0.502774     0.261114
-0.949425  0.301392 -0.088064    -0.461149
>../../../../class1/gln//data/domains/Catalytic_domain/structures/GlnRS_AF_Bact_Porphyromonas_gingivalis_ATCC_33277_gene29257033.pdb
 0.405749  0.007911 -0.913950    -5.677567
 0.492588 -0.844202  0.211378    -1.555231
-0.769886 -0.535967 -0.346431    -0.989656
>../../../../class1/gln//data/domains/Catalytic_domain/structures/GlnRS_AF_Bact_Thermus_thermophilus_HB8_gene3168786.pdb
-0.628804 -0.645395  0.433670    -4.792062
-0.678345  0.182707 -0.711665    -2.595688
 0.380071 -0.741676 -0.552687    -1.124733
>../../../../class1/gln//data/domains/Catalytic_domain/structures/GlnRS_AF_Euk_Candida_dubliniensis_CD36_gene8049124.pdb
 0.198397  0.451375 -0.869999    -2.632806
 0.357624 -0.859784 -0.364522    -0.759047
-0.912548 -0.238813 -0.332002     0.269850
>../../../../class1/gln//data/domains/Catalytic_domain/structures/GlnRS_AF_Euk_Dictyostelium_discoideum_AX4_gene8627167.pdb
-0.449392 -0.130235  0.883790    -0.215193
-0.487902 -0.792951 -0.364939     0.678246
 0.748330 -0.595204  0.292804    -1.404846
>../../../../class1/gln//data/domains/Catalytic_domain/structures/GlnRS_AF_Euk_Encephalitozoon_romaleae_SJ-2008_gene20564565.pdb
-0.222131 -0.528423  0.819406    -3.566132
-0.614050 -0.576982 -0.538548    -0.317415
 0.757364 -0.622785 -0.196313    -0.594854
>../../../../class1/gln//data/domains/Catalytic_domain/structures/GlnRS_AF_Euk_Myodes_glareolus_gene125393344.pdb
 0.977518 -0.084175 -0.193321    -8.368704
-0.023356  0.867987 -0.496037     4.124526
 0.209554  0.489401  0.846507    -5.030631
>../../../../class1/gln//data/domains/Catalytic_domain/structures/GlnRS_AF_Mito_Cyanidioschyzon_merolae_strain_10D_gene16997184.pdb
-0.546514 -0.558953  0.623614    -2.053721
-0.717005 -0.072446 -0.693293    -1.979693
 0.432697 -0.826029 -0.361179     2.034902
>../../../../class1/gln//data/domains/Catalytic_domain/structures/GlnRS_Bact_D_radio_2HZ7.pdb
 0.227098  0.955735 -0.187077   -41.808753
-0.060530  0.205577  0.976767   -78.497128
 0.971989 -0.210498  0.104537   -24.590629
>../../../../class1/gln//data/domains/Catalytic_domain/structures/GlnRS_Bact_E_coli_1QTQ.pdb
 0.138572  0.826152  0.546142   -32.982654
-0.706386  0.468967 -0.530177    26.744492
-0.694130 -0.312319  0.648568    22.905978
>../../../../class1/gln//data/domains/Catalytic_domain/structures/GlnRS_PDB_Euk_T_gondii_4P2B.pdb
 0.034289  0.811086  0.583921   -84.072562
-0.773178 -0.348682  0.529733    57.836517
 0.633262 -0.469639  0.615158   -66.410209
>../../../../class1/lys//data/domains/Catalytic_domain/structures/LysRS-I_AF_Arch_Candidatus_Bathyarchaeota_archaeon_proteinRJS75864.1.pdb
 0.994655  0.081543 -0.063336    -3.271651
-0.085841  0.993959 -0.068391     0.074596
 0.057376  0.073462  0.995646    -3.274855
>../../../../class1/lys//data/domains/Catalytic_domain/structures/LysRS-I_AF_Arch_Candidatus_Nitrosopumilus_koreensis_AR1_gene13726042.pdb
-0.046341  0.041336 -0.998070    -0.582623
 0.314874 -0.947604 -0.053865     3.701865
-0.948001 -0.316763  0.030898    -2.948240
>../../../../class1/lys//data/domains/Catalytic_domain/structures/LysRS-I_AF_Arch_Ferroplasma_acidarmanus_Fer1_gene16025146.pdb
 1.000000  0.000000  0.000000     0.000000
 0.000000  1.000000  0.000000     0.000000
 0.000000  0.000000  1.000000     0.000000
>../../../../class1/lys//data/domains/Catalytic_domain/structures/LysRS-I_AF_Arch_Halorubrum_lacusprofundi_ATCC_49239_gene7400505.pdb
-0.717068 -0.675031  0.173626    -4.471748
-0.675867  0.612526 -0.409897    -2.367072
 0.170343 -0.411272 -0.895455    -2.198304
>../../../../class1/lys//data/domains/Catalytic_domain/structures/LysRS-I_AF_Bact_Cereibacter_sphaeroides_KD131_gene67447319.pdb
-0.981490  0.177509 -0.071890    -3.023630
 0.124709  0.877269  0.463516     3.761296
 0.145345  0.445971 -0.883167     1.310882
>../../../../class1/lys//data/domains/Catalytic_domain/structures/LysRS-I_AF_Bact_Cyanobacteria_bacterium_J007_proteinRMH73500.1.pdb
 0.901421  0.406184 -0.149849    -3.939937
-0.425038  0.764424 -0.484767    -0.702904
-0.082357  0.500671  0.861711    -4.227587
>../../../../class1/lys//data/domains/Catalytic_domain/structures/LysRS-I_AF_Bact_Streptomyces_albidoflavus_gene15147364.pdb
 0.193235  0.063332 -0.979106    -5.206179
 0.323638 -0.946177  0.002671     2.168796
-0.926239 -0.317392 -0.203331    -2.666781
>../../../../class1/lys//data/domains/Catalytic_domain/structures/LysRS-I_AF_Bact_Treponema_denticola_ATCC_35405_gene2739918.pdb
 0.244199  0.018144 -0.969555    -5.132204
 0.262000 -0.963876  0.047951     2.187536
-0.933661 -0.265733 -0.240131    -2.743811
>../../../../class1/lys//data/domains/Catalytic_domain/structures/LysRS-I_PDB_Arch_P_hori_1IRX.pdb
 0.364955 -0.766425  0.528583   -29.112387
-0.917843 -0.200979  0.342304    26.035980
-0.156116 -0.610082 -0.776806    82.769620
