>../../../../class1/ile//data/domains/Catalytic_domain/structures/IleRS_AF_Arch_Candidatus_Korarchaeum_cryptofilum_OPF8_gene6094904.pdb
-0.392864  0.048941  0.918293   -40.279615
-0.474419  0.844649 -0.247982    29.770418
-0.787772 -0.533079 -0.308613     4.174340
>../../../../class1/ile//data/domains/Catalytic_domain/structures/IleRS_AF_Arch_Candidatus_Nitrosopumilus_sediminis_gene13697091.pdb
 0.973922 -0.100664 -0.203329   -42.233803
-0.070455 -0.986065  0.150705    34.253342
-0.215666 -0.132449 -0.967443     2.109190
>../../../../class1/ile//data/domains/Catalytic_domain/structures/IleRS_AF_Arch_Pyrobaculum_aerophilum_str_IM2_gene1465853.pdb
 0.533728  0.495525 -0.685266   -43.740119
 0.766469  0.058911  0.639574    28.230091
 0.357295 -0.866594 -0.348362     6.920095
>../../../../class1/ile//data/domains/Catalytic_domain/structures/IleRS_AF_Arch_Thermoplasma_acidophilum_DSM_1728_gene1456418.pdb
-0.893562  0.429585  0.130396   -40.763280
-0.312415 -0.386432 -0.867794    30.283757
-0.322402 -0.816166  0.479510     3.121378
>../../../../class1/ile//data/domains/Catalytic_domain/structures/IleRS_AF_Bact_Chlamydia_muridarum_str_Nigg_gene1246458.pdb
-0.547808 -0.541453  0.637757   -40.108347
 0.804064 -0.130214  0.580108    30.888601
-0.231057  0.830586  0.506695     1.459194
>../../../../class1/ile//data/domains/Catalytic_domain/structures/IleRS_AF_Bact_Lactobacillus_acidophilus_La-14_gene56942445.pdb
 0.314403  0.455466 -0.832888   -42.789299
 0.632699  0.553552  0.541545    27.495799
 0.707702 -0.697231 -0.114134     3.802750
>../../../../class1/ile//data/domains/Catalytic_domain/structures/IleRS_AF_Bact_Mycoplasma_hyopneumoniae_168-L_gene57100872.pdb
 0.218050  0.380218 -0.898826   -40.648707
 0.642059  0.637721  0.425526    27.103231
 0.734993 -0.669885 -0.105067     5.496732
>../../../../class1/ile//data/domains/Catalytic_domain/structures/IleRS_AF_Bact_Orientia_tsutsugamushi_str_Ikeda_gene66653313.pdb
 0.484804 -0.266971 -0.832881   -39.789749
-0.814636  0.208758 -0.541099    30.459061
 0.318328  0.940822 -0.116278     4.225133
>../../../../class1/ile//data/domains/Catalytic_domain/structures/IleRS_AF_Bact_Porphyromonas_gingivalis_ATCC_33277_gene29255747.pdb
 0.468243 -0.291383 -0.834173   -37.235747
-0.775821  0.316269 -0.545963    30.222316
 0.422908  0.902812 -0.077970     5.735141
>../../../../class1/ile//data/domains/Catalytic_domain/structures/IleRS_AF_Bact_Streptobacillus_moniliformis_DSM_12112_gene29674186.pdb
 0.285949  0.490245 -0.823343   -42.880893
 0.527467  0.636807  0.562366    30.419380
 0.800007 -0.595094 -0.076494     9.689390
>../../../../class1/ile//data/domains/Catalytic_domain/structures/IleRS_AF_Bact_Thermus_thermophilus_HB8_gene3168241.pdb
-0.478413 -0.501319  0.720972   -38.001200
 0.765578  0.164043  0.622077    29.130090
-0.430129  0.849570  0.305318     1.536414
>../../../../class1/ile//data/domains/Catalytic_domain/structures/IleRS_AF_Bact_Treponema_pallidum_subsp_pertenue_str_SamoaD_gene57878975.pdb
-0.128245 -0.041564  0.990871   -40.281558
 0.150372  0.986755  0.060854    28.935131
-0.980276  0.156803 -0.120296     2.559481
>../../../../class1/ile//data/domains/Catalytic_domain/structures/IleRS_AF_Euk_Cyanidioschyzon_merolae_strain_10D_gene16992835.pdb
-0.875352 -0.429875  0.221285   -41.394857
 0.469820 -0.864338  0.179411    28.128727
 0.114141  0.261012  0.958564     3.676711
>../../../../class1/ile//data/domains/Catalytic_domain/structures/IleRS_AF_Euk_Ostreococcus_lucimarinus_CCE9901_gene5000489.pdb
-0.164859  0.224138  0.960512   -42.938653
-0.133282  0.959842 -0.246858    28.422567
-0.977270 -0.168716 -0.128365     2.342273
>../../../../class1/ile//data/domains/Catalytic_domain/structures/IleRS_AF_Euk_Trypanosoma_brucei_brucei_TREU927_gene3663037.pdb
-0.227478  0.376905  0.897884   -42.246406
-0.406089  0.801338 -0.439260    28.604803
-0.885068 -0.464543 -0.029229     3.357638
>../../../../class1/ile//data/domains/Catalytic_domain/structures/IleRS_AF_Euk_Ustilago_maydis_521_gene23568123.pdb
 0.068928  0.082010 -0.994245   -39.157585
 0.236427  0.966881  0.096143    27.117376
 0.969201 -0.241693  0.047256     4.925545
>../../../../class1/ile//data/domains/Catalytic_domain/structures/IleRS_AF_Mito_Drosophila_melanogaster_gene39762.pdb
 0.789967 -0.284214 -0.543300   -37.898286
-0.612200 -0.316309 -0.724679    28.493125
 0.034113  0.905081 -0.423869     6.564133
>../../../../class1/ile//data/domains/Catalytic_domain/structures/IleRS_AF_Mito_Homo_sapiens_gene55699.pdb
 0.261495  0.432005 -0.863129   -41.303695
 0.658012  0.574440  0.486866    27.166910
 0.706145 -0.695263 -0.134051     4.835141
>../../../../class1/ile//data/domains/Catalytic_domain/structures/IleRS_AF_Vir_Megavirus_chiliensis_gene11256744.pdb
 0.389578 -0.172692 -0.904658   -38.920770
-0.738786  0.527919 -0.418923    31.327854
 0.549931  0.831552  0.078083     4.471974
>../../../../class1/ile//data/domains/Catalytic_domain/structures/IleRS_PDB_Bact_S_aureus_1QU2.pdb
 0.003175 -0.139755 -0.990181    51.324343
 0.984414  0.174550 -0.021479    -6.985430
 0.175838 -0.974680  0.138131    73.441264
>../../../../class1/ile//data/domains/Catalytic_domain/structures/IleRS_PDB_Bact_T_therm_1ILE.pdb
-0.273737 -0.138411  0.951793   -17.286726
 0.823011  0.478386  0.306267    59.582145
-0.497715  0.867173 -0.017039    -9.705946
>../../../../class1/ile//data/domains/Catalytic_domain/structures/IleRS_PDB_Euk_S_cere_7D5C.pdb
 0.234643 -0.952331  0.194956   -42.181104
 0.279207 -0.126078 -0.951918    65.702422
 0.931121  0.277794  0.236314    -9.728755
>../../../../class1/trp//data/domains/Catalytic_domain/structures/TrpRS_AF_Arch_Natrialba_magadii_ATCC_43099_gene8824932.pdb
-0.835394  0.549207  0.022081   -40.211391
 0.304977  0.496571 -0.812654    28.053044
-0.457280 -0.672152 -0.582328     7.276728
>../../../../class1/trp//data/domains/Catalytic_domain/structures/TrpRS_AF_Arch_Nitrosopumilus_maritimus_SCM1_gene5773245.pdb
-0.899441  0.424025 -0.105876   -40.502187
 0.288741  0.394678 -0.872271    30.178943
-0.328078 -0.815127 -0.477423     7.380537
>../../../../class1/trp//data/domains/Catalytic_domain/structures/TrpRS_AF_Arch_Sulfolobus_islandicus_M1627_gene7814138.pdb
 0.938110  0.308993  0.156439   -37.965145
-0.120287 -0.132891  0.983804    29.538963
 0.324778 -0.941734 -0.087498    10.099742
>../../../../class1/trp//data/domains/Catalytic_domain/structures/TrpRS_AF_Arch_Thermoplasma_acidophilum_DSM_1728_gene1456706.pdb
-0.189983 -0.707383  0.680820   -37.008058
 0.334791 -0.698564 -0.632395    26.189634
 0.922942  0.107788  0.369541     4.375578
>../../../../class1/trp//data/domains/Catalytic_domain/structures/TrpRS_AF_Bact_Anoxybacillus_flavithermus_WK1_gene7038388.pdb
 0.996249 -0.084468  0.018793   -36.288855
-0.044187 -0.309847  0.949759    28.274001
-0.074402 -0.947027 -0.312417    13.112153
>../../../../class1/trp//data/domains/Catalytic_domain/structures/TrpRS_AF_Bact_Brachyspira_pilosicoli_95_1000_gene56440833.pdb
 0.061880 -0.411287  0.909403   -40.967912
 0.997873  0.044194 -0.047912    25.342505
-0.020485  0.910434  0.413147    11.062388
>../../../../class1/trp//data/domains/Catalytic_domain/structures/TrpRS_AF_Bact_Helicobacter_cinaedi_PAGU611_gene66538868.pdb
 0.986600  0.134391  0.092518   -36.658105
-0.086683 -0.048654  0.995047    28.077284
 0.138227 -0.989733 -0.036353    14.223138
>../../../../class1/trp//data/domains/Catalytic_domain/structures/TrpRS_AF_Bact_Mycoplasma_hyopneumoniae_168-L_gene57101461.pdb
 0.933905  0.355803  0.035025   -38.717813
-0.054815  0.045689  0.997451    27.710892
 0.353295 -0.933444  0.062172    14.968874
>../../../../class1/trp//data/domains/Catalytic_domain/structures/TrpRS_AF_Bact_Porphyromonas_gingivalis_ATCC_33277_gene29255389.pdb
-0.226174  0.560052 -0.796986   -41.699598
-0.940389  0.087803  0.328570    26.436309
 0.253994  0.823792  0.506808    11.200693
>../../../../class1/trp//data/domains/Catalytic_domain/structures/TrpRS_AF_Bact_Prochlorococcus_marinus_subsp_marinus_str_CCMP1375_gene54200405.pdb
-0.972477  0.232705  0.011696   -46.213957
 0.058958  0.294329 -0.953884    22.978989
-0.225416 -0.926941 -0.299948    11.597692
>../../../../class1/trp//data/domains/Catalytic_domain/structures/TrpRS_AF_Bact_Streptomyces_albidoflavus_gene15147734.pdb
-0.021891  0.862328 -0.505877   -40.135765
-0.783585  0.299450  0.544356    25.672879
 0.620899  0.408314  0.669152    11.349726
>../../../../class1/trp//data/domains/Catalytic_domain/structures/TrpRS_AF_Bact_Thermus_thermophilus_HB8_gene3168998.pdb
-0.920535 -0.336311 -0.198772   -40.808683
 0.221974 -0.031587 -0.974541    26.154622
 0.321470 -0.941221  0.103729    10.884867
>../../../../class1/trp//data/domains/Catalytic_domain/structures/TrpRS_AF_Euk_Cryptococcus_neoformans_var_neoformans_JEC21_gene3254069.pdb
 0.194499 -0.934677  0.297572   -41.233987
 0.706265 -0.077081 -0.703739    27.975410
 0.680706  0.347042  0.645137     7.434648
>../../../../class1/trp//data/domains/Catalytic_domain/structures/TrpRS_AF_Euk_Cyanidioschyzon_merolae_strain_10D_gene16993299.pdb
-0.902188 -0.272837 -0.334092   -41.335067
 0.333111  0.051367 -0.941487    29.487205
 0.274033 -0.960688  0.044542     7.660257
>../../../../class1/trp//data/domains/Catalytic_domain/structures/TrpRS_AF_Euk_Drosophila_melanogaster_gene45399.pdb
-0.970613  0.064811 -0.231755   -46.507992
 0.233986  0.029153 -0.971803    27.174026
-0.056227 -0.997472 -0.043462     8.537548
>../../../../class1/trp//data/domains/Catalytic_domain/structures/TrpRS_AF_Euk_Saccharomyces_cerevisiae_S288C_gene854056.pdb
 0.352063  0.203206  0.913651   -41.390844
 0.899621  0.195949 -0.390238    27.479793
-0.258328  0.959328 -0.113822     7.134050
>../../../../class1/trp//data/domains/Catalytic_domain/structures/TrpRS_AF_Mito_Bufo_gargarizans_gene122922343.pdb
-0.505839 -0.861929  0.034710   -41.747256
 0.541188 -0.348426 -0.765320    26.475400
 0.671746 -0.368344  0.642714    10.773434
>../../../../class1/trp//data/domains/Catalytic_domain/structures/TrpRS_AF_Mito_Cyanidioschyzon_merolae_strain_10D_gene16992222.pdb
 0.067421 -0.389735  0.918456   -37.246444
 0.980871 -0.142595 -0.132511    30.578307
 0.182611  0.909821  0.372666    10.680919
>../../../../class1/trp//data/domains/Catalytic_domain/structures/TrpRS_AF_Vir_Megavirus_chiliensis_gene11257301.pdb
-0.901837  0.292478 -0.318035   -39.893083
 0.408087  0.334720 -0.849369    28.395592
-0.141970 -0.895779 -0.421219     7.809140
>../../../../class1/trp//data/domains/Catalytic_domain/structures/TrpRS_PDB_Arch_P_hori_3JXE.pdb
 1.000000  0.000000  0.000000     0.000000
 0.000000  1.000000  0.000000     0.000000
 0.000000  0.000000  1.000000     0.000000
>../../../../class1/trp//data/domains/Catalytic_domain/structures/TrpRS_PDB_Bact_G_stearo_1I6M.pdb
-0.465519  0.354055  0.811133   -55.017964
-0.525338  0.627034 -0.575195    65.677451
-0.712259 -0.693883 -0.105898    68.814181
>../../../../class1/trp//data/domains/Catalytic_domain/structures/TrpRS_PDB_Bact_Y_pestis_3N9I.pdb
-0.395435 -0.698425  0.596517    13.009794
 0.899807 -0.424911  0.098986    24.989725
 0.184333  0.575893  0.796473   -49.690523
>../../../../class1/trp//data/domains/Catalytic_domain/structures/TrpRS_PDB_Euk_S_Cerevisiae_3KT3.pdb
-0.532551 -0.738032 -0.414363  -111.526419
-0.282709  0.616550 -0.734807   -49.914356
 0.797787 -0.274179 -0.536993   127.140394
