>../../../../class2/ala//data/domains/Catalytic_domain/structures/AlaRS_AF_Arch_Candidatus_Korarchaeum_cryptofilum_OPF8_gene6094822.pdb
 0.426316  0.892310 -0.148447    52.618484
 0.824516 -0.315819  0.469502    43.933103
 0.372059 -0.322553 -0.870363    76.408373
>../../../../class2/ala//data/domains/Catalytic_domain/structures/AlaRS_AF_Arch_Candidatus_Nitrosopumilus_koreensis_AR1_gene13725795.pdb
-0.477301 -0.871595 -0.111831    54.087572
-0.256575  0.259946 -0.930912    38.103169
 0.840448 -0.415632 -0.347702    77.326184
>../../../../class2/ala//data/domains/Catalytic_domain/structures/AlaRS_AF_Arch_Sulfolobus_islandicus_YG5714_gene7807284.pdb
 0.873149 -0.013315 -0.487272    55.354587
 0.249856 -0.846098  0.470840    42.947031
-0.418549 -0.532861 -0.735443    73.979817
>../../../../class2/ala//data/domains/Catalytic_domain/structures/AlaRS_AF_Arch_Thermoplasma_acidophilum_DSM_1728_gene1456391.pdb
-0.464192 -0.874546 -0.140338    54.155396
-0.237830  0.275691 -0.931360    40.349429
 0.853207 -0.398953 -0.335967    77.595958
>../../../../class2/ala//data/domains/Catalytic_domain/structures/AlaRS_AF_Bact_Brucella_melitensis_bv_1_str_16M_gene29593597.pdb
 0.043875 -0.902122  0.429245    49.522574
-0.378065 -0.412698 -0.828702    36.144859
 0.924739 -0.125923 -0.359168    85.150234
>../../../../class2/ala//data/domains/Catalytic_domain/structures/AlaRS_AF_Bact_Chlamydia_psittaci_6BC_gene12242512.pdb
 0.587326  0.585475 -0.558808    49.696458
-0.706702  0.707510 -0.001495    39.134401
 0.394487  0.395789  0.829295    79.065213
>../../../../class2/ala//data/domains/Catalytic_domain/structures/AlaRS_AF_Bact_Lactobacillus_acidophilus_La-14_gene56942022.pdb
 0.376275 -0.048873 -0.925218    45.744115
-0.777885 -0.559132 -0.286821    36.185133
-0.503301  0.827637 -0.248405    72.126953
>../../../../class2/ala//data/domains/Catalytic_domain/structures/AlaRS_AF_Bact_Nocardia_farcinica_IFM_10152_gene61134339.pdb
 0.416844  0.427022 -0.802430    48.181484
-0.902471  0.088985 -0.421459    39.044711
-0.108568  0.899852  0.422468    78.024477
>../../../../class2/ala//data/domains/Catalytic_domain/structures/AlaRS_AF_Bact_Porphyromonas_gingivalis_ATCC_33277_gene29256567.pdb
 0.535674  0.569271 -0.623685    50.507058
-0.792185  0.594536 -0.137731    39.298342
 0.292398  0.567853  0.769446    77.513847
>../../../../class2/ala//data/domains/Catalytic_domain/structures/AlaRS_AF_Bact_Prochlorococcus_marinus_subsp_marinus_str_CCMP1375_gene54199407.pdb
-0.580065  0.210050  0.787022    47.147465
-0.476762  0.695853 -0.537110    40.600411
-0.660471 -0.686781 -0.303496    78.156164
>../../../../class2/ala//data/domains/Catalytic_domain/structures/AlaRS_AF_Bact_Streptobacillus_moniliformis_DSM_12112_gene29672963.pdb
 0.662844  0.501705 -0.555815    45.825487
-0.566796  0.821261  0.065370    39.633084
 0.489266  0.271703  0.828732    76.600126
>../../../../class2/ala//data/domains/Catalytic_domain/structures/AlaRS_AF_Bact_Treponema_pallidum_subsp_pertenue_str_SamoaD_gene57879528.pdb
 0.820453 -0.046558 -0.569815    58.409554
 0.561625 -0.120776  0.818529    34.505968
-0.106929 -0.991587 -0.072943    69.357492
>../../../../class2/ala//data/domains/Catalytic_domain/structures/AlaRS_AF_Euk_Cyanidioschyzon_merolae_strain_10D_gene16993235.pdb
 0.899776 -0.151210 -0.409315    48.416800
 0.280900 -0.517104  0.808516    46.470756
-0.333914 -0.842460 -0.422803    73.854993
>../../../../class2/ala//data/domains/Catalytic_domain/structures/AlaRS_AF_Euk_Marasmius_oreades_gene66078979.pdb
-0.286251 -0.951844 -0.109785    48.391798
-0.298143  0.197376 -0.933892    42.630734
 0.910588 -0.234596 -0.340284    75.017140
>../../../../class2/ala//data/domains/Catalytic_domain/structures/AlaRS_AF_Euk_Plasmodium_berghei_ANKA_gene55150801.pdb
 0.322470  0.200138 -0.925180    47.460259
-0.916163  0.311767 -0.251884    36.417791
 0.238029  0.928841  0.283895    76.678304
>../../../../class2/ala//data/domains/Catalytic_domain/structures/AlaRS_AF_Euk_Saccharomyces_cerevisiae_S288C_gene854513.pdb
-0.755630 -0.650528 -0.076391    52.938335
-0.118423  0.250391 -0.960875    43.255729
 0.644204 -0.717020 -0.266241    77.051303
>../../../../class2/ala//data/domains/Catalytic_domain/structures/AlaRS_PDB_Bact_E_coli_3HXV.pdb
 0.223196  0.972588  0.065244    18.639904
 0.754133 -0.129879 -0.643750    35.486392
-0.617630  0.192885 -0.762449    90.459457
>../../../../class2/ser1//data/domains/Catalytic_domain/structures/SerRS_AF_Arch_Candidatus_Methanomassiliicoccus_intestinalis_Issoire-Mx1_gene16154337.pdb
 0.604972  0.736002  0.303824    70.488231
 0.765570 -0.432764 -0.476044    36.671073
-0.218886  0.520592 -0.825271    70.471768
>../../../../class2/ser1//data/domains/Catalytic_domain/structures/SerRS_AF_Arch_Methanospirillum_hungatei_JF-1_gene3924775.pdb
-0.106618 -0.959366 -0.261244    75.104693
 0.161127  0.242598 -0.956652    35.582131
 0.981158 -0.144090  0.128715    72.557754
>../../../../class2/ser1//data/domains/Catalytic_domain/structures/SerRS_AF_Arch_Nitrosopumilus_maritimus_SCM1_gene5773574.pdb
-0.127695 -0.981834 -0.140342    74.452555
-0.156858 -0.119728  0.980337    37.794364
-0.979331  0.147198 -0.138719    67.136511
>../../../../class2/ser1//data/domains/Catalytic_domain/structures/SerRS_AF_Arch_Thermoproteus_uzoniensis_768-20_gene10361450.pdb
-0.543903 -0.737937 -0.399522    72.249609
-0.177583 -0.364101  0.914273    37.004625
-0.820142  0.568224  0.066990    65.694976
>../../../../class2/ser1//data/domains/Catalytic_domain/structures/SerRS_AF_Bact_Bifidobacterium_longum_subsp_longum_JCM_1217_gene69578844.pdb
-0.477822  0.619601 -0.622720    71.941866
 0.877164  0.298081 -0.376472    34.400013
-0.047641 -0.726115 -0.685921    73.361077
>../../../../class2/ser1//data/domains/Catalytic_domain/structures/SerRS_AF_Bact_Brucella_suis_1330_gene45051948.pdb
-0.799136 -0.406874 -0.442533    74.559966
-0.306196 -0.358000  0.882088    37.612743
-0.517326  0.840410  0.161507    70.625345
>../../../../class2/ser1//data/domains/Catalytic_domain/structures/SerRS_AF_Bact_Chlamydia_psittaci_6BC_gene12242544.pdb
 0.576517 -0.727229  0.372514    73.453605
 0.216700 -0.303495 -0.927864    36.432665
 0.787825  0.615653 -0.017380    69.608294
>../../../../class2/ser1//data/domains/Catalytic_domain/structures/SerRS_AF_Bact_Clostridium_acetobutylicum_DSM_1731_gene44996495.pdb
-0.306041 -0.951412 -0.033960    76.245513
-0.109545 -0.000242  0.993982    36.077034
-0.945695  0.307920 -0.104148    72.555880
>../../../../class2/ser1//data/domains/Catalytic_domain/structures/SerRS_AF_Bact_Mycoplasma_hyopneumoniae_168-L_gene57101125.pdb
 0.386758 -0.920265 -0.059420    72.202586
 0.197614  0.145643 -0.969400    37.228200
 0.900759  0.363181  0.238186    71.835589
>../../../../class2/ser1//data/domains/Catalytic_domain/structures/SerRS_AF_Bact_Prochlorococcus_marinus_subsp_marinus_str_CCMP1375_gene54200639.pdb
-0.780060 -0.105436 -0.616757    68.154184
-0.401031 -0.672377  0.622160    37.221327
-0.480291  0.732661  0.482211    69.879768
>../../../../class2/ser1//data/domains/Catalytic_domain/structures/SerRS_AF_Bact_Streptobacillus_moniliformis_DSM_12112_gene29673293.pdb
-0.732381 -0.532006 -0.424956    75.304502
-0.260497 -0.357708  0.896765    37.022946
-0.629094  0.767473  0.123393    70.792361
>../../../../class2/ser1//data/domains/Catalytic_domain/structures/SerRS_AF_Bact_Treponema_pallidum_subsp_pertenue_str_SamoaD_gene57879171.pdb
 0.069139 -0.992760 -0.098225    75.103836
 0.066353  0.102819 -0.992485    36.095317
 0.995398  0.062101  0.072982    70.716101
>../../../../class2/ser1//data/domains/Catalytic_domain/structures/SerRS_AF_Euk_Cyanidioschyzon_merolae_strain_10D_gene16995416.pdb
-0.577592 -0.512188 -0.635651    74.778924
 0.382559  0.518040 -0.765038    34.683546
 0.721136 -0.685053 -0.103274    72.702930
>../../../../class2/ser1//data/domains/Catalytic_domain/structures/SerRS_AF_Euk_Thunnus_albacares_gene122982782.pdb
-0.579321  0.523056 -0.625139    72.150290
 0.814881  0.389402 -0.429343    36.273204
 0.018860 -0.758142 -0.651817    74.549637
>../../../../class2/ser1//data/domains/Catalytic_domain/structures/SerRS_AF_Euk_Trichomonas_vaginalis_G3_gene4762654.pdb
 0.254897 -0.958149  0.130300    72.984564
 0.504268  0.016738 -0.863385    35.679865
 0.825070  0.285780  0.487431    71.802214
>../../../../class2/ser1//data/domains/Catalytic_domain/structures/SerRS_AF_Euk_Vitis_vinifera_gene100261399.pdb
-0.654724  0.176381 -0.735000    73.290897
 0.707417  0.485526 -0.513639    34.747679
 0.266266 -0.856244 -0.442661    73.398680
>../../../../class2/ser1//data/domains/Catalytic_domain/structures/SerRS_AF_Mito_Cervus_elaphus_gene122688911.pdb
-0.819934 -0.025677 -0.571881    66.484860
-0.435552 -0.620298  0.652323    37.463150
-0.371487  0.783946  0.497420    69.775642
>../../../../class2/ser1//data/domains/Catalytic_domain/structures/SerRS_AF_Mito_Drechmeria_coniospora_gene63718051.pdb
 0.583934 -0.783620  0.212038    71.493880
 0.326845 -0.012149 -0.945000    37.510287
 0.743097  0.621121  0.249029    72.540159
>../../../../class2/ser1//data/domains/Catalytic_domain/structures/SerRS_PDB_Bact_K_pneumoniae_6h9x.pdb
 0.850445 -0.195918 -0.488221    71.463936
-0.424368 -0.803965 -0.416595     2.300890
-0.310894  0.561476 -0.766870    79.461478
>../../../../class2/ser1//data/domains/Catalytic_domain/structures/SerRS_PDB_Bact_T_thermophilus_1ser.pdb
 0.678170  0.653923 -0.335366   -35.678775
-0.010474  0.464893  0.885305   -31.544288
 0.734830 -0.596875  0.322126    -0.496707
>../../../../class2/ser1//data/domains/Catalytic_domain/structures/SerRS_PDB_Mito_B_taurus_1wle.pdb
 1.000000 -0.000000  0.000000     0.000000
 0.000000  1.000000  0.000000     0.000000
-0.000000  0.000000  1.000000     0.000000
