>structures/LeuRS-A_AF_Arch_Aciduliprofundum_boonei_T469_gene8828435.pdb
-0.826396  0.537629  0.167409     0.083041
 0.430508  0.411615  0.803266    -4.481640
 0.362950  0.735886 -0.571610    -0.783087
>structures/LeuRS-A_AF_Arch_Candidatus_Korarchaeum_cryptofilum_OPF8_gene6093520.pdb
-0.130564 -0.254866 -0.958121     2.369852
 0.658077 -0.745089  0.108521    -1.212482
-0.741544 -0.616349  0.265003     1.732943
>structures/LeuRS-A_AF_Arch_Candidatus_Nitrosopumilus_koreensis_AR1_gene13725794.pdb
-0.040819 -0.809482  0.585723     2.458414
-0.948135 -0.153569 -0.278311    -2.038533
 0.315236 -0.566705 -0.761230     0.191462
>structures/LeuRS-A_AF_Arch_Methanobrevibacter_smithii_ATCC_35061_gene5216355.pdb
-0.104199 -0.863726  0.493072     1.538427
-0.970346 -0.020435 -0.240855    -1.699766
 0.218109 -0.503547 -0.835984     0.025785
>structures/LeuRS-A_AF_Euk_Arabidopsis_thaliana_gene837489.pdb
 1.000000  0.000157  0.000227    -0.004194
-0.000157  1.000000  0.000668     0.010080
-0.000227 -0.000668  1.000000     0.000761
>structures/LeuRS-A_AF_Euk_Drosophila_melanogaster_gene326262.pdb
-0.129246 -0.892078  0.433004     0.720808
-0.910087 -0.066678 -0.409018     0.233045
 0.393748 -0.446935 -0.803250    -1.326337
>structures/LeuRS-A_AF_Euk_Homo_sapiens_gene51520.pdb
-0.796397  0.579219  0.173948    -3.590037
 0.386484  0.266205  0.883043     4.647951
 0.465169  0.770481 -0.435864    -1.527435
>structures/LeuRS-A_AF_Euk_Leishmania_major_strain_Friedlin_gene5650139.pdb
-0.122905 -0.821153  0.557317    -0.443646
-0.894417 -0.151679 -0.420729    -3.064402
 0.430016 -0.550183 -0.715811     1.299202
>structures/LeuRS-A_AF_Euk_Neurospora_crassa_OR74A_gene3879366.pdb
-0.186772 -0.902060  0.389106     1.236631
-0.947798  0.061258 -0.312932    -2.457892
 0.258448 -0.427241 -0.866412     0.970234
>structures/LeuRS-A_AF_Euk_Saccharomyces_cerevisiae_S288C_gene855943.pdb
-0.103042 -0.836747  0.537807     0.970005
-0.906403 -0.143690 -0.397225    -1.422274
 0.409654 -0.528401 -0.743623     0.687280
>structures/LeuRS-A_PDB_Arch_P_hori_1WKB.pdb
 0.702833 -0.417447  0.575989   -77.084068
 0.313218 -0.545387 -0.777462   -24.872824
 0.638686  0.726837 -0.252564  -105.817504
