>structures/LeuRS-A_AF_Arch_Aciduliprofundum_boonei_T469_gene8828435.pdb
-0.250551 -0.296633 -0.921538     2.712383
 0.523846 -0.842047  0.128621     1.708792
-0.814132 -0.450518  0.366365     0.638009
>structures/LeuRS-A_AF_Arch_Candidatus_Korarchaeum_cryptofilum_OPF8_gene6093520.pdb
-0.785889  0.615951  0.054620    -0.155306
 0.474141  0.543532  0.692649    -1.591158
 0.396950  0.570243 -0.719203    -1.131736
>structures/LeuRS-A_AF_Arch_Candidatus_Nitrosopumilus_koreensis_AR1_gene13725794.pdb
 0.992826  0.112009  0.041829     0.301566
-0.106402  0.987271 -0.118213    -0.877723
-0.054538  0.112914  0.992107     0.400709
>structures/LeuRS-A_AF_Arch_Methanobrevibacter_smithii_ATCC_35061_gene5216355.pdb
 0.999997  0.002288 -0.001122     0.037061
-0.002289  0.999997 -0.001124    -0.006636
 0.001120  0.001127  0.999999     0.004048
>structures/LeuRS-A_AF_Euk_Arabidopsis_thaliana_gene837489.pdb
-0.106641 -0.970315  0.217064    -1.463670
-0.863946 -0.017634 -0.503276     1.309295
 0.492164 -0.241201 -0.836419    -1.146923
>structures/LeuRS-A_AF_Euk_Drosophila_melanogaster_gene326262.pdb
 0.982455  0.062523  0.175706    -2.046073
-0.070123  0.996838  0.037378     1.347164
-0.172814 -0.049043  0.983733     0.266109
>structures/LeuRS-A_AF_Euk_Homo_sapiens_gene51520.pdb
-0.189552 -0.138414 -0.972066    -6.029992
 0.440863 -0.896605  0.041701     4.902139
-0.877331 -0.420643  0.230975    -2.819395
>structures/LeuRS-A_AF_Euk_Leishmania_major_strain_Friedlin_gene5650139.pdb
 0.974411  0.115149  0.193040     1.846305
-0.094279  0.988992 -0.114045     1.091568
-0.204048  0.092927  0.974540    -1.705148
>structures/LeuRS-A_AF_Euk_Neurospora_crassa_OR74A_gene3879366.pdb
 0.995708 -0.056096  0.073608     1.007409
 0.048185  0.993286  0.105174    -0.205840
-0.079014 -0.101175  0.991726    -0.750097
>structures/LeuRS-A_PDB_Arch_P_hori_1WKB.pdb
-0.239796  0.731921  0.637800     7.859805
-0.934191  0.004803 -0.356742   121.589086
-0.264170 -0.681372  0.682602    55.454902
