>structures/LeuRS-A_AF_Arch_Aciduliprofundum_boonei_T469_gene8828435.pdb
-0.141618 -0.153439 -0.977957     4.593653
 0.545890 -0.836232  0.052153     0.637463
-0.825802 -0.526472  0.202187     1.216059
>structures/LeuRS-A_AF_Arch_Candidatus_Korarchaeum_cryptofilum_OPF8_gene6093520.pdb
-0.874314  0.467797  0.129389     2.312395
 0.403705  0.552914  0.728909    -2.745847
 0.269440  0.689530 -0.672272    -1.152112
>structures/LeuRS-A_AF_Arch_Candidatus_Nitrosopumilus_koreensis_AR1_gene13725794.pdb
 0.992276  0.021030 -0.122252     2.442094
-0.041047  0.985671 -0.163608    -2.078825
 0.117060  0.167362  0.978921     0.462574
>structures/LeuRS-A_AF_Arch_Methanobrevibacter_smithii_ATCC_35061_gene5216355.pdb
 0.982411 -0.068295 -0.173792     2.186964
 0.060407  0.996907 -0.050283    -1.204604
 0.176689  0.038900  0.983498     0.059033
>structures/LeuRS-A_AF_Euk_Arabidopsis_thaliana_gene837489.pdb
-0.158258 -0.915756  0.369249     0.924864
-0.890494 -0.029192 -0.454058     0.327531
 0.426586 -0.400672 -0.810855    -1.203283
>structures/LeuRS-A_AF_Euk_Drosophila_melanogaster_gene326262.pdb
 1.000000  0.000000  0.000000     0.000000
 0.000000  1.000000  0.000000     0.000000
 0.000000  0.000000  1.000000     0.000000
>structures/LeuRS-A_AF_Euk_Leishmania_major_strain_Friedlin_gene5650139.pdb
 0.998222  0.054463  0.024202     4.304230
-0.049812  0.985379 -0.162932     0.276820
-0.032722  0.161437  0.986340    -1.229868
>structures/LeuRS-A_AF_Euk_Neurospora_crassa_OR74A_gene3879366.pdb
 0.990358 -0.103334 -0.092265     3.015096
 0.108684  0.992556  0.054962    -1.226551
 0.085899 -0.064460  0.994216    -0.498107
>structures/LeuRS-A_PDB_Arch_P_hori_1WKB.pdb
-0.117645  0.838826  0.531535    -9.150474
-0.935733  0.085584 -0.342168   117.989586
-0.332511 -0.537630  0.774849    59.800811
