>../../../../class2/gly1//data/domains/Catalytic_domain/structures/GlyRS-A_AF_Arch_Candidatus_Nitrosopumilus_sediminis_gene13697160.pdb
 0.702538 -0.482430 -0.523165    -2.366076
 0.689656  0.642876  0.333294     1.636032
 0.175539 -0.594955  0.784356     5.024170
>../../../../class2/gly1//data/domains/Catalytic_domain/structures/GlyRS-A_AF_Arch_Candidatus_Woesearchaeota_archaeon_proteinMBT4248212.1.pdb
 0.608021  0.704079 -0.366855    -4.262793
-0.389983 -0.137621 -0.910480     2.180041
-0.691537  0.696658  0.190903     4.563744
>../../../../class2/gly1//data/domains/Catalytic_domain/structures/GlyRS-A_AF_Arch_Sulfolobus_islandicus_YN1551_gene7810979.pdb
-0.242486  0.324501  0.914275    -1.704052
-0.325695 -0.914937  0.238355     1.991291
 0.913851 -0.239977  0.327548     7.116081
>../../../../class2/gly1//data/domains/Catalytic_domain/structures/GlyRS-A_AF_Arch_Thermoplasma_acidophilum_DSM_1728_gene1455843.pdb
 0.523875 -0.541409 -0.657595    -2.345605
 0.847663  0.407315  0.339944     1.391455
 0.083799 -0.735507  0.672314     5.273507
>../../../../class2/gly1//data/domains/Catalytic_domain/structures/GlyRS-A_AF_Bact_Capnocytophaga_ochracea_DSM_7271_gene29675716.pdb
-0.194167  0.347726  0.917271    -3.506606
 0.153919 -0.912685  0.378569     0.571546
 0.968818  0.214691  0.123691     5.297818
>../../../../class2/gly1//data/domains/Catalytic_domain/structures/GlyRS-A_AF_Bact_Corynebacterium_ulcerans_809_gene75260805.pdb
-0.203665  0.128116 -0.970622    -4.132519
 0.371096 -0.907321 -0.197628     4.029021
-0.905985 -0.400444  0.137246     8.602853
>../../../../class2/gly1//data/domains/Catalytic_domain/structures/GlyRS-A_AF_Bact_Treponema_denticola_ATCC_35405_gene2741635.pdb
-0.017583 -0.740240  0.672113    -5.784711
-0.925796 -0.241825 -0.290556     2.912470
 0.377615 -0.627348 -0.681059     6.801518
>../../../../class2/gly1//data/domains/Catalytic_domain/structures/GlyRS-A_PDB_Bact_T_thermophilus_1ati.pdb
-0.816099 -0.464389 -0.343984    45.767232
-0.337936 -0.099375  0.935908   -16.499945
-0.468809  0.880038 -0.075834   -11.082249
>../../../../class2/pro2//data/domains/Catalytic_domain/structures/ProRS-B_AF_Bact_Acinetobacter_baylyi_ADP1_gene45233245.pdb
 0.881764 -0.399837 -0.250245     0.800378
 0.471223  0.723077  0.505082    -0.643777
-0.021004 -0.563285  0.825996    -1.633984
>../../../../class2/pro2//data/domains/Catalytic_domain/structures/ProRS-B_AF_Bact_Brachyspira_pilosicoli_95_1000_gene56438966.pdb
 0.188940 -0.332689 -0.923915     0.259254
 0.693913 -0.620495  0.365336    -0.345845
-0.694828 -0.710143  0.113622     0.067105
>../../../../class2/pro2//data/domains/Catalytic_domain/structures/ProRS-B_AF_Bact_Chlamydia_psittaci_6BC_gene12242703.pdb
-0.870457 -0.460212  0.174669     3.361494
-0.490867  0.838061 -0.238123    -2.837604
-0.036796 -0.293016 -0.955399     1.177093
>../../../../class2/pro2//data/domains/Catalytic_domain/structures/ProRS-B_AF_Bact_Clostridium_acetobutylicum_DSM_1731_gene44999665.pdb
 0.778258 -0.467848 -0.418846     1.074187
 0.626810  0.538728  0.562921    -0.638440
-0.037717 -0.700635  0.712522    -0.402840
>../../../../class2/pro2//data/domains/Catalytic_domain/structures/ProRS-B_AF_Bact_Corynebacterium_ulcerans_809_gene75260584.pdb
-0.966434 -0.256590  0.012939     2.113615
-0.191292  0.752284  0.630457    -1.270472
-0.171502  0.606820 -0.776116    -0.254509
>../../../../class2/pro2//data/domains/Catalytic_domain/structures/ProRS-B_AF_Bact_Prochlorococcus_marinus_subsp_marinus_str_CCMP1375_gene54199876.pdb
 0.831551 -0.476737 -0.285034     1.091879
 0.554336  0.679832  0.480146    -1.457037
-0.035128 -0.557271  0.829587    -1.597824
>../../../../class2/pro2//data/domains/Catalytic_domain/structures/ProRS-B_AF_Bact_Streptobacillus_moniliformis_DSM_12112_gene29673723.pdb
 1.000000  0.000000  0.000000     0.000000
 0.000000  1.000000  0.000000     0.000000
 0.000000  0.000000  1.000000     0.000000
>../../../../class2/pro2//data/domains/Catalytic_domain/structures/ProRS-B_PDB_Bact_S_aureus_5znj.pdb
 0.993086 -0.017597 -0.116061     1.100899
 0.114828  0.350960  0.929323   -20.139725
 0.024380 -0.936225  0.350554    -8.314309
>../../../../class2/pro2//data/domains/Catalytic_domain/structures/ProRS_PDB_Bact_E_faecalis_2J3M.pdb
 0.979971  0.120970  0.158188   -28.176552
-0.174445  0.904611  0.388906     9.676187
-0.096052 -0.408712  0.907595   -13.266095
