>../../../../class1//glu1/data/domains/Anticodon_binding_domain_EK//structures/GluRS-B_AF_Bact_Chlamydia_psittaci_6BC_gene12242467.pdb
-0.554562 -0.725418  0.407712    40.444572
-0.066246 -0.449913 -0.890612    -7.153962
 0.829501 -0.520909  0.201449   -43.061091
>../../../../class1//glu1/data/domains/Anticodon_binding_domain_EK//structures/GluRS-B_AF_Bact_[Eubacterium]_eligens_ATCC_27750_gene41357084.pdb
 0.995681 -0.080692  0.045907     0.492150
 0.077543  0.994757  0.066675    -0.396796
-0.051047 -0.062827  0.996718    -0.153775
>../../../../class1//glu1/data/domains/Anticodon_binding_domain_EK//structures/GluRS-B_AF_Bact_Porphyromonas_gingivalis_ATCC_33277_gene29255772.pdb
 0.176398 -0.125555  0.976279     0.356654
-0.012400 -0.992036 -0.125341    -0.249228
 0.984241  0.010004 -0.176550     0.574975
>../../../../class1//glu1/data/domains/Anticodon_binding_domain_EK//structures/GluRS-B_AF_Bact_Treponema_pallidum_subsp_pertenue_str_SamoaD_gene57879197.pdb
 0.953468  0.289603  0.083839     0.322230
-0.267925  0.941406 -0.204870     1.588375
-0.138257  0.172874  0.975192    -3.808762
>../../../../class1//glu1/data/domains/Anticodon_binding_domain_EK//structures/GluRS-B_AF_Euk_Cryptococcus_neoformans_var_grubii_H99_gene23890400.pdb
 0.152392 -0.475735  0.866287     2.383607
-0.286438 -0.860164 -0.421984     1.910557
 0.945902 -0.183830 -0.267351    -1.452169
>../../../../class1//glu1/data/domains/Anticodon_binding_domain_EK//structures/GluRS-B_AF_Mito_Drosophila_melanogaster_gene39828.pdb
-0.576340  0.817097 -0.013588    11.674412
 0.403911  0.299274  0.864460   -15.876972
 0.710414  0.492734 -0.502518    -0.610908
>../../../../class1//glu1/data/domains/Anticodon_binding_domain_EK//structures/GluRS-B_PDB_Bact_T_therm_1J09.pdb
 0.156634 -0.504001  0.849381     4.115733
-0.489959 -0.786366 -0.376257    45.352457
 0.857558 -0.357227 -0.370112   -24.392417
>../../../../class1//glu1/data/domains/Anticodon_binding_domain_EK//structures/GlxRS-B_AF_Bact_Bifidobacterium_animalis_subsp_lactis_BLC1_gene66532600.pdb
 0.877706  0.427108  0.217282     0.388741
-0.227747  0.770741 -0.595054     0.177230
-0.421620  0.472797  0.773756    -2.059293
>../../../../class1//glu1/data/domains/Anticodon_binding_domain_EK//structures/GlxRS-B_AF_Bact_Mycoplasma_hyopneumoniae_168-L_gene57101016.pdb
 1.000000  0.000000  0.000000     0.000000
 0.000000  1.000000  0.000000     0.000000
 0.000000  0.000000  1.000000     0.000000
>../../../../class1//glu1/data/domains/Anticodon_binding_domain_EK//structures/GlxRS-B_AF_Bact_Paracoccus_denitrificans_PD1222_gene75500422.pdb
 0.998745 -0.028363  0.041273    -0.070714
 0.023584  0.993430  0.111987     1.961376
-0.044178 -0.110873  0.992852     1.123396
>../../../../class1//glu1/data/domains/Anticodon_binding_domain_EK//structures/GlxRS-B_AF_Bact_Prochlorococcus_marinus_subsp_marinus_str_CCMP1375_gene54199839.pdb
-0.275672 -0.881515  0.383322     1.161028
-0.848947  0.036221 -0.527236    -0.269271
 0.450882 -0.470764 -0.758345     1.048270
>../../../../class1//glu1/data/domains/Anticodon_binding_domain_EK//structures/GlxRS-B_AF_Euk_Arabidopsis_thaliana_gene836526.pdb
-0.962670 -0.187359 -0.195353    -0.604213
-0.230244  0.946273  0.227056    -3.631279
 0.142316  0.263559 -0.954087    -2.521440
>../../../../class1//glu1/data/domains/Anticodon_binding_domain_EK//structures/GlxRS-B_AF_Euk_Ostreococcus_tauri_proteinOUS48355.1.pdb
-0.872515  0.481018  0.085675    -3.013306
 0.369826  0.535605  0.759181     0.914559
 0.319291  0.694082 -0.645216    -2.542841
>../../../../class1//glu1/data/domains/Anticodon_binding_domain_EK//structures/GlxRS-B_AF_Euk_Plasmodium_knowlesi_strain_H_gene7321821.pdb
 0.961655  0.270466 -0.045470    -1.137014
-0.266242  0.880816 -0.391508    -2.012698
-0.065839  0.388601  0.919051    -4.464833
>../../../../class1//glu1/data/domains/Anticodon_binding_domain_EK//structures/GlxRS-B_AF_Mito_Cyanidioschyzon_merolae_strain_10D_gene16997617.pdb
-0.855319  0.517877 -0.015253     0.226171
 0.331485  0.569628  0.752092     0.863556
 0.398180  0.638222 -0.658882    -1.600047
>../../../../class1//glu1/data/domains/Anticodon_binding_domain_EK//structures/GlxRS-B_PDB_Bact_S_elong_2CFO.pdb
 0.547193 -0.776630  0.312132   -24.920615
-0.825397 -0.562575  0.047218   -11.762839
 0.138927 -0.283470 -0.948865    42.545455
>../../../../class1//lys/data/domains/Anticodon_binding_domain_EK//structures/LysRS-I_AF_Arch_Candidatus_Bathyarchaeota_archaeon_proteinRJS75864.1.pdb
-0.512814 -0.533437  0.672657    -7.120753
 0.024392  0.774156  0.632524    -7.519274
-0.858153  0.340775 -0.383986   -35.193604
>../../../../class1//lys/data/domains/Anticodon_binding_domain_EK//structures/LysRS-I_AF_Arch_Candidatus_Nitrosopumilus_koreensis_AR1_gene13726042.pdb
-0.731836  0.426601  0.531440    -8.039629
-0.498526 -0.866825  0.009312    -9.999229
 0.464638 -0.258122  0.847045   -37.737780
>../../../../class1//lys/data/domains/Anticodon_binding_domain_EK//structures/LysRS-I_AF_Arch_Ferroplasma_acidarmanus_Fer1_gene16025146.pdb
-0.570031  0.786770  0.236766     5.257154
 0.631543  0.235237  0.738794     7.745879
 0.525565  0.570663 -0.630972     1.601851
>../../../../class1//lys/data/domains/Anticodon_binding_domain_EK//structures/LysRS-I_AF_Arch_Halorubrum_lacusprofundi_ATCC_49239_gene7400505.pdb
-0.341601  0.143809 -0.928777    10.883983
 0.270753 -0.931271 -0.243777    -7.713299
-0.900001 -0.334744  0.279187    -1.777907
>../../../../class1//lys/data/domains/Anticodon_binding_domain_EK//structures/LysRS-I_AF_Bact_Cereibacter_sphaeroides_KD131_gene67447319.pdb
 0.770761  0.608205 -0.189773     0.287767
-0.634220  0.704016 -0.319572     8.676330
-0.060762  0.366672  0.928364    -9.406091
>../../../../class1//lys/data/domains/Anticodon_binding_domain_EK//structures/LysRS-I_AF_Bact_Cyanobacteria_bacterium_J007_proteinRMH73500.1.pdb
-0.932290  0.361624  0.007925     6.530225
 0.352725  0.904058  0.241380     4.720329
 0.080124  0.227832 -0.970398     3.223240
>../../../../class1//lys/data/domains/Anticodon_binding_domain_EK//structures/LysRS-I_AF_Bact_Streptomyces_albidoflavus_gene15147364.pdb
-0.042977 -0.747790  0.662543    12.611161
-0.420274 -0.588094 -0.691024     7.019430
 0.906379 -0.308148 -0.289002     2.878533
>../../../../class1//lys/data/domains/Anticodon_binding_domain_EK//structures/LysRS-I_AF_Bact_Treponema_denticola_ATCC_35405_gene2739918.pdb
-0.458400 -0.682639  0.569099     0.554508
-0.774072 -0.007958 -0.633047    -8.612718
 0.436671 -0.730713 -0.524764    -5.096271
>../../../../class1//lys/data/domains/Anticodon_binding_domain_EK//structures/LysRS-I_PDB_Arch_P_hori_1IRX.pdb
-0.947427  0.259263 -0.187526    53.611267
-0.228980 -0.958718 -0.168606    62.502413
-0.223497 -0.116802  0.967681   -50.565248
