>../../../../class2/gly2//data/domains/Catalytic_domain/structures/GlyRS-Bα_AF_Bact_Brachyspira_pilosicoli_95_1000_gene56440230.pdb
-0.578738  0.298667  0.758855     1.126013
-0.789836  0.026384 -0.612750   -21.811350
-0.203030 -0.953993  0.220628     2.762925
>../../../../class2/gly2//data/domains/Catalytic_domain/structures/GlyRS-Bα_AF_Bact_Chlamydia_pneumoniae_TW-183_gene45051002.pdb
 0.953968 -0.006040 -0.299847     1.465909
 0.096945  0.952333  0.289246    -0.027095
 0.283808 -0.305000  0.909081     0.977205
>../../../../class2/gly2//data/domains/Catalytic_domain/structures/GlyRS-Bα_AF_Bact_Lacticaseibacillus_paracasei_gene61269714.pdb
 0.701691 -0.475758 -0.530362     1.694808
-0.555739  0.100346 -0.825279   -22.188084
 0.445853  0.873834 -0.193985     4.494011
>../../../../class2/gly2//data/domains/Catalytic_domain/structures/GlyRS-Bα_AF_Bact_Prochlorococcus_marinus_subsp_marinus_str_CCMP1375_gene54200602.pdb
 0.856572  0.108127 -0.504572     1.417213
-0.396665 -0.487456 -0.777846   -22.420935
-0.330063  0.866427 -0.374651     4.735323
>../../../../class2/gly2//data/domains/Catalytic_domain/structures/GlyRS-Bα_AF_Bact_Salmonella_enterica_subsp_enterica_serovar_Typhimurium_str_LT2_gene1255180.pdb
 0.925662  0.162748 -0.341561     1.123496
 0.206743 -0.973637  0.096372   -20.828590
-0.316872 -0.159823 -0.934906     5.515651
>../../../../class2/gly2//data/domains/Catalytic_domain/structures/GlyRS-Bα_AF_Bact_Streptobacillus_moniliformis_DSM_12112_gene29673275.pdb
 0.844749  0.052242 -0.532607     1.315187
-0.513718 -0.199752 -0.834382   -21.981778
-0.149979  0.978453 -0.141903     4.511920
>../../../../class2/gly2//data/domains/Catalytic_domain/structures/GlyRS-Bα_AF_Euk_Ostreococcus_tauri_gene9837276.pdb
 0.526783 -0.328353 -0.784018     1.914619
 0.839744  0.058186  0.539856    -1.823820
-0.131645 -0.942761  0.306384     0.421478
>../../../../class2/gly2//data/domains/Catalytic_domain/structures/GlyRS-Bα_AF_Mito_Nymphaea_colorata_gene116265348.pdb
 1.000000 -0.000000  0.000000     0.000000
 0.000000  1.000000  0.000000     0.000000
-0.000000  0.000000  1.000000     0.000000
>../../../../class2/gly2//data/domains/Catalytic_domain/structures/GlyRS-Bα_PDB_Bact_A_aeolicus_5f5w.pdb
-0.178864 -0.367454 -0.912680    -4.876989
 0.073952  0.919994 -0.384892   -29.703087
 0.981091 -0.136338 -0.137380    53.410595
>../../../../class2/gly2//data/domains/Catalytic_domain/structures/GlyRS-Bα_PDB_Bact_C_jejuni_3ufg.pdb
 0.795396  0.523772 -0.304974   -33.566221
 0.315905  0.071161  0.946119   -31.591922
 0.517252 -0.848881 -0.108861    15.652711
>../../../../class2/gly2//data/domains/Catalytic_domain/structures/GlyRS-Bα_PDB_Bact_T_maritima_1j5w.pdb
 0.971326 -0.005336  0.237691   -39.725968
 0.166658 -0.697722 -0.696713    17.562212
 0.169560  0.716349 -0.676826   -38.438819
>../../../../class2/gly3//data/domains/Catalytic_domain/structures/GlyRS-E_AF_Arch_Methanosalsum_zhilinae_DSM_4017_gene10821854.pdb
-0.953080 -0.229882 -0.196961     4.610255
 0.286387 -0.895536 -0.340585   -20.739146
-0.098091 -0.381012  0.919352    13.582616
>../../../../class2/gly3//data/domains/Catalytic_domain/structures/GlyRS-E_AF_Euk_Cryptococcus_neoformans_var_neoformans_JEC21_gene3258293.pdb
-0.032819  0.857711 -0.513084     5.378008
 0.325783  0.494503  0.805811   -19.923975
 0.944875 -0.140708 -0.295657    13.438962
>../../../../class2/gly3//data/domains/Catalytic_domain/structures/GlyRS-E_AF_Euk_Girardinichthys_multiradiatus_gene124858359.pdb
-0.968203 -0.128524 -0.214627     5.645230
 0.212970 -0.873584 -0.437602   -18.777614
-0.131252 -0.469397  0.873178    12.518049
>../../../../class2/gly3//data/domains/Catalytic_domain/structures/GlyRS-E_AF_Euk_Plasmodium_yoelii_gene3801472.pdb
-0.805106 -0.585459 -0.095092     3.715198
 0.585856 -0.809977  0.026626   -20.235048
-0.092611 -0.034273  0.995112    14.896906
>../../../../class2/gly3//data/domains/Catalytic_domain/structures/GlyRS-E_AF_Euk_Schizosaccharomyces_pombe_gene2543181.pdb
-0.992501  0.103060 -0.065736     4.697597
-0.039748 -0.780628 -0.623731   -18.996310
-0.115597 -0.616440  0.778870    12.006634
>../../../../class2/gly3//data/domains/Catalytic_domain/structures/GlyRS-E_PDB_Euk_H_sapiens_2q5h.pdb
 0.013949  0.470851  0.882102   114.765142
-0.571200  0.727828 -0.379469   -26.599896
-0.820692 -0.498563  0.279103   119.347880
