>structures/LysRS-I_AF_Arch_Candidatus_Bathyarchaeota_archaeon_proteinRJS75864.1.pdb
-0.617577 -0.757220  0.212641    -4.910469
-0.743558  0.473984 -0.471658    -0.594811
 0.256360 -0.449396 -0.855758    -0.564490
>structures/LysRS-I_AF_Arch_Candidatus_Nitrosopumilus_koreensis_AR1_gene13726042.pdb
-0.271648  0.583171  0.765584    -8.790976
 0.668858 -0.457575  0.585878    -0.544886
 0.691979  0.671220 -0.265759    -1.638381
>structures/LysRS-I_AF_Arch_Ferroplasma_acidarmanus_Fer1_gene16025146.pdb
-0.680879 -0.708849  0.184223    -4.988091
-0.715467  0.589987 -0.374195    -1.022068
 0.156559 -0.386586 -0.908868    -1.997556
>structures/LysRS-I_AF_Arch_Halorubrum_lacusprofundi_ATCC_49239_gene7400505.pdb
 0.999863  0.008019 -0.014480     0.426759
-0.008080  0.999959 -0.004134    -0.072535
 0.014446  0.004250  0.999887     0.425062
>structures/LysRS-I_AF_Bact_Cereibacter_sphaeroides_KD131_gene67447319.pdb
 0.625962 -0.748403 -0.219239   -10.378893
 0.593847  0.275214  0.756044    -0.501791
-0.505488 -0.603449  0.616710    -7.396703
>structures/LysRS-I_AF_Bact_Cyanobacteria_bacterium_J007_proteinRMH73500.1.pdb
-0.381941 -0.754469  0.533758    -2.869656
-0.761122 -0.070815 -0.644732    -2.155207
 0.524228 -0.652504 -0.547196     0.073298
>structures/LysRS-I_AF_Bact_Streptomyces_albidoflavus_gene15147364.pdb
-0.416443  0.443875  0.793442    -0.861270
 0.591115 -0.530885  0.607243    -1.566905
 0.690766  0.721898 -0.041298    -2.307994
>structures/LysRS-I_AF_Bact_Treponema_denticola_ATCC_35405_gene2739918.pdb
-0.457534  0.594829  0.660939    -3.346298
 0.396457 -0.528867  0.750414     2.927082
 0.795918  0.605374  0.006151    -2.600068
>structures/LysRS-I_PDB_Arch_P_hori_1IRX.pdb
 0.289400  0.666026 -0.687500     6.831349
-0.758589  0.597611  0.259621    -7.030456
 0.583773  0.446396  0.678189   -93.689007
