>../../../../class1/gln//data/domains/Catalytic_domain/structures/GlnRS_AF_Bact_Anaerostipes_hadrus_gene15230984.pdb
-0.814455  0.456353  0.358338     0.905163
 0.454599  0.118109  0.882830     5.157201
 0.360559  0.881925 -0.303652    -1.939667
>../../../../class1/gln//data/domains/Catalytic_domain/structures/GlnRS_AF_Bact_Cutibacterium_avidum_44067_gene29843447.pdb
-0.630666  0.395803  0.667533     1.162774
 0.432107 -0.535395  0.725696     4.368723
 0.644627  0.746118  0.166626    -2.220680
>../../../../class1/gln//data/domains/Catalytic_domain/structures/GlnRS_AF_Bact_Pasteurella_multocida_subsp_multocida_str_Pm70_gene1243875.pdb
-0.377142  0.452410  0.808140     0.294808
 0.688268 -0.446959  0.571415     4.589763
 0.619719  0.771721 -0.142812    -3.700610
>../../../../class1/gln//data/domains/Catalytic_domain/structures/GlnRS_AF_Bact_Porphyromonas_gingivalis_ATCC_33277_gene29257033.pdb
-0.903502  0.367066  0.221240     0.342746
 0.393616  0.506447  0.767188     4.158275
 0.169562  0.780240 -0.602059    -1.361451
>../../../../class1/gln//data/domains/Catalytic_domain/structures/GlnRS_AF_Bact_Thermus_thermophilus_HB8_gene3168786.pdb
 0.996270 -0.085081  0.014420     0.532705
 0.078373  0.962027  0.261461     4.097070
-0.036118 -0.259356  0.965106     0.148352
>../../../../class1/gln//data/domains/Catalytic_domain/structures/GlnRS_AF_Euk_Candida_dubliniensis_CD36_gene8049124.pdb
-0.756704  0.263473  0.598315    -1.365235
 0.622582  0.011175  0.782475     1.511854
 0.199475  0.964602 -0.172489    -0.522008
>../../../../class1/gln//data/domains/Catalytic_domain/structures/GlnRS_AF_Euk_Dictyostelium_discoideum_AX4_gene8627167.pdb
 0.918818  0.383697 -0.092470    -4.435216
-0.331101  0.621831 -0.709717     1.557434
-0.214815  0.682717  0.698392     0.522433
>../../../../class1/gln//data/domains/Catalytic_domain/structures/GlnRS_AF_Euk_Encephalitozoon_romaleae_SJ-2008_gene20564565.pdb
 0.887436  0.436510 -0.148042    -1.629023
-0.460820  0.847262 -0.264181     2.770416
 0.010113  0.302665  0.953043    -0.979984
>../../../../class1/gln//data/domains/Catalytic_domain/structures/GlnRS_AF_Euk_Myodes_glareolus_gene125393344.pdb
-0.449285 -0.361754  0.816870    -4.011552
-0.702975 -0.421119 -0.573136     8.541590
 0.551334 -0.831741 -0.065102    -5.528359
>../../../../class1/gln//data/domains/Catalytic_domain/structures/GlnRS_AF_Mito_Cyanidioschyzon_merolae_strain_10D_gene16997184.pdb
 1.000000  0.000000  0.000000     0.000000
 0.000000  1.000000  0.000000     0.000000
 0.000000  0.000000  1.000000     0.000000
>../../../../class1/gln//data/domains/Catalytic_domain/structures/GlnRS_Bact_D_radio_2HZ7.pdb
 0.354992 -0.751094 -0.556631    64.376170
-0.920578 -0.384560 -0.068191    51.310482
-0.162841  0.536630 -0.827956    37.090361
>../../../../class1/gln//data/domains/Catalytic_domain/structures/GlnRS_Bact_E_coli_1QTQ.pdb
 0.119292 -0.927014  0.355549     6.047915
 0.543099 -0.238855 -0.804979    -1.806849
 0.831151  0.289126  0.474967   -46.547639
>../../../../class1/gln//data/domains/Catalytic_domain/structures/GlnRS_PDB_Euk_T_gondii_4P2B.pdb
 0.792620 -0.411348 -0.450052   -24.513134
-0.502796 -0.023441 -0.864087    97.739600
 0.344891  0.911177 -0.225404   -68.779327
>../../../../class1/glu2//data/domains/Catalytic_domain/structures/GlxRS-A_AF_Arch_Candidatus_Korarchaeum_cryptofilum_OPF8_gene6094352.pdb
 0.338640 -0.074938 -0.937927    -1.008004
 0.558658 -0.786089  0.264511     4.489187
-0.757116 -0.613554 -0.224337    -1.001676
>../../../../class1/glu2//data/domains/Catalytic_domain/structures/GlxRS-A_AF_Arch_Methanothrix_soehngenii_GP6_gene10459943.pdb
 0.842219  0.291637 -0.453448    -2.854468
-0.491410  0.761228 -0.423141     1.891939
 0.221774  0.579206  0.784434    -0.903324
>../../../../class1/glu2//data/domains/Catalytic_domain/structures/GlxRS-A_AF_Arch_Nitrosopumilus_maritimus_SCM1_gene5773999.pdb
-0.463072  0.148330  0.873821    -1.729646
 0.605233 -0.667327  0.434014     2.525511
 0.647501  0.729844  0.219246     1.082094
>../../../../class1/glu2//data/domains/Catalytic_domain/structures/GlxRS-A_AF_Arch_Sulfolobus_islandicus_LAL14_1_gene15298417.pdb
-0.981396 -0.097968  0.165118    -4.910983
-0.090156  0.994453  0.054178     2.425042
-0.169510  0.038284 -0.984785    -4.850678
>../../../../class1/glu2//data/domains/Catalytic_domain/structures/GlxRS-A_PDB_Arch_M_thermau_3AII.pdb
-0.342927 -0.920341 -0.188080    45.133613
-0.586179  0.053205  0.808433   -50.047552
-0.734027  0.387482 -0.557730    17.568611
