>../../../../class2/phe5//data/domains/Catalytic_domain/structures/PheRS-M_AF_Mito_Arabidopsis_thaliana_gene824983.pdb
-0.514675 -0.594799  0.617514    -2.884016
 0.024619 -0.730184 -0.682806     6.059726
 0.857032 -0.336221  0.390451     1.530839
>../../../../class2/phe5//data/domains/Catalytic_domain/structures/PheRS-M_AF_Mito_Babesia_bovis_T2Bo_gene5478469.pdb
-0.790013 -0.611649  0.042017    -1.671139
-0.517526  0.702047  0.489180     0.701288
-0.328704  0.364713 -0.871170    -2.589240
>../../../../class2/phe5//data/domains/Catalytic_domain/structures/PheRS-M_AF_Mito_Candida_albicans_SC5314_gene3638806.pdb
 0.422321 -0.865507 -0.269336     1.442888
 0.498809  0.470003 -0.728208     3.622512
 0.756858  0.173190  0.630215    -1.754874
>../../../../class2/phe5//data/domains/Catalytic_domain/structures/PheRS-M_AF_Mito_Crassostrea_gigas_gene105329377.pdb
 0.383272 -0.271516 -0.882826    -0.956910
-0.254440 -0.949871  0.181672     6.525433
-0.887898  0.154997 -0.433143   -11.248826
>../../../../class2/phe5//data/domains/Catalytic_domain/structures/PheRS-M_AF_Mito_Drosophila_melanogaster_gene36547.pdb
 1.000000  0.000000  0.000000     0.000000
 0.000000  1.000000  0.000000     0.000000
 0.000000  0.000000  1.000000     0.000000
>../../../../class2/phe5//data/domains/Catalytic_domain/structures/PheRS-M_AF_Mito_Syngnathus_acus_gene119139175.pdb
 0.975748  0.050003 -0.213109    -0.577849
 0.208075  0.090445  0.973922     5.009058
 0.067973 -0.994645  0.077847    -5.827986
>../../../../class2/phe5//data/domains/Catalytic_domain/structures/PheRS-M_PDB_Mito.H_sapiens_3CMQ.pdb
 0.227544 -0.864720  0.447754    13.047252
 0.922592  0.338546  0.184961    -7.371152
-0.311525  0.371007  0.874818   -26.487320
>../../../../class2/sep//data/domains/Catalytic_domain/structures/SepRS_AF_Arch_Methanothrix_thermoacetophila_PT_gene4462697.pdb
 0.371773  0.749761 -0.547397   -12.839347
 0.022507 -0.596768 -0.802098    -4.166550
-0.928051  0.285878 -0.238737     5.661865
>../../../../class2/sep//data/domains/Catalytic_domain/structures/SepRS_AF_Arch_unclassified_Candidatus_Bathyarchaeota_proteinUCD26266.1.pdb
-0.084405 -0.215524  0.972844   -12.534266
 0.028757 -0.976448 -0.213828     3.591009
 0.996016  0.009928  0.088615     9.614543
>../../../../class2/sep//data/domains/Catalytic_domain/structures/SepRS_AF_Arch_unclassified_Lokiarchaeota_proteinTFF69421.1.pdb
-0.941827  0.135996  0.307354   -16.301524
 0.329358  0.191238  0.924636     5.276398
 0.066969  0.972077 -0.224904     7.222963
>../../../../class2/sep//data/domains/Catalytic_domain/structures/SepRS_AF_Arch_unclassified_Thermoprotei_proteinRLF12424.1.pdb
-0.106813 -0.699918  0.706191   -10.050221
-0.947073 -0.144631 -0.286592    -0.508578
 0.302728 -0.699426 -0.647425    10.989137
>../../../../class2/sep//data/domains/Catalytic_domain/structures/SepRS_PDB_Arch_2DU4_A_fulgidus.pdb
-0.003847  0.745524  0.666468   -48.516385
-0.756691  0.433547 -0.489342   -16.435722
-0.653762 -0.506193  0.562463    68.148498
>../../../../class2/sep//data/domains/Catalytic_domain/structures/SepRS_PDB_Arch_2ODR_M_maripadulis.pdb
-0.487154  0.605800  0.629037    -4.676142
 0.764734  0.643750 -0.027726   -60.712497
-0.421739  0.467539 -0.776881    53.735204
