>structures/GluRS-E_AF_Euk_Cyathus_striatus_proteinKAF9013924.1.pdb
 0.734521  0.649736 -0.195760     5.388595
-0.564744  0.425364 -0.707199    -8.312338
-0.376223  0.630006  0.679373     3.232042
>structures/GluRS-E_AF_Euk_Lichtheimia_hyalospora_proteinKAI7879902.1.pdb
 1.000000  0.000000  0.000000     0.000000
 0.000000  1.000000  0.000000     0.000000
 0.000000  0.000000  1.000000     0.000000
>structures/GluRS-E_AF_Euk_Medicago_truncatula_gene11407510.pdb
 0.932476  0.357844 -0.049365     8.333825
-0.317508  0.746746 -0.584430    -1.678517
-0.172272  0.560641  0.809941     6.946886
>structures/GluRS-E_AF_Euk_Xylariaceae_sp_FL0804_proteinKAI0483267.1.pdb
-0.986427  0.163516 -0.014951    -5.171194
 0.125613  0.810128  0.572638    -0.110119
 0.105747  0.562988 -0.819672    -1.476611
>structures/GluRS-E_PDB_Euk_Gallus_gallus_7WRU.pdb
-0.545770 -0.506339 -0.667650    59.751773
 0.700816  0.160953 -0.694947    58.547593
 0.459339 -0.847181  0.267007   -35.755052
