>structures/LysRS-II_AF_Arch_Aciduliprofundum_boonei_T469_gene8827564.pdb
 0.379600  0.698297 -0.606865    -7.463552
-0.766395 -0.130076 -0.629062     5.560717
-0.518211  0.703890  0.485795    -3.052210
>structures/LysRS-II_AF_Arch_Archaeoglobus_sulfaticallidus_PM70-1_gene15393615.pdb
 0.958812  0.277340 -0.061335    -3.377892
-0.283773  0.944696 -0.164383     0.656733
 0.012353  0.175017  0.984488    -0.231282
>structures/LysRS-II_AF_Arch_Candidatus_Woesearchaeota_archaeon_proteinMBS3172198.1.pdb
 0.832548 -0.499126 -0.240285    -4.466276
 0.553949  0.751794  0.357696     0.788830
 0.002109 -0.430905  0.902395    -2.444270
>structures/LysRS-II_AF_Arch_Thermogladius_calderae_1633_gene13013549.pdb
 0.051299  0.511458 -0.857775    -5.450865
-0.489889 -0.735582 -0.467897     5.566205
-0.870274  0.444218  0.212823    -3.677453
>structures/LysRS-II_AF_Bact_Chlamydia_muridarum_str_Nigg_gene1245697.pdb
-0.047905  0.503558 -0.862632    -5.451703
-0.516091 -0.751892 -0.410254     6.081727
-0.855193  0.425543  0.295901    -1.086857
>structures/LysRS-II_AF_Bact_Cupriavidus_taiwanensis_LMG_19424_gene29762375.pdb
 0.981859  0.187680 -0.027017     0.101886
-0.189472  0.976631 -0.101448    -0.291885
 0.007346  0.104727  0.994474    -0.407018
>structures/LysRS-II_AF_Bact_Leuconostoc_gelidum_JB7_gene61037106.pdb
 0.941806  0.329774  0.065194    -3.041085
-0.326371  0.943482 -0.057647     4.064891
-0.080520  0.033015  0.996206    -3.397077
>structures/LysRS-II_AF_Bact_Mycobacterium_intracellulare_ATCC_13950_gene11907187.pdb
 0.921267  0.388898  0.005034    -0.726316
-0.370384  0.881211 -0.293738    -0.921398
-0.118671  0.268747  0.955873    -1.039111
>structures/LysRS-II_AF_Bact_Mycoplasma_hyopneumoniae_168-L_gene57101062.pdb
 0.940233  0.340429 -0.008350    -5.102902
-0.340488  0.939444 -0.038902     4.768524
-0.005399  0.039420  0.999208    -4.980505
>structures/LysRS-II_AF_Bact_Porphyromonas_gingivalis_ATCC_33277_gene29256363.pdb
 0.381496  0.819483 -0.427678    -8.369286
-0.624483 -0.112635 -0.772874     5.657860
-0.681529  0.561926  0.468783    -3.408474
>structures/LysRS-II_AF_Bact_Prochlorococcus_marinus_subsp_marinus_str_CCMP1375_gene54201108.pdb
 0.887361  0.458271  0.050780    -3.596430
-0.428438  0.860230 -0.276486     4.431653
-0.170388  0.223587  0.959675    -3.376916
>structures/LysRS-II_AF_Bact_Streptobacillus_moniliformis_DSM_12112_gene29673899.pdb
 0.830007  0.551391 -0.084003    -1.508356
-0.515306  0.700462 -0.493774    -1.982584
-0.213422  0.453123  0.865523    -2.901087
>structures/LysRS-II_AF_Euk_Homo_sapiens_gene3735.pdb
 0.924128  0.380223 -0.037645    -1.663980
-0.369363  0.863808 -0.342648    -2.097974
-0.097765  0.330556  0.938709    -2.227714
>structures/LysRS-II_AF_Euk_Ostreococcus_tauri_gene9837657.pdb
 0.989090  0.146350 -0.016822    -1.489224
-0.147307  0.981541 -0.121975    -1.088266
-0.001340  0.123122  0.992391    -0.039020
>structures/LysRS-II_AF_Euk_Solanum_lycopersicum_gene778357.pdb
-0.513989 -0.689591  0.510177    -2.400103
-0.772322  0.113216 -0.625061     3.630821
 0.373276 -0.715295 -0.590778    -1.691139
>structures/LysRS-II_AF_Euk_Theileria_annulata_gene3864794.pdb
-0.836489 -0.530873  0.135869     0.865191
-0.535695  0.739981 -0.406768     0.225758
 0.115401 -0.413041 -0.903371    -2.897192
>structures/LysRS-II_AF_Euk_Zootoca_vivipara_gene118086243.pdb
 0.663410 -0.582759 -0.469339    -2.147725
 0.714300  0.306421  0.629191     6.760132
-0.222852 -0.752661  0.619547    -1.677295
>structures/LysRS-II_AF_Mito_Malus_domestica_gene103446975.pdb
 0.999999  0.000420  0.001418     0.105256
-0.000427  0.999988  0.004872     0.149927
-0.001416 -0.004872  0.999987     0.149613
>structures/LysRS-II_AF_Mito_Scheffersomyces_stipitis_CBS_6054_gene4837999.pdb
 0.981285  0.184334  0.055686     0.558504
-0.184645  0.982805  0.000446     0.393341
-0.054647 -0.010720  0.998448    -0.050254
>structures/LysRS-II_PDB_Bact_G_stearothermophilus_3E9H.pdb
 0.389026  0.258344 -0.884261    18.943591
 0.717992  0.516373  0.466740   -10.416147
 0.577188 -0.816466  0.015393  -108.815126
