>structures/LysRS-II_AF_Arch_Aciduliprofundum_boonei_T469_gene8827564.pdb
 0.380477  0.698937 -0.605578    -7.430298
-0.765319 -0.129636 -0.630461     5.506941
-0.519157  0.703336  0.485586    -3.048243
>structures/LysRS-II_AF_Arch_Archaeoglobus_sulfaticallidus_PM70-1_gene15393615.pdb
 0.959176  0.276264 -0.060494    -3.339620
-0.282577  0.944879 -0.165391     0.611527
 0.011468  0.175733  0.984371    -0.234378
>structures/LysRS-II_AF_Arch_Candidatus_Woesearchaeota_archaeon_proteinMBS3172198.1.pdb
 0.831648 -0.500580 -0.240377    -4.425959
 0.555298  0.751393  0.356445     0.737668
 0.002188 -0.429918  0.902865    -2.448474
>structures/LysRS-II_AF_Arch_Thermogladius_calderae_1633_gene13013549.pdb
 0.051538  0.512885 -0.856909    -5.418170
-0.489001 -0.735188 -0.469443     5.516038
-0.870760  0.443223  0.212911    -3.674885
>structures/LysRS-II_AF_Bact_Chlamydia_muridarum_str_Nigg_gene1245697.pdb
-0.047960  0.503961 -0.862394    -5.440488
-0.515889 -0.751814 -0.410651     6.068672
-0.855312  0.425205  0.296045    -1.082965
>structures/LysRS-II_AF_Bact_Cupriavidus_taiwanensis_LMG_19424_gene29762375.pdb
 0.982161  0.186203 -0.026239     0.146134
-0.187928  0.976828 -0.102419    -0.336552
 0.006561  0.105524  0.994395    -0.413251
>structures/LysRS-II_AF_Bact_Escherichia_coli_O157:H7_str._Sakai_gene916412.pdb
 0.978121  0.201904 -0.050143    -0.309765
-0.207261  0.966546 -0.151102    -0.467068
 0.017958  0.158189  0.987246    -0.662418
>structures/LysRS-II_AF_Bact_Leuconostoc_gelidum_JB7_gene61037106.pdb
 0.942254  0.328358  0.065867    -3.006886
-0.324868  0.943954 -0.058414     4.020211
-0.081356  0.033643  0.996117    -3.397113
>structures/LysRS-II_AF_Bact_Mycobacterium_intracellulare_ATCC_13950_gene11907187.pdb
 0.921760  0.387712  0.006069    -0.682369
-0.368865  0.881564 -0.294589    -0.965417
-0.119566  0.269302  0.955605    -1.044993
>structures/LysRS-II_AF_Bact_Mycoplasma_hyopneumoniae_168-L_gene57101062.pdb
 0.940753  0.339006 -0.007676    -5.069957
-0.339035  0.939931 -0.039814     4.721180
-0.006283  0.040057  0.999178    -4.978574
>structures/LysRS-II_AF_Bact_Porphyromonas_gingivalis_ATCC_33277_gene29256363.pdb
 0.382038  0.819992 -0.426216    -8.337116
-0.623296 -0.111883 -0.773941     5.604635
-0.682312  0.561333  0.468355    -3.403842
>structures/LysRS-II_AF_Bact_Prochlorococcus_marinus_subsp_marinus_str_CCMP1375_gene54201108.pdb
 0.887936  0.457043  0.051779    -3.562243
-0.426881  0.860751 -0.277272     4.384583
-0.171294  0.224096  0.959395    -3.376627
>structures/LysRS-II_AF_Bact_Streptobacillus_moniliformis_DSM_12112_gene29673899.pdb
 0.830686  0.550567 -0.082687    -1.463004
-0.513797  0.700910 -0.494710    -2.027330
-0.214415  0.453432  0.865116    -2.907818
>structures/LysRS-II_AF_Euk_Homo_sapiens_gene3735.pdb
 0.924653  0.379057 -0.036507    -1.617567
-0.367799  0.864098 -0.343595    -2.144160
-0.098697  0.331134  0.938408    -2.234616
>structures/LysRS-II_AF_Euk_Ostreococcus_tauri_gene9837657.pdb
 0.989318  0.144889 -0.016020    -1.443831
-0.145757  0.981655 -0.122914    -1.135285
-0.002083  0.123936  0.992288    -0.044873
>structures/LysRS-II_AF_Euk_Saccharomyces_cerevisiae_S288C_gene851607.pdb
 0.986846 -0.147359 -0.066480    -1.497729
 0.155468  0.977811  0.140412     0.975346
 0.044314 -0.148900  0.987859     0.867338
>structures/LysRS-II_AF_Euk_Solanum_lycopersicum_gene778357.pdb
-0.512546 -0.690215  0.510784    -2.362855
-0.773471  0.112800 -0.623714     3.583718
 0.372880 -0.714759 -0.591676    -1.692027
>structures/LysRS-II_AF_Euk_Theileria_annulata_gene3864794.pdb
-0.835573 -0.532293  0.135948     0.907025
-0.537118  0.739527 -0.405715     0.184783
 0.115422 -0.412024 -0.903833    -2.903335
>structures/LysRS-II_AF_Euk_Zootoca_vivipara_gene118086243.pdb
 0.662131 -0.583725 -0.469945    -2.114945
 0.715566  0.306205  0.627857     6.712627
-0.222596 -0.752000  0.620441    -1.675451
>structures/LysRS-II_AF_Mito_Malus_domestica_gene103446975.pdb
 0.999999  0.000297  0.001551     0.111553
-0.000304  0.999989  0.004652     0.141818
-0.001550 -0.004652  0.999988     0.148979
>structures/LysRS-II_AF_Mito_Scheffersomyces_stipitis_CBS_6054_gene4837999.pdb
 0.981560  0.182671  0.056315     0.603948
-0.182932  0.983125 -0.000528     0.344587
-0.055461 -0.009784  0.998413    -0.058214
>structures/LysRS-II_PDB_Bact_G_stearothermophilus_3E9H.pdb
 0.388294  0.257081 -0.884950    18.936452
 0.718069  0.517475  0.465399   -10.335333
 0.577585 -0.816167  0.016330  -108.840841
