>../../../../class1/cys//data/domains/Catalytic_domain/structures/CysRS_AF_Arch_Aciduliprofundum_boonei_T469_gene8827372.pdb
 0.987107 -0.159347  0.015120     7.274317
 0.140933  0.910028  0.389856     3.431960
-0.075882 -0.382698  0.920752     0.558716
>../../../../class1/cys//data/domains/Catalytic_domain/structures/CysRS_AF_Arch_Candidatus_Nitrosopumilus_sediminis_gene13696907.pdb
 1.000000  0.000000  0.000000     0.000000
 0.000000  1.000000  0.000000     0.000000
 0.000000  0.000000  1.000000     0.000000
>../../../../class1/cys//data/domains/Catalytic_domain/structures/CysRS_AF_Arch_Methanospirillum_hungatei_JF-1_gene3922979.pdb
-0.116478  0.722596 -0.681386     5.504611
-0.542463 -0.620972 -0.565798     4.840656
-0.831966  0.303724  0.464311    -4.569763
>../../../../class1/cys//data/domains/Catalytic_domain/structures/CysRS_AF_Arch_Pyrobaculum_ferrireducens_gene11593896.pdb
-0.108471  0.404538 -0.908065     0.903710
-0.170645 -0.907474 -0.383890     3.572757
-0.979344  0.113315  0.167467    -0.607183
>../../../../class1/cys//data/domains/Catalytic_domain/structures/CysRS_AF_Bact_Bordetella_avium_197N_gene41394405.pdb
 0.216033  0.914078 -0.343208     1.777363
-0.474398 -0.208963 -0.855150     2.756967
-0.853391  0.347558  0.388494    -1.435983
>../../../../class1/cys//data/domains/Catalytic_domain/structures/CysRS_AF_Bact_Lactobacillus_amylovorus_GRL1118_gene66523130.pdb
-0.045424  0.727574 -0.684524     2.366892
-0.471882 -0.619591 -0.627244     4.238206
-0.880491  0.294523  0.371473    -1.210292
>../../../../class1/cys//data/domains/Catalytic_domain/structures/CysRS_AF_Bact_Mycobacterium_canettii_CIPT_140010059_gene45427568.pdb
-0.958621  0.282404 -0.035969     3.138495
 0.216313  0.804693  0.552881     2.689322
 0.185079  0.522223 -0.832484    -1.182636
>../../../../class1/cys//data/domains/Catalytic_domain/structures/CysRS_AF_Bact_Mycoplasma_hyopneumoniae_168-L_gene57101512.pdb
-0.120888  0.597639 -0.792599     3.052938
-0.256090 -0.790203 -0.556774     2.777699
-0.959064  0.135669  0.248575    -3.130976
>../../../../class1/cys//data/domains/Catalytic_domain/structures/CysRS_AF_Bact_Porphyromonas_gingivalis_ATCC_33277_gene29256960.pdb
 0.974591  0.173211  0.142025     6.339895
-0.182209  0.981835  0.052915    -0.006665
-0.130280 -0.077449  0.988448    -0.145092
>../../../../class1/cys//data/domains/Catalytic_domain/structures/CysRS_AF_Bact_Prochlorococcus_marinus_subsp_marinus_str_CCMP1375_gene54200571.pdb
-0.067462 -0.072360 -0.995094     4.139283
 0.368337 -0.928718  0.042562     3.137695
-0.927241 -0.363659  0.089306    -2.287910
>../../../../class1/cys//data/domains/Catalytic_domain/structures/CysRS_AF_Bact_Streptobacillus_moniliformis_DSM_12112_gene29673427.pdb
 0.860793 -0.504764 -0.065182     7.830178
 0.434888  0.662935  0.609417     6.343725
-0.264401 -0.552929  0.790166     0.257383
>../../../../class1/cys//data/domains/Catalytic_domain/structures/CysRS_AF_Bact_Treponema_pallidum_subsp_pertenue_str_SamoaD_gene57878631.pdb
 0.996159  0.079585  0.036505     7.529921
-0.083749  0.987693  0.132096     1.598274
-0.025543 -0.134646  0.990564    -1.682748
>../../../../class1/cys//data/domains/Catalytic_domain/structures/CysRS_AF_Euk_Arabidopsis_thaliana_gene833874.pdb
-0.091442  0.709456 -0.698792     0.590474
-0.225820 -0.698224 -0.679329     2.310570
-0.969868  0.095682  0.224057     1.656551
>../../../../class1/cys//data/domains/Catalytic_domain/structures/CysRS_AF_Euk_Cyanidioschyzon_merolae_strain_10D_gene16993418.pdb
 0.092779 -0.173711 -0.980417    -4.179157
 0.506981 -0.839221  0.196670     3.117681
-0.856949 -0.515299  0.010206     5.408219
>../../../../class1/cys//data/domains/Catalytic_domain/structures/CysRS_AF_Euk_Drosophila_melanogaster_gene36784.pdb
 0.279186 -0.618988 -0.734104     0.772114
 0.637150 -0.452545  0.623894    -1.459047
-0.718398 -0.641917  0.268044     2.565886
>../../../../class1/cys//data/domains/Catalytic_domain/structures/CysRS_AF_Euk_Micromonas_commoda_gene8246535.pdb
-0.880461 -0.240515 -0.408583    -0.059730
-0.208878  0.970412 -0.121125     1.562991
 0.425626 -0.021302 -0.904648     1.713993
>../../../../class1/cys//data/domains/Catalytic_domain/structures/CysRS_AF_Mito_Morone_saxatilis_gene118339815.pdb
 0.885662  0.397933  0.239273     1.315394
-0.406538  0.913519 -0.014474     5.994300
-0.224341 -0.084455  0.970844    -1.549603
>../../../../class1/cys//data/domains/Catalytic_domain/structures/CysRS_AF_Mito_Saccharomyces_cerevisiae_S288C_gene855474.pdb
 0.881172 -0.147223  0.449289     1.518328
-0.084371  0.886064  0.455820    -0.399992
-0.465206 -0.439563  0.768354     2.207958
>../../../../class1/cys//data/domains/Catalytic_domain/structures/CysRS_AF_Vir_Megavirus_chiliensis_gene11257271.pdb
-0.653281 -0.756575 -0.028602     0.735100
-0.622711  0.558414 -0.548092    -2.097379
 0.430645 -0.340248 -0.835929    -0.963078
>../../../../class1/cys//data/domains/Catalytic_domain/structures/CysRS_PDB_Bact_E_coli_1LI5.pdb
-0.411909 -0.207282 -0.887336   104.500526
-0.905535 -0.015539  0.423987    55.240285
-0.101673  0.978158 -0.181300   -72.189067
>../../../../class1/cys//data/domains/Catalytic_domain/structures/CysRS_PDB_Bact_M_smegmatis_3C8Z.pdb
-0.325922  0.485903  0.810971    40.238450
-0.216221 -0.873385  0.436402    31.827958
 0.920339 -0.033116  0.389718   -21.731727
>../../../../class1/ile//data/domains/Catalytic_domain/structures/IleRS_AF_Arch_Candidatus_Korarchaeum_cryptofilum_OPF8_gene6094904.pdb
-0.401497  0.557661  0.726508     8.051102
 0.836306 -0.100138  0.539041     2.054606
 0.373353  0.824006 -0.426170    -0.551370
>../../../../class1/ile//data/domains/Catalytic_domain/structures/IleRS_AF_Arch_Candidatus_Nitrosopumilus_sediminis_gene13697091.pdb
 0.825080 -0.557452  0.092139     9.110007
 0.386131  0.675363  0.628321     0.829618
-0.412486 -0.482838  0.772478     4.275265
>../../../../class1/ile//data/domains/Catalytic_domain/structures/IleRS_AF_Arch_Pyrobaculum_aerophilum_str_IM2_gene1465853.pdb
 0.761170  0.619649 -0.191456     3.837693
-0.648513  0.723915 -0.235328     0.486387
-0.007223  0.303286  0.952872    -1.525779
>../../../../class1/ile//data/domains/Catalytic_domain/structures/IleRS_AF_Arch_Thermoplasma_acidophilum_DSM_1728_gene1456418.pdb
-0.851449  0.319157 -0.416140     8.169736
 0.273072  0.947251  0.167769     2.693517
 0.447734  0.029211 -0.893689     0.566226
>../../../../class1/ile//data/domains/Catalytic_domain/structures/IleRS_AF_Bact_Chlamydia_muridarum_str_Nigg_gene1246458.pdb
 0.002817 -0.690321  0.723497     9.320942
-0.396342 -0.665018 -0.632980     3.987148
 0.918099 -0.284969 -0.275476     1.330621
>../../../../class1/ile//data/domains/Catalytic_domain/structures/IleRS_AF_Bact_Lactobacillus_acidophilus_La-14_gene56942445.pdb
 0.444311  0.795582 -0.411870     4.872974
-0.876685  0.291478 -0.382706     3.512605
-0.184423  0.531121  0.826982    -0.631309
>../../../../class1/ile//data/domains/Catalytic_domain/structures/IleRS_AF_Bact_Mycoplasma_hyopneumoniae_168-L_gene57100872.pdb
 0.384976  0.777006 -0.498051     6.385569
-0.907005  0.218712 -0.359872     2.918902
-0.170693  0.590276  0.788947    -3.004398
>../../../../class1/ile//data/domains/Catalytic_domain/structures/IleRS_AF_Bact_Orientia_tsutsugamushi_str_Ikeda_gene66653313.pdb
-0.061290 -0.307454 -0.949587     8.692858
 0.318133 -0.907774  0.273382     1.981320
-0.946063 -0.285339  0.153448    -0.351554
>../../../../class1/ile//data/domains/Catalytic_domain/structures/IleRS_AF_Bact_Porphyromonas_gingivalis_ATCC_33277_gene29255747.pdb
-0.060387 -0.274281 -0.959752    10.348901
 0.202316 -0.944913  0.257310     1.312669
-0.977457 -0.178635  0.112552    -2.637342
>../../../../class1/ile//data/domains/Catalytic_domain/structures/IleRS_AF_Bact_Streptobacillus_moniliformis_DSM_12112_gene29674186.pdb
 0.374234  0.846333 -0.379038     5.290597
-0.877115  0.190365 -0.440942    -2.824319
-0.301028  0.497475  0.813573    -2.333426
>../../../../class1/ile//data/domains/Catalytic_domain/structures/IleRS_AF_Bact_Thermus_thermophilus_HB8_gene3168241.pdb
 0.066014 -0.508404  0.858585    10.062014
-0.211067 -0.848106 -0.485971     5.060285
 0.975240 -0.149138 -0.163294    -0.634659
>../../../../class1/ile//data/domains/Catalytic_domain/structures/IleRS_AF_Bact_Treponema_pallidum_subsp_pertenue_str_SamoaD_gene57878975.pdb
 0.178233  0.420713  0.889513     8.010498
 0.645720 -0.732124  0.216888     3.932257
 0.742481  0.535720 -0.402152    -0.131076
>../../../../class1/ile//data/domains/Catalytic_domain/structures/IleRS_AF_Euk_Cyanidioschyzon_merolae_strain_10D_gene16992835.pdb
-0.541521 -0.835425  0.093916     6.293417
-0.522596  0.247012 -0.816013     3.513466
 0.658520 -0.490968 -0.570352    -0.844451
>../../../../class1/ile//data/domains/Catalytic_domain/structures/IleRS_AF_Euk_Ostreococcus_lucimarinus_CCE9901_gene5000489.pdb
 0.002606  0.710964  0.703224     5.575633
 0.812333 -0.411619  0.413139     4.049147
 0.583188  0.570176 -0.578612     0.857739
>../../../../class1/ile//data/domains/Catalytic_domain/structures/IleRS_AF_Euk_Trypanosoma_brucei_brucei_TREU927_gene3663037.pdb
-0.197982  0.809250  0.553099     5.955927
 0.900960 -0.072027  0.427883     3.237190
 0.386102  0.583033 -0.714841     0.189285
>../../../../class1/ile//data/domains/Catalytic_domain/structures/IleRS_AF_Euk_Ustilago_maydis_521_gene23568123.pdb
 0.000653  0.613815 -0.789450     7.691248
-0.876490 -0.379706 -0.295955     3.604043
-0.481420  0.692138  0.537754    -3.466928
>../../../../class1/ile//data/domains/Catalytic_domain/structures/IleRS_AF_Mito_Drosophila_melanogaster_gene39762.pdb
 0.357909 -0.567920 -0.741194     9.029819
 0.486325 -0.564242  0.667173     1.691489
-0.797113 -0.599248  0.074246    -4.049223
>../../../../class1/ile//data/domains/Catalytic_domain/structures/IleRS_AF_Mito_Homo_sapiens_gene55699.pdb
 0.394986  0.790483 -0.468106     5.647807
-0.908163  0.259066 -0.328823     3.092798
-0.138659  0.554997  0.820215    -2.189482
>../../../../class1/ile//data/domains/Catalytic_domain/structures/IleRS_AF_Vir_Megavirus_chiliensis_gene11256744.pdb
-0.171363 -0.023020 -0.984939    10.342756
 0.092157 -0.995718  0.007238     1.458515
-0.980888 -0.089529  0.172751    -0.772238
>../../../../class1/ile//data/domains/Catalytic_domain/structures/IleRS_PDB_Bact_S_aureus_1QU2.pdb
 0.483407  0.165102 -0.859686    51.566311
-0.729778  0.618380 -0.291599   -10.601892
 0.483469  0.768340  0.419417  -112.572406
>../../../../class1/ile//data/domains/Catalytic_domain/structures/IleRS_PDB_Bact_T_therm_1ILE.pdb
 0.278840 -0.057991  0.958585    44.898413
-0.163339 -0.986495 -0.012167    -1.426387
 0.946345 -0.153181 -0.284546    14.420441
>../../../../class1/ile//data/domains/Catalytic_domain/structures/IleRS_PDB_Euk_S_cere_7D5C.pdb
 0.143824 -0.919521 -0.365781    27.482687
-0.839551 -0.309055  0.446809    -9.884753
-0.523897  0.242830 -0.816435    30.122099
