>../../../../class2/phe1//data/domains/Catalytic_domain/structures/PheRS-Bα_AF_Bact_Brachyspira_pilosicoli_95_1000_gene56440383.pdb
 0.095707 -0.988353  0.118317     5.643925
-0.188800 -0.134729 -0.972730     9.453171
 0.977341  0.070759 -0.199496    -5.488436
>../../../../class2/phe1//data/domains/Catalytic_domain/structures/PheRS-Bα_AF_Bact_Chlamydia_psittaci_6BC_gene12243227.pdb
-0.739820 -0.567464 -0.361458     5.821204
-0.390616  0.799696 -0.455967     6.343291
 0.547801 -0.196142 -0.813291    -3.778763
>../../../../class2/phe1//data/domains/Catalytic_domain/structures/PheRS-Bα_AF_Bact_Ferrimonas_balearica_DSM_9799_gene67181906.pdb
 0.274817 -0.507124 -0.816885     3.116312
 0.411045 -0.706081  0.576621     4.960435
-0.869205 -0.494241  0.014407    -3.470411
>../../../../class2/phe1//data/domains/Catalytic_domain/structures/PheRS-Bα_AF_Bact_Mycobacterium_intracellulare_ATCC_13950_gene11909689.pdb
 0.255753  0.836900 -0.483931    -1.392220
-0.682913 -0.197913 -0.703179    -0.903873
-0.684267  0.510323  0.520913    -3.109076
>../../../../class2/phe1//data/domains/Catalytic_domain/structures/PheRS-Bα_AF_Bact_Mycoplasma_capricolum_subsp_capricolum_ATCC_27343_gene23778662.pdb
 0.332296 -0.682593 -0.650881     3.496088
 0.630971 -0.352047  0.691331     8.289002
-0.701039 -0.640413  0.313712    -3.147626
>../../../../class2/phe1//data/domains/Catalytic_domain/structures/PheRS-Bα_AF_Bact_Porphyromonas_gingivalis_ATCC_33277_gene29256875.pdb
-0.434653 -0.879972 -0.191641     6.325973
-0.114349  0.264995 -0.957446     7.294767
 0.893309 -0.394243 -0.215804    -8.283399
>../../../../class2/phe1//data/domains/Catalytic_domain/structures/PheRS-Bα_AF_Bact_Prochlorococcus_marinus_subsp_marinus_str_CCMP1375_gene54200681.pdb
 1.000000  0.000000  0.000000     0.000000
 0.000000  1.000000  0.000000     0.000000
 0.000000  0.000000  1.000000     0.000000
>../../../../class2/phe1//data/domains/Catalytic_domain/structures/PheRS-Bα_AF_Bact_Staphylococcus_argenteus_gene66839332.pdb
 0.856960 -0.470605 -0.210119     6.170441
 0.505159  0.686184  0.523418     4.390012
-0.102143 -0.554692  0.825763     0.259967
>../../../../class2/phe1//data/domains/Catalytic_domain/structures/PheRS-Bα_PDB_Bact.A_E_coli_3PCO.pdb
 0.801025 -0.414064  0.432331    -0.756274
 0.588438  0.677333 -0.441544    47.611679
-0.110004  0.608088  0.786211   -55.339842
>../../../../class2/phe1//data/domains/Catalytic_domain/structures/PheRS-Bα_PDB_Bact.A_T_thermophilus_1PYS.pdb
 0.726429 -0.022751  0.686865   -14.163254
-0.638820 -0.390868  0.662670    29.743653
 0.253398 -0.920165 -0.298471    41.815279
>../../../../class2/ser2//data/domains/Catalytic_domain/structures/SerRS-A_AF_Arch_Conexivisphaera_calida_protein1635512986.pdb
-0.920447  0.014472  0.390600    15.790111
 0.011093  0.999879 -0.010906     5.306698
-0.390711 -0.005706 -0.920496   -17.123662
>../../../../class2/ser2//data/domains/Catalytic_domain/structures/SerRS-A_AF_Arch_Ignisphaera_aggregans_protein304378874.pdb
-0.693046  0.445439  0.566808    14.858529
 0.717274  0.504775  0.480334     4.777542
-0.072151  0.739450 -0.669334   -19.186829
>../../../../class2/ser2//data/domains/Catalytic_domain/structures/SerRS-A_AF_Arch_Methanosarcina_barkeri_protein805401349.pdb
-0.604956 -0.710333  0.359799    16.817226
-0.603229  0.113895 -0.789394     6.914919
 0.519753 -0.694590 -0.497395   -18.552006
>../../../../class2/ser2//data/domains/Catalytic_domain/structures/SerRS-A_AF_Arch_Unclassified_Thermoplasmata_protein1635512986.pdb
-0.901086 -0.141573  0.409879    18.653784
-0.228432  0.958397 -0.171157     5.601559
-0.368595 -0.247856 -0.895938   -17.732672
>../../../../class2/ser2//data/domains/Catalytic_domain/structures/SerRS-A_PDB_Arch_M_barkeri_2cjb.pdb
 0.906535 -0.421678  0.019533   -29.115826
 0.376993  0.829553  0.411970   -45.019618
-0.189922 -0.366101  0.910988   -85.697811
