>../../../../class1/arg//data/domains/Catalytic_domain/structures/ArgRS_AF_Arch_Candidatus_Korarchaeum_cryptofilum_OPF8_gene6093502.pdb
 0.942542 -0.167506 -0.289061     1.396039
 0.282429  0.861683  0.421587    -2.495530
 0.178460 -0.479003  0.859481    -2.372265
>../../../../class1/arg//data/domains/Catalytic_domain/structures/ArgRS_AF_Arch_Candidatus_Nitrosopumilus_sediminis_gene13697696.pdb
 0.724286 -0.216338 -0.654681     0.184743
 0.681611  0.367866  0.632519    -0.720229
 0.103997 -0.904363  0.413899    -0.761877
>../../../../class1/arg//data/domains/Catalytic_domain/structures/ArgRS_AF_Arch_Desulfurococcus_mucosus_DSM_2162_gene10153309.pdb
 0.967112 -0.221405 -0.125200     2.907546
 0.251063  0.752043  0.609425     1.684923
-0.040774 -0.620815  0.782896    -7.106688
>../../../../class1/arg//data/domains/Catalytic_domain/structures/ArgRS_AF_Arch_Methanothermococcus_okinawensis_IH1_gene10773248.pdb
 1.000000  0.000000  0.000000     0.000000
 0.000000  1.000000  0.000000     0.000000
 0.000000  0.000000  1.000000     0.000000
>../../../../class1/arg//data/domains/Catalytic_domain/structures/ArgRS_AF_Bact_Anoxybacillus_flavithermus_WK1_gene7039015.pdb
 0.350025 -0.484650 -0.801622     0.705015
 0.774503 -0.331621  0.538677    -1.495646
-0.526904 -0.809409  0.259287     2.090213
>../../../../class1/arg//data/domains/Catalytic_domain/structures/ArgRS_AF_Bact_Brachyspira_pilosicoli_95_1000_gene56439668.pdb
 0.884298  0.403218 -0.235442    -3.338575
-0.403043  0.913753  0.051102    -1.020810
 0.235742  0.049704  0.970544    -0.727835
>../../../../class1/arg//data/domains/Catalytic_domain/structures/ArgRS_AF_Bact_Chlamydia_psittaci_6BC_gene12242456.pdb
 0.955446  0.047569 -0.291309    -0.685667
 0.077469  0.911916  0.402998    -2.186045
 0.284819 -0.407610  0.867601    -0.420919
>../../../../class1/arg//data/domains/Catalytic_domain/structures/ArgRS_AF_Bact_Corynebacterium_ulcerans_809_gene75260071.pdb
 0.917576  0.294226 -0.267367    -2.524339
-0.272602  0.955160  0.115572    -0.642748
 0.289383 -0.033161  0.956639    -1.108143
>../../../../class1/arg//data/domains/Catalytic_domain/structures/ArgRS_AF_Bact_Cupriavidus_taiwanensis_LMG_19424_gene29762022.pdb
 0.964476  0.016901 -0.263628    -0.964123
 0.062286  0.955267  0.289113     0.382258
 0.256722 -0.295263  0.920279    -1.040066
>../../../../class1/arg//data/domains/Catalytic_domain/structures/ArgRS_AF_Bact_Mycoplasma_hyopneumoniae_168-L_gene57100855.pdb
 0.930851 -0.082803 -0.355895     1.319649
 0.218685  0.906539  0.361059    -0.414341
 0.292736 -0.413920  0.861960    -2.554528
>../../../../class1/arg//data/domains/Catalytic_domain/structures/ArgRS_AF_Bact_Prochlorococcus_marinus_subsp_marinus_str_CCMP1375_gene54199571.pdb
 0.292641 -0.181641 -0.938812    -0.916760
 0.551542 -0.769954  0.320894     3.253930
-0.781129 -0.611701 -0.125137    -2.152615
>../../../../class1/arg//data/domains/Catalytic_domain/structures/ArgRS_AF_Bact_Streptobacillus_moniliformis_DSM_12112_gene29674021.pdb
-0.236593 -0.560577  0.793585    -1.791183
-0.378800 -0.698924 -0.606643    -0.567855
 0.894726 -0.444137 -0.046986    -0.154316
>../../../../class1/arg//data/domains/Catalytic_domain/structures/ArgRS_AF_Euk_Micromonas_commoda_gene8250062.pdb
-0.873403 -0.225890  0.431440     0.590051
-0.411964  0.815161 -0.407182    -3.426252
-0.259715 -0.533372 -0.805023     1.247235
>../../../../class1/arg//data/domains/Catalytic_domain/structures/ArgRS_AF_Euk_Paulinella_chromatophora_gene6481434.pdb
 0.289558 -0.010231 -0.957106    -1.185069
 0.328032 -0.938326  0.109271     1.863047
-0.899195 -0.345601 -0.268344    -4.535667
>../../../../class1/arg//data/domains/Catalytic_domain/structures/ArgRS_AF_Euk_Polyodon_spathula_gene121324634.pdb
 0.925613  0.337205 -0.171853     2.235505
-0.369851  0.709552 -0.599789    -7.986621
-0.080313  0.618732  0.781486     1.418257
>../../../../class1/arg//data/domains/Catalytic_domain/structures/ArgRS_AF_Euk_Thalassiosira_pseudonana_CCMP1335_gene7449555.pdb
-0.159895 -0.306884  0.938219     2.531833
-0.277746 -0.898064 -0.341084    -1.271681
 0.947254 -0.315124  0.058360     5.430187
>../../../../class1/arg//data/domains/Catalytic_domain/structures/ArgRS_AF_Mito_Caenorhabditis_elegans_gene174023.pdb
 0.303583  0.098644 -0.947685     3.608289
-0.113609 -0.983783 -0.138796     1.967054
-0.946007  0.149802 -0.287453    -2.561760
>../../../../class1/arg//data/domains/Catalytic_domain/structures/ArgRS_AF_Mito_Saccharomyces_cerevisiae_S288C_gene851942.pdb
-0.806369  0.319426  0.497730    -2.449348
 0.555021  0.118065  0.823415    -2.094505
 0.204256  0.940227 -0.272493     0.960402
>../../../../class1/arg//data/domains/Catalytic_domain/structures/ArgRS_AF_Vir_Megavirus_chiliensis_gene11257368.pdb
-0.343051  0.206896  0.916248    -1.917454
 0.307349 -0.897022  0.317628     1.853251
 0.887611  0.390570  0.244135     4.078964
>../../../../class1/arg//data/domains/Catalytic_domain/structures/ArgRS_PDB_Arch_2ZUF.pdb
 0.575615  0.437556  0.690805   -31.997151
 0.257436  0.704869 -0.660973    14.934792
-0.776141  0.558304  0.293090     7.527435
>../../../../class1/arg//data/domains/Catalytic_domain/structures/ArgRS_PDB_Bact_1IQ0.pdb
-0.993723 -0.071287  0.086216    14.257331
 0.055936 -0.984040 -0.168930    67.152661
 0.096882 -0.163047  0.981850     9.110401
>../../../../class1/arg//data/domains/Catalytic_domain/structures/ArgRS_PDB_Euk_S_cerevisiae_1BS2.pdb
-0.506999  0.220655 -0.833225   -12.879064
 0.249894 -0.887532 -0.387091    48.418801
-0.824927 -0.404473  0.394838    72.500368
>../../../../class1/gln//data/domains/Catalytic_domain/structures/GlnRS_AF_Bact_Anaerostipes_hadrus_gene15230984.pdb
 0.812722  0.457750  0.360483     3.776918
-0.518648  0.286447  0.805576    12.059836
 0.265493 -0.841673  0.470213    -9.673409
>../../../../class1/gln//data/domains/Catalytic_domain/structures/GlnRS_AF_Bact_Cutibacterium_avidum_44067_gene29843447.pdb
 0.908270 -0.090834  0.408406     2.648733
-0.414953 -0.070796  0.907084    11.780577
-0.053480 -0.993346 -0.101994    -9.735694
>../../../../class1/gln//data/domains/Catalytic_domain/structures/GlnRS_AF_Bact_Pasteurella_multocida_subsp_multocida_str_Pm70_gene1243875.pdb
 0.997106 -0.035013  0.067482     2.266913
-0.066727  0.022318  0.997522    11.384600
-0.036432 -0.999138  0.019917    -8.040189
>../../../../class1/gln//data/domains/Catalytic_domain/structures/GlnRS_AF_Bact_Porphyromonas_gingivalis_ATCC_33277_gene29257033.pdb
 0.695630  0.703147  0.147254     3.333956
-0.586564  0.437568  0.681525    10.834269
 0.414779 -0.560463  0.716826   -10.155684
>../../../../class1/gln//data/domains/Catalytic_domain/structures/GlnRS_AF_Bact_Thermus_thermophilus_HB8_gene3168786.pdb
-0.316035  0.590370  0.742688     3.735875
 0.878345  0.477986 -0.006195    10.577222
-0.358652  0.650379 -0.669609   -11.384090
>../../../../class1/gln//data/domains/Catalytic_domain/structures/GlnRS_AF_Euk_Candida_dubliniensis_CD36_gene8049124.pdb
 0.833781  0.473533  0.283860     2.396388
-0.351807  0.059452  0.934183     7.967630
 0.425490 -0.878767  0.216163   -11.205081
>../../../../class1/gln//data/domains/Catalytic_domain/structures/GlnRS_AF_Euk_Dictyostelium_discoideum_AX4_gene8627167.pdb
-0.685944  0.722023 -0.090348     3.942574
 0.630870  0.528232 -0.568308     5.096572
-0.362607 -0.446826 -0.817841   -10.767642
>../../../../class1/gln//data/domains/Catalytic_domain/structures/GlnRS_AF_Euk_Encephalitozoon_romaleae_SJ-2008_gene20564565.pdb
-0.634961  0.655449  0.408915     3.037949
 0.502969  0.752498 -0.425169     8.436981
-0.586384 -0.064295 -0.807477   -10.143344
>../../../../class1/gln//data/domains/Catalytic_domain/structures/GlnRS_AF_Euk_Myodes_glareolus_gene125393344.pdb
-0.062404 -0.672434 -0.737522     5.816303
-0.827429 -0.378357  0.414978    10.361787
-0.558092  0.636143 -0.532781    -2.919803
>../../../../class1/gln//data/domains/Catalytic_domain/structures/GlnRS_AF_Mito_Cyanidioschyzon_merolae_strain_10D_gene16997184.pdb
-0.338984  0.743705  0.576188     1.049081
 0.838654  0.516409 -0.173148     8.166234
-0.426320  0.424528 -0.798766   -12.883023
>../../../../class1/gln//data/domains/Catalytic_domain/structures/GlnRS_Bact_D_radio_2HZ7.pdb
-0.895173  0.286396 -0.341531    38.496071
-0.159739 -0.921487 -0.354040    82.153200
-0.416112 -0.262371  0.870639   -48.779156
>../../../../class1/gln//data/domains/Catalytic_domain/structures/GlnRS_Bact_E_coli_1QTQ.pdb
 0.842879  0.308580 -0.440832   -29.362660
 0.243285 -0.949257 -0.199307    19.981888
-0.479965  0.060744 -0.875182    20.914113
>../../../../class1/gln//data/domains/Catalytic_domain/structures/GlnRS_PDB_Euk_T_gondii_4P2B.pdb
-0.449234  0.642973 -0.620302    43.023985
 0.349535 -0.512475 -0.784344    49.478415
-0.822201 -0.569171  0.005480    94.079110
