>../../../../class2/ala//data/domains/Catalytic_domain/structures/AlaRS_AF_Arch_Candidatus_Korarchaeum_cryptofilum_OPF8_gene6094822.pdb
 0.420939  0.837735  0.347865    -3.215508
-0.901831  0.427733  0.061201    -2.132940
-0.097523 -0.339478  0.935545    -0.221978
>../../../../class2/ala//data/domains/Catalytic_domain/structures/AlaRS_AF_Arch_Candidatus_Nitrosopumilus_koreensis_AR1_gene13725795.pdb
-0.828160 -0.532173 -0.175905    -3.893452
-0.208172  0.000656  0.978092     2.140115
-0.520399  0.846635 -0.111327    -4.612410
>../../../../class2/ala//data/domains/Catalytic_domain/structures/AlaRS_AF_Arch_Sulfolobus_islandicus_YG5714_gene7807284.pdb
 1.000000  0.000000  0.000000     0.000000
 0.000000  1.000000  0.000000     0.000000
 0.000000  0.000000  1.000000     0.000000
>../../../../class2/ala//data/domains/Catalytic_domain/structures/AlaRS_AF_Arch_Thermoplasma_acidophilum_DSM_1728_gene1456391.pdb
-0.820294 -0.536100 -0.199286    -3.564650
-0.232826 -0.005262  0.972504     0.476415
-0.522408  0.844138 -0.120502    -3.583424
>../../../../class2/ala//data/domains/Catalytic_domain/structures/AlaRS_AF_Bact_Brucella_melitensis_bv_1_str_16M_gene29593597.pdb
-0.452598 -0.829855  0.326337   -11.480940
-0.170428  0.439721  0.881816     0.200982
-0.875277  0.343491 -0.340447    -8.239718
>../../../../class2/ala//data/domains/Catalytic_domain/structures/AlaRS_AF_Bact_Chlamydia_psittaci_6BC_gene12242512.pdb
 0.195142  0.510223 -0.837611    -8.425438
 0.372822 -0.828510 -0.417821     1.114170
-0.907151 -0.230746 -0.351899    -3.186717
>../../../../class2/ala//data/domains/Catalytic_domain/structures/AlaRS_AF_Bact_Lactobacillus_acidophilus_La-14_gene56942022.pdb
 0.358231 -0.520002 -0.775415    -9.456878
 0.917077  0.040271  0.396671     7.187511
-0.175043 -0.853215  0.491308     2.554807
>../../../../class2/ala//data/domains/Catalytic_domain/structures/AlaRS_AF_Bact_Nocardia_farcinica_IFM_10152_gene61134339.pdb
 0.211116  0.010168 -0.977408    -9.326092
 0.815510 -0.553092  0.170393     1.776837
-0.538864 -0.833058 -0.125058    -1.682076
>../../../../class2/ala//data/domains/Catalytic_domain/structures/AlaRS_AF_Bact_Porphyromonas_gingivalis_ATCC_33277_gene29256567.pdb
 0.171294  0.399190 -0.900725    -7.098371
 0.502572 -0.821747 -0.268613     1.762521
-0.847396 -0.406667 -0.341382    -2.305421
>../../../../class2/ala//data/domains/Catalytic_domain/structures/AlaRS_AF_Bact_Prochlorococcus_marinus_subsp_marinus_str_CCMP1375_gene54199407.pdb
-0.351067  0.620898  0.700884   -10.091613
 0.770648 -0.233561  0.592918     0.321581
 0.531840  0.748288 -0.396498    -0.818670
>../../../../class2/ala//data/domains/Catalytic_domain/structures/AlaRS_AF_Bact_Streptobacillus_moniliformis_DSM_12112_gene29672963.pdb
 0.248586  0.518811 -0.817949   -10.639206
 0.198594 -0.853816 -0.481205     2.050823
-0.948032 -0.042819 -0.315280     0.924599
>../../../../class2/ala//data/domains/Catalytic_domain/structures/AlaRS_AF_Bact_Treponema_pallidum_subsp_pertenue_str_SamoaD_gene57879528.pdb
 0.888843  0.344846 -0.301726     1.956279
-0.457177  0.623216 -0.634500    10.035360
-0.030764  0.701914  0.711597    -2.450229
>../../../../class2/ala//data/domains/Catalytic_domain/structures/AlaRS_AF_Euk_Cyanidioschyzon_merolae_strain_10D_gene16993235.pdb
 0.995626  0.093317 -0.004554    -5.753175
-0.085248  0.887424 -0.453003    -2.492530
-0.038231  0.451410  0.891497     4.724712
>../../../../class2/ala//data/domains/Catalytic_domain/structures/AlaRS_AF_Euk_Marasmius_oreades_gene66078979.pdb
-0.698878 -0.695677 -0.166142    -7.188331
-0.218240 -0.013796  0.975798     0.254342
-0.681132  0.718222 -0.142183     2.140269
>../../../../class2/ala//data/domains/Catalytic_domain/structures/AlaRS_AF_Euk_Plasmodium_berghei_ANKA_gene55150801.pdb
-0.022034 -0.136983 -0.990328   -10.106879
 0.635962 -0.766236  0.091837     4.800683
-0.771406 -0.627788  0.103999    -1.619183
>../../../../class2/ala//data/domains/Catalytic_domain/structures/AlaRS_AF_Euk_Saccharomyces_cerevisiae_S288C_gene854513.pdb
-0.960452 -0.215316 -0.176552    -3.830020
-0.216971  0.181333  0.959188    -1.575269
-0.174514  0.959561 -0.220879    -1.313974
>../../../../class2/ala//data/domains/Catalytic_domain/structures/AlaRS_PDB_Bact_E_coli_3HXV.pdb
 0.627403  0.747384  0.218594   -41.157881
-0.320786 -0.007724  0.947120    -1.610520
 0.709550 -0.664348  0.234905     1.233961
>../../../../class2/gly3//data/domains/Catalytic_domain/structures/GlyRS-E_AF_Arch_Methanosalsum_zhilinae_DSM_4017_gene10821854.pdb
 0.524724 -0.844636 -0.106091    10.986234
-0.637369 -0.472423  0.608751    17.523715
-0.564293 -0.251807 -0.786236   -12.423606
>../../../../class2/gly3//data/domains/Catalytic_domain/structures/GlyRS-E_AF_Euk_Cryptococcus_neoformans_var_neoformans_JEC21_gene3258293.pdb
 0.448136  0.200525  0.871185    11.392193
 0.757225  0.432838 -0.489144    18.157547
-0.475167  0.878886  0.042127   -11.621513
>../../../../class2/gly3//data/domains/Catalytic_domain/structures/GlyRS-E_AF_Euk_Girardinichthys_multiradiatus_gene124858359.pdb
 0.462023 -0.855904 -0.232299    12.314390
-0.673312 -0.509002  0.536253    17.577806
-0.577222 -0.091352 -0.811461   -10.436870
>../../../../class2/gly3//data/domains/Catalytic_domain/structures/GlyRS-E_AF_Euk_Plasmodium_yoelii_gene3801472.pdb
 0.781320 -0.593920  0.191826    11.656778
-0.512376 -0.434875  0.740509    18.399108
-0.356383 -0.676862 -0.644087   -13.916071
>../../../../class2/gly3//data/domains/Catalytic_domain/structures/GlyRS-E_AF_Euk_Schizosaccharomyces_pombe_gene2543181.pdb
 0.237648 -0.852802 -0.465030    12.252985
-0.688583 -0.485573  0.538584    16.653259
-0.685111  0.192219 -0.702620   -10.979834
>../../../../class2/gly3//data/domains/Catalytic_domain/structures/GlyRS-E_PDB_Euk_H_sapiens_2q5h.pdb
-0.651113  0.492391 -0.577584   -12.763470
-0.689832 -0.066567  0.720903   167.476320
 0.316518  0.867825  0.383010     6.529755
