>../../../../class1/trp//data/domains/Catalytic_domain/structures/TrpRS_AF_Arch_Natrialba_magadii_ATCC_43099_gene8824932.pdb
 0.270404  0.539439 -0.797426     2.769458
-0.050350 -0.819224 -0.571259    -3.549392
-0.961430  0.194621 -0.194360    -1.053388
>../../../../class1/trp//data/domains/Catalytic_domain/structures/TrpRS_AF_Arch_Nitrosopumilus_maritimus_SCM1_gene5773245.pdb
 0.248068  0.437763 -0.864191     5.045650
 0.091151 -0.898665 -0.429061    -3.255555
-0.964445  0.027664 -0.262833    -1.282465
>../../../../class1/trp//data/domains/Catalytic_domain/structures/TrpRS_AF_Arch_Sulfolobus_islandicus_M1627_gene7814138.pdb
-0.078217 -0.087817  0.993061     4.463760
-0.102527 -0.990123 -0.095632    -1.823191
 0.991650 -0.109296  0.068440     2.163628
>../../../../class1/trp//data/domains/Catalytic_domain/structures/TrpRS_AF_Arch_Thermoplasma_acidophilum_DSM_1728_gene1456706.pdb
 0.289653 -0.739245 -0.607963     1.276310
 0.937152  0.348151  0.023159    -7.612403
 0.194542 -0.576462  0.793628     0.869989
>../../../../class1/trp//data/domains/Catalytic_domain/structures/TrpRS_AF_Bact_Anoxybacillus_flavithermus_WK1_gene7038388.pdb
 0.020579 -0.292468  0.956054     3.192418
-0.476859 -0.843349 -0.247726     0.172627
 0.878739 -0.450805 -0.156821     4.893906
>../../../../class1/trp//data/domains/Catalytic_domain/structures/TrpRS_AF_Bact_Brachyspira_pilosicoli_95_1000_gene56440833.pdb
 1.000000  0.000000  0.000000     0.000000
 0.000000  1.000000  0.000000     0.000000
 0.000000  0.000000  1.000000     0.000000
>../../../../class1/trp//data/domains/Catalytic_domain/structures/TrpRS_AF_Bact_Helicobacter_cinaedi_PAGU611_gene66538868.pdb
-0.027284 -0.009780  0.999580     2.925854
-0.282155 -0.959217 -0.017087     1.324072
 0.958981 -0.282503  0.023412     5.055597
>../../../../class1/trp//data/domains/Catalytic_domain/structures/TrpRS_AF_Bact_Mycoplasma_hyopneumoniae_168-L_gene57101461.pdb
-0.009865  0.092309  0.995682     2.446551
-0.067747 -0.993504  0.091436     2.886037
 0.997654 -0.066552  0.016054     3.506061
>../../../../class1/trp//data/domains/Catalytic_domain/structures/TrpRS_AF_Bact_Porphyromonas_gingivalis_ATCC_33277_gene29255389.pdb
-0.958934  0.093583  0.267744     1.087439
 0.276060  0.524575  0.805364     0.528074
-0.065083  0.846205 -0.528868    -0.624916
>../../../../class1/trp//data/domains/Catalytic_domain/structures/TrpRS_AF_Bact_Prochlorococcus_marinus_subsp_marinus_str_CCMP1375_gene54200405.pdb
 0.009562  0.331854 -0.943282    -2.609676
 0.198584 -0.925166 -0.323468     2.615020
-0.980037 -0.184228 -0.074747    -4.455111
>../../../../class1/trp//data/domains/Catalytic_domain/structures/TrpRS_AF_Bact_Streptomyces_albidoflavus_gene15147734.pdb
-0.795386  0.345048  0.498301     0.469025
 0.541232  0.034283  0.840174     0.054479
 0.272817  0.937959 -0.214019     0.810078
>../../../../class1/trp//data/domains/Catalytic_domain/structures/TrpRS_AF_Bact_Thermus_thermophilus_HB8_gene3168998.pdb
 0.158672 -0.035707 -0.986685     0.760997
 0.676679 -0.723794  0.135012    -0.181783
-0.718978 -0.689092 -0.090684     0.064102
>../../../../class1/trp//data/domains/Catalytic_domain/structures/TrpRS_AF_Euk_Cryptococcus_neoformans_var_neoformans_JEC21_gene3254069.pdb
 0.692627 -0.142197 -0.707140     2.822066
 0.575477  0.699981  0.422909    -2.948944
 0.434848 -0.699862  0.566657    -1.883851
>../../../../class1/trp//data/domains/Catalytic_domain/structures/TrpRS_AF_Euk_Cyanidioschyzon_merolae_strain_10D_gene16993299.pdb
 0.269208  0.068800 -0.960622     4.248221
 0.641588 -0.756695  0.125606    -2.657498
-0.718256 -0.650138 -0.247849    -1.958558
>../../../../class1/trp//data/domains/Catalytic_domain/structures/TrpRS_AF_Euk_Drosophila_melanogaster_gene45399.pdb
 0.179113  0.061705 -0.981892     1.578479
 0.365937 -0.930603  0.008271     0.174165
-0.913241 -0.360791 -0.189263    -6.183770
>../../../../class1/trp//data/domains/Catalytic_domain/structures/TrpRS_AF_Euk_Saccharomyces_cerevisiae_S288C_gene854056.pdb
 0.926672  0.177215 -0.331472     2.297086
-0.332450  0.797899 -0.502826    -3.225443
 0.175373  0.576152  0.798306    -2.126901
>../../../../class1/trp//data/domains/Catalytic_domain/structures/TrpRS_AF_Mito_Bufo_gargarizans_gene122922343.pdb
 0.495847 -0.399549 -0.771036     1.072913
 0.841745  0.002802  0.539868     0.143769
-0.213543 -0.916707  0.337708    -0.915659
>../../../../class1/trp//data/domains/Catalytic_domain/structures/TrpRS_AF_Mito_Cyanidioschyzon_merolae_strain_10D_gene16992222.pdb
 0.978163 -0.187876 -0.088880     5.435840
 0.184275  0.981741 -0.047197    -1.568529
 0.096124  0.029788  0.994924     3.033526
>../../../../class1/trp//data/domains/Catalytic_domain/structures/TrpRS_AF_Vir_Megavirus_chiliensis_gene11257301.pdb
 0.351494  0.372290 -0.858983     3.208407
 0.261571 -0.920044 -0.291720    -3.275417
-0.898906 -0.122147 -0.420770    -0.588873
>../../../../class1/trp//data/domains/Catalytic_domain/structures/TrpRS_PDB_Arch_P_hori_3JXE.pdb
 0.061880  0.997873 -0.020485   -22.526917
-0.411287  0.044194  0.910434   -28.041135
 0.909403 -0.047912  0.413147    33.900171
>../../../../class1/trp//data/domains/Catalytic_domain/structures/TrpRS_PDB_Bact_G_stearo_1I6M.pdb
-0.533721  0.655477 -0.534314    38.596006
-0.475234 -0.755105 -0.451629    59.814902
-0.699496  0.012880  0.714521     9.730141
>../../../../class1/trp//data/domains/Catalytic_domain/structures/TrpRS_PDB_Bact_Y_pestis_3N9I.pdb
 0.871802 -0.474069  0.123368     3.855854
 0.363353  0.794722  0.486201   -77.420688
-0.328536 -0.379045  0.865095    24.316217
>../../../../class1/trp//data/domains/Catalytic_domain/structures/TrpRS_PDB_Euk_S_Cerevisiae_3KT3.pdb
-0.336997  0.580910 -0.740929   -82.699460
 0.931487  0.091217 -0.352152   130.856519
-0.136983 -0.808840 -0.571850   -12.263929
>../../../../class1/tyr//data/domains/Catalytic_domain/structures/TyrRS_AF_Arch_Candidatus_Korarchaeum_cryptofilum_OPF8_gene6094625.pdb
 0.021433  0.015331 -0.999653     5.400594
 0.854578 -0.519220  0.010359    -0.044513
-0.518880 -0.854503 -0.024230    -2.663143
>../../../../class1/tyr//data/domains/Catalytic_domain/structures/TyrRS_AF_Arch_Desulfurococcus_amylolyticus_1221n_gene7171652.pdb
-0.014213  0.430746 -0.902361     4.792635
 0.214208 -0.880189 -0.423536    -1.315429
-0.976685 -0.199312 -0.079759    -2.387339
>../../../../class1/tyr//data/domains/Catalytic_domain/structures/TyrRS_AF_Arch_Methanothermococcus_okinawensis_IH1_gene10772133.pdb
 0.977530 -0.059245 -0.202301     4.046596
-0.019648  0.929909 -0.367265    -4.088463
 0.209880  0.362987  0.907850    -4.044166
>../../../../class1/tyr//data/domains/Catalytic_domain/structures/TyrRS_AF_Arch_Thermoplasma_acidophilum_DSM_1728_gene1456112.pdb
-0.011913  0.348804  0.937120     4.575743
 0.289821 -0.895753  0.337091     2.891720
 0.957007  0.275613 -0.090419     1.627966
>../../../../class1/tyr//data/domains/Catalytic_domain/structures/TyrRS_AF_Bact_Bifidobacterium_animalis_subsp_lactis_BLC1_gene66533077.pdb
-0.172584  0.766353 -0.618804     5.647422
 0.238540 -0.577012 -0.781125     3.144347
-0.955674 -0.282419 -0.083223    -7.152954
>../../../../class1/tyr//data/domains/Catalytic_domain/structures/TyrRS_AF_Bact_Brachyspira_pilosicoli_95_1000_gene56440491.pdb
 0.040007  0.088943  0.995233     7.923917
-0.272584 -0.957280  0.096509     0.340165
 0.961300 -0.275145 -0.014053     0.986516
>../../../../class1/tyr//data/domains/Catalytic_domain/structures/TyrRS_AF_Bact_Chlamydia_psittaci_6BC_gene12242888.pdb
-0.043900  0.808258 -0.587190     5.087441
 0.094552 -0.581757 -0.807848     1.109190
-0.994551 -0.090985 -0.050883    -2.150407
>../../../../class1/tyr//data/domains/Catalytic_domain/structures/TyrRS_AF_Bact_Lactococcus_lactis_subsp_cremoris_KW2_gene61108704.pdb
-0.024335  0.817607 -0.575262     7.079867
 0.132979 -0.567671 -0.812444     2.703963
-0.990820 -0.096268 -0.094910    -6.486688
>../../../../class1/tyr//data/domains/Catalytic_domain/structures/TyrRS_AF_Bact_Porphyromonas_gingivalis_ATCC_33277_gene29255602.pdb
-0.087788  0.515195  0.852565     6.832288
-0.181323 -0.849836  0.494875     4.947162
 0.979498 -0.111145  0.168022    -1.286588
>../../../../class1/tyr//data/domains/Catalytic_domain/structures/TyrRS_AF_Bact_Prochlorococcus_marinus_subsp_marinus_str_CCMP1375_gene54200747.pdb
 0.778070  0.569053  0.266058     4.135759
-0.198936  0.624952 -0.754891     0.445501
-0.595846  0.534429  0.599461    -3.047133
>../../../../class1/tyr//data/domains/Catalytic_domain/structures/TyrRS_AF_Bact_Serratia_plymuthica_AS9_gene57666950.pdb
 0.894727  0.445961 -0.024112     5.038540
-0.132594  0.213691 -0.967861     3.871475
-0.426476  0.869169  0.250327    -7.848407
>../../../../class1/tyr//data/domains/Catalytic_domain/structures/TyrRS_AF_Bact_Streptobacillus_moniliformis_DSM_12112_gene29673957.pdb
 0.724543  0.672739 -0.149863     6.739058
-0.169315 -0.037040 -0.984866    -4.421675
-0.668109  0.738952  0.087068    -8.694541
>../../../../class1/tyr//data/domains/Catalytic_domain/structures/TyrRS_AF_Euk_Cryptococcus_neoformans_var_neoformans_JEC21_gene3254328.pdb
 0.120450  0.929536 -0.348505     5.014617
-0.123862 -0.334245 -0.934312     2.451865
-0.984962  0.155704  0.074874    -6.371189
>../../../../class1/tyr//data/domains/Catalytic_domain/structures/TyrRS_AF_Euk_Drosophila_melanogaster_gene39829.pdb
 0.731893 -0.477816  0.485824    11.162362
 0.046526 -0.676254 -0.735198     3.827501
 0.679829  0.560689 -0.472715     2.939910
>../../../../class1/tyr//data/domains/Catalytic_domain/structures/TyrRS_AF_Euk_Plasmodium_falciparum_3D7_gene2655248.pdb
 0.274045 -0.057604 -0.959990     2.402637
 0.381345 -0.909867  0.163458    -1.364879
-0.882879 -0.410883 -0.227377    -3.052951
>../../../../class1/tyr//data/domains/Catalytic_domain/structures/TyrRS_AF_Euk_Seriola_dumerili_gene111223086.pdb
 0.683502 -0.685553 -0.250684    12.243325
 0.176755  0.488648 -0.854389     2.566767
 0.708225  0.539667  0.455167     4.582049
>../../../../class1/tyr//data/domains/Catalytic_domain/structures/TyrRS_AF_Mito_Aspergillus_fumigatus_Af293_gene3509181.pdb
-0.871578 -0.274720 -0.406054    -5.470113
 0.169748  0.607913 -0.775646    -2.480303
 0.459931 -0.744963 -0.483211    -0.885424
>../../../../class1/tyr//data/domains/Catalytic_domain/structures/TyrRS_AF_Mito_Cyanidioschyzon_merolae_strain_10D_gene16996209.pdb
 0.046079  0.962427 -0.267604     4.440034
-0.036860 -0.266068 -0.963249     1.286986
-0.998258  0.054249  0.023215    -6.418593
>../../../../class1/tyr//data/domains/Catalytic_domain/structures/TyrRS_AF_Vir_Megavirus_chiliensis_gene11257765.pdb
 0.770776 -0.513392 -0.377270    -0.327064
 0.285467  0.807690 -0.515892    -4.690301
 0.569572  0.289939  0.769105    -2.180045
>../../../../class1/tyr//data/domains/Catalytic_domain/structures/TyrRS_PDB_Arch_M_jannashii_1U7D.pdb
 0.801405  0.002879  0.598115    -9.008936
-0.589980 -0.160629  0.791279    -7.709201
 0.098353 -0.987011 -0.127030    46.061185
>../../../../class1/tyr//data/domains/Catalytic_domain/structures/TyrRS_PDB_E_coli_Bact_1WQ4.pdb
-0.819194  0.572118  0.040021    17.818711
 0.496799  0.742750 -0.448902     0.949453
-0.286551 -0.347856 -0.892684    58.431779
>../../../../class1/tyr//data/domains/Catalytic_domain/structures/TyrRS_PDB_Vir_Acanthamoeba_polyphaga_mimivirus_2J5B.pdb
 0.401836  0.912225  0.079838   -87.231839
 0.695053 -0.247080 -0.675169    12.549266
-0.596179  0.326799 -0.733330    40.788885
