>../../../../class2/asp1//data/domains/Catalytic_domain/structures/AspRS_AF_Arch_Candidatus_Methanomassiliicoccus_intestinalis_Issoire-Mx1_gene16154434.pdb
 0.183948  0.363682  0.913180    -3.450934
-0.127007 -0.912451  0.388976     5.258586
 0.974696 -0.187531 -0.121653     1.536967
>../../../../class2/asp1//data/domains/Catalytic_domain/structures/AspRS_AF_Arch_unclassified_Euryarchaeota_proteinHHT76046.1.pdb
 0.164830  0.133401  0.977259    -6.276577
 0.076741 -0.989542  0.122135     0.721623
 0.983332  0.054865 -0.173343    -2.831254
>../../../../class2/asp1//data/domains/Catalytic_domain/structures/AspRS_AF_Bact_Bacillus_anthracis_str_Ames_Ancestor_gene45024275.pdb
 1.000000  0.000000  0.000000     0.000000
 0.000000  1.000000  0.000000     0.000000
 0.000000  0.000000  1.000000     0.000000
>../../../../class2/asp1//data/domains/Catalytic_domain/structures/AspRS_AF_Bact_Brachyspira_pilosicoli_95_1000_gene56440011.pdb
 0.184812 -0.169938  0.967970    -5.964720
-0.068497 -0.984769 -0.159809     2.767448
 0.980384 -0.036769 -0.193637    -2.296895
>../../../../class2/asp1//data/domains/Catalytic_domain/structures/AspRS_AF_Bact_Chlamydia_muridarum_str_Nigg_gene1246197.pdb
 0.209872 -0.626428  0.750694    -6.489227
-0.647690 -0.664239 -0.373209     2.853129
 0.732429 -0.407890 -0.545137    -1.969039
>../../../../class2/asp1//data/domains/Catalytic_domain/structures/AspRS_AF_Bact_Mycoplasma_hyopneumoniae_168-L_gene57101115.pdb
-0.066930  0.743233  0.665676    -6.391191
 0.164247 -0.649863  0.742092     7.657996
 0.984146  0.159004 -0.078578     1.788090
>../../../../class2/asp1//data/domains/Catalytic_domain/structures/AspRS_AF_Bact_Nocardia_cyriacigeorgica_GUH-2_gene45501717.pdb
-0.931177  0.363507 -0.027783    -9.989901
 0.292900  0.791324  0.536671     3.337756
 0.217069  0.491599 -0.843334    -4.359104
>../../../../class2/asp1//data/domains/Catalytic_domain/structures/AspRS_AF_Bact_Porphyromonas_gingivalis_ATCC_33277_gene29255515.pdb
 0.076239 -0.646045 -0.759483    -4.415355
 0.995165  0.096600  0.017726     3.441711
 0.061914 -0.757162  0.650286    -3.342974
>../../../../class2/asp1//data/domains/Catalytic_domain/structures/AspRS_AF_Bact_Prochlorococcus_marinus_subsp_marinus_str_CCMP1375_gene54201182.pdb
 0.133903 -0.486845  0.863164    -1.525886
-0.676753 -0.681202 -0.279229     0.341309
 0.723930 -0.546760 -0.420689     1.084446
>../../../../class2/asp1//data/domains/Catalytic_domain/structures/AspRS_AF_Bact_Xylella_fastidiosa_Temecula1_gene58016479.pdb
-0.952634  0.288862 -0.095121    -4.707997
 0.203356  0.837603  0.507019     0.725799
 0.226132  0.463660 -0.856670    -3.906945
>../../../../class2/asp1//data/domains/Catalytic_domain/structures/AspRS_AF_Mito_Oryza_sativa_Japonica_Group_gene4324505.pdb
-0.174501  0.149260 -0.973278    -8.756238
 0.116008 -0.978444 -0.170851     4.765658
-0.977799 -0.142722  0.153424    -6.941590
>../../../../class2/asp1//data/domains/Catalytic_domain/structures/AspRS_AF_Mito_Oryzias_melastigma_gene112147132.pdb
-0.447286  0.551802  0.703882    -4.758701
 0.477892 -0.517783  0.709591     0.127622
 0.756012  0.653770 -0.032105    -2.492257
>../../../../class2/asp1//data/domains/Catalytic_domain/structures/AspRS_PDB_Bact_E_coli_1c0a.pdb
 0.499266  0.828879  0.252375   -64.331470
 0.761920 -0.558691  0.327631   -19.378810
 0.412566  0.028715 -0.910475   -32.697255
>../../../../class2/pro3//data/domains/Catalytic_domain/structures/ProRS-M_AF_Euk_Candida_albicans_SC5314_gene3640100.pdb
 0.210933 -0.291674  0.932970    -2.416165
-0.802657 -0.596420 -0.004988     1.440959
 0.557897 -0.747803 -0.359919     2.156178
>../../../../class2/pro3//data/domains/Catalytic_domain/structures/ProRS-M_AF_Mito_Drosophila_melanogaster_gene38331.pdb
 0.538435 -0.783299 -0.310692     2.042306
 0.716670  0.619606 -0.320113     2.274534
 0.443251 -0.050304  0.894985    -3.176762
>../../../../class2/pro3//data/domains/Catalytic_domain/structures/ProRS-M_AF_Mito_Mauremys_reevesii_gene120369760.pdb
-0.744599  0.666652 -0.033878    -2.680109
-0.129465 -0.094441  0.987076     3.232502
 0.654837  0.739362  0.156629    -0.883850
>../../../../class2/pro3//data/domains/Catalytic_domain/structures/ProRS-M_AF_Mito_Schizosaccharomyces_pombe_gene2540642.pdb
 0.380994 -0.442199  0.811975     0.653903
-0.889928 -0.413559  0.192348     1.844393
 0.250743 -0.795883 -0.551089    -1.248990
