>structures/MetRS_AF_Arch_Aciduliprofundum_boonei_T469_gene8827030.pdb
 0.090066 -0.209188 -0.973719   -30.269990
-0.910590 -0.413287  0.004561   -31.788456
-0.403379  0.886248 -0.227708   -59.591190
>structures/MetRS_AF_Arch_Halalkalicoccus_jeotgali_B3_gene9420443.pdb
-0.319063  0.481921 -0.816058   -57.028858
-0.379930  0.723804  0.575986   -12.266404
 0.868246  0.493821 -0.047843    -9.419892
>structures/MetRS_AF_Bact_Streptobacillus_moniliformis_DSM_12112_gene29673607.pdb
-0.660944 -0.425539 -0.618118   -63.196262
-0.245160  0.900926 -0.358090     1.963632
 0.709259 -0.085140 -0.699787   -44.797367
>structures/MetRS_AF_Bact_Treponema_denticola_ATCC_35405_gene2740824.pdb
 0.475218  0.824297  0.307737   -17.217694
-0.199944 -0.239434  0.950102     6.983384
 0.856849 -0.513036  0.051030    -4.027781
>structures/MetRS_AF_Euk_Oryza_sativa_Japonica_Group_gene4341140.pdb
 1.000000 -0.000000  0.000000     0.000000
 0.000000  1.000000  0.000000     0.000000
-0.000000  0.000000  1.000000     0.000000
