>../../../../class2/lys//data/domains/Catalytic_domain/structures/LysRS-II_AF_Arch_Aciduliprofundum_boonei_T469_gene8827564.pdb
-0.332573 -0.370274  0.867348     3.038686
-0.602454  0.790993  0.106674     4.841909
-0.725565 -0.487060 -0.486136     8.807274
>../../../../class2/lys//data/domains/Catalytic_domain/structures/LysRS-II_AF_Arch_Archaeoglobus_sulfaticallidus_PM70-1_gene15393615.pdb
-0.805981 -0.416021  0.421095     1.742413
 0.174890  0.512264  0.840833     6.852461
-0.565516  0.751340 -0.340117     2.589638
>../../../../class2/lys//data/domains/Catalytic_domain/structures/LysRS-II_AF_Arch_Candidatus_Woesearchaeota_archaeon_proteinMBS3172198.1.pdb
-0.909472  0.095512  0.404646     2.060040
 0.368922 -0.263411  0.891354     5.062763
 0.191723  0.959944  0.204329     4.463348
>../../../../class2/lys//data/domains/Catalytic_domain/structures/LysRS-II_AF_Arch_Thermogladius_calderae_1633_gene13013549.pdb
-0.188973 -0.128044  0.973599     1.016829
-0.937036  0.320035 -0.139786     5.362633
-0.293687 -0.938713 -0.180460     8.844078
>../../../../class2/lys//data/domains/Catalytic_domain/structures/LysRS-II_AF_Bact_Chlamydia_muridarum_str_Nigg_gene1245697.pdb
-0.148168 -0.098966  0.983998     2.495057
-0.928746  0.355812 -0.104062     6.260648
-0.339820 -0.929303 -0.144634     9.291926
>../../../../class2/lys//data/domains/Catalytic_domain/structures/LysRS-II_AF_Bact_Cupriavidus_taiwanensis_LMG_19424_gene29762375.pdb
-0.834474 -0.401548  0.377376    -1.140563
 0.200104  0.417270  0.886478     7.816824
-0.513432  0.815257 -0.267849     1.163854
>../../../../class2/lys//data/domains/Catalytic_domain/structures/LysRS-II_AF_Bact_Leuconostoc_gelidum_JB7_gene61037106.pdb
-0.783347 -0.547754  0.293825    -0.266885
 0.095819  0.360641  0.927770     5.368746
-0.614155  0.754919 -0.230022     6.942443
>../../../../class2/lys//data/domains/Catalytic_domain/structures/LysRS-II_AF_Bact_Mycobacterium_intracellulare_ATCC_13950_gene11907187.pdb
-0.776240 -0.475417  0.414041    -0.320618
 0.079124  0.578092  0.812126     6.648024
-0.625453  0.663165 -0.411121     1.111665
>../../../../class2/lys//data/domains/Catalytic_domain/structures/LysRS-II_AF_Bact_Mycoplasma_hyopneumoniae_168-L_gene57101062.pdb
-0.771257 -0.539568  0.337682     0.721960
 0.137060  0.377289  0.915897     4.099688
-0.621593  0.752675 -0.217033     8.161796
>../../../../class2/lys//data/domains/Catalytic_domain/structures/LysRS-II_AF_Bact_Porphyromonas_gingivalis_ATCC_33277_gene29256363.pdb
-0.436461 -0.512140  0.739740     4.090830
-0.680079  0.726088  0.101429     3.849203
-0.589062 -0.458812 -0.665205     9.379856
>../../../../class2/lys//data/domains/Catalytic_domain/structures/LysRS-II_AF_Bact_Prochlorococcus_marinus_subsp_marinus_str_CCMP1375_gene54201108.pdb
-0.717791 -0.600796  0.351881     0.341472
-0.069519  0.564706  0.822359     5.486966
-0.692779  0.565820 -0.447108     8.014456
>../../../../class2/lys//data/domains/Catalytic_domain/structures/LysRS-II_AF_Bact_Streptobacillus_moniliformis_DSM_12112_gene29673899.pdb
-0.675894 -0.545621  0.495445     0.027272
-0.136719  0.753403  0.643189     4.721969
-0.724207  0.366991 -0.583817     0.937764
>../../../../class2/lys//data/domains/Catalytic_domain/structures/LysRS-II_AF_Euk_Ostreococcus_tauri_gene9837657.pdb
-0.846083 -0.379904  0.373919     0.889708
 0.205405  0.414939  0.886360     7.845439
-0.491886  0.826740 -0.273038     1.336827
>../../../../class2/lys//data/domains/Catalytic_domain/structures/LysRS-II_AF_Euk_Solanum_lycopersicum_gene778357.pdb
 0.799636  0.362817 -0.478484    -0.248943
 0.022298 -0.814220 -0.580128     7.622570
-0.600071  0.453222 -0.659170     6.031795
>../../../../class2/lys//data/domains/Catalytic_domain/structures/LysRS-II_AF_Euk_Theileria_annulata_gene3864794.pdb
 0.947256  0.108335 -0.301613    -2.392387
-0.245030 -0.361768 -0.899491     6.409730
-0.206560  0.925952 -0.316142     2.848190
>../../../../class2/lys//data/domains/Catalytic_domain/structures/LysRS-II_AF_Euk_Zootoca_vivipara_gene118086243.pdb
-0.871285  0.196655  0.449654    -1.468488
 0.146505 -0.770214  0.620731     8.270211
 0.468399  0.606710  0.642265     8.754175
>../../../../class2/lys//data/domains/Catalytic_domain/structures/LysRS-II_AF_Mito_Malus_domestica_gene103446975.pdb
-0.907215 -0.272123  0.320796    -1.027386
 0.244832  0.278563  0.928687     8.393062
-0.342079  0.921060 -0.186092     1.529130
>../../../../class2/lys//data/domains/Catalytic_domain/structures/LysRS-II_AF_Mito_Scheffersomyces_stipitis_CBS_6054_gene4837999.pdb
-0.860024 -0.419912  0.289883    -1.445461
 0.195922  0.252811  0.947471     9.070390
-0.471140  0.871642 -0.135153     1.829890
>../../../../class2/lys//data/domains/Catalytic_domain/structures/LysRS-II_PDB_Bact_G_stearothermophilus_3E9H.pdb
-0.303166 -0.641242  0.704910   -55.187447
 0.822510 -0.549628 -0.146242   -88.941289
 0.481215  0.535460  0.694057     1.662058
>../../../../class2/thr//data/domains/Catalytic_domain/structures/ThrRS_AF_Arch_Candidatus_Methanomethylophilus_alvus_Mx1201_gene15140074.pdb
 0.832195  0.554002 -0.023101     0.067581
-0.535985  0.814403  0.222413     0.892079
 0.142031 -0.172709  0.974679    -1.699735
>../../../../class2/thr//data/domains/Catalytic_domain/structures/ThrRS_AF_Arch_Candidatus_Nitrosopumilus_koreensis_AR1_gene13725077.pdb
-0.935273  0.283212  0.212263    -7.133017
 0.237202  0.056466  0.969818     5.721238
 0.262678  0.957394 -0.119989     1.141567
>../../../../class2/thr//data/domains/Catalytic_domain/structures/ThrRS_AF_Arch_Pyrococcus_furiosus_DSM_3638_gene1469226.pdb
-0.989068  0.147395 -0.004363    -6.580775
 0.045737  0.334769  0.941190     3.653334
 0.140187  0.930701 -0.337851     1.926574
>../../../../class2/thr//data/domains/Catalytic_domain/structures/ThrRS_AF_Arch_Sulfolobus_islandicus_M164_gene7940156.pdb
 0.406688  0.615216 -0.675363     1.317900
-0.222035 -0.650530 -0.726299     5.799838
-0.886175  0.445331 -0.127963     2.880222
>../../../../class2/thr//data/domains/Catalytic_domain/structures/ThrRS_AF_Bact_Bifidobacterium_longum_subsp_longum_JCM_1217_gene69578309.pdb
-0.470583 -0.783737 -0.405349    -2.608530
-0.273999 -0.306886  0.911453    -2.342832
-0.838735  0.539980 -0.070328    -2.981484
>../../../../class2/thr//data/domains/Catalytic_domain/structures/ThrRS_AF_Bact_Brachyspira_pilosicoli_95_1000_gene56439092.pdb
 0.138277 -0.043244 -0.989449     0.313292
 0.337732 -0.937105  0.088155    -1.373072
-0.931030 -0.346359 -0.114976    -3.430775
>../../../../class2/thr//data/domains/Catalytic_domain/structures/ThrRS_AF_Bact_Brucella_abortus_2308_gene3787745.pdb
 0.066982 -0.522690  0.849887    -0.329387
 0.123562 -0.840898 -0.526900    -1.676314
 0.990074  0.140306  0.008260    -3.596101
>../../../../class2/thr//data/domains/Catalytic_domain/structures/ThrRS_AF_Bact_Lactobacillus_acidophilus_La-14_gene56943112.pdb
-0.922495  0.314521  0.223785    -2.345247
 0.323103  0.946362  0.001833    -4.111312
-0.211205  0.073996 -0.974637    -6.536038
>../../../../class2/thr//data/domains/Catalytic_domain/structures/ThrRS_AF_Bact_Mycoplasma_hyopneumoniae_168-L_gene57101460.pdb
 1.000000  0.000000  0.000000     0.000000
 0.000000  1.000000  0.000000     0.000000
 0.000000  0.000000  1.000000     0.000000
>../../../../class2/thr//data/domains/Catalytic_domain/structures/ThrRS_AF_Bact_Porphyromonas_gingivalis_ATCC_33277_gene29256174.pdb
 0.498825 -0.454495 -0.737975    -2.131803
 0.558861 -0.482145  0.674693    -2.442822
-0.662455 -0.748980  0.013493    -1.725601
>../../../../class2/thr//data/domains/Catalytic_domain/structures/ThrRS_AF_Bact_Prochlorococcus_marinus_subsp_marinus_str_CCMP1375_gene54200406.pdb
-0.471969  0.870043  0.142378    -3.565015
-0.676145 -0.460856  0.574839    -1.954140
 0.565750  0.175037  0.805785    -5.062431
>../../../../class2/thr//data/domains/Catalytic_domain/structures/ThrRS_AF_Bact_Streptobacillus_moniliformis_DSM_12112_gene29674242.pdb
-0.942112  0.315061  0.114729    -1.125553
 0.295783  0.619760  0.726918    -1.768648
 0.157919  0.718772 -0.677073    -3.759757
>../../../../class2/thr//data/domains/Catalytic_domain/structures/ThrRS_AF_Euk_Arabidopsis_thaliana_gene832741.pdb
-0.560571 -0.824568  0.076470    -3.495413
-0.369015  0.331399  0.868333    -3.924375
-0.741342  0.458544 -0.490050    -1.946272
>../../../../class2/thr//data/domains/Catalytic_domain/structures/ThrRS_AF_Euk_Cercospora_beticola_gene35433465.pdb
-0.189185 -0.705785  0.682698    -1.516117
-0.952005  0.302200  0.048606    -3.569045
-0.240617 -0.640736 -0.729082    -3.008227
>../../../../class2/thr//data/domains/Catalytic_domain/structures/ThrRS_AF_Euk_Cryptococcus_gattii_WM276_gene10188143.pdb
-0.761935 -0.594559 -0.256817    -1.583287
-0.226363 -0.127051  0.965721    -4.627593
-0.606807  0.793951 -0.037781    -3.876109
>../../../../class2/thr//data/domains/Catalytic_domain/structures/ThrRS_AF_Euk_Cyanidioschyzon_merolae_strain_10D_gene16997242.pdb
-0.187285 -0.080806  0.978976    -1.656007
 0.125768 -0.990381 -0.057687    -3.537414
 0.974221  0.112320  0.195647    -4.706545
>../../../../class2/thr//data/domains/Catalytic_domain/structures/ThrRS_AF_Mito_Cyanidioschyzon_merolae_strain_10D_gene16995590.pdb
-0.884231  0.430651  0.180762    -1.331150
 0.102521 -0.198621  0.974699    -1.484622
 0.455658  0.880392  0.131477    -3.765208
>../../../../class2/thr//data/domains/Catalytic_domain/structures/ThrRS_AF_Mito_Oryza_sativa_Japonica_Group_gene4345200.pdb
-0.158861 -0.133778 -0.978196    -2.566192
 0.800132  0.562997 -0.206938    -4.400350
 0.578405 -0.815560  0.017602    -3.783147
>../../../../class2/thr//data/domains/Catalytic_domain/structures/ThrRS_PDB_Bact_E_coli_1evk.pdb
 0.231960  0.057900  0.971001   -27.761987
-0.960863 -0.141782  0.237992    39.851283
 0.151450 -0.988203  0.022746    52.884586
>../../../../class2/thr//data/domains/Catalytic_domain/structures/ThrRS_PDB_Bact_S_aureus_1nyr.pdb
 0.540900 -0.808356  0.232353    19.041395
 0.713773  0.587296  0.381591   -59.114554
-0.444921 -0.040555  0.894651   -40.549289
