>structures/ProRS-A_AF_Arch_Candidatus_Nitrosopumilus_sediminis_gene13697692.pdb
-0.420445 -0.865948  0.270851    -5.584562
-0.788317  0.200852 -0.581562     4.047442
 0.449202 -0.458032 -0.767089    -3.711230
>structures/ProRS-A_AF_Arch_Halogeometricum_borinquense_DSM_11551_gene9994169.pdb
 0.807432  0.589161 -0.030709    -4.864235
-0.544057  0.723467 -0.424967     3.610279
-0.228157  0.359839  0.904688    -2.789755
>structures/ProRS-A_AF_Arch_Picrophilus_torridus_DSM_9790_gene2845069.pdb
 0.530395  0.817335 -0.225044    -2.752989
-0.671837  0.243355 -0.699581     4.188496
-0.517026  0.522248  0.678190    -2.644845
>structures/ProRS-A_AF_Arch_Sulfurisphaera_tokodaii_str_7_gene1459472.pdb
-0.082042 -0.710077  0.699328    -4.367316
-0.540028 -0.558081 -0.630012     3.525073
 0.837639 -0.429344 -0.337675    -4.109111
>structures/ProRS-A_AF_Bact_Bacillus_anthracis_str_Ames_Ancestor_gene45020455.pdb
 0.408243 -0.424395 -0.808224    -4.314859
 0.797960 -0.264130  0.541752     4.485243
-0.443393 -0.866097  0.230821    -2.442455
>structures/ProRS-A_AF_Bact_Mycoplasma_hyopneumoniae_168-L_gene57101275.pdb
 0.999207  0.034937  0.019125    -5.597724
-0.036686  0.994267  0.100433     3.827415
-0.015507 -0.101055  0.994760    -4.370773
>structures/ProRS-A_AF_Bact_Porphyromonas_gingivalis_ATCC_33277_gene29256199.pdb
 0.788390  0.613888  0.039790    -5.054716
-0.531652  0.712463 -0.457976     5.539703
-0.309495  0.339909  0.888074    -4.177536
>structures/ProRS-A_AF_Bact_Thermus_thermophilus_HB8_gene3169620.pdb
 0.945486  0.322194  0.047400    -4.512613
-0.311885  0.937732 -0.152924     3.996395
-0.093720  0.129804  0.987101    -3.718613
>structures/ProRS-A_AF_Euk_Cryptococcus_gattii_WM276_gene10188341.pdb
 0.909655  0.397466 -0.120619    -5.246584
-0.415365  0.870755 -0.263168     0.486086
 0.000429  0.289493  0.957180    -3.421985
>structures/ProRS-A_AF_Euk_Ostreococcus_tauri_gene9837972.pdb
 0.999999  0.000399  0.000924    -0.003155
-0.000400  1.000000  0.000849    -0.029519
-0.000923 -0.000850  0.999999    -0.014622
>structures/ProRS-A_AF_Euk_Plasmodium_yoelii_gene3807174.pdb
 0.251377 -0.755873 -0.604537    -5.690993
 0.691772 -0.296537  0.658420     5.993872
-0.676950 -0.583714  0.448350    -2.163417
>structures/ProRS-A_AF_Euk_Scheffersomyces_stipitis_CBS_6054_gene4840393.pdb
 0.682918  0.691321 -0.236006    -5.031358
-0.649193  0.426239 -0.629974    -0.873305
-0.334919  0.583435  0.739887    -6.432295
>structures/ProRS-A_AF_Mito_Oryza_sativa_Japonica_Group_gene4342480.pdb
 0.971329  0.236572 -0.023537    -1.046476
-0.234983  0.940311 -0.246168    -0.823036
-0.036104  0.244640  0.968941    -1.211244
>structures/ProRS-A_PDB_Arch_M_janacshii_1nj8.pdb
 0.701687  0.710698 -0.050430  -103.906001
 0.669618 -0.681996 -0.294096   -16.298585
-0.243406  0.172594 -0.954445    51.431349
