>structures/EPRS-P_AF_Euk_Homo_sapiens_gene2058.pdb
 0.813275  0.581435  0.022724   -20.639451
-0.563385  0.777058  0.280675     1.236639
 0.145536 -0.241068  0.959534    -3.644207
>structures/ProRS-A_AF_Arch_Candidatus_Nitrosopumilus_sediminis_gene13697692.pdb
-0.016980 -0.704557  0.709444    -0.539341
-0.655614 -0.527872 -0.539927    -0.474697
 0.754905 -0.474290 -0.452954    -0.993922
>structures/ProRS-A_AF_Arch_Halogeometricum_borinquense_DSM_11551_gene9994169.pdb
 0.999996  0.002247 -0.001594     0.048653
-0.002248  0.999997 -0.000595    -0.019611
 0.001592  0.000598  0.999999     0.013989
>structures/ProRS-A_AF_Arch_Picrophilus_torridus_DSM_9790_gene2845069.pdb
 0.912190  0.407451  0.043508     1.377709
-0.359435  0.846607 -0.392508     1.692744
-0.196762  0.342404  0.918719    -0.189058
>structures/ProRS-A_AF_Arch_Sulfurisphaera_tokodaii_str_7_gene1459472.pdb
 0.040292 -0.170125  0.984598     0.682021
-0.134667 -0.977332 -0.163359    -0.261598
 0.990071 -0.126011 -0.062289    -1.204704
>structures/ProRS-A_AF_Bact_Bacillus_anthracis_str_Ames_Ancestor_gene45020455.pdb
-0.004907 -0.001745 -0.999986    -0.111002
 0.655173 -0.755477 -0.001897     1.027969
-0.755463 -0.655173  0.004850    -0.127750
>structures/ProRS-A_AF_Bact_Mycoplasma_hyopneumoniae_168-L_gene57101275.pdb
 0.830495 -0.489254 -0.266286    -0.324390
 0.556194  0.702240  0.444418    -0.886043
-0.030436 -0.517194  0.855327    -1.520497
>structures/ProRS-A_AF_Bact_Porphyromonas_gingivalis_ATCC_33277_gene29256199.pdb
 0.996469  0.031327  0.077901    -0.843788
-0.032532  0.999369  0.014249     0.745918
-0.077406 -0.016733  0.996859    -2.089177
>structures/ProRS-A_AF_Bact_Thermus_thermophilus_HB8_gene3169620.pdb
 0.954128 -0.280965 -0.103434     0.284242
 0.298898  0.913858  0.274817     0.126863
 0.017311 -0.293127  0.955917    -1.037294
>structures/ProRS-A_AF_Euk_Cryptococcus_gattii_WM276_gene10188341.pdb
 0.960352 -0.217183 -0.174800     1.604290
 0.234569  0.968322  0.085615    -2.756575
 0.150669 -0.123223  0.980875     0.770182
>structures/ProRS-A_AF_Euk_Ostreococcus_tauri_gene9837972.pdb
 0.805233 -0.546648 -0.229730     5.250309
 0.592063  0.719938  0.362146     1.262203
-0.032575 -0.427626  0.903368     3.888936
>structures/ProRS-A_AF_Euk_Plasmodium_yoelii_gene3807174.pdb
-0.019416 -0.314230 -0.949148    -2.091120
 0.402542 -0.871441  0.280269     1.435009
-0.915196 -0.376630  0.143411    -0.450379
>structures/ProRS-A_AF_Euk_Saccharomyces_cerevisiae_S288C_gene856413.pdb
 0.926607  0.150044  0.344798    -0.299002
-0.060267  0.964347 -0.257689    -1.020780
-0.371169  0.217997  0.902613    -1.948102
>structures/ProRS-A_AF_Euk_Scheffersomyces_stipitis_CBS_6054_gene4840393.pdb
 0.981307  0.191976 -0.013483     3.104408
-0.185817  0.926928 -0.326001    -4.668282
-0.050086  0.322412  0.945273    -1.407836
>structures/ProRS-A_AF_Mito_Oryza_sativa_Japonica_Group_gene4342480.pdb
 0.917750 -0.382071 -0.108427     5.117067
 0.395371  0.904783  0.158271    -0.339557
 0.037633 -0.188122  0.981424     3.185188
>structures/ProRS-A_PDB_Arch_M_janacshii_1nj8.pdb
 0.256921  0.906687  0.334530   -81.403794
 0.808137 -0.011724 -0.588878   -53.008305
-0.530006  0.421642 -0.735739    60.942198
