>structures/EPRS-P_AF_Euk_Homo_sapiens_gene2058.pdb
 0.318533  0.936026  0.149643   -20.605222
-0.912938  0.345420 -0.217322    17.305808
-0.255109 -0.067390  0.964561    -0.977609
>structures/ProRS-A_AF_Arch_Candidatus_Nitrosopumilus_sediminis_gene13697692.pdb
-0.420606 -0.865575  0.271792    -5.577667
-0.788380  0.200468 -0.581609     4.050891
 0.448941 -0.458904 -0.766720    -3.712684
>structures/ProRS-A_AF_Arch_Halogeometricum_borinquense_DSM_11551_gene9994169.pdb
 0.806383  0.590483 -0.032810    -4.857121
-0.545375  0.721034 -0.427407     3.613839
-0.228719  0.362547  0.903464    -2.762260
>structures/ProRS-A_AF_Arch_Picrophilus_torridus_DSM_9790_gene2845069.pdb
 0.529244  0.817531 -0.227033    -2.730081
-0.673446  0.241988 -0.698507     4.158329
-0.516112  0.522576  0.678633    -2.646113
>structures/ProRS-A_AF_Arch_Sulfurisphaera_tokodaii_str_7_gene1459472.pdb
-0.080798 -0.709700  0.699855    -4.396045
-0.541934 -0.558016 -0.628431     3.572577
 0.836528 -0.430051 -0.339524    -4.091302
>structures/ProRS-A_AF_Bact_Bacillus_anthracis_str_Ames_Ancestor_gene45020455.pdb
 0.409513 -0.425169 -0.807175    -4.304779
 0.797288 -0.263258  0.543164     4.476252
-0.443432 -0.865983  0.231174    -2.441382
>structures/ProRS-A_AF_Bact_Mycoplasma_hyopneumoniae_168-L_gene57101275.pdb
 0.999144  0.036692  0.019092    -5.584908
-0.038433  0.994181  0.100631     3.813130
-0.015289 -0.101279  0.994741    -4.377287
>structures/ProRS-A_AF_Bact_Porphyromonas_gingivalis_ATCC_33277_gene29256199.pdb
 0.789303  0.612765  0.038985    -5.048668
-0.531107  0.713221 -0.457430     5.542928
-0.308101  0.340345  0.888391    -4.184824
>structures/ProRS-A_AF_Bact_Thermus_thermophilus_HB8_gene3169620.pdb
 0.946502  0.319157  0.047667    -4.520817
-0.308725  0.938582 -0.154121     4.039826
-0.093929  0.131160  0.986901    -3.720271
>structures/ProRS-A_AF_Euk_Cryptococcus_gattii_WM276_gene10188341.pdb
 0.909558  0.397293 -0.121910    -5.249678
-0.415572  0.870841 -0.262556     0.488571
 0.001853  0.289473  0.957185    -3.401624
>structures/ProRS-A_AF_Euk_Ostreococcus_tauri_gene9837972.pdb
 1.000000 -0.000120 -0.000312     0.018592
 0.000120  1.000000  0.000647    -0.014485
 0.000312 -0.000647  1.000000    -0.000925
>structures/ProRS-A_AF_Euk_Plasmodium_yoelii_gene3807174.pdb
 0.253150 -0.756703 -0.602757    -5.664201
 0.690669 -0.294912  0.660305     5.965337
-0.677415 -0.583462  0.447975    -2.177429
>structures/ProRS-A_AF_Euk_Scheffersomyces_stipitis_CBS_6054_gene4840393.pdb
 0.684382  0.690511 -0.234130    -5.052759
-0.647429  0.427828 -0.630713    -0.845492
-0.335347  0.583231  0.739854    -6.443091
>structures/ProRS-A_AF_Mito_Oryza_sativa_Japonica_Group_gene4342480.pdb
 0.972353  0.232076 -0.025900    -1.015879
-0.231197  0.941162 -0.246500    -0.762719
-0.032831  0.245673  0.968797    -1.179417
>structures/ProRS-A_PDB_Arch_M_janacshii_1nj8.pdb
 0.701680  0.710740 -0.049930  -103.934941
 0.669771 -0.681887 -0.294000   -16.311080
-0.243004  0.172852 -0.954500    51.392738
