>../../../../class2/sep//data/domains/Catalytic_domain/structures/SepRS_AF_Arch_Methanothrix_thermoacetophila_PT_gene4462697.pdb
-0.814630 -0.520409  0.256030    19.496921
-0.529296  0.847557  0.038652    11.059435
-0.237115 -0.104029 -0.965896   -11.034995
>../../../../class2/sep//data/domains/Catalytic_domain/structures/SepRS_AF_Arch_unclassified_Candidatus_Bathyarchaeota_proteinUCD26266.1.pdb
 0.600762  0.109410 -0.791906    22.022221
 0.680126  0.450649  0.578225     9.847536
 0.420135 -0.885971  0.196320    -2.456505
>../../../../class2/sep//data/domains/Catalytic_domain/structures/SepRS_AF_Arch_unclassified_Lokiarchaeota_proteinTFF69421.1.pdb
 0.865894  0.416183 -0.277523    23.839539
-0.498543  0.672494 -0.546998     6.271985
-0.041019  0.611999  0.789794    -3.918140
>../../../../class2/sep//data/domains/Catalytic_domain/structures/SepRS_AF_Arch_unclassified_Thermoprotei_proteinRLF12424.1.pdb
 0.161513  0.208725 -0.964545    20.219085
 0.698560 -0.714560 -0.037655    14.501145
-0.697085 -0.667711 -0.261217    -4.598504
>../../../../class2/sep//data/domains/Catalytic_domain/structures/SepRS_PDB_Arch_2DU4_A_fulgidus.pdb
-0.418740 -0.860920 -0.288917    82.277007
-0.059797 -0.291323  0.954754    47.921468
-0.906135  0.417070  0.070508    -7.802698
>../../../../class2/sep//data/domains/Catalytic_domain/structures/SepRS_PDB_Arch_2ODR_M_maripadulis.pdb
 0.258703 -0.211475 -0.942524    32.749567
-0.926208  0.222717 -0.304196    81.251623
 0.274246  0.951670 -0.138253   -33.562990
>../../../../class2/ser1//data/domains/Catalytic_domain/structures/SerRS_AF_Arch_Candidatus_Methanomassiliicoccus_intestinalis_Issoire-Mx1_gene16154337.pdb
-0.674479 -0.650747  0.348721    -1.859331
-0.738294  0.594635 -0.318325     0.589474
-0.000213 -0.472163 -0.881511    -1.479452
>../../../../class2/ser1//data/domains/Catalytic_domain/structures/SerRS_AF_Arch_Methanospirillum_hungatei_JF-1_gene3924775.pdb
-0.454700  0.718664  0.526090    -6.049922
 0.624734 -0.163639  0.763498     2.352347
 0.634787  0.675829 -0.374567    -3.962859
>../../../../class2/ser1//data/domains/Catalytic_domain/structures/SerRS_AF_Arch_Nitrosopumilus_maritimus_SCM1_gene5773574.pdb
 0.632518  0.743088 -0.218496    -3.858618
-0.601322  0.293310 -0.743224    -3.018936
-0.488194  0.601489  0.632359    -4.785937
>../../../../class2/ser1//data/domains/Catalytic_domain/structures/SerRS_AF_Arch_Thermoproteus_uzoniensis_768-20_gene10361450.pdb
 0.891579  0.445129 -0.083352    -1.049773
-0.419532  0.742539 -0.522139    -3.353326
-0.170527  0.500497  0.848778    -4.635219
>../../../../class2/ser1//data/domains/Catalytic_domain/structures/SerRS_AF_Bact_Bifidobacterium_longum_subsp_longum_JCM_1217_gene69578844.pdb
 0.047776 -0.252683  0.966369    -3.486542
-0.571600 -0.800319 -0.181005     4.073677
 0.819140 -0.543729 -0.182670    -2.384610
>../../../../class2/ser1//data/domains/Catalytic_domain/structures/SerRS_AF_Bact_Brucella_suis_1330_gene45051948.pdb
 0.994585  0.059266 -0.085371    -5.495190
-0.090329  0.899199 -0.428113    -0.346622
 0.051393  0.433507  0.899684    -3.371306
>../../../../class2/ser1//data/domains/Catalytic_domain/structures/SerRS_AF_Bact_Chlamydia_psittaci_6BC_gene12242544.pdb
-0.916259  0.390612  0.088840    -3.673893
 0.368035  0.733270  0.571721    -0.224374
 0.158178  0.556540 -0.815624    -3.861472
>../../../../class2/ser1//data/domains/Catalytic_domain/structures/SerRS_AF_Bact_Clostridium_acetobutylicum_DSM_1731_gene44996495.pdb
 0.734362  0.595376 -0.325945    -7.117867
-0.590663  0.323957 -0.739032     1.901051
-0.334410  0.735241  0.589568    -4.364675
>../../../../class2/ser1//data/domains/Catalytic_domain/structures/SerRS_AF_Bact_Mycoplasma_hyopneumoniae_168-L_gene57101125.pdb
-0.813755  0.485527  0.319477    -4.061269
 0.484807  0.263863  0.833869     0.984295
 0.320568  0.833450 -0.450107    -1.537689
>../../../../class2/ser1//data/domains/Catalytic_domain/structures/SerRS_AF_Bact_Prochlorococcus_marinus_subsp_marinus_str_CCMP1375_gene54200639.pdb
 1.000000  0.000000  0.000000     0.000000
 0.000000  1.000000  0.000000     0.000000
 0.000000  0.000000  1.000000     0.000000
>../../../../class2/ser1//data/domains/Catalytic_domain/structures/SerRS_AF_Bact_Streptobacillus_moniliformis_DSM_12112_gene29673293.pdb
 0.978621  0.188207 -0.082937    -5.909137
-0.204929  0.858080 -0.470853     0.037272
-0.017451  0.477783  0.878305    -4.107058
>../../../../class2/ser1//data/domains/Catalytic_domain/structures/SerRS_AF_Bact_Treponema_pallidum_subsp_pertenue_str_SamoaD_gene57879171.pdb
-0.563132  0.703039  0.434303    -5.307130
 0.675414  0.088763  0.732077     0.623954
 0.476129  0.705590 -0.524828    -4.513506
>../../../../class2/ser1//data/domains/Catalytic_domain/structures/SerRS_AF_Euk_Cyanidioschyzon_merolae_strain_10D_gene16995416.pdb
-0.048056  0.519475  0.853133    -5.453707
 0.336364 -0.795817  0.503522     3.129146
 0.940505  0.311160 -0.136489    -4.275207
>../../../../class2/ser1//data/domains/Catalytic_domain/structures/SerRS_AF_Euk_Thunnus_albacares_gene122982782.pdb
 0.117420 -0.199641  0.972808    -4.953319
-0.474556 -0.871782 -0.121629     3.594833
 0.872358 -0.447370 -0.197106    -0.789243
>../../../../class2/ser1//data/domains/Catalytic_domain/structures/SerRS_AF_Euk_Trichomonas_vaginalis_G3_gene4762654.pdb
-0.795708  0.605585  0.010692    -3.988686
 0.243072  0.303116  0.921432     1.954312
 0.554765  0.735790 -0.388393    -2.908302
>../../../../class2/ser1//data/domains/Catalytic_domain/structures/SerRS_AF_Euk_Vitis_vinifera_gene100261399.pdb
 0.095478  0.077389  0.992419    -4.654450
-0.203175 -0.974470  0.095537     3.786163
 0.974476 -0.210757 -0.077317    -2.976121
>../../../../class2/ser1//data/domains/Catalytic_domain/structures/SerRS_AF_Mito_Cervus_elaphus_gene122688911.pdb
 0.992999 -0.105156 -0.053809     1.285894
 0.104479  0.994410 -0.015262    -0.098216
 0.055113  0.009533  0.998435     1.083131
>../../../../class2/ser1//data/domains/Catalytic_domain/structures/SerRS_AF_Mito_Drechmeria_coniospora_gene63718051.pdb
-0.944324  0.314418  0.096920    -3.986065
 0.263821  0.547586  0.794071     1.402270
 0.196598  0.775430 -0.600048    -0.570256
>../../../../class2/ser1//data/domains/Catalytic_domain/structures/SerRS_PDB_Bact_K_pneumoniae_6h9x.pdb
-0.342793  0.201788  0.917483     6.723435
-0.038120  0.972865 -0.228211    30.163355
-0.938637 -0.113204 -0.325799   -19.270189
>../../../../class2/ser1//data/domains/Catalytic_domain/structures/SerRS_PDB_Bact_T_thermophilus_1ser.pdb
-0.879287 -0.404150 -0.252027   142.421624
 0.470098 -0.821467 -0.322800     6.163754
-0.076573 -0.402311  0.912295   -11.822741
>../../../../class2/ser1//data/domains/Catalytic_domain/structures/SerRS_PDB_Mito_B_taurus_1wle.pdb
-0.780060 -0.401031 -0.480291   101.653942
-0.105436 -0.672377  0.732661   -18.985509
-0.616757  0.622160  0.482211   -14.819870
