>structures/TyrRS_AF_Arch_Candidatus_Korarchaeum_cryptofilum_OPF8_gene6094625.pdb
 0.236288  0.636311 -0.734355    -6.319601
-0.366528 -0.641559 -0.673839     3.564544
-0.899903  0.428381  0.081633    -2.721924
>structures/TyrRS_AF_Arch_Desulfurococcus_amylolyticus_1221n_gene7171652.pdb
 0.617065  0.602147 -0.506606    -6.545779
-0.724879  0.184418 -0.663732     4.259123
-0.306237  0.776794  0.550282    -2.207650
>structures/TyrRS_AF_Arch_Methanothermococcus_okinawensis_IH1_gene10772133.pdb
 0.539867 -0.451584 -0.710363    -5.390267
 0.835320  0.183305  0.518305     2.156076
-0.103845 -0.873196  0.476177     0.650048
>structures/TyrRS_AF_Arch_Thermoplasma_acidophilum_DSM_1728_gene1456112.pdb
-0.714894  0.230527  0.660140   -10.610226
 0.675344  0.472308  0.566424     6.867502
-0.181213  0.850754 -0.493335    -6.060908
>structures/TyrRS_AF_Bact_Bifidobacterium_animalis_subsp_lactis_BLC1_gene66533077.pdb
 0.464161  0.859875 -0.212531    -3.145214
-0.821296  0.327956 -0.466816     0.984760
-0.331702  0.391229  0.858437    -7.571224
>structures/TyrRS_AF_Bact_Brachyspira_pilosicoli_95_1000_gene56440491.pdb
-0.546319  0.431024  0.718161    -6.298052
 0.760252 -0.104645  0.641144     7.613376
 0.351500  0.896252 -0.270517    -4.663789
>structures/TyrRS_AF_Bact_Chlamydia_psittaci_6BC_gene12242888.pdb
 0.630325  0.758275 -0.166459    -6.626073
-0.750014  0.539439 -0.382733     4.593647
-0.200423  0.366093  0.908739    -5.112577
>structures/TyrRS_AF_Bact_Lactococcus_lactis_subsp_cremoris_KW2_gene61108704.pdb
 0.622332  0.772071 -0.128875    -2.731235
-0.737562  0.523267 -0.426841     2.673939
-0.262116  0.360690  0.895097    -8.013072
>structures/TyrRS_AF_Bact_Porphyromonas_gingivalis_ATCC_33277_gene29255602.pdb
-0.691483  0.647487  0.320331    -7.085149
 0.637676  0.338736  0.691829     6.504984
 0.339442  0.682655 -0.647117    -9.760695
>structures/TyrRS_AF_Bact_Prochlorococcus_marinus_subsp_marinus_str_CCMP1375_gene54200747.pdb
 0.995923 -0.058035 -0.069061    -6.417872
 0.088873  0.762461  0.640902     2.423813
 0.015462 -0.644426  0.764510    -4.085409
>structures/TyrRS_AF_Bact_Serratia_plymuthica_AS9_gene57666950.pdb
 0.940823 -0.334168  0.056424    -3.439324
 0.317556  0.927420  0.197611     0.043396
-0.118364 -0.167999  0.978655    -8.985602
>structures/TyrRS_AF_Bact_Streptobacillus_moniliformis_DSM_12112_gene29673957.pdb
 1.000000  0.000000  0.000000     0.000000
 0.000000  1.000000  0.000000     0.000000
 0.000000  0.000000  1.000000     0.000000
>structures/TyrRS_AF_Euk_Cryptococcus_neoformans_var_neoformans_JEC21_gene3254328.pdb
 0.774761  0.625936 -0.089161    -4.314173
-0.631923  0.762049 -0.141261     1.168608
-0.020475  0.165786  0.985949    -6.499298
>structures/TyrRS_AF_Euk_Drosophila_melanogaster_gene39829.pdb
 0.104176 -0.628453  0.770840    -5.261148
 0.993268  0.105220 -0.048453    11.318743
-0.050657  0.770698  0.635184    -6.658833
>structures/TyrRS_AF_Euk_Homo_sapiens_gene8565.pdb
 0.013937 -0.772436  0.634940    -4.810111
 0.995737 -0.047184 -0.079258    11.825008
 0.091181  0.633338  0.768485    -4.937238
>structures/TyrRS_AF_Euk_Plasmodium_falciparum_3D7_gene2655248.pdb
 0.717164  0.372841 -0.588783    -7.858989
-0.471055 -0.363293 -0.803819     1.352172
-0.513598  0.853819 -0.084912    -1.265847
>structures/TyrRS_AF_Euk_Seriola_dumerili_gene111223086.pdb
 0.026199 -0.932098 -0.361256    -5.496480
 0.985233 -0.037091  0.167151    13.365413
-0.169200 -0.360301  0.917363    -5.433590
>structures/TyrRS_AF_Mito_Aspergillus_fumigatus_Af293_gene3509181.pdb
-0.970027  0.166202  0.177271   -14.679739
-0.240096 -0.767962 -0.593792    -2.139950
 0.037448 -0.618556  0.784848     0.980858
>structures/TyrRS_AF_Mito_Cyanidioschyzon_merolae_strain_10D_gene16996209.pdb
 0.714881  0.697031  0.055608    -4.370595
-0.689790  0.716014 -0.107296     0.841155
-0.114604  0.038346  0.992671    -6.069803
>structures/TyrRS_AF_Mito_Homo_sapiens_gene51067.pdb
 0.272631  0.850872 -0.449098    -5.491927
-0.874634  0.024704 -0.484154    -4.586291
-0.400859  0.524792  0.750937    -9.072826
>structures/TyrRS_AF_Vir_Megavirus_chiliensis_gene11257765.pdb
 0.144932 -0.704611 -0.694635    -9.833875
 0.942723 -0.114842  0.313185     0.214805
-0.300447 -0.700239  0.647609     2.288926
>structures/TyrRS_PDB_Arch_M_jannashii_1U7D.pdb
 0.601729  0.682999  0.414047   -48.019023
 0.616512 -0.726761  0.302872    30.589225
 0.507775  0.073018 -0.858390    10.441077
>structures/TyrRS_PDB_E_coli_Bact_1WQ4.pdb
-0.486775  0.416958  0.767591   -39.927473
-0.811834  0.108430 -0.573732    56.343034
-0.322452 -0.902435  0.285720     0.399467
>structures/TyrRS_PDB_Vir_Acanthamoeba_polyphaga_mimivirus_2J5B.pdb
 0.560879  0.448146  0.696118  -103.205146
-0.146466  0.881275 -0.449334   -30.744906
-0.814839  0.150064  0.559927     3.029763
