>structures/TyrRS_AF_Arch_Candidatus_Korarchaeum_cryptofilum_OPF8_gene6094625.pdb
 1.000000  0.000000  0.000000     0.000000
 0.000000  1.000000  0.000000     0.000000
 0.000000  0.000000  1.000000     0.000000
>structures/TyrRS_AF_Arch_Desulfurococcus_amylolyticus_1221n_gene7171652.pdb
 0.679123 -0.639199 -0.360854    -1.130390
 0.733357  0.611810  0.296440    -0.303624
 0.031290 -0.465954  0.884256     0.379834
>structures/TyrRS_AF_Arch_Methanothermococcus_okinawensis_IH1_gene10772133.pdb
-0.117858  0.625687 -0.771120    -3.379818
-0.144132 -0.779087 -0.610123     3.629537
-0.982515  0.039235  0.182003     1.755117
>structures/TyrRS_AF_Arch_Thermoplasma_acidophilum_DSM_1728_gene1456112.pdb
-0.246289 -0.895594  0.370477     0.453912
-0.968959  0.219075 -0.114559    -6.015918
 0.021436 -0.387192 -0.921750     0.832590
>structures/TyrRS_AF_Bact_Bifidobacterium_animalis_subsp_lactis_BLC1_gene66533077.pdb
 0.696137 -0.263519 -0.667795     6.344903
 0.690712  0.499456  0.522936     1.853931
 0.195730 -0.825289  0.529706    -0.835721
>structures/TyrRS_AF_Bact_Brachyspira_pilosicoli_95_1000_gene56440491.pdb
-0.716358 -0.677501  0.166805    -0.027270
-0.692376  0.719813 -0.049849    -3.315609
-0.086296 -0.151201 -0.984729    -3.038676
>structures/TyrRS_AF_Bact_Chlamydia_psittaci_6BC_gene12242888.pdb
 0.576791 -0.385653 -0.720127     1.226509
 0.814423  0.339962  0.470256    -0.818575
 0.063460 -0.857728  0.510172    -0.176520
>structures/TyrRS_AF_Bact_Lactococcus_lactis_subsp_cremoris_KW2_gene61108704.pdb
 0.633377 -0.349388 -0.690479     5.981880
 0.772828  0.331293  0.541278     1.705704
 0.039635 -0.876455  0.479850    -2.281714
>structures/TyrRS_AF_Bact_Porphyromonas_gingivalis_ATCC_33277_gene29255602.pdb
-0.687184 -0.581805  0.435065     5.592003
-0.721536  0.476812 -0.502032    -5.487364
 0.084641 -0.658903 -0.747451    -1.573252
>structures/TyrRS_AF_Bact_Prochlorococcus_marinus_subsp_marinus_str_CCMP1375_gene54200747.pdb
 0.179090  0.278962 -0.943455     1.635840
 0.585931 -0.800585 -0.125494     0.140085
-0.790324 -0.530325 -0.306829     0.792619
>structures/TyrRS_AF_Bact_Serratia_plymuthica_AS9_gene57666950.pdb
 0.193419 -0.247550 -0.949372     7.435513
 0.367394 -0.878965  0.304042     1.988774
-0.909731 -0.407601 -0.079060    -0.270667
>structures/TyrRS_AF_Bact_Streptobacillus_moniliformis_DSM_12112_gene29673957.pdb
 0.236288 -0.366528 -0.899903     0.350281
 0.636311 -0.641559  0.428381     7.474117
-0.734355 -0.673839  0.081633    -2.016700
>structures/TyrRS_AF_Euk_Cryptococcus_neoformans_var_neoformans_JEC21_gene3254328.pdb
 0.407749 -0.284382 -0.867680     4.750329
 0.905911  0.007034  0.423410     2.091023
-0.114307 -0.958685  0.260493     0.151051
>structures/TyrRS_AF_Euk_Drosophila_melanogaster_gene39829.pdb
-0.266467 -0.886646 -0.377959     0.932413
-0.605595 -0.151053  0.781305    -6.108948
-0.749833  0.437083 -0.496698    -5.881708
>structures/TyrRS_AF_Euk_Homo_sapiens_gene8565.pdb
-0.423523 -0.743843 -0.517035    -0.649969
-0.602688 -0.194739  0.773850    -5.497449
-0.676310  0.639355 -0.365829    -6.465469
>structures/TyrRS_AF_Euk_Plasmodium_falciparum_3D7_gene2655248.pdb
 0.766400 -0.594681  0.242869    -1.750110
 0.591379  0.800816  0.094688     1.156080
-0.250803  0.071059  0.965427     3.363758
>structures/TyrRS_AF_Euk_Saccharomyces_cerevisiae_S288C_gene853097.pdb
 0.783567 -0.583177 -0.214308    -1.932572
 0.617879  0.767608  0.170304     1.428000
 0.065188 -0.265861  0.961805     1.395637
>structures/TyrRS_AF_Euk_Seriola_dumerili_gene111223086.pdb
-0.181788  0.121878 -0.975756    -0.973315
-0.692192 -0.720662  0.038944    -6.964697
-0.698444  0.682490  0.215371    -7.008167
>structures/TyrRS_AF_Mito_Aspergillus_fumigatus_Af293_gene3509181.pdb
-0.184909  0.854674 -0.485120    -3.223178
-0.420255  0.377454  0.825175     0.268450
 0.888366  0.356456  0.289387     9.622276
>structures/TyrRS_AF_Mito_Cyanidioschyzon_merolae_strain_10D_gene16996209.pdb
 0.506699 -0.132507 -0.851879     4.492885
 0.861416  0.037819  0.506490     2.283772
-0.034896 -0.990460  0.133306     0.547421
>structures/TyrRS_AF_Mito_Homo_sapiens_gene51067.pdb
 0.730061 -0.311555 -0.608230     9.032120
 0.567125  0.772800  0.284869     3.936029
 0.381288 -0.552914  0.740882     4.755585
>structures/TyrRS_AF_Vir_Megavirus_chiliensis_gene11257765.pdb
-0.015183  0.545289 -0.838110    -4.887550
-0.626691 -0.658329 -0.416967     1.913833
-0.779120  0.518905  0.351723     5.861893
>structures/TyrRS_PDB_Arch_M_jannashii_1U7D.pdb
-0.531950  0.350678  0.770749   -31.199819
 0.202417  0.936489 -0.286384   -38.326222
-0.822226  0.003671 -0.569149    13.603127
>structures/TyrRS_PDB_E_coli_Bact_1WQ4.pdb
 0.492897  0.863581  0.106207   -29.225522
 0.045487 -0.147473  0.988020   -53.462270
 0.868898 -0.482161 -0.111971   -12.030468
>structures/TyrRS_PDB_Vir_Acanthamoeba_polyphaga_mimivirus_2J5B.pdb
 0.889055 -0.397812 -0.226554    -9.928397
 0.188663 -0.132522  0.973059   -47.219364
-0.417118 -0.907846 -0.042767    92.114817
