>structures/TyrRS_AF_Arch_Candidatus_Korarchaeum_cryptofilum_OPF8_gene6094625.pdb
 0.184707  0.580612 -0.792952     0.199465
 0.286286 -0.803631 -0.521745    -0.131361
-0.940172 -0.130641 -0.314657     1.827180
>structures/TyrRS_AF_Arch_Desulfurococcus_amylolyticus_1221n_gene7171652.pdb
 0.562716  0.667655 -0.487429    -0.026423
-0.367415 -0.326200 -0.870976     1.237258
-0.740511  0.669201  0.061748     2.470745
>structures/TyrRS_AF_Arch_Methanothermococcus_okinawensis_IH1_gene10772133.pdb
 0.623330 -0.438281 -0.647587     1.090025
 0.663263  0.734987  0.140986    -3.461956
 0.414176 -0.517401  0.748835     3.574147
>structures/TyrRS_AF_Arch_Thermoplasma_acidophilum_DSM_1728_gene1456112.pdb
-0.634294  0.268654  0.724911    -3.783591
 0.694885 -0.212840  0.686901     4.695374
 0.338829  0.939428 -0.051680     1.915091
>structures/TyrRS_AF_Bact_Bifidobacterium_animalis_subsp_lactis_BLC1_gene66533077.pdb
 0.382144  0.893845 -0.234535     2.942013
-0.445962 -0.043908 -0.893974     1.019783
-0.809373  0.446220  0.381842    -3.942925
>structures/TyrRS_AF_Bact_Brachyspira_pilosicoli_95_1000_gene56440491.pdb
-0.471514  0.433344  0.768042     0.564957
 0.387366 -0.680635  0.621838     4.317353
 0.792226  0.590719  0.153066     2.912576
>structures/TyrRS_AF_Bact_Chlamydia_psittaci_6BC_gene12242888.pdb
 0.549380  0.814697 -0.185608    -0.231163
-0.479694  0.125633 -0.868395     2.403818
-0.684160  0.566114  0.459826     0.457353
>structures/TyrRS_AF_Bact_Lactococcus_lactis_subsp_cremoris_KW2_gene61108704.pdb
 0.553656  0.818713 -0.152229     3.763466
-0.428469  0.123321 -0.895101     2.608645
-0.714058  0.560804  0.419071    -3.135139
>structures/TyrRS_AF_Bact_Porphyromonas_gingivalis_ATCC_33277_gene29255602.pdb
-0.627602  0.679885  0.379305    -0.385294
 0.318267 -0.220578  0.921982     6.810080
 0.710508  0.699358 -0.077950    -1.555714
>structures/TyrRS_AF_Bact_Prochlorococcus_marinus_subsp_marinus_str_CCMP1375_gene54200747.pdb
 1.000000  0.000000  0.000000     0.000000
 0.000000  1.000000  0.000000     0.000000
 0.000000  0.000000  1.000000     0.000000
>structures/TyrRS_AF_Bact_Serratia_plymuthica_AS9_gene57666950.pdb
 0.962160 -0.258166  0.087172     2.766021
 0.267657  0.835477 -0.479936     1.202802
 0.051073  0.485107  0.872962    -5.384233
>structures/TyrRS_AF_Bact_Streptobacillus_moniliformis_DSM_12112_gene29673957.pdb
 0.995963  0.088418  0.015507     6.236154
-0.057663  0.762545 -0.644360    -4.846160
-0.068798  0.640864  0.764565     1.133716
>structures/TyrRS_AF_Euk_Cryptococcus_neoformans_var_neoformans_JEC21_gene3254328.pdb
 0.703511  0.704551 -0.093166     1.770581
-0.514442  0.414408 -0.750743     0.452458
-0.490328  0.576085  0.653991    -3.017448
>structures/TyrRS_AF_Euk_Drosophila_melanogaster_gene39829.pdb
 0.182243 -0.586307  0.789324     1.659867
 0.790114 -0.390490 -0.472480     8.616771
 0.585241  0.709762  0.392085     3.477083
>structures/TyrRS_AF_Euk_Plasmodium_falciparum_3D7_gene2655248.pdb
 0.671882  0.347200 -0.654238    -1.536475
-0.070958 -0.849082 -0.523474    -2.617342
-0.737252  0.398136 -0.545846     1.589083
>structures/TyrRS_AF_Euk_Seriola_dumerili_gene111223086.pdb
 0.102491 -0.944609 -0.311784     1.732526
 0.861607  0.240941 -0.446745     9.256946
 0.497121 -0.222848  0.838576     5.730850
>structures/TyrRS_AF_Mito_Aspergillus_fumigatus_Af293_gene3509181.pdb
-0.986455  0.057807  0.153511    -8.648573
-0.161263 -0.170469 -0.972078    -6.172287
-0.030024 -0.983666  0.177482     1.053733
>structures/TyrRS_AF_Mito_Cyanidioschyzon_merolae_strain_10D_gene16996209.pdb
 0.642888  0.763984  0.054975     1.726273
-0.497392  0.470978 -0.728547    -0.007149
-0.582491  0.441030  0.682786    -2.688594
>structures/TyrRS_AF_Vir_Megavirus_chiliensis_gene11257765.pdb
 0.198027 -0.739090 -0.643841    -3.252124
 0.917248  0.371323 -0.144138    -5.416048
 0.345604 -0.562018  0.751461     3.788024
>structures/TyrRS_PDB_Arch_M_jannashii_1U7D.pdb
 0.657275  0.653328  0.375703   -39.213516
 0.158510 -0.607198  0.778579    13.362694
 0.736793 -0.452188 -0.502655    31.952198
>structures/TyrRS_PDB_E_coli_Bact_1WQ4.pdb
-0.566315  0.411560  0.714077   -28.267476
-0.381598  0.637009 -0.669778    40.366988
-0.730527 -0.651796 -0.203697    40.282591
>structures/TyrRS_PDB_Vir_Acanthamoeba_polyphaga_mimivirus_2J5B.pdb
 0.532537  0.524775  0.664090   -99.060534
 0.373889  0.558049 -0.740803   -24.572746
-0.759350  0.642800  0.100974    -8.851897
