>../../../../class2/his//data/domains/Catalytic_domain/structures/HisRS_AF_Arch_Candidatus_Methanomassiliicoccus_intestinalis_Issoire-Mx1_gene16154026.pdb
 0.929432  0.368925 -0.007117    -0.467875
-0.345770  0.864039 -0.365897    -1.131039
-0.128839  0.342537  0.930628    -2.383387
>../../../../class2/his//data/domains/Catalytic_domain/structures/HisRS_AF_Arch_Candidatus_Nitrosopumilus_koreensis_AR1_gene13725657.pdb
-0.980410  0.185791  0.065400    -4.449864
 0.196693  0.940959  0.275513    -1.114224
-0.010351  0.282980 -0.959070    -1.744687
>../../../../class2/his//data/domains/Catalytic_domain/structures/HisRS_AF_Arch_Desulfurococcus_amylolyticus_1221n_gene7171287.pdb
-0.076040  0.219945  0.972544    -5.025979
 0.380311 -0.895236  0.232197     1.487488
 0.921727  0.387526 -0.015574    -0.685225
>../../../../class2/his//data/domains/Catalytic_domain/structures/HisRS_AF_Arch_Methanoregula_formicica_SMSP_gene14310605.pdb
 1.000000  0.000000  0.000000     0.000000
 0.000000  1.000000  0.000000     0.000000
 0.000000  0.000000  1.000000     0.000000
>../../../../class2/his//data/domains/Catalytic_domain/structures/HisRS_AF_Bact_Chlamydia_muridarum_str_Nigg_gene1246198.pdb
-0.861544 -0.401825 -0.310287    -3.853043
-0.352077  0.913231 -0.205065     0.912806
 0.365764 -0.067428 -0.928262    -3.368493
>../../../../class2/his//data/domains/Catalytic_domain/structures/HisRS_AF_Bact_Lacticaseibacillus_paracasei_gene61269730.pdb
-0.673339  0.642508  0.365785    -6.069668
 0.656136  0.291295  0.696156     4.974437
 0.340734  0.708753 -0.617713    -2.558953
>../../../../class2/his//data/domains/Catalytic_domain/structures/HisRS_AF_Bact_Paracoccus_denitrificans_PD1222_gene75501415.pdb
 0.037923 -0.160939  0.986236    -4.186580
 0.281401 -0.945285 -0.165077    -0.749719
 0.958840  0.283788  0.009440    -1.822953
>../../../../class2/his//data/domains/Catalytic_domain/structures/HisRS_AF_Bact_Prochlorococcus_marinus_subsp_marinus_str_CCMP1375_gene54200127.pdb
 0.056514  0.023694  0.998121    -0.148752
 0.047774 -0.998637  0.021002     3.319664
 0.997258  0.046497 -0.057569     3.205261
>../../../../class2/his//data/domains/Catalytic_domain/structures/HisRS_AF_Bact_Streptobacillus_moniliformis_DSM_12112_gene29674169.pdb
-0.692780  0.663041  0.283608    -7.929688
 0.639451  0.382978  0.666656     3.886928
 0.333404  0.643199 -0.689302    -2.127767
>../../../../class2/his//data/domains/Catalytic_domain/structures/HisRS_AF_Bact_Streptomyces_albidoflavus_gene15149169.pdb
-0.893872  0.416795  0.165149    -2.638710
 0.373844  0.489637  0.787716     0.828499
 0.247453  0.765857 -0.593489    -1.777714
>../../../../class2/his//data/domains/Catalytic_domain/structures/HisRS_AF_Bact_Thermus_thermophilus_HB8_gene3168691.pdb
-0.511520  0.705732  0.490193    -5.071523
 0.758850  0.103397  0.643006     4.596705
 0.403106  0.700893 -0.588434    -3.202221
>../../../../class2/his//data/domains/Catalytic_domain/structures/HisRS_AF_Bact_Treponema_denticola_ATCC_35405_gene2741405.pdb
-0.606506 -0.684471  0.404536    -1.575023
-0.757719  0.343464 -0.554883     1.472922
 0.240857 -0.643064 -0.726950    -2.091332
>../../../../class2/his//data/domains/Catalytic_domain/structures/HisRS_AF_Euk_Arabidopsis_thaliana_gene823753.pdb
-0.885471  0.377614  0.270830    -3.747188
 0.432998  0.458900  0.775837     0.699291
 0.168683  0.804250 -0.569849    -1.620127
>../../../../class2/his//data/domains/Catalytic_domain/structures/HisRS_AF_Euk_Cryptococcus_gattii_WM276_gene10186972.pdb
-0.163730  0.197540 -0.966525    -4.337743
 0.214217 -0.949249 -0.230298     1.329695
-0.962966 -0.244752  0.113104    -0.888447
>../../../../class2/his//data/domains/Catalytic_domain/structures/HisRS_AF_Euk_Plasmodium_falciparum_3D7_gene812010.pdb
-0.628346  0.604500  0.489654     1.993381
 0.643081  0.757810 -0.110321   -13.068135
-0.437754  0.245567 -0.864910    -4.232989
>../../../../class2/his//data/domains/Catalytic_domain/structures/HisRS_AF_Euk_Platysiphonia_delicata_gene33353157.pdb
-0.690647  0.643440  0.330139    -8.202598
 0.638009  0.327161  0.697072     5.815472
 0.340516  0.692062 -0.636474    -1.866366
>../../../../class2/his//data/domains/Catalytic_domain/structures/HisRS_PDB_Arch_T_acidophilum_1WU7.pdb
-0.434404  0.861528 -0.262797   -21.998643
 0.216644 -0.183261 -0.958896    75.154431
-0.874276 -0.473481 -0.107035    37.084765
>../../../../class2/his//data/domains/Catalytic_domain/structures/HisRS_PDB_Bact_B_thailandensis_4e51.pdb
 0.192208  0.895312 -0.401837    13.410095
-0.956441  0.262583  0.127557    -0.050313
 0.219719  0.359816  0.906783   -44.222120
>../../../../class2/his//data/domains/Catalytic_domain/structures/HisRS_PDB_Bact_E_coli_1HTT.pdb
-0.224892 -0.959050 -0.172181    12.993406
-0.937925  0.165185  0.304977   -22.329525
-0.264046  0.230079 -0.936666    13.552911
>../../../../class2/pro3//data/domains/Catalytic_domain/structures/ProRS-M_AF_Euk_Candida_albicans_SC5314_gene3640100.pdb
-0.139349  0.779528  0.610670    -9.183991
 0.681699 -0.371776  0.630134    -1.390646
 0.718240  0.504101 -0.479597    -5.372376
>../../../../class2/pro3//data/domains/Catalytic_domain/structures/ProRS-M_AF_Mito_Drosophila_melanogaster_gene38331.pdb
-0.475221 -0.404534 -0.781356    -3.211355
 0.401891 -0.889788  0.216243    -0.165129
-0.782719 -0.211257  0.585424    -8.938026
>../../../../class2/pro3//data/domains/Catalytic_domain/structures/ProRS-M_AF_Mito_Mauremys_reevesii_gene120369760.pdb
-0.763818 -0.418062 -0.491739    -7.029761
-0.309973  0.905866 -0.288660    -3.584569
 0.566127 -0.068058 -0.821504    -7.231071
>../../../../class2/pro3//data/domains/Catalytic_domain/structures/ProRS-M_AF_Mito_Schizosaccharomyces_pombe_gene2540642.pdb
 0.215220  0.711121  0.669318    -5.210356
 0.711968 -0.583370  0.390871    -0.321244
 0.668417  0.392410 -0.631849    -7.657862
