>../../../../class2/pro3//data/domains/Catalytic_domain/structures/ProRS-M_AF_Euk_Candida_albicans_SC5314_gene3640100.pdb
-0.029805 -0.620375  0.783739    14.891452
-0.504364 -0.667616 -0.547637     8.579766
 0.862976 -0.411612 -0.292996    -4.765018
>../../../../class2/pro3//data/domains/Catalytic_domain/structures/ProRS-M_AF_Mito_Drosophila_melanogaster_gene38331.pdb
 0.850077 -0.457454 -0.260968    18.290300
 0.517910  0.816051  0.256573     4.870978
 0.095593 -0.353265  0.930627    -9.758580
>../../../../class2/pro3//data/domains/Catalytic_domain/structures/ProRS-M_AF_Mito_Mauremys_reevesii_gene120369760.pdb
-0.611677  0.682925  0.399331    14.736535
 0.496404 -0.061705  0.865896     8.689132
 0.615983  0.727878 -0.301263    -8.340520
>../../../../class2/pro3//data/domains/Catalytic_domain/structures/ProRS-M_AF_Mito_Schizosaccharomyces_pombe_gene2540642.pdb
 0.023007 -0.696495  0.717193    17.273103
-0.779068 -0.462062 -0.423735     6.018156
 0.626517 -0.548994 -0.553247    -7.928740
>../../../../class2/ser2//data/domains/Catalytic_domain/structures/SerRS-A_AF_Arch_Conexivisphaera_calida_protein1635512986.pdb
 0.355745 -0.630269 -0.690077     2.476638
 0.921402  0.112951  0.371834    -0.283293
-0.156411 -0.768116  0.620913     0.093652
>../../../../class2/ser2//data/domains/Catalytic_domain/structures/SerRS-A_AF_Arch_Ignisphaera_aggregans_protein304378874.pdb
-0.054897 -0.192009 -0.979856     2.339759
 0.616486 -0.778473  0.118008     1.673677
-0.785450 -0.597589  0.161107     1.128704
>../../../../class2/ser2//data/domains/Catalytic_domain/structures/SerRS-A_AF_Arch_Methanosarcina_barkeri_protein805401349.pdb
 1.000000  0.000000  0.000000     0.000000
 0.000000  1.000000  0.000000     0.000000
 0.000000  0.000000  1.000000     0.000000
>../../../../class2/ser2//data/domains/Catalytic_domain/structures/SerRS-A_AF_Arch_Unclassified_Thermoplasmata_protein1635512986.pdb
 0.510281 -0.611494 -0.604722     0.030738
 0.859541  0.385790  0.335194    -1.710995
 0.028327 -0.690827  0.722465     1.323234
>../../../../class2/ser2//data/domains/Catalytic_domain/structures/SerRS-A_PDB_Arch_M_barkeri_2cjb.pdb
-0.878072 -0.430622  0.208695    24.901872
-0.459349  0.636265 -0.619811    74.539425
 0.134119 -0.640102 -0.756493    56.116362
