>../../../../class2/gly1//data/domains/Catalytic_domain/structures/GlyRS-A_AF_Arch_Candidatus_Nitrosopumilus_sediminis_gene13697160.pdb
 1.000000 -0.000000  0.000000     0.000000
 0.000000  1.000000  0.000000     0.000000
-0.000000  0.000000  1.000000     0.000000
>../../../../class2/gly1//data/domains/Catalytic_domain/structures/GlyRS-A_AF_Arch_Candidatus_Woesearchaeota_archaeon_proteinMBT4248212.1.pdb
 0.055771  0.503504 -0.862191    -1.255808
-0.139911 -0.851073 -0.506062     1.960382
-0.988592  0.148853  0.022981     0.582908
>../../../../class2/gly1//data/domains/Catalytic_domain/structures/GlyRS-A_AF_Arch_Sulfolobus_islandicus_YN1551_gene7810979.pdb
-0.223662 -0.439727  0.869836     1.336173
-0.628564 -0.616990 -0.473530    -1.444272
 0.744904 -0.652658 -0.138399     1.504188
>../../../../class2/gly1//data/domains/Catalytic_domain/structures/GlyRS-A_AF_Arch_Thermoplasma_acidophilum_DSM_1728_gene1455843.pdb
 0.964103 -0.233269 -0.126851    -0.027740
 0.253317  0.951230  0.176044    -0.178150
 0.079599 -0.201858  0.976175     0.002430
>../../../../class2/gly1//data/domains/Catalytic_domain/structures/GlyRS-A_AF_Bact_Capnocytophaga_ochracea_DSM_7271_gene29675716.pdb
 0.115349 -0.370066  0.921817    -1.595150
-0.407130 -0.864095 -0.295948     0.120730
 0.906057 -0.341162 -0.250337     0.123242
>../../../../class2/gly1//data/domains/Catalytic_domain/structures/GlyRS-A_AF_Bact_Corynebacterium_ulcerans_809_gene75260805.pdb
-0.014469 -0.604966 -0.796120     0.801536
 0.883508 -0.380551  0.273121     0.605162
-0.468193 -0.699426  0.539998     4.247612
>../../../../class2/gly1//data/domains/Catalytic_domain/structures/GlyRS-A_AF_Bact_Treponema_denticola_ATCC_35405_gene2741635.pdb
-0.595925 -0.786773  0.160816    -1.244506
-0.802919  0.587241 -0.102317     1.619383
-0.013938 -0.190095 -0.981667     3.375097
>../../../../class2/gly1//data/domains/Catalytic_domain/structures/GlyRS-A_PDB_Bact_T_thermophilus_1ati.pdb
-0.886470 -0.240949  0.395114    18.299595
 0.460027 -0.365686  0.809104   -25.237608
-0.050466  0.899009  0.435013   -44.036828
>../../../../class2/sep//data/domains/Catalytic_domain/structures/SepRS_AF_Arch_Methanothrix_thermoacetophila_PT_gene4462697.pdb
 0.449844  0.637776 -0.625206   -10.823641
-0.489895 -0.409113 -0.769824     5.795579
-0.746755  0.652586  0.128406     7.743899
>../../../../class2/sep//data/domains/Catalytic_domain/structures/SepRS_AF_Arch_unclassified_Candidatus_Bathyarchaeota_proteinUCD26266.1.pdb
-0.142962 -0.344477  0.927846    -9.594920
 0.538161 -0.813832 -0.219228    14.490620
 0.830629  0.467989  0.301731     7.605927
>../../../../class2/sep//data/domains/Catalytic_domain/structures/SepRS_AF_Arch_unclassified_Lokiarchaeota_proteinTFF69421.1.pdb
-0.895327  0.091678  0.435871   -13.082874
 0.385836  0.648546  0.656139    14.800086
-0.222529  0.755635 -0.616033     4.285298
>../../../../class2/sep//data/domains/Catalytic_domain/structures/SepRS_AF_Arch_unclassified_Thermoprotei_proteinRLF12424.1.pdb
-0.251359 -0.664095  0.704128    -7.806365
-0.645288 -0.427238 -0.633302    11.494028
 0.721402 -0.613552 -0.321143    11.050874
>../../../../class2/sep//data/domains/Catalytic_domain/structures/SepRS_PDB_Arch_2DU4_A_fulgidus.pdb
-0.057649  0.829785  0.555097   -51.936806
-0.982060  0.052861 -0.181010    30.257936
-0.179542 -0.555574  0.811851    63.046442
>../../../../class2/sep//data/domains/Catalytic_domain/structures/SepRS_PDB_Arch_2ODR_M_maripadulis.pdb
-0.355896  0.655063  0.666506   -12.901333
 0.471460  0.741646 -0.477166   -17.934706
-0.806885  0.144409 -0.572785    78.819732
