>../../../../class1/glu2//data/domains/Catalytic_domain/structures/GlxRS-A_AF_Arch_Candidatus_Korarchaeum_cryptofilum_OPF8_gene6094352.pdb
 0.780107  0.295774  0.551318    -6.531914
-0.441368  0.884719  0.149890    -8.670182
-0.443428 -0.360264  0.820720    -4.981995
>../../../../class1/glu2//data/domains/Catalytic_domain/structures/GlxRS-A_AF_Arch_Methanothrix_soehngenii_GP6_gene10459943.pdb
-0.617361 -0.329790 -0.714215    -7.364807
 0.081869 -0.929890  0.358611    -5.851939
-0.782408  0.162920  0.601078    -3.690264
>../../../../class1/glu2//data/domains/Catalytic_domain/structures/GlxRS-A_AF_Arch_Nitrosopumilus_maritimus_SCM1_gene5773999.pdb
-0.243801 -0.924926 -0.291672    -9.071530
-0.536988  0.379179 -0.753569    -7.027023
 0.807592 -0.027096 -0.589119    -4.060397
>../../../../class1/glu2//data/domains/Catalytic_domain/structures/GlxRS-A_AF_Arch_Sulfolobus_islandicus_LAL14_1_gene15298417.pdb
 0.408042  0.350661  0.842935    -3.134959
 0.475787 -0.869679  0.131471    -4.510422
 0.779184  0.347412 -0.521706    -3.356241
>../../../../class1/glu2//data/domains/Catalytic_domain/structures/GlxRS-A_PDB_Arch_M_thermau_3AII.pdb
 0.542655 -0.041231  0.838943   -57.234664
 0.829104  0.186321 -0.527134    19.571098
-0.134578  0.981623  0.135293   -51.105601
>../../../../class1/met//data/domains/Catalytic_domain/structures/MetRS_AF_Arch_Aciduliprofundum_boonei_T469_gene8827030.pdb
-0.026206 -0.201280  0.979183    -5.198211
-0.193158 -0.960040 -0.202515    -4.106080
 0.980818 -0.194444 -0.013721     0.115916
>../../../../class1/met//data/domains/Catalytic_domain/structures/MetRS_AF_Arch_Candidatus_Korarchaeum_cryptofilum_OPF8_gene6093355.pdb
-0.970818  0.187733  0.149227    -1.958154
 0.236487  0.852757  0.465703    -5.834619
-0.039827  0.487403 -0.872268     1.756044
>../../../../class1/met//data/domains/Catalytic_domain/structures/MetRS_AF_Arch_Candidatus_Nitrosopumilus_sediminis_gene13696902.pdb
 0.662655 -0.519415 -0.539533    -2.031462
 0.746349  0.398306  0.533213    -2.486649
-0.062060 -0.756016  0.651605     1.761440
>../../../../class1/met//data/domains/Catalytic_domain/structures/MetRS_AF_Arch_Halalkalicoccus_jeotgali_B3_gene9420443.pdb
-0.143221 -0.261540  0.954508    -3.909723
-0.288889 -0.911400 -0.293075    -2.265019
 0.946589 -0.317721  0.054975     3.033881
>../../../../class1/met//data/domains/Catalytic_domain/structures/MetRS_AF_Bact_Bacillus_anthracis_str_Ames_Ancestor_gene45024892.pdb
 0.485126  0.630643 -0.605758    -3.141278
-0.132422 -0.631762 -0.763767    -3.265761
-0.864360  0.450739 -0.222973     2.919688
>../../../../class1/met//data/domains/Catalytic_domain/structures/MetRS_AF_Bact_Brucella_suis_1330_gene45052047.pdb
-0.990689  0.058772  0.122802     0.366515
 0.106131  0.898358  0.426251    -2.802516
-0.085268  0.435315 -0.896231     2.198379
>../../../../class1/met//data/domains/Catalytic_domain/structures/MetRS_AF_Bact_Chlamydia_psittaci_6BC_gene12243105.pdb
-0.106196 -0.464464  0.879202    -0.013749
-0.852768 -0.412192 -0.320756     0.877463
 0.511379 -0.783819 -0.352307     5.074686
>../../../../class1/met//data/domains/Catalytic_domain/structures/MetRS_AF_Bact_Mycoplasma_hyopneumoniae_168-L_gene57101263.pdb
-0.019649 -0.640256  0.767910    -1.351392
-0.672205 -0.560093 -0.484186    -0.206037
 0.740104 -0.525707 -0.419378     2.723667
>../../../../class1/met//data/domains/Catalytic_domain/structures/MetRS_AF_Bact_Nocardia_farcinica_IFM_10152_gene61135500.pdb
-0.862407 -0.444524  0.242183     2.111870
-0.467100  0.883195 -0.042238    -2.213189
-0.195119 -0.149550 -0.969311     2.434570
>../../../../class1/met//data/domains/Catalytic_domain/structures/MetRS_AF_Bact_Prochlorococcus_marinus_subsp_marinus_str_CCMP1375_gene54200313.pdb
 0.276954 -0.405838 -0.870972     0.298478
 0.836966 -0.343363  0.426134    -1.560645
-0.472001 -0.846993  0.244577     2.235604
>../../../../class1/met//data/domains/Catalytic_domain/structures/MetRS_AF_Bact_Streptobacillus_moniliformis_DSM_12112_gene29673607.pdb
 0.796137  0.560574  0.227865    -2.036018
-0.208944  0.608070 -0.765894    -1.595927
-0.567899  0.562146  0.601235    -0.390542
>../../../../class1/met//data/domains/Catalytic_domain/structures/MetRS_AF_Bact_Treponema_denticola_ATCC_35405_gene2740824.pdb
 0.305723 -0.734141 -0.606276     0.260654
 0.893682  0.001612  0.448699    -4.364241
-0.328430 -0.678995  0.656581     2.288863
>../../../../class1/met//data/domains/Catalytic_domain/structures/MetRS_AF_Euk_Drosophila_melanogaster_gene37177.pdb
 0.057509  0.275813  0.959489    -0.008463
-0.184495 -0.941590  0.281726     5.893273
 0.981149 -0.193223 -0.003264     5.359266
>../../../../class1/met//data/domains/Catalytic_domain/structures/MetRS_AF_Euk_Oryza_sativa_Japonica_Group_gene4341140.pdb
-0.211236  0.430918  0.877319    -4.221584
 0.293752 -0.828091  0.477467     3.302273
 0.932250  0.358572  0.048339     3.720624
>../../../../class1/met//data/domains/Catalytic_domain/structures/MetRS_AF_Euk_Scheffersomyces_stipitis_CBS_6054_gene4836672.pdb
 0.806120 -0.427756 -0.408896     5.432862
 0.591489  0.603074  0.535203    -0.967303
 0.017658 -0.673295  0.739163    -2.561748
>../../../../class1/met//data/domains/Catalytic_domain/structures/MetRS_AF_Euk_Trypanosoma_brucei_brucei_TREU927_gene3662741.pdb
 0.849367  0.527529 -0.016993     1.931543
-0.345794  0.531859 -0.773015    -0.466238
-0.398750  0.662450  0.634160     0.456334
>../../../../class1/met//data/domains/Catalytic_domain/structures/MetRS_AF_Mito_Arvicanthis_niloticus_gene117706247.pdb
 1.000000  0.000000  0.000000     0.000000
 0.000000  1.000000  0.000000     0.000000
 0.000000  0.000000  1.000000     0.000000
>../../../../class1/met//data/domains/Catalytic_domain/structures/MetRS_AF_Mito_Brachypodium_distachyon_gene100843706.pdb
 0.085254 -0.360472  0.928866    -1.720916
-0.341771 -0.886278 -0.312576    -0.865826
 0.935908 -0.290811 -0.198758     1.042606
>../../../../class1/met//data/domains/Catalytic_domain/structures/MetRS_AF_Vir_Megavirus_chiliensis_gene11256705.pdb
 0.722557 -0.524028 -0.450895    -3.176434
 0.689623  0.500818  0.523070    -3.335444
-0.048287 -0.688895  0.723251     2.673491
>../../../../class1/met//data/domains/Catalytic_domain/structures/MetRS_PDB_Arch_P_abyssi_1RQG.pdb
 0.779716  0.624083  0.050634   -37.284159
-0.223982  0.353526 -0.908213    77.851924
-0.584701  0.696807  0.415433   -44.102420
>../../../../class1/met//data/domains/Catalytic_domain/structures/MetRS_PDB_Bact_E_coli_1PFV.pdb
-0.692361 -0.574582  0.436455    -5.472108
-0.502327  0.818056  0.280094   -13.960060
-0.517981 -0.025317 -0.855017    33.519638
>../../../../class1/met//data/domains/Catalytic_domain/structures/MetRS_PDB_Bact_T_therm_1WOY.pdb
-0.857069  0.498798 -0.128971    26.693428
 0.455454  0.616537 -0.642218    91.512057
-0.240822 -0.609166 -0.755594    84.676090
