>../../../../class2/gly2//data/domains/Catalytic_domain/structures/GlyRS-Bα_AF_Bact_Brachyspira_pilosicoli_95_1000_gene56440230.pdb
-0.578738  0.298667  0.758855     1.126013
-0.789836  0.026384 -0.612750   -21.811350
-0.203030 -0.953993  0.220628     2.762925
>../../../../class2/gly2//data/domains/Catalytic_domain/structures/GlyRS-Bα_AF_Bact_Chlamydia_pneumoniae_TW-183_gene45051002.pdb
 0.953968 -0.006040 -0.299847     1.465909
 0.096945  0.952333  0.289246    -0.027095
 0.283808 -0.305000  0.909081     0.977205
>../../../../class2/gly2//data/domains/Catalytic_domain/structures/GlyRS-Bα_AF_Bact_Lacticaseibacillus_paracasei_gene61269714.pdb
 0.701691 -0.475758 -0.530362     1.694808
-0.555739  0.100346 -0.825279   -22.188084
 0.445853  0.873834 -0.193985     4.494011
>../../../../class2/gly2//data/domains/Catalytic_domain/structures/GlyRS-Bα_AF_Bact_Prochlorococcus_marinus_subsp_marinus_str_CCMP1375_gene54200602.pdb
 0.856572  0.108127 -0.504572     1.417213
-0.396665 -0.487456 -0.777846   -22.420935
-0.330063  0.866427 -0.374651     4.735323
>../../../../class2/gly2//data/domains/Catalytic_domain/structures/GlyRS-Bα_AF_Bact_Salmonella_enterica_subsp_enterica_serovar_Typhimurium_str_LT2_gene1255180.pdb
 0.925662  0.162748 -0.341561     1.123496
 0.206743 -0.973637  0.096372   -20.828590
-0.316872 -0.159823 -0.934906     5.515651
>../../../../class2/gly2//data/domains/Catalytic_domain/structures/GlyRS-Bα_AF_Bact_Streptobacillus_moniliformis_DSM_12112_gene29673275.pdb
 0.844749  0.052242 -0.532607     1.315187
-0.513718 -0.199752 -0.834382   -21.981778
-0.149979  0.978453 -0.141903     4.511920
>../../../../class2/gly2//data/domains/Catalytic_domain/structures/GlyRS-Bα_AF_Euk_Ostreococcus_tauri_gene9837276.pdb
 0.526783 -0.328353 -0.784018     1.914619
 0.839744  0.058186  0.539856    -1.823820
-0.131645 -0.942761  0.306384     0.421478
>../../../../class2/gly2//data/domains/Catalytic_domain/structures/GlyRS-Bα_AF_Mito_Nymphaea_colorata_gene116265348.pdb
 1.000000 -0.000000  0.000000     0.000000
 0.000000  1.000000  0.000000     0.000000
-0.000000  0.000000  1.000000     0.000000
>../../../../class2/gly2//data/domains/Catalytic_domain/structures/GlyRS-Bα_PDB_Bact_A_aeolicus_5f5w.pdb
-0.178864 -0.367454 -0.912680    -4.876989
 0.073952  0.919994 -0.384892   -29.703087
 0.981091 -0.136338 -0.137380    53.410595
>../../../../class2/gly2//data/domains/Catalytic_domain/structures/GlyRS-Bα_PDB_Bact_C_jejuni_3ufg.pdb
 0.795396  0.523772 -0.304974   -33.566221
 0.315905  0.071161  0.946119   -31.591922
 0.517252 -0.848881 -0.108861    15.652711
>../../../../class2/gly2//data/domains/Catalytic_domain/structures/GlyRS-Bα_PDB_Bact_T_maritima_1j5w.pdb
 0.971326 -0.005336  0.237691   -39.725968
 0.166658 -0.697722 -0.696713    17.562212
 0.169560  0.716349 -0.676826   -38.438819
>../../../../class2/pro1//data/domains/Catalytic_domain/structures/ProRS-A_AF_Arch_Candidatus_Nitrosopumilus_sediminis_gene13697692.pdb
 0.188332  0.816969 -0.545061     9.419388
 0.245856  0.498102  0.831534   -17.758840
 0.950834 -0.290612 -0.107048    17.007060
>../../../../class2/pro1//data/domains/Catalytic_domain/structures/ProRS-A_AF_Arch_Halogeometricum_borinquense_DSM_11551_gene9994169.pdb
-0.969950 -0.234100 -0.066293     9.564782
 0.240462 -0.880802 -0.407880   -18.485408
 0.037094 -0.411564  0.910626    17.338911
>../../../../class2/pro1//data/domains/Catalytic_domain/structures/ProRS-A_AF_Arch_Picrophilus_torridus_DSM_9790_gene2845069.pdb
-0.793278 -0.604552 -0.072296     8.012410
 0.608718 -0.790042 -0.072771   -19.505621
-0.013123 -0.101736  0.994725    16.175341
>../../../../class2/pro1//data/domains/Catalytic_domain/structures/ProRS-A_AF_Arch_Sulfurisphaera_tokodaii_str_7_gene1459472.pdb
-0.091378  0.309362 -0.946544     8.051882
-0.297141  0.898748  0.322427   -17.981628
 0.950451  0.310720  0.009798    16.715158
>../../../../class2/pro1//data/domains/Catalytic_domain/structures/ProRS-A_AF_Bact_Bacillus_anthracis_str_Ames_Ancestor_gene45020455.pdb
-0.135258  0.203084  0.969774     8.706865
-0.235298  0.944185 -0.230543   -18.700780
-0.962466 -0.259368 -0.079923    16.841988
>../../../../class2/pro1//data/domains/Catalytic_domain/structures/ProRS-A_AF_Bact_Mycoplasma_hyopneumoniae_168-L_gene57101275.pdb
-0.945463  0.297233  0.133239     8.857943
-0.272838 -0.499211 -0.822404   -16.127512
-0.177931 -0.813905  0.553082    16.600915
>../../../../class2/pro1//data/domains/Catalytic_domain/structures/ProRS-A_AF_Bact_Porphyromonas_gingivalis_ATCC_33277_gene29256199.pdb
-0.943969 -0.304461 -0.127379     8.290947
 0.329916 -0.860200 -0.388859   -17.655688
 0.008821 -0.409095  0.912449    15.742586
>../../../../class2/pro1//data/domains/Catalytic_domain/structures/ProRS-A_AF_Bact_Thermus_thermophilus_HB8_gene3169620.pdb
-0.999660  0.025888 -0.003008     8.427237
-0.016654 -0.723308 -0.690325   -17.050168
-0.020047 -0.690040  0.723494    16.625368
>../../../../class2/pro1//data/domains/Catalytic_domain/structures/ProRS-A_AF_Euk_Cryptococcus_gattii_WM276_gene10188341.pdb
-0.990211  0.041259  0.133344     8.769115
-0.105453 -0.847006 -0.521019   -15.847669
 0.091446 -0.529980  0.843065    19.266076
>../../../../class2/pro1//data/domains/Catalytic_domain/structures/ProRS-A_AF_Euk_Ostreococcus_tauri_gene9837972.pdb
-0.918230  0.382541  0.102547     3.660322
-0.321190 -0.567791 -0.757925   -19.180212
-0.231712 -0.728887  0.644231    20.724141
>../../../../class2/pro1//data/domains/Catalytic_domain/structures/ProRS-A_AF_Euk_Plasmodium_yoelii_gene3807174.pdb
-0.038522  0.462511  0.885776    11.784922
 0.014504  0.886600 -0.462310   -20.201404
-0.999152 -0.004961 -0.040862    16.436944
>../../../../class2/pro1//data/domains/Catalytic_domain/structures/ProRS-A_AF_Euk_Scheffersomyces_stipitis_CBS_6054_gene4840393.pdb
-0.931771 -0.360441  0.043414     7.739503
 0.354133 -0.928709 -0.109953   -13.096520
 0.079951 -0.087077  0.992988    18.243427
>../../../../class2/pro1//data/domains/Catalytic_domain/structures/ProRS-A_AF_Mito_Oryza_sativa_Japonica_Group_gene4342480.pdb
-0.987731  0.151139  0.039307     4.148817
-0.144325 -0.787299 -0.599442   -17.503669
-0.059653 -0.597760  0.799452    20.925218
>../../../../class2/pro1//data/domains/Catalytic_domain/structures/ProRS-A_PDB_Arch_M_janacshii_1nj8.pdb
-0.372243 -0.917576 -0.139605    92.601064
-0.402424  0.024022  0.915138   -18.412464
-0.836355  0.396834 -0.378197    94.666116
