>structures/ProRS-B_AF_Bact_Acinetobacter_baylyi_ADP1_gene45233245.pdb
-0.953052  0.302599  0.011227     1.136205
 0.101162  0.283232  0.953701     0.382938
 0.285409  0.910062 -0.300547     1.232210
>structures/ProRS-B_AF_Bact_Brachyspira_pilosicoli_95_1000_gene56438966.pdb
-0.229963  0.551016  0.802183     1.175480
 0.120518 -0.801806  0.585306     1.857163
 0.965708  0.231276  0.117979     0.822487
>structures/ProRS-B_AF_Bact_Chlamydia_psittaci_6BC_gene12242703.pdb
 0.946712  0.321981 -0.008050    -1.697057
-0.184513  0.521694 -0.832941    -0.741860
-0.263991  0.790040  0.553304    -2.549427
>structures/ProRS-B_AF_Bact_Clostridium_acetobutylicum_DSM_1731_gene44999665.pdb
-0.877662  0.444994  0.178017     0.813118
 0.268321  0.148438  0.951825     1.227650
 0.397131  0.883146 -0.249680     0.931651
>structures/ProRS-B_AF_Bact_Corynebacterium_ulcerans_809_gene75260584.pdb
 1.000000 -0.000000  0.000000     0.000000
 0.000000  1.000000  0.000000     0.000000
-0.000000  0.000000  1.000000     0.000000
>structures/ProRS-B_AF_Bact_Prochlorococcus_marinus_subsp_marinus_str_CCMP1375_gene54199876.pdb
-0.904305  0.420049  0.076093     0.625209
 0.233862  0.338349  0.911498    -0.702284
 0.357128  0.842068 -0.404204     1.575382
>structures/ProRS-B_AF_Bact_Streptobacillus_moniliformis_DSM_12112_gene29673723.pdb
-0.967495 -0.197268 -0.158234     1.405212
-0.252514  0.787638  0.562017     1.913491
 0.013763  0.583705 -0.811849     0.777119
>structures/ProRS-B_PDB_Bact_S_aureus_5znj.pdb
-0.970841  0.152143 -0.185255     7.522061
-0.224934 -0.310912  0.923439   -17.547932
 0.082897  0.938182  0.336068    -6.865490
>structures/ProRS_PDB_Bact_E_faecalis_2J3M.pdb
-0.920272 -0.220668 -0.323118    28.879338
-0.390073  0.452592  0.801875     7.658668
-0.030707  0.863983 -0.502585    17.444364
