>structures/ProRS-B_AF_Bact_Acinetobacter_baylyi_ADP1_gene45233245.pdb
 0.926034 -0.282173 -0.250677     2.841976
 0.091179  0.811722 -0.576883     1.051987
 0.366261  0.511357  0.777410    20.459029
>structures/ProRS-B_AF_Bact_Brachyspira_pilosicoli_95_1000_gene56438966.pdb
 0.276496 -0.334940 -0.900758     2.432290
 0.833123  0.550736  0.050948     0.216680
 0.479016 -0.764529  0.431322    21.672324
>structures/ProRS-B_AF_Bact_Chlamydia_psittaci_6BC_gene12242703.pdb
-0.898573 -0.365889  0.242265     5.566121
-0.046106  0.627740  0.777056    -2.576220
-0.436396  0.687072 -0.580940    18.696021
>structures/ProRS-B_AF_Bact_Clostridium_acetobutylicum_DSM_1731_gene44999665.pdb
 0.824526 -0.392132 -0.407908     2.938026
 0.155271  0.850042 -0.503308     0.457905
 0.544103  0.351655  0.761769    21.195073
>structures/ProRS-B_AF_Bact_Corynebacterium_ulcerans_809_gene75260584.pdb
-0.970841 -0.224934  0.082897     3.924737
 0.152143 -0.310912  0.938182    -0.159209
-0.185255  0.923439  0.336068    19.905210
>structures/ProRS-B_AF_Bact_Escherichia_coli_O157:H7_str._Sakai_gene913939.pdb
 0.064710  0.382612 -0.921640     3.043881
 0.994418 -0.101853  0.027537    -0.784098
-0.083336 -0.918278 -0.387068    21.515085
>structures/ProRS-B_AF_Bact_Prochlorococcus_marinus_subsp_marinus_str_CCMP1375_gene54199876.pdb
 0.856873 -0.412427 -0.309310     3.601037
 0.125846  0.749176 -0.650307     1.608862
 0.499932  0.518304  0.693850    19.682888
>structures/ProRS-B_AF_Bact_Streptobacillus_moniliformis_DSM_12112_gene29673723.pdb
 0.997262  0.062138 -0.040085     2.203693
-0.055614  0.272998 -0.960406     0.187257
-0.048735  0.960006  0.275706    21.677896
>structures/ProRS-B_PDB_Bact_R_palustris_2I4O.pdb
 0.810525  0.526272  0.257076    31.250889
-0.022032  0.466002 -0.884509    -1.596161
-0.585290  0.711252  0.389301    56.697374
>structures/ProRS-B_PDB_Bact_S_aureus_5znj.pdb
 1.000000 -0.000000  0.000000     0.000000
 0.000000  1.000000  0.000000     0.000000
-0.000000  0.000000  1.000000     0.000000
>structures/ProRS-M_AF_Euk_Candida_albicans_SC5314_gene3640100.pdb
 0.882991 -0.286914 -0.371493     1.859444
-0.151794  0.574372 -0.804398    -3.548588
 0.444168  0.766667  0.463613    20.924209
>structures/ProRS-M_AF_Mito_Acanthaster_planci_gene110989971.pdb
-0.421950  0.356033  0.833786    -1.532481
-0.886595 -0.354262 -0.297402    -6.383413
 0.189494 -0.864719  0.465138    24.733909
>structures/ProRS-M_AF_Mito_Drosophila_melanogaster_gene38331.pdb
-0.004999 -0.315411  0.948942    -2.777088
-0.742959  0.636332  0.207592    -6.121207
-0.669319 -0.703987 -0.237519    23.869145
>structures/ProRS-M_AF_Mito_Homo_sapiens_gene25973.pdb
 0.012450 -0.428052  0.903668    -2.456796
-0.749055  0.594682  0.292011    -5.328938
-0.662391 -0.680533 -0.313231    24.908358
>structures/ProRS-M_AF_Mito_Mauremys_reevesii_gene120369760.pdb
 0.670417  0.643743 -0.368965    -1.235776
 0.613369 -0.760642 -0.212608    -2.534792
-0.417516 -0.083775 -0.904800    21.055158
>structures/ProRS-M_AF_Mito_Patella_vulgata_gene126818129.pdb
-0.023941 -0.351457  0.935898    -2.821646
-0.748930  0.626428  0.216084    -5.445435
-0.662217 -0.695748 -0.278214    24.742707
>structures/ProRS-M_AF_Mito_Priapulus_caudatus_gene106814725.pdb
 0.721538  0.667859 -0.182612    -0.017222
 0.572532 -0.723836 -0.385057    -5.770153
-0.389345  0.173282 -0.904646    25.566483
>structures/ProRS-M_AF_Mito_Saccoglossus_kowalevskii_gene100368006.pdb
 0.946480  0.312765 -0.079710    -0.954836
 0.152716 -0.651526 -0.743096    -4.901932
-0.284348  0.691152 -0.664421    25.647494
>structures/ProRS-M_AF_Mito_Schizosaccharomyces_pombe_gene2540642.pdb
 0.647091 -0.454629 -0.612034    -0.952728
-0.214319  0.661921 -0.718281    -5.503456
 0.731670  0.595964  0.330887    23.197781
>structures/ProRS_PDB_Bact_E_faecalis_2J3M.pdb
 0.978869  0.183339  0.090565   -24.408192
-0.048085  0.636844 -0.769491    18.241163
-0.198754  0.748877  0.632203    27.429646
