>structures/GluRS-B_AF_Bact_Chlamydia_psittaci_6BC_gene12242467.pdb
-0.272550 -0.960820  0.050411     5.544017
-0.428094  0.074179 -0.900685     9.033366
 0.861656 -0.267062 -0.431539    -0.282902
>structures/GluRS-B_AF_Bact_[Eubacterium]_eligens_ATCC_27750_gene41357084.pdb
-0.352345 -0.847738  0.396475     0.775124
-0.842802  0.103248 -0.528229    -0.375444
 0.406864 -0.520269 -0.750854    -0.698597
>structures/GluRS-B_AF_Bact_Porphyromonas_gingivalis_ATCC_33277_gene29255772.pdb
 0.477675  0.852084 -0.213962     0.818895
-0.573458  0.117906 -0.810706     1.689786
-0.665562  0.509953  0.544955     1.739983
>structures/GluRS-B_AF_Bact_Treponema_pallidum_subsp_pertenue_str_SamoaD_gene57879197.pdb
-0.180631 -0.821309  0.541132    -1.281944
-0.730687 -0.256233 -0.632805     1.858479
 0.658384 -0.509702 -0.553836     2.613764
>structures/GluRS-B_AF_Euk_Cryptococcus_neoformans_var_grubii_H99_gene23890400.pdb
 0.661210  0.742402 -0.107888    -1.384353
-0.566705  0.400055 -0.720279    -1.867702
-0.491575  0.537396  0.685244     2.627847
>structures/GluRS-B_AF_Mito_Drosophila_melanogaster_gene39828.pdb
 0.213836 -0.626717 -0.749333     2.741687
 0.856288 -0.248930  0.452554     0.941366
-0.470155 -0.738417  0.483420     3.067673
>structures/GluRS-B_PDB_Bact_T_therm_1J09.pdb
 0.563049  0.819866 -0.103903   -45.443009
-0.719560  0.424516 -0.549563    19.463992
-0.406460  0.384195  0.828966     2.916689
>structures/GlxRS-B_AF_Bact_Bifidobacterium_animalis_subsp_lactis_BLC1_gene66532600.pdb
-0.350192 -0.588449  0.728762    -0.179167
-0.624290 -0.433399 -0.649944    -1.314482
 0.698304 -0.682564 -0.215590     1.341130
>structures/GlxRS-B_AF_Bact_Mycoplasma_hyopneumoniae_168-L_gene57101016.pdb
-0.185690 -0.863485  0.468948     1.783090
-0.903105 -0.038083 -0.427727    -0.521576
 0.387195 -0.502934 -0.772746     0.788850
>structures/GlxRS-B_AF_Bact_Paracoccus_denitrificans_PD1222_gene75500422.pdb
-0.344194 -0.867938  0.358071     1.075521
-0.889886  0.179962 -0.419186     0.964510
 0.299388 -0.462923 -0.834307    -0.802808
>structures/GlxRS-B_AF_Bact_Prochlorococcus_marinus_subsp_marinus_str_CCMP1375_gene54199839.pdb
 1.000000  0.000000  0.000000     0.000000
 0.000000  1.000000  0.000000     0.000000
 0.000000  0.000000  1.000000     0.000000
>structures/GlxRS-B_AF_Euk_Arabidopsis_thaliana_gene836526.pdb
 0.369024 -0.549446 -0.749621    -0.119881
 0.847341 -0.132507  0.514252     4.158723
-0.381884 -0.824955  0.416669     3.859581
>structures/GlxRS-B_AF_Euk_Ostreococcus_tauri_proteinOUS48355.1.pdb
 0.065189 -0.205054 -0.976577    -2.198462
 0.578702 -0.789508  0.204405     4.524739
-0.812929 -0.578472  0.067197     0.141028
>structures/GlxRS-B_AF_Euk_Plasmodium_knowlesi_strain_H_gene7321821.pdb
-0.185963 -0.809628  0.556704    -0.139552
-0.703837 -0.285576 -0.650431     2.025600
 0.685588 -0.512785 -0.516740     0.932260
>structures/GlxRS-B_AF_Mito_Cyanidioschyzon_merolae_strain_10D_gene16997617.pdb
 0.084167 -0.179225 -0.980201    -3.006877
 0.586520 -0.786323  0.194138     2.818486
-0.805550 -0.591248  0.038937     1.053931
>structures/GlxRS-B_PDB_Bact_S_elong_2CFO.pdb
 0.655415  0.514878 -0.552569    35.850158
-0.495802  0.845215  0.199480     4.743377
 0.569747  0.143223  0.809244   -35.447402
