>../../../../class1/glu1//data/domains/Catalytic_domain/structures/GluRS-B_AF_Bact_Chlamydia_psittaci_6BC_gene12242467.pdb
-0.979528  0.166166 -0.113635     4.215116
-0.069894  0.248641  0.966071    -4.746327
 0.188782  0.954236 -0.231937    -7.379160
>../../../../class1/glu1//data/domains/Catalytic_domain/structures/GluRS-B_AF_Bact_[Eubacterium]_eligens_ATCC_27750_gene41357084.pdb
-0.848986  0.436517  0.297783     0.258413
 0.473498  0.378289  0.795423     2.626818
 0.234568  0.816303 -0.527852    -3.480897
>../../../../class1/glu1//data/domains/Catalytic_domain/structures/GluRS-B_AF_Bact_Porphyromonas_gingivalis_ATCC_33277_gene29255772.pdb
 0.236221 -0.305374 -0.922467    -0.403292
 0.743608 -0.554290  0.373912     0.613687
-0.625497 -0.774280  0.096144    -3.076565
>../../../../class1/glu1//data/domains/Catalytic_domain/structures/GluRS-B_AF_Bact_Treponema_pallidum_subsp_pertenue_str_SamoaD_gene57879197.pdb
-0.965197  0.217835  0.144718    -1.868128
 0.252457  0.631631  0.733013     0.155641
 0.068267  0.744037 -0.664642    -1.675015
>../../../../class1/glu1//data/domains/Catalytic_domain/structures/GluRS-B_AF_Euk_Cryptococcus_neoformans_var_grubii_H99_gene23890400.pdb
 0.053773 -0.153550 -0.986677    -2.805429
 0.617248 -0.771606  0.153720     2.012408
-0.784929 -0.617290  0.053287    -0.858877
>../../../../class1/glu1//data/domains/Catalytic_domain/structures/GluRS-B_AF_Mito_Drosophila_melanogaster_gene39828.pdb
 0.881281  0.424509 -0.207694    -2.671024
-0.467898  0.721954 -0.509759     0.039672
-0.066451  0.546420  0.834871    -5.884132
>../../../../class1/glu1//data/domains/Catalytic_domain/structures/GluRS-B_PDB_Bact_T_therm_1J09.pdb
-0.088714 -0.038513 -0.995312     8.918359
 0.686611 -0.726271 -0.033096    -4.798250
-0.721592 -0.686329  0.090874    46.245184
>../../../../class1/glu1//data/domains/Catalytic_domain/structures/GlxRS-B_AF_Bact_Bifidobacterium_animalis_subsp_lactis_BLC1_gene66532600.pdb
-0.959369  0.217825 -0.179341    -1.812340
 0.101928  0.860246  0.499588     1.455828
 0.263100  0.461009 -0.847496    -2.971882
>../../../../class1/glu1//data/domains/Catalytic_domain/structures/GlxRS-B_AF_Bact_Mycoplasma_hyopneumoniae_168-L_gene57101016.pdb
-0.870662  0.362943  0.331995    -0.186314
 0.481956  0.494559  0.723277     0.951605
 0.098317  0.789737 -0.605516    -3.566819
>../../../../class1/glu1//data/domains/Catalytic_domain/structures/GlxRS-B_AF_Bact_Paracoccus_denitrificans_PD1222_gene75500422.pdb
-0.801535  0.421842  0.423781     0.927781
 0.572922  0.338911  0.746257     2.169957
 0.171179  0.840945 -0.513332    -3.429722
>../../../../class1/glu1//data/domains/Catalytic_domain/structures/GlxRS-B_AF_Bact_Prochlorococcus_marinus_subsp_marinus_str_CCMP1375_gene54199839.pdb
 0.080849  0.602579 -0.793953    -0.525540
-0.187113 -0.773223 -0.605900     1.982381
-0.979006  0.197545  0.050236    -3.278159
>../../../../class1/glu1//data/domains/Catalytic_domain/structures/GlxRS-B_AF_Euk_Arabidopsis_thaliana_gene836526.pdb
 0.832248  0.547450 -0.087536    -0.993053
-0.501134  0.675311 -0.541128    -3.804363
-0.237126  0.494220  0.836372    -2.262762
>../../../../class1/glu1//data/domains/Catalytic_domain/structures/GlxRS-B_AF_Euk_Ostreococcus_tauri_proteinOUS48355.1.pdb
 0.999419 -0.033898  0.003649     2.239822
 0.034010  0.998726 -0.037266    -1.586871
-0.002381  0.037369  0.999299    -0.145340
>../../../../class1/glu1//data/domains/Catalytic_domain/structures/GlxRS-B_AF_Euk_Plasmodium_knowlesi_strain_H_gene7321821.pdb
-0.979133  0.178817  0.096557    -0.448903
 0.191094  0.648469  0.736866    -0.097450
 0.069150  0.739941 -0.669108    -3.168577
>../../../../class1/glu1//data/domains/Catalytic_domain/structures/GlxRS-B_AF_Mito_Cyanidioschyzon_merolae_strain_10D_gene16997617.pdb
 1.000000  0.000000  0.000000     0.000000
 0.000000  1.000000  0.000000     0.000000
 0.000000  0.000000  1.000000     0.000000
>../../../../class1/glu1//data/domains/Catalytic_domain/structures/GlxRS-B_PDB_Bact_S_elong_2CFO.pdb
-0.707884  0.429537 -0.560712    33.220332
-0.113372 -0.852644 -0.510044    12.362116
-0.697171 -0.297483  0.652270   -39.743609
>../../../../class1/leu2//data/domains/Catalytic_domain/structures/LeuRS-A_AF_Arch_Aciduliprofundum_boonei_T469_gene8828435.pdb
 0.615215  0.755968 -0.223658     9.532914
-0.731622  0.653160  0.195221     3.582706
 0.293665  0.043530  0.954917    -9.191900
>../../../../class1/leu2//data/domains/Catalytic_domain/structures/LeuRS-A_AF_Arch_Candidatus_Korarchaeum_cryptofilum_OPF8_gene6093520.pdb
-0.395162 -0.823890  0.406267    12.683613
-0.107418 -0.397784 -0.911169     6.683367
 0.912309 -0.403700  0.068688    -7.366528
>../../../../class1/leu2//data/domains/Catalytic_domain/structures/LeuRS-A_AF_Arch_Candidatus_Nitrosopumilus_koreensis_AR1_gene13725794.pdb
-0.063044 -0.455678 -0.887909    10.848299
-0.171684 -0.871464  0.459429     6.864964
-0.983133  0.181404 -0.023292    -7.346272
>../../../../class1/leu2//data/domains/Catalytic_domain/structures/LeuRS-A_AF_Arch_Methanobrevibacter_smithii_ATCC_35061_gene5216355.pdb
-0.121199 -0.342000 -0.931851    10.650378
-0.222852 -0.905432  0.361289     5.823282
-0.967289  0.251453  0.033522    -6.407518
>../../../../class1/leu2//data/domains/Catalytic_domain/structures/LeuRS-A_AF_Euk_Arabidopsis_thaliana_gene837489.pdb
-0.156864  0.435369  0.886481    12.280408
 0.984833  0.136346  0.107305     4.321046
-0.074151  0.889867 -0.450153    -6.090229
>../../../../class1/leu2//data/domains/Catalytic_domain/structures/LeuRS-A_AF_Euk_Drosophila_melanogaster_gene326262.pdb
-0.017424 -0.287171 -0.957721    11.029162
-0.208057 -0.935857  0.284401     5.021093
-0.977962  0.204216 -0.043441    -5.120375
>../../../../class1/leu2//data/domains/Catalytic_domain/structures/LeuRS-A_AF_Euk_Leishmania_major_strain_Friedlin_gene5650139.pdb
 0.029594 -0.438862 -0.898067    12.154617
-0.211078 -0.880943  0.423539     3.636121
-0.977021  0.177028 -0.118705    -9.067361
>../../../../class1/leu2//data/domains/Catalytic_domain/structures/LeuRS-A_AF_Euk_Neurospora_crassa_OR74A_gene3879366.pdb
-0.134092 -0.231114 -0.963642    11.776253
-0.287515 -0.921522  0.261021     5.210689
-0.948343  0.312062  0.057120    -8.453845
>../../../../class1/leu2//data/domains/Catalytic_domain/structures/LeuRS-A_PDB_Arch_P_hori_1WKB.pdb
 0.590839  0.495889 -0.636399   -80.924762
 0.806298 -0.390475  0.444312   -86.969782
-0.028169 -0.775644 -0.630542    21.211335
