>../../../../class2/pro2//data/domains/Catalytic_domain/structures/ProRS-B_AF_Bact_Acinetobacter_baylyi_ADP1_gene45233245.pdb
 0.881764 -0.399837 -0.250245     0.800378
 0.471223  0.723077  0.505082    -0.643777
-0.021004 -0.563285  0.825996    -1.633984
>../../../../class2/pro2//data/domains/Catalytic_domain/structures/ProRS-B_AF_Bact_Brachyspira_pilosicoli_95_1000_gene56438966.pdb
 0.188940 -0.332689 -0.923915     0.259254
 0.693913 -0.620495  0.365336    -0.345845
-0.694828 -0.710143  0.113622     0.067105
>../../../../class2/pro2//data/domains/Catalytic_domain/structures/ProRS-B_AF_Bact_Chlamydia_psittaci_6BC_gene12242703.pdb
-0.870457 -0.460212  0.174669     3.361494
-0.490867  0.838061 -0.238123    -2.837604
-0.036796 -0.293016 -0.955399     1.177093
>../../../../class2/pro2//data/domains/Catalytic_domain/structures/ProRS-B_AF_Bact_Clostridium_acetobutylicum_DSM_1731_gene44999665.pdb
 0.778258 -0.467848 -0.418846     1.074187
 0.626810  0.538728  0.562921    -0.638440
-0.037717 -0.700635  0.712522    -0.402840
>../../../../class2/pro2//data/domains/Catalytic_domain/structures/ProRS-B_AF_Bact_Corynebacterium_ulcerans_809_gene75260584.pdb
-0.966434 -0.256590  0.012939     2.113615
-0.191292  0.752284  0.630457    -1.270472
-0.171502  0.606820 -0.776116    -0.254509
>../../../../class2/pro2//data/domains/Catalytic_domain/structures/ProRS-B_AF_Bact_Prochlorococcus_marinus_subsp_marinus_str_CCMP1375_gene54199876.pdb
 0.831551 -0.476737 -0.285034     1.091879
 0.554336  0.679832  0.480146    -1.457037
-0.035128 -0.557271  0.829587    -1.597824
>../../../../class2/pro2//data/domains/Catalytic_domain/structures/ProRS-B_AF_Bact_Streptobacillus_moniliformis_DSM_12112_gene29673723.pdb
 1.000000  0.000000  0.000000     0.000000
 0.000000  1.000000  0.000000     0.000000
 0.000000  0.000000  1.000000     0.000000
>../../../../class2/pro2//data/domains/Catalytic_domain/structures/ProRS-B_PDB_Bact_S_aureus_5znj.pdb
 0.993086 -0.017597 -0.116061     1.100899
 0.114828  0.350960  0.929323   -20.139725
 0.024380 -0.936225  0.350554    -8.314309
>../../../../class2/pro2//data/domains/Catalytic_domain/structures/ProRS_PDB_Bact_E_faecalis_2J3M.pdb
 0.979971  0.120970  0.158188   -28.176552
-0.174445  0.904611  0.388906     9.676187
-0.096052 -0.408712  0.907595   -13.266095
>../../../../class2/ser2//data/domains/Catalytic_domain/structures/SerRS-A_AF_Arch_Conexivisphaera_calida_protein1635512986.pdb
-0.166006 -0.739205  0.652701     5.673527
-0.982434  0.181188 -0.044668    11.587695
-0.085243 -0.648650 -0.756298    -4.175401
>../../../../class2/ser2//data/domains/Catalytic_domain/structures/SerRS-A_AF_Arch_Ignisphaera_aggregans_protein304378874.pdb
-0.775247 -0.594946  0.212207     6.840631
-0.523963  0.793324  0.310000     9.822974
-0.352782  0.129138 -0.926751    -5.121909
>../../../../class2/ser2//data/domains/Catalytic_domain/structures/SerRS-A_AF_Arch_Methanosarcina_barkeri_protein805401349.pdb
-0.043865  0.002384  0.999035     5.655968
-0.433921 -0.900793 -0.016903    12.424126
 0.899883 -0.434243  0.040548    -6.596381
>../../../../class2/ser2//data/domains/Catalytic_domain/structures/SerRS-A_AF_Arch_Unclassified_Thermoplasmata_protein1635512986.pdb
 0.012192 -0.654959  0.755566     7.000096
-0.996500 -0.070448 -0.044989    13.970849
 0.082694 -0.752373 -0.653526    -5.572496
>../../../../class2/ser2//data/domains/Catalytic_domain/structures/SerRS-A_PDB_Arch_M_barkeri_2cjb.pdb
 0.163725 -0.607139 -0.777545    62.093676
 0.789995 -0.391373  0.471947   -65.736889
-0.590848 -0.691526  0.415559   -13.162826
