>structures/ThrRS_AF_Arch_Candidatus_Methanomethylophilus_alvus_Mx1201_gene15140074.pdb
-0.948166 -0.269000  0.169173    -0.693812
 0.014829  0.494334  0.869145     3.957637
-0.317428  0.826603 -0.464722    -0.505834
>structures/ThrRS_AF_Arch_Candidatus_Nitrosopumilus_koreensis_AR1_gene13725077.pdb
 0.985886 -0.104067  0.131146     7.121104
-0.005047  0.764505  0.644598     5.252139
-0.167343 -0.636162  0.753189     0.263720
>structures/ThrRS_AF_Arch_Pyrococcus_furiosus_DSM_3638_gene1469226.pdb
 0.944467  0.174181  0.278644     6.230372
-0.281012  0.867661  0.410117     3.845285
-0.170334 -0.465645  0.868425    -0.938026
>structures/ThrRS_AF_Arch_Sulfolobus_islandicus_M164_gene7940156.pdb
-0.603449 -0.709292  0.364354     0.560261
-0.608104  0.113777 -0.785662     9.906535
 0.515809 -0.695672 -0.499982     1.096791
>structures/ThrRS_AF_Bact_Bifidobacterium_longum_subsp_longum_JCM_1217_gene69578309.pdb
 0.233158  0.722484  0.650887     0.672461
-0.888321 -0.114072  0.444830    -0.706606
 0.395630 -0.681913  0.615201    -0.296733
>structures/ThrRS_AF_Bact_Brachyspira_pilosicoli_95_1000_gene56439092.pdb
-0.154188 -0.317826  0.935528    -2.293882
-0.341859 -0.871209 -0.352318     0.024154
 0.927016 -0.374142  0.025678     0.575841
>structures/ThrRS_AF_Bact_Brucella_abortus_2308_gene3787745.pdb
 0.071059  0.206157 -0.975935    -1.739351
 0.793960 -0.603954 -0.069771    -0.185150
-0.603804 -0.769895 -0.206597    -0.041734
>structures/ThrRS_AF_Bact_Lactobacillus_acidophilus_La-14_gene56943112.pdb
 0.944456  0.001240 -0.328636    -0.305655
-0.223713  0.734958 -0.640148    -3.176662
 0.240740  0.678112  0.694412    -0.962169
>structures/ThrRS_AF_Bact_Mycoplasma_hyopneumoniae_168-L_gene57101460.pdb
-0.928179  0.338565  0.154457    -0.138601
 0.330678  0.560004  0.759636     4.222604
 0.170690  0.756154 -0.631740    -2.443642
>structures/ThrRS_AF_Bact_Porphyromonas_gingivalis_ATCC_33277_gene29256174.pdb
-0.385511  0.178061  0.905359    -0.187466
 0.035357 -0.977632  0.207331     1.409751
 0.922026  0.111939  0.370592    -3.154182
>structures/ThrRS_AF_Bact_Prochlorococcus_marinus_subsp_marinus_str_CCMP1375_gene54200406.pdb
 0.271126 -0.957955  0.093873     2.455384
-0.121443  0.062702  0.990616    -0.704682
-0.954852 -0.279982 -0.099337    -0.665669
>structures/ThrRS_AF_Bact_Streptobacillus_moniliformis_DSM_12112_gene29674242.pdb
 1.000000  0.000000  0.000000     0.000000
 0.000000  1.000000  0.000000     0.000000
 0.000000  0.000000  1.000000     0.000000
>structures/ThrRS_AF_Euk_Arabidopsis_thaliana_gene832741.pdb
 0.347031  0.937467  0.026937     3.838377
-0.925702  0.337784  0.170228     0.591360
 0.150485 -0.084010  0.985036    -4.080049
>structures/ThrRS_AF_Euk_Cercospora_beticola_gene35433465.pdb
-0.053761  0.618288 -0.784111     2.446932
-0.776365 -0.519720 -0.356580     0.551097
-0.627987  0.589585  0.507958    -3.478885
>structures/ThrRS_AF_Euk_Cryptococcus_gattii_WM276_gene10188143.pdb
 0.628281  0.619736  0.470309     1.126902
-0.770250  0.410466  0.488091    -0.489196
 0.109442 -0.668914  0.735240    -4.119647
>structures/ThrRS_AF_Euk_Cyanidioschyzon_merolae_strain_10D_gene16997242.pdb
 0.360743 -0.173291 -0.916425     0.898332
 0.768931 -0.500828  0.397387    -0.820334
-0.527834 -0.848022 -0.047421    -2.517122
>structures/ThrRS_AF_Euk_Homo_sapiens_gene6897.pdb
-0.271663  0.954324  0.124361     1.924737
-0.940102 -0.290796  0.177891    -0.217392
 0.205929 -0.068586  0.976161    -2.962882
>structures/ThrRS_AF_Euk_Saccharomyces_cerevisiae_S288C_gene854732.pdb
 0.272778  0.256291 -0.927312    -0.104947
 0.686753 -0.726890  0.001117    -0.963466
-0.673767 -0.637139 -0.374288    -2.306289
>structures/ThrRS_AF_Mito_Cyanidioschyzon_merolae_strain_10D_gene16995590.pdb
 0.892602 -0.408046  0.191730    -0.992705
 0.128022  0.637163  0.760022     0.696840
-0.432287 -0.653851  0.620972    -1.375938
>structures/ThrRS_AF_Mito_Homo_sapiens_gene80222.pdb
 0.321115  0.568966 -0.757075     0.852543
 0.343649 -0.814929 -0.466686     0.492153
-0.882491 -0.110308 -0.457210    -2.118551
>structures/ThrRS_AF_Mito_Oryza_sativa_Japonica_Group_gene4345200.pdb
 0.462155  0.115189  0.879286     1.621775
 0.862330 -0.289685 -0.415293    -1.675801
 0.206879  0.950165 -0.233211    -2.891856
>structures/ThrRS_PDB_Bact_E_coli_1evk.pdb
-0.458065 -0.215265 -0.862460    44.329916
-0.439290 -0.788662  0.430159    59.199093
-0.772788  0.575911  0.266695   -11.487261
>structures/ThrRS_PDB_Bact_S_aureus_1nyr.pdb
-0.365584  0.930748  0.007532   -40.349333
 0.373093  0.139122  0.917304   -59.381099
 0.852731  0.338162 -0.398116    -7.359709
