>structures/ThrRS_AF_Arch_Candidatus_Methanomethylophilus_alvus_Mx1201_gene15140074.pdb
-0.977465 -0.160216 -0.137455    -2.115716
-0.197060  0.926010  0.321984     5.482456
 0.075698  0.341814 -0.936714    -3.954806
>structures/ThrRS_AF_Arch_Candidatus_Nitrosopumilus_koreensis_AR1_gene13725077.pdb
 0.894822 -0.417746  0.157421     5.488682
-0.113805  0.127517  0.985286     7.122770
-0.431673 -0.899571  0.066564    -6.813489
>structures/ThrRS_AF_Arch_Pyrococcus_furiosus_DSM_3638_gene1469226.pdb
 0.912920 -0.133694  0.385620     4.337441
-0.326974  0.325886  0.887066     5.170382
-0.244264 -0.935908  0.253793    -6.608328
>structures/ThrRS_AF_Arch_Sulfolobus_islandicus_M164_gene7940156.pdb
-0.313197 -0.866503  0.388690    -1.838524
-0.110891 -0.373115 -0.921134    11.031285
 0.943192 -0.331599  0.020771    -7.567322
>structures/ThrRS_AF_Bact_Bifidobacterium_longum_subsp_longum_JCM_1217_gene69578309.pdb
 0.518209  0.533828  0.668196     0.293962
-0.406930 -0.533282  0.741632     2.211347
 0.752241 -0.656230 -0.059121    -2.362276
>structures/ThrRS_AF_Bact_Brachyspira_pilosicoli_95_1000_gene56439092.pdb
 0.157971 -0.207547  0.965386    -2.632078
 0.361042 -0.897827 -0.252101     3.270778
 0.919072  0.388370 -0.066897    -0.751933
>structures/ThrRS_AF_Bact_Brucella_abortus_2308_gene3787745.pdb
-0.261802  0.138536 -0.955127    -1.975520
 0.176254 -0.966138 -0.188444     2.801330
-0.948891 -0.217680  0.228519    -0.883900
>structures/ThrRS_AF_Bact_Lactobacillus_acidophilus_La-14_gene56943112.pdb
 0.999929 -0.003623  0.011333     0.134050
 0.003667  0.999986 -0.003872     0.070162
-0.011319  0.003913  0.999928    -0.257942
>structures/ThrRS_AF_Bact_Mycoplasma_hyopneumoniae_168-L_gene57101460.pdb
-0.906072  0.380790 -0.184478    -2.036921
 0.361215  0.923172  0.131441     4.411550
 0.220356  0.052458 -0.974008    -5.905134
>structures/ThrRS_AF_Bact_Porphyromonas_gingivalis_ATCC_33277_gene29256174.pdb
-0.141372  0.415035  0.898754    -1.698878
 0.650227 -0.645646  0.400432     1.877810
 0.746471  0.641004 -0.178591    -4.641838
>structures/ThrRS_AF_Bact_Prochlorococcus_marinus_subsp_marinus_str_CCMP1375_gene54200406.pdb
 0.046463 -0.987171 -0.152755     1.777127
-0.727831 -0.138194  0.671688     2.000600
-0.684181  0.079971 -0.724914    -2.722115
>structures/ThrRS_AF_Bact_Streptobacillus_moniliformis_DSM_12112_gene29674242.pdb
 0.943916 -0.221059  0.245268    -0.360889
-0.003635  0.735815  0.677173     2.932325
-0.330167 -0.640086  0.693743    -1.442824
>structures/ThrRS_AF_Euk_Arabidopsis_thaliana_gene832741.pdb
 0.571858  0.787432  0.230062     2.158696
-0.580530  0.190293  0.791690     0.646245
 0.579623 -0.586293  0.565949    -6.036800
>structures/ThrRS_AF_Euk_Cercospora_beticola_gene35433465.pdb
-0.046618  0.838511 -0.542887     0.537688
-0.996316  0.000131  0.085757     0.822548
 0.071980  0.544885  0.835416    -5.144408
>structures/ThrRS_AF_Euk_Cryptococcus_gattii_WM276_gene10188143.pdb
 0.786451  0.337400  0.517354    -0.262214
-0.493288 -0.160966  0.854843    -0.218824
 0.371701 -0.927497  0.039844    -4.019816
>structures/ThrRS_AF_Euk_Cyanidioschyzon_merolae_strain_10D_gene16997242.pdb
 0.044632 -0.261076 -0.964286     0.004648
 0.209317 -0.941378  0.264562     0.655793
-0.976829 -0.213649  0.012631    -3.039561
>structures/ThrRS_AF_Euk_Homo_sapiens_gene6897.pdb
-0.001952  0.948056  0.318098     0.654343
-0.558106 -0.264982  0.786322     0.776736
 0.829768 -0.175997  0.529633    -4.237431
>structures/ThrRS_AF_Euk_Saccharomyces_cerevisiae_S288C_gene854732.pdb
-0.064940  0.241033 -0.968342    -1.049556
 0.053880 -0.968128 -0.244593     0.644464
-0.996433 -0.068058  0.049884    -2.640359
>structures/ThrRS_AF_Mito_Cyanidioschyzon_merolae_strain_10D_gene16995590.pdb
 0.711429 -0.681767  0.170476    -1.940919
-0.203631  0.032188  0.978518     2.499735
-0.672609 -0.730861 -0.115929    -2.536962
>structures/ThrRS_AF_Mito_Homo_sapiens_gene80222.pdb
 0.015813  0.685224 -0.728161    -0.335787
-0.341843 -0.680664 -0.647951     1.818823
-0.939624  0.259163  0.223475    -3.553801
>structures/ThrRS_AF_Mito_Oryza_sativa_Japonica_Group_gene4345200.pdb
 0.290193  0.414014  0.862775     0.801677
 0.775119  0.427051 -0.465637    -0.230332
-0.561229  0.803878 -0.196983    -3.184769
>structures/ThrRS_PDB_Bact_E_coli_1evk.pdb
-0.525981  0.105573 -0.843919    25.931947
-0.843276 -0.193757  0.501342    38.779644
-0.110587  0.975353  0.190940   -61.712027
>structures/ThrRS_PDB_Bact_S_aureus_1nyr.pdb
-0.214211  0.935845 -0.279834   -28.481227
 0.855048  0.318156  0.409474   -45.389131
 0.472236 -0.151558 -0.868345    44.499402
>structures/ThrRS_PDB_Saccharomyces_cerevisiae_3ugq.pdb
-0.130181  0.354264  0.926040    47.936056
-0.297662  0.876940 -0.377325     1.419339
-0.945754 -0.324768 -0.008710   -16.733713
