>structures/ThrRS_AF_Arch_Candidatus_Methanomethylophilus_alvus_Mx1201_gene15140074.pdb
-0.478503  0.477953  0.736611     4.028404
-0.424054  0.608793 -0.670484     0.440192
-0.768904 -0.633192 -0.088631    -5.083747
>structures/ThrRS_AF_Arch_Candidatus_Nitrosopumilus_koreensis_AR1_gene13725077.pdb
 0.414532  0.483216  0.771145     9.131465
-0.031858 -0.839155  0.542958     1.919911
 0.909477 -0.249641 -0.332462     1.217563
>structures/ThrRS_AF_Arch_Pyrococcus_furiosus_DSM_3638_gene1469226.pdb
 0.155075  0.737823  0.656939     7.298787
 0.034329 -0.668607  0.742824     0.801452
 0.987306 -0.092641 -0.129013     1.256884
>structures/ThrRS_AF_Arch_Sulfolobus_islandicus_M164_gene7940156.pdb
-0.698620 -0.362284 -0.616993    10.253728
 0.589103 -0.780654 -0.208658     0.302797
-0.406064 -0.509244  0.758803    -6.714331
>structures/ThrRS_AF_Bact_Bifidobacterium_longum_subsp_longum_JCM_1217_gene69578309.pdb
-0.600868  0.107681  0.792062     1.129669
 0.638668 -0.531196  0.556718     1.252839
 0.480688  0.840379  0.250406    -1.971333
>structures/ThrRS_AF_Bact_Brachyspira_pilosicoli_95_1000_gene56439092.pdb
-0.173171 -0.977323  0.121870     0.083419
 0.960573 -0.140269  0.240052     2.454764
-0.217514  0.158635  0.963080    -5.151844
>structures/ThrRS_AF_Bact_Brucella_abortus_2308_gene3787745.pdb
 0.591805 -0.584796 -0.554779     0.322620
-0.795166 -0.536408 -0.282804     1.723553
-0.132205  0.608506 -0.782459    -4.352887
>structures/ThrRS_AF_Bact_Lactobacillus_acidophilus_La-14_gene56943112.pdb
 0.294247  0.774331 -0.560205    -1.768014
 0.408404  0.428069  0.806203     2.229186
 0.864074 -0.466013 -0.190282    -1.409178
>structures/ThrRS_AF_Bact_Mycoplasma_hyopneumoniae_168-L_gene57101460.pdb
-0.114346  0.796322  0.593966     4.486175
-0.034332  0.594363 -0.803464    -1.612503
-0.992848 -0.112265 -0.040624    -4.130544
>structures/ThrRS_AF_Bact_Porphyromonas_gingivalis_ATCC_33277_gene29256174.pdb
 0.044306 -0.742217  0.668693     1.639897
 0.820268  0.409108  0.399740    -1.370720
-0.570261  0.530796  0.626943    -2.915454
>structures/ThrRS_AF_Bact_Prochlorococcus_marinus_subsp_marinus_str_CCMP1375_gene54200406.pdb
-0.169288 -0.444725  0.879523     1.808855
-0.841319 -0.399611 -0.363995     1.823467
 0.513345 -0.801580 -0.306507    -0.170057
>structures/ThrRS_AF_Bact_Streptobacillus_moniliformis_DSM_12112_gene29674242.pdb
 0.462155  0.862330  0.206879     1.293846
 0.115189 -0.289685  0.950165     2.075475
 0.879286 -0.415293 -0.233211    -2.796365
>structures/ThrRS_AF_Euk_Arabidopsis_thaliana_gene832741.pdb
-0.611789  0.703068  0.362505     2.596426
 0.452766 -0.064538  0.889290    -1.441503
 0.648627  0.708188 -0.278842     1.228288
>structures/ThrRS_AF_Euk_Cercospora_beticola_gene35433465.pdb
-0.829240 -0.064015 -0.555214     1.660676
-0.384308  0.786599  0.483290    -1.123658
 0.405793  0.614137 -0.676881    -0.431704
>structures/ThrRS_AF_Euk_Cryptococcus_gattii_WM276_gene10188143.pdb
-0.365418  0.497718  0.786604     0.216624
 0.406534 -0.674860  0.615868    -1.407493
 0.837377  0.544831  0.044266    -0.843820
>structures/ThrRS_AF_Euk_Cyanidioschyzon_merolae_strain_10D_gene16997242.pdb
 0.722948 -0.686271 -0.079865     0.301339
-0.678043 -0.682536 -0.272767     0.082101
 0.132681  0.251348 -0.958760    -1.215637
>structures/ThrRS_AF_Mito_Cyanidioschyzon_merolae_strain_10D_gene16995590.pdb
 0.423725  0.240373  0.873314     0.880517
-0.338029 -0.852529  0.398662     0.334982
 0.840353 -0.464129 -0.279985    -3.941614
>structures/ThrRS_AF_Mito_Oryza_sativa_Japonica_Group_gene4345200.pdb
 1.000000  0.000000  0.000000     0.000000
 0.000000  1.000000  0.000000     0.000000
 0.000000  0.000000  1.000000     0.000000
>structures/ThrRS_PDB_Bact_E_coli_1evk.pdb
-0.744052 -0.666897  0.040450    70.176197
-0.666636  0.745071  0.021589   -20.125512
-0.044536 -0.010902 -0.998948    15.163884
>structures/ThrRS_PDB_Bact_S_aureus_1nyr.pdb
 0.322079  0.606888  0.726603   -70.086296
 0.667872  0.398308 -0.628728     5.838280
-0.670979  0.687777 -0.277037   -12.735047
