>../../../../class1/cys//data/domains/Catalytic_domain/structures/CysRS_AF_Arch_Aciduliprofundum_boonei_T469_gene8827372.pdb
 0.987107 -0.159347  0.015120     7.274317
 0.140933  0.910028  0.389856     3.431960
-0.075882 -0.382698  0.920752     0.558716
>../../../../class1/cys//data/domains/Catalytic_domain/structures/CysRS_AF_Arch_Candidatus_Nitrosopumilus_sediminis_gene13696907.pdb
 1.000000  0.000000  0.000000     0.000000
 0.000000  1.000000  0.000000     0.000000
 0.000000  0.000000  1.000000     0.000000
>../../../../class1/cys//data/domains/Catalytic_domain/structures/CysRS_AF_Arch_Methanospirillum_hungatei_JF-1_gene3922979.pdb
-0.116478  0.722596 -0.681386     5.504611
-0.542463 -0.620972 -0.565798     4.840656
-0.831966  0.303724  0.464311    -4.569763
>../../../../class1/cys//data/domains/Catalytic_domain/structures/CysRS_AF_Arch_Pyrobaculum_ferrireducens_gene11593896.pdb
-0.108471  0.404538 -0.908065     0.903710
-0.170645 -0.907474 -0.383890     3.572757
-0.979344  0.113315  0.167467    -0.607183
>../../../../class1/cys//data/domains/Catalytic_domain/structures/CysRS_AF_Bact_Bordetella_avium_197N_gene41394405.pdb
 0.216033  0.914078 -0.343208     1.777363
-0.474398 -0.208963 -0.855150     2.756967
-0.853391  0.347558  0.388494    -1.435983
>../../../../class1/cys//data/domains/Catalytic_domain/structures/CysRS_AF_Bact_Lactobacillus_amylovorus_GRL1118_gene66523130.pdb
-0.045424  0.727574 -0.684524     2.366892
-0.471882 -0.619591 -0.627244     4.238206
-0.880491  0.294523  0.371473    -1.210292
>../../../../class1/cys//data/domains/Catalytic_domain/structures/CysRS_AF_Bact_Mycobacterium_canettii_CIPT_140010059_gene45427568.pdb
-0.958621  0.282404 -0.035969     3.138495
 0.216313  0.804693  0.552881     2.689322
 0.185079  0.522223 -0.832484    -1.182636
>../../../../class1/cys//data/domains/Catalytic_domain/structures/CysRS_AF_Bact_Mycoplasma_hyopneumoniae_168-L_gene57101512.pdb
-0.120888  0.597639 -0.792599     3.052938
-0.256090 -0.790203 -0.556774     2.777699
-0.959064  0.135669  0.248575    -3.130976
>../../../../class1/cys//data/domains/Catalytic_domain/structures/CysRS_AF_Bact_Porphyromonas_gingivalis_ATCC_33277_gene29256960.pdb
 0.974591  0.173211  0.142025     6.339895
-0.182209  0.981835  0.052915    -0.006665
-0.130280 -0.077449  0.988448    -0.145092
>../../../../class1/cys//data/domains/Catalytic_domain/structures/CysRS_AF_Bact_Prochlorococcus_marinus_subsp_marinus_str_CCMP1375_gene54200571.pdb
-0.067462 -0.072360 -0.995094     4.139283
 0.368337 -0.928718  0.042562     3.137695
-0.927241 -0.363659  0.089306    -2.287910
>../../../../class1/cys//data/domains/Catalytic_domain/structures/CysRS_AF_Bact_Streptobacillus_moniliformis_DSM_12112_gene29673427.pdb
 0.860793 -0.504764 -0.065182     7.830178
 0.434888  0.662935  0.609417     6.343725
-0.264401 -0.552929  0.790166     0.257383
>../../../../class1/cys//data/domains/Catalytic_domain/structures/CysRS_AF_Bact_Treponema_pallidum_subsp_pertenue_str_SamoaD_gene57878631.pdb
 0.996159  0.079585  0.036505     7.529921
-0.083749  0.987693  0.132096     1.598274
-0.025543 -0.134646  0.990564    -1.682748
>../../../../class1/cys//data/domains/Catalytic_domain/structures/CysRS_AF_Euk_Arabidopsis_thaliana_gene833874.pdb
-0.091442  0.709456 -0.698792     0.590474
-0.225820 -0.698224 -0.679329     2.310570
-0.969868  0.095682  0.224057     1.656551
>../../../../class1/cys//data/domains/Catalytic_domain/structures/CysRS_AF_Euk_Cyanidioschyzon_merolae_strain_10D_gene16993418.pdb
 0.092779 -0.173711 -0.980417    -4.179157
 0.506981 -0.839221  0.196670     3.117681
-0.856949 -0.515299  0.010206     5.408219
>../../../../class1/cys//data/domains/Catalytic_domain/structures/CysRS_AF_Euk_Drosophila_melanogaster_gene36784.pdb
 0.279186 -0.618988 -0.734104     0.772114
 0.637150 -0.452545  0.623894    -1.459047
-0.718398 -0.641917  0.268044     2.565886
>../../../../class1/cys//data/domains/Catalytic_domain/structures/CysRS_AF_Euk_Micromonas_commoda_gene8246535.pdb
-0.880461 -0.240515 -0.408583    -0.059730
-0.208878  0.970412 -0.121125     1.562991
 0.425626 -0.021302 -0.904648     1.713993
>../../../../class1/cys//data/domains/Catalytic_domain/structures/CysRS_AF_Mito_Morone_saxatilis_gene118339815.pdb
 0.885662  0.397933  0.239273     1.315394
-0.406538  0.913519 -0.014474     5.994300
-0.224341 -0.084455  0.970844    -1.549603
>../../../../class1/cys//data/domains/Catalytic_domain/structures/CysRS_AF_Mito_Saccharomyces_cerevisiae_S288C_gene855474.pdb
 0.881172 -0.147223  0.449289     1.518328
-0.084371  0.886064  0.455820    -0.399992
-0.465206 -0.439563  0.768354     2.207958
>../../../../class1/cys//data/domains/Catalytic_domain/structures/CysRS_AF_Vir_Megavirus_chiliensis_gene11257271.pdb
-0.653281 -0.756575 -0.028602     0.735100
-0.622711  0.558414 -0.548092    -2.097379
 0.430645 -0.340248 -0.835929    -0.963078
>../../../../class1/cys//data/domains/Catalytic_domain/structures/CysRS_PDB_Bact_E_coli_1LI5.pdb
-0.411909 -0.207282 -0.887336   104.500526
-0.905535 -0.015539  0.423987    55.240285
-0.101673  0.978158 -0.181300   -72.189067
>../../../../class1/cys//data/domains/Catalytic_domain/structures/CysRS_PDB_Bact_M_smegmatis_3C8Z.pdb
-0.325922  0.485903  0.810971    40.238450
-0.216221 -0.873385  0.436402    31.827958
 0.920339 -0.033116  0.389718   -21.731727
>../../../../class1/leu1//data/domains/Catalytic_domain/structures/LeuRS-B_AF_Bact_Bifidobacterium_longum_subsp_longum_JCM_1217_gene69578373.pdb
 0.981995  0.040075 -0.184607    13.365305
-0.026043  0.996627  0.077819     4.137065
 0.187103 -0.071610  0.979727    -8.129198
>../../../../class1/leu1//data/domains/Catalytic_domain/structures/LeuRS-B_AF_Bact_Brachyspira_pilosicoli_95_1000_gene56439070.pdb
 0.587684  0.641786 -0.492685    10.381921
-0.804723  0.400454 -0.438244     4.450493
-0.083962  0.654023  0.751800    -6.216986
>../../../../class1/leu1//data/domains/Catalytic_domain/structures/LeuRS-B_AF_Bact_Chlamydia_psittaci_6BC_gene12243068.pdb
-0.504958  0.452576  0.734977    10.819408
 0.811588 -0.040929  0.582795     3.326131
 0.293841  0.890786 -0.346638    -6.022137
>../../../../class1/leu1//data/domains/Catalytic_domain/structures/LeuRS-B_AF_Bact_Clostridium_botulinum_A_str_ATCC_3502_gene5187707.pdb
-0.628914 -0.668228  0.397414    14.363203
-0.652275  0.175333 -0.737425     5.510236
 0.423088 -0.723000 -0.546138    -4.661272
>../../../../class1/leu1//data/domains/Catalytic_domain/structures/LeuRS-B_AF_Bact_Mycoplasma_hyopneumoniae_168-L_gene57101518.pdb
 0.047054  0.005204 -0.998879    12.754349
 0.030271 -0.999535 -0.003782     5.087547
-0.998434 -0.030059 -0.047190    -7.305886
>../../../../class1/leu1//data/domains/Catalytic_domain/structures/LeuRS-B_AF_Bact_Orientia_tsutsugamushi_str_Ikeda_gene66652454.pdb
-0.434006  0.372844  0.820138    12.063074
 0.772753 -0.313918  0.551642     3.024763
 0.463132  0.873180 -0.151874    -6.109762
>../../../../class1/leu1//data/domains/Catalytic_domain/structures/LeuRS-B_AF_Bact_Porphyromonas_gingivalis_ATCC_33277_gene29256038.pdb
 0.815290  0.504973 -0.283380    11.107441
-0.578356  0.686122 -0.441294     2.963724
-0.028408  0.523678  0.851443    -6.960871
>../../../../class1/leu1//data/domains/Catalytic_domain/structures/LeuRS-B_AF_Bact_Thermus_thermophilus_HB8_gene3168656.pdb
-0.575667 -0.731850  0.364697    12.484637
-0.616241  0.095147 -0.781789    -1.192547
 0.537453 -0.674791 -0.505768    -2.790235
>../../../../class1/leu1//data/domains/Catalytic_domain/structures/LeuRS-B_AF_Euk_Bathycoccus_prasinos_gene19015540.pdb
-0.412256  0.617698  0.669697    12.190760
 0.852719  0.002776  0.522362     3.583006
 0.320803  0.786411 -0.527867    -7.399079
>../../../../class1/leu1//data/domains/Catalytic_domain/structures/LeuRS-B_AF_Euk_Klebsormidium_nitens_protein971510658.pdb
 0.098429 -0.069843 -0.992690    12.466480
 0.251162 -0.963497  0.092692     3.326644
-0.962928 -0.258449 -0.077294    -6.512800
>../../../../class1/leu1//data/domains/Catalytic_domain/structures/LeuRS-B_AF_Euk_Plasmodium_falciparum_3D7_gene2655460.pdb
 0.983674  0.080136 -0.161134    13.604958
-0.028396  0.953283  0.300741     1.224173
 0.177706 -0.291255  0.939995    -1.936980
>../../../../class1/leu1//data/domains/Catalytic_domain/structures/LeuRS-B_AF_Euk_Thalassiosira_pseudonana_CCMP1335_gene7441753.pdb
 0.653279  0.683143 -0.326408    13.424552
-0.750860  0.529266 -0.395079    -0.958800
-0.097139  0.503183  0.858703    -5.511561
>../../../../class1/leu1//data/domains/Catalytic_domain/structures/LeuRS-B_AF_Mito_Drosophila_melanogaster_gene38581.pdb
-0.154052  0.288940 -0.944871    10.309942
-0.157664 -0.951222 -0.265176     6.573678
-0.975403  0.108121  0.192093    -4.579050
>../../../../class1/leu1//data/domains/Catalytic_domain/structures/LeuRS-B_AF_Mito_Homo_sapiens_gene23395.pdb
-0.555311  0.552932  0.621206    10.997064
 0.747966  0.005518  0.663714     5.585514
 0.363560  0.833208 -0.416639    -6.319402
>../../../../class1/leu1//data/domains/Catalytic_domain/structures/LeuRS-B_PDB_Bact_T_therm_2V0C.pdb
 0.992294  0.122508  0.018574    -4.413140
 0.070164 -0.679103  0.730682   -37.027944
 0.102128 -0.723748 -0.682465   -19.251347
