>../../../../class2/asn//data/domains/Catalytic_domain/structures/AsnRS_AF_Arch_Candidatus_Korarchaeum_cryptofilum_OPF8_gene6094562.pdb
 1.000000  0.000000  0.000000     0.000000
 0.000000  1.000000  0.000000     0.000000
 0.000000  0.000000  1.000000     0.000000
>../../../../class2/asn//data/domains/Catalytic_domain/structures/AsnRS_AF_Arch_Candidatus_Nitrososphaera_gargensis_Ga92_gene13796664.pdb
-0.612069  0.751450  0.246362    -1.709397
 0.705974  0.378844  0.598397     1.326629
 0.356332  0.540185 -0.762383    -1.552593
>../../../../class2/asn//data/domains/Catalytic_domain/structures/AsnRS_AF_Arch_Ferroplasma_acidarmanus_Fer1_gene16025664.pdb
 0.108778  0.067918  0.991743     3.631856
 0.017448 -0.997640  0.066409     5.901059
 0.993913  0.010080 -0.109707     4.190685
>../../../../class2/asn//data/domains/Catalytic_domain/structures/AsnRS_AF_Arch_Pyrococcus_sp_ST04_gene13021535.pdb
 0.121343  0.091696  0.988366     2.784454
 0.108346 -0.990998  0.078639     6.265014
 0.986680  0.097543 -0.130185     3.604103
>../../../../class2/asn//data/domains/Catalytic_domain/structures/AsnRS_AF_Bact_Clostridium_acetobutylicum_DSM_1731_gene44999755.pdb
-0.656696  0.687192  0.310671    -0.582226
 0.702501  0.407568  0.583421    -0.022300
 0.274303  0.601378 -0.750402    -2.170671
>../../../../class2/asn//data/domains/Catalytic_domain/structures/AsnRS_AF_Bact_Mycoplasma_hyopneumoniae_168-L_gene57101291.pdb
 0.014335  0.340453  0.940152     1.647549
 0.398676 -0.864224  0.306879     7.236827
 0.916980  0.370417 -0.148119     3.582344
>../../../../class2/asn//data/domains/Catalytic_domain/structures/AsnRS_AF_Bact_Porphyromonas_gingivalis_ATCC_33277_gene29256423.pdb
 0.049880  0.099415  0.993795     1.511167
 0.212686 -0.973268  0.086686     5.293889
 0.975847  0.207043 -0.069690     2.968344
>../../../../class2/asn//data/domains/Catalytic_domain/structures/AsnRS_AF_Bact_Streptobacillus_moniliformis_DSM_12112_gene29673200.pdb
-0.725144  0.625898  0.287086    -0.839420
 0.651814  0.489468  0.579275     0.171901
 0.222047  0.607184 -0.762904    -1.935819
>../../../../class2/asn//data/domains/Catalytic_domain/structures/AsnRS_AF_Bact_Thermus_thermophilus_HB8_gene3168522.pdb
-0.054740  0.456798  0.887885     1.563114
 0.431250 -0.791190  0.433638     8.030747
 0.900570  0.406637 -0.153685     3.185254
>../../../../class2/asn//data/domains/Catalytic_domain/structures/AsnRS_AF_Bact_Treponema_pallidum_subsp_pertenue_str_SamoaD_gene57879132.pdb
-0.603453  0.733177  0.313521    -1.523403
 0.714936  0.323344  0.619932     0.428757
 0.353144  0.598247 -0.719298    -2.262225
>../../../../class2/asn//data/domains/Catalytic_domain/structures/AsnRS_AF_Bact_unclassified_Blastocatellia_proteinRPI49177.1.pdb
-0.175400  0.598913  0.781369     0.198696
 0.589926 -0.571467  0.570450     7.770524
 0.788177  0.561007 -0.253079     1.724685
>../../../../class2/asn//data/domains/Catalytic_domain/structures/AsnRS_AF_Euk_Candida_albicans_SC5314_gene3646227.pdb
 0.189416  0.252912  0.948766     4.030437
 0.217184 -0.953117  0.210713     7.638665
 0.957576  0.166144 -0.235464    -0.674987
>../../../../class2/asn//data/domains/Catalytic_domain/structures/AsnRS_AF_Euk_Cryptococcus_gattii_WM276_gene10190222.pdb
 0.282883  0.322280  0.903390     3.709352
 0.283896 -0.927791  0.242087     7.237598
 0.916177  0.187986 -0.353951    -4.069877
>../../../../class2/asn//data/domains/Catalytic_domain/structures/AsnRS_AF_Euk_Encephalitozoon_intestinalis_ATCC_50506_gene9698489.pdb
 0.085667 -0.038338  0.995586     2.943839
 0.119435 -0.991659 -0.048464     4.868000
 0.989139  0.123059 -0.080374     4.362935
>../../../../class2/asn//data/domains/Catalytic_domain/structures/AsnRS_AF_Euk_Vitis_vinifera_gene100257593.pdb
-0.794980  0.524115  0.305466    -3.268700
 0.543458  0.391564  0.742517    -2.250882
 0.269554  0.756294 -0.596120    -2.475992
>../../../../class2/asn//data/domains/Catalytic_domain/structures/AsnRS_AF_Mito_Homo_sapiens_gene79731.pdb
 0.919118 -0.364727 -0.148982     0.568519
 0.384494  0.747892  0.541130     2.941348
-0.085942 -0.554645  0.827637    -1.163924
>../../../../class2/asn//data/domains/Catalytic_domain/structures/AsnRS_AF_Mito_Zeugodacus_cucurbitae_gene105213230.pdb
-0.057111  0.274828 -0.959796    -2.841869
-0.154238 -0.952252 -0.263490     2.557595
-0.986382  0.132988  0.096772    -4.368077
>../../../../class2/asn//data/domains/Catalytic_domain/structures/AsnRS_PDB_Arch_P_horikoshii_1X54.pdb
-0.032501 -0.931022 -0.363514    13.301707
 0.991089  0.016985 -0.132112    12.640347
 0.129173 -0.364569  0.922173   -26.436483
>../../../../class2/asn//data/domains/Catalytic_domain/structures/AsnRS_PDB_Bact_E_anophelis_6pqh.pdb
-0.970276  0.188585 -0.151657   -21.418891
 0.222611  0.941320 -0.253694    -9.161741
 0.094915 -0.279913 -0.955322   -53.928684
>../../../../class2/gly3//data/domains/Catalytic_domain/structures/GlyRS-E_AF_Arch_Methanosalsum_zhilinae_DSM_4017_gene10821854.pdb
-0.108059 -0.148663  0.982966    -1.675236
-0.187882 -0.967884 -0.167036     1.963480
 0.976229 -0.202732  0.076657     5.870568
>../../../../class2/gly3//data/domains/Catalytic_domain/structures/GlyRS-E_AF_Euk_Cryptococcus_neoformans_var_neoformans_JEC21_gene3258293.pdb
 0.855770 -0.285299 -0.431581    -1.646822
 0.471410  0.773689  0.423295     3.017728
 0.213144 -0.565695  0.796592     5.390904
>../../../../class2/gly3//data/domains/Catalytic_domain/structures/GlyRS-E_AF_Euk_Girardinichthys_multiradiatus_gene124858359.pdb
-0.125954 -0.270924  0.954325    -2.891400
-0.260235 -0.919274 -0.295319     3.963114
 0.957295 -0.285546  0.045282     5.645498
>../../../../class2/gly3//data/domains/Catalytic_domain/structures/GlyRS-E_AF_Euk_Plasmodium_yoelii_gene3801472.pdb
-0.176798  0.160386  0.971092     0.018353
 0.149521 -0.970806  0.187561     2.251660
 0.972824  0.178359  0.147655     6.887969
>../../../../class2/gly3//data/domains/Catalytic_domain/structures/GlyRS-E_AF_Euk_Schizosaccharomyces_pombe_gene2543181.pdb
-0.050500 -0.446867  0.893174    -3.162121
-0.480213 -0.773285 -0.414036     3.220818
 0.875697 -0.449822 -0.175540     6.348531
>../../../../class2/gly3//data/domains/Catalytic_domain/structures/GlyRS-E_PDB_Euk_H_sapiens_2q5h.pdb
-0.695506 -0.659678  0.284774    95.634997
-0.659718  0.743320  0.110665    66.614803
-0.284681 -0.110902 -0.952186   -93.039439
