>../../../../class2/asn//data/domains/Catalytic_domain/structures/AsnRS_AF_Arch_Candidatus_Korarchaeum_cryptofilum_OPF8_gene6094562.pdb
 0.282883  0.283896  0.916177     0.624689
 0.322280 -0.927791  0.187986     6.284612
 0.903390  0.242087 -0.353951    -6.543656
>../../../../class2/asn//data/domains/Catalytic_domain/structures/AsnRS_AF_Arch_Candidatus_Nitrososphaera_gargensis_Ga92_gene13796664.pdb
 0.357769  0.814734 -0.456300    -0.888907
-0.785833 -0.001284 -0.618437     4.188929
-0.504448  0.579833  0.639786    -7.206305
>../../../../class2/asn//data/domains/Catalytic_domain/structures/AsnRS_AF_Arch_Ferroplasma_acidarmanus_Fer1_gene16025664.pdb
 0.946545 -0.254101  0.198708     7.130985
 0.205027  0.949495  0.237534     2.785328
-0.249030 -0.184096  0.950838    -3.333583
>../../../../class2/asn//data/domains/Catalytic_domain/structures/AsnRS_AF_Arch_Pyrococcus_sp_ST04_gene13021535.pdb
 0.968873 -0.168916  0.180979     6.470420
 0.126925  0.966595  0.222676     2.065349
-0.212547 -0.192774  0.957947    -3.809395
>../../../../class2/asn//data/domains/Catalytic_domain/structures/AsnRS_AF_Bact_Clostridium_acetobutylicum_DSM_1731_gene44999755.pdb
 0.259602  0.863318 -0.432769    -1.510856
-0.814043 -0.045471 -0.579022     5.816598
-0.519559  0.502608  0.690973    -6.306462
>../../../../class2/asn//data/domains/Catalytic_domain/structures/AsnRS_AF_Bact_Mycoplasma_hyopneumoniae_168-L_gene57101291.pdb
 0.956914  0.191228  0.218512     6.455224
-0.194154  0.980937 -0.008209     0.834787
-0.215917 -0.034570  0.975800    -4.567144
>../../../../class2/asn//data/domains/Catalytic_domain/structures/AsnRS_AF_Bact_Porphyromonas_gingivalis_ATCC_33277_gene29256423.pdb
 0.967582 -0.056813  0.246082     5.340451
-0.000540  0.973903  0.226965     2.530143
-0.252555 -0.219741  0.942301    -5.000545
>../../../../class2/asn//data/domains/Catalytic_domain/structures/AsnRS_AF_Bact_Streptobacillus_moniliformis_DSM_12112_gene29673200.pdb
 0.175865  0.872743 -0.455401    -1.319608
-0.798596 -0.144011 -0.584385     5.643609
-0.575601  0.466454  0.671643    -6.607277
>../../../../class2/asn//data/domains/Catalytic_domain/structures/AsnRS_AF_Bact_Thermus_thermophilus_HB8_gene3168522.pdb
 0.933302  0.277765  0.227584     6.124938
-0.249072  0.957275 -0.146927    -0.069152
-0.258672  0.080442  0.962610    -4.337689
>../../../../class2/asn//data/domains/Catalytic_domain/structures/AsnRS_AF_Bact_Treponema_pallidum_subsp_pertenue_str_SamoaD_gene57879132.pdb
 0.349409  0.848299 -0.397872    -1.755294
-0.794374  0.043014 -0.605904     5.158500
-0.496874  0.527768  0.688896    -7.077882
>../../../../class2/asn//data/domains/Catalytic_domain/structures/AsnRS_AF_Bact_unclassified_Blastocatellia_proteinRPI49177.1.pdb
 0.841117  0.519688  0.149823     4.437277
-0.454878  0.829584 -0.323845    -0.542651
-0.292590  0.204240  0.934172    -5.100795
>../../../../class2/asn//data/domains/Catalytic_domain/structures/AsnRS_AF_Euk_Candida_albicans_SC5314_gene3646227.pdb
 0.992549 -0.047199  0.112336     3.308176
 0.039835  0.996963  0.066922     0.331151
-0.115153 -0.061949  0.991414    -0.799088
>../../../../class2/asn//data/domains/Catalytic_domain/structures/AsnRS_AF_Euk_Cryptococcus_gattii_WM276_gene10190222.pdb
 1.000000  0.000000  0.000000     0.000000
 0.000000  1.000000  0.000000     0.000000
 0.000000  0.000000  1.000000     0.000000
>../../../../class2/asn//data/domains/Catalytic_domain/structures/AsnRS_AF_Euk_Encephalitozoon_intestinalis_ATCC_50506_gene9698489.pdb
 0.965886 -0.176189  0.189795     6.712987
 0.101185  0.931390  0.349678     3.544599
-0.238382 -0.318545  0.917444    -4.234002
>../../../../class2/asn//data/domains/Catalytic_domain/structures/AsnRS_AF_Euk_Vitis_vinifera_gene100257593.pdb
 0.169134  0.952745 -0.252331    -3.174723
-0.712005 -0.058916 -0.699698     7.045359
-0.681500  0.298004  0.668395    -9.204948
>../../../../class2/asn//data/domains/Catalytic_domain/structures/AsnRS_AF_Mito_Homo_sapiens_gene79731.pdb
 0.293355 -0.404894  0.866028     0.651043
-0.074267 -0.912798 -0.401603     3.628465
 0.953114  0.053495 -0.297844    -4.970347
>../../../../class2/asn//data/domains/Catalytic_domain/structures/AsnRS_AF_Mito_Zeugodacus_cucurbitae_gene105213230.pdb
-0.963948 -0.063917 -0.258299    -3.485852
-0.054384  0.997555 -0.043894     2.264739
 0.260473 -0.028264 -0.965067    -6.937900
>../../../../class2/asn//data/domains/Catalytic_domain/structures/AsnRS_PDB_Arch_P_horikoshii_1X54.pdb
 0.392609 -0.590661  0.704966   -16.283116
-0.904615 -0.386290  0.180142    -6.164248
 0.165919 -0.708449 -0.685982    17.843193
>../../../../class2/asn//data/domains/Catalytic_domain/structures/AsnRS_PDB_Bact_E_anophelis_6pqh.pdb
-0.128609  0.055464 -0.990143   -57.536805
-0.497861 -0.867107  0.016095    -1.593021
-0.857668  0.495024  0.139131    -9.086939
>../../../../class2/phe5//data/domains/Catalytic_domain/structures/PheRS-M_AF_Mito_Arabidopsis_thaliana_gene824983.pdb
-0.882262  0.293261  0.368254    -4.066520
 0.176544 -0.519050  0.836313     6.028138
 0.436400  0.802860  0.406165   -13.898323
>../../../../class2/phe5//data/domains/Catalytic_domain/structures/PheRS-M_AF_Mito_Babesia_bovis_T2Bo_gene5478469.pdb
 0.074716 -0.911245  0.405031     1.908196
-0.672359 -0.345992 -0.654387     5.483708
 0.736444 -0.223433 -0.638535   -10.878582
>../../../../class2/phe5//data/domains/Catalytic_domain/structures/PheRS-M_AF_Mito_Candida_albicans_SC5314_gene3638806.pdb
-0.561855 -0.792419 -0.237468     1.568255
 0.693776 -0.607724  0.386453     7.770377
-0.450547  0.052381  0.891214   -14.847721
>../../../../class2/phe5//data/domains/Catalytic_domain/structures/PheRS-M_AF_Mito_Crassostrea_gigas_gene105329377.pdb
 0.952425  0.199942 -0.230021     5.774093
-0.249725  0.079321 -0.965062    -1.123283
-0.174711  0.976592  0.125478   -18.500660
>../../../../class2/phe5//data/domains/Catalytic_domain/structures/PheRS-M_AF_Mito_Drosophila_melanogaster_gene36547.pdb
 0.507871 -0.484288 -0.712413     1.411856
 0.734789 -0.188102  0.651692     8.270210
-0.449613 -0.854449  0.260318   -10.433166
>../../../../class2/phe5//data/domains/Catalytic_domain/structures/PheRS-M_AF_Mito_Syngnathus_acus_gene119139175.pdb
 0.351396  0.687169 -0.635861     2.745473
 0.720347 -0.632267 -0.285200     3.042466
-0.598015 -0.357822 -0.717176   -16.006695
>../../../../class2/phe5//data/domains/Catalytic_domain/structures/PheRS-M_PDB_Mito.H_sapiens_3CMQ.pdb
-0.110494 -0.868534 -0.483156    30.457601
-0.204151 -0.455932  0.866284     1.866815
-0.972684  0.194356 -0.126935   -16.936656
