>structures/GlyRS-E_AF_Arch_Methanosalsum_zhilinae_DSM_4017_gene10821854.pdb
 0.974220  0.224932  0.017335    -1.260335
-0.216184  0.952771 -0.213289     2.506099
-0.064492  0.204043  0.976835     3.797875
>structures/GlyRS-E_AF_Euk_Cryptococcus_neoformans_var_neoformans_JEC21_gene3258293.pdb
-0.035683 -0.846256  0.531581     0.426352
-0.790782 -0.301331 -0.532789     0.855927
 0.611057 -0.439376 -0.658451     2.564314
>structures/GlyRS-E_AF_Euk_Girardinichthys_multiradiatus_gene124858359.pdb
 0.995253  0.092818  0.029248    -1.624426
-0.094427  0.993750  0.059528     3.163740
-0.023540 -0.062007  0.997798     2.683803
>structures/GlyRS-E_AF_Euk_Plasmodium_yoelii_gene3801472.pdb
 0.774482  0.632558  0.006996     1.653006
-0.504616  0.624429 -0.596197     0.050537
-0.381497  0.458213  0.802808     3.763951
>structures/GlyRS-E_AF_Euk_Schizosaccharomyces_pombe_gene2543181.pdb
 0.999967  0.002122 -0.007782    -0.150484
-0.002095  0.999992  0.003513     0.082429
 0.007789 -0.003497  0.999964     0.090073
>structures/GlyRS-E_PDB_Euk_H_sapiens_2q5h.pdb
 0.089754 -0.457904 -0.884459  -118.039553
 0.863755 -0.406338  0.298023   -26.639935
-0.495855 -0.790704  0.359047    94.838792
