>../../../../class2/asp2//data/domains/Catalytic_domain/structures/AspRS-E_AF_Euk_Caenorhabditis_elegans_gene176334.pdb
 1.000000  0.000000  0.000000     0.000000
 0.000000  1.000000  0.000000     0.000000
 0.000000  0.000000  1.000000     0.000000
>../../../../class2/asp2//data/domains/Catalytic_domain/structures/AspRS-E_AF_Euk_Cryptococcus_neoformans_var_neoformans_JEC21_gene3258977.pdb
 0.291500 -0.809307 -0.509952     0.247100
 0.318503 -0.420569  0.849516   -12.283576
-0.901989 -0.410055  0.135171    -1.816044
>../../../../class2/asp2//data/domains/Catalytic_domain/structures/AspRS-E_AF_Euk_Thalassiosira_pseudonana_CCMP1335_gene7443135.pdb
 0.995506 -0.093472  0.015169     1.873535
 0.090537  0.986452  0.136805     0.921024
-0.027751 -0.134817  0.990482    -1.142904
>../../../../class2/asp2//data/domains/Catalytic_domain/structures/AspRS-E_AF_Euk_Theileria_orientalis_strain_Shintoku_gene20715543.pdb
 0.995236  0.089441 -0.038815    -0.761844
-0.093849  0.986704 -0.132691     0.025886
 0.026431  0.135701  0.990397     0.511858
>../../../../class2/asp2//data/domains/Catalytic_domain/structures/AspRS-E_PDB_Euk_S_cerevisiae_1EOV.pdb
-0.254263  0.059792  0.965285   -51.895975
 0.635004 -0.742490  0.213256     1.151819
 0.729466  0.667183  0.150820   -16.135084
>../../../../class2/asp2//data/domains/Catalytic_domain/structures/AsxRS_AF_Arch_Candidatus_Korarchaeum_cryptofilum_OPF8_gene6094477.pdb
 0.938189 -0.341582 -0.055883     3.853677
 0.301592  0.727537  0.616224     1.908647
-0.169834 -0.594989  0.785586    -2.789260
>../../../../class2/asp2//data/domains/Catalytic_domain/structures/AsxRS_AF_Arch_Candidatus_Methanomassiliicoccus_intestinalis_Issoire-Mx1_gene16154831.pdb
 0.865333 -0.484078 -0.129870     2.709025
 0.432524  0.590345  0.681481     1.637967
-0.253222 -0.645880  0.720221    -1.978780
>../../../../class2/asp2//data/domains/Catalytic_domain/structures/AsxRS_AF_Arch_Candidatus_Nitrosopumilus_koreensis_AR1_gene13725312.pdb
 0.485829 -0.734852 -0.473246     5.756446
 0.685456 -0.015627  0.727947     6.585201
-0.542328 -0.678047  0.496117    -1.808659
>../../../../class2/asp2//data/domains/Catalytic_domain/structures/AsxRS_AF_Arch_Methanobacterium_lacus_gene10277817.pdb
 0.014405 -0.548243 -0.836195     2.608106
 0.519629 -0.710380  0.474706     7.441043
-0.854271 -0.441349  0.274650    -3.215376
>../../../../class2/asp2//data/domains/Catalytic_domain/structures/AsxRS_AF_Bact_Clostridium_acetobutylicum_DSM_1731_gene45000055.pdb
 0.999314  0.008681  0.036007     2.187878
-0.010773  0.998241  0.058298     0.354382
-0.035437 -0.058645  0.997650    -2.091333
>../../../../class2/asp2//data/domains/Catalytic_domain/structures/AsxRS_AF_Bact_Spirochaetes_bacterium_GWE1_32_154_proteinOHD39701.1.pdb
 0.315382 -0.564778 -0.762600     3.661458
 0.597887 -0.505796  0.621853     1.891247
-0.736930 -0.652070  0.178155    -1.772467
>../../../../class2/asp2//data/domains/Catalytic_domain/structures/AsxRS_AF_Bact_Tropheryma_whipplei_TW08_27_gene67388547.pdb
 0.033174  0.445923  0.894456     3.187650
 0.681174 -0.664986  0.306260     1.717860
 0.731370  0.599120 -0.325811    -1.770887
>../../../../class2/asp2//data/domains/Catalytic_domain/structures/AsxRS_PDB_Arch_T_kodarensis_1b8a.pdb
 0.315954 -0.541893  0.778797   -27.238446
-0.733020 -0.660573 -0.162250    39.216804
 0.602375 -0.519610 -0.605929     3.682187
>../../../../class2/asp2//data/domains/Catalytic_domain/structures/AsxRS_PDB_Bact_T_thermophilus_1n9w.pdb
 0.635439 -0.742357  0.212424   -35.064008
-0.653605 -0.663602 -0.363912    45.934980
 0.411118  0.092402 -0.906887    41.520640
>../../../../class2/pro1//data/domains/Catalytic_domain/structures/ProRS-A_AF_Arch_Candidatus_Nitrosopumilus_sediminis_gene13697692.pdb
 0.033889  0.575088  0.817389     8.127717
 0.818510 -0.485276  0.307488     5.463894
 0.573492  0.658621 -0.487161    -0.800509
>../../../../class2/pro1//data/domains/Catalytic_domain/structures/ProRS-A_AF_Arch_Halogeometricum_borinquense_DSM_11551_gene9994169.pdb
 0.203485 -0.766026 -0.609752     7.228556
 0.492118 -0.458372  0.740078     5.596154
-0.846412 -0.450665  0.283704    -0.754995
>../../../../class2/pro1//data/domains/Catalytic_domain/structures/ProRS-A_AF_Arch_Picrophilus_torridus_DSM_9790_gene2845069.pdb
 0.565977 -0.765824 -0.305260     6.478761
 0.451795 -0.021603  0.891860     4.904600
-0.689603 -0.642687  0.333769    -2.751596
>../../../../class2/pro1//data/domains/Catalytic_domain/structures/ProRS-A_AF_Arch_Sulfurisphaera_tokodaii_str_7_gene1459472.pdb
-0.536382  0.791260  0.293602     7.519785
 0.783913  0.338202  0.520673     5.350168
 0.312691  0.509438 -0.801684    -1.495488
>../../../../class2/pro1//data/domains/Catalytic_domain/structures/ProRS-A_AF_Bact_Bacillus_anthracis_str_Ames_Ancestor_gene45020455.pdb
-0.004621  0.986664 -0.162703     7.221681
-0.841629 -0.091705 -0.532214     5.294747
-0.540037  0.134476  0.830829    -1.602505
>../../../../class2/pro1//data/domains/Catalytic_domain/structures/ProRS-A_AF_Bact_Mycoplasma_hyopneumoniae_168-L_gene57101275.pdb
-0.255948 -0.299715 -0.919055     9.680984
 0.182003 -0.948661  0.258684     5.619698
-0.949403 -0.101061  0.297357    -1.245435
>../../../../class2/pro1//data/domains/Catalytic_domain/structures/ProRS-A_AF_Bact_Porphyromonas_gingivalis_ATCC_33277_gene29256199.pdb
 0.280853 -0.741363 -0.609510     8.323685
 0.508571 -0.423620  0.749601     4.552431
-0.813927 -0.520506  0.258061    -1.817677
>../../../../class2/pro1//data/domains/Catalytic_domain/structures/ProRS-A_AF_Bact_Thermus_thermophilus_HB8_gene3169620.pdb
-0.037996 -0.532597 -0.845515     8.700907
 0.397966 -0.784196  0.476088     5.627452
-0.916613 -0.318397  0.241752    -1.827383
>../../../../class2/pro1//data/domains/Catalytic_domain/structures/ProRS-A_AF_Euk_Cryptococcus_gattii_WM276_gene10188341.pdb
-0.148455 -0.704751 -0.693748     9.419431
 0.465770 -0.668669  0.579604     8.203293
-0.872364 -0.237082  0.427519    -0.461340
>../../../../class2/pro1//data/domains/Catalytic_domain/structures/ProRS-A_AF_Euk_Ostreococcus_tauri_gene9837972.pdb
-0.286190 -0.351384 -0.891417     5.424443
 0.106710 -0.936231  0.334790    10.649574
-0.952212  0.000691  0.305436    -4.643903
>../../../../class2/pro1//data/domains/Catalytic_domain/structures/ProRS-A_AF_Euk_Plasmodium_yoelii_gene3807174.pdb
 0.237757  0.877602 -0.416277     5.955080
-0.862465 -0.006394 -0.506077     3.424532
-0.446796  0.479348  0.755380     0.735651
>../../../../class2/pro1//data/domains/Catalytic_domain/structures/ProRS-A_AF_Euk_Scheffersomyces_stipitis_CBS_6054_gene4840393.pdb
 0.301828 -0.887614 -0.347908    12.122204
 0.542878 -0.139965  0.828066     8.121737
-0.783698 -0.438806  0.439621    -1.673057
>../../../../class2/pro1//data/domains/Catalytic_domain/structures/ProRS-A_AF_Mito_Oryza_sativa_Japonica_Group_gene4342480.pdb
-0.157088 -0.612091 -0.775028     7.062818
 0.320865 -0.773828  0.546109    11.083571
-0.934007 -0.162892  0.317957    -4.150908
>../../../../class2/pro1//data/domains/Catalytic_domain/structures/ProRS-A_PDB_Arch_M_janacshii_1nj8.pdb
-0.194325 -0.095861  0.976242    -9.886220
-0.642428  0.764525 -0.052806    33.920959
-0.741299 -0.637427 -0.210150   108.466432
