>structures/SerRS-A_AF_Arch_Conexivisphaera_calida_protein1635512986.pdb
 0.388321 -0.617289 -0.684223     2.290214
 0.901683  0.101274  0.420370     0.506523
-0.190196 -0.780191  0.595926     0.245614
>structures/SerRS-A_AF_Arch_Ignisphaera_aggregans_protein304378874.pdb
 0.006839 -0.226372 -0.974017     1.871085
 0.594913 -0.781992  0.185921     2.575831
-0.803761 -0.580727  0.129324     1.211406
>structures/SerRS-A_AF_Arch_Methanosarcina_barkeri_protein805401349.pdb
 1.000000  0.000000  0.000000     0.000000
 0.000000  1.000000  0.000000     0.000000
 0.000000  0.000000  1.000000     0.000000
>structures/SerRS-A_AF_Arch_Unclassified_Thermoplasmata_protein1635512986.pdb
 0.539819 -0.612029 -0.577942     0.024389
 0.841386  0.371274  0.392715    -0.854697
-0.025778 -0.698267  0.715373     1.862991
>structures/SerRS-A_PDB_Arch_M_barkeri_2cjb.pdb
-0.877400 -0.445157  0.178899    28.015909
-0.453433  0.647613 -0.612369    73.711208
 0.156743 -0.618411 -0.770064    56.402124
