>../../../../class2/gly3//data/domains/Catalytic_domain/structures/GlyRS-E_AF_Arch_Methanosalsum_zhilinae_DSM_4017_gene10821854.pdb
 0.830477  0.550882  0.082691     5.531152
-0.399157  0.692029 -0.601473     3.641274
-0.388565  0.466503  0.794602     1.364681
>../../../../class2/gly3//data/domains/Catalytic_domain/structures/GlyRS-E_AF_Euk_Cryptococcus_neoformans_var_neoformans_JEC21_gene3258293.pdb
-0.259164 -0.922347  0.286547     4.564645
-0.906736  0.130166 -0.401106     3.453313
 0.332661 -0.363775 -0.870060     1.027775
>../../../../class2/gly3//data/domains/Catalytic_domain/structures/GlyRS-E_AF_Euk_Girardinichthys_multiradiatus_gene124858359.pdb
 0.863783  0.482141  0.146356     4.118906
-0.361353  0.795192 -0.486923     3.714079
-0.351146  0.367710  0.861096    -0.482599
>../../../../class2/gly3//data/domains/Catalytic_domain/structures/GlyRS-E_AF_Euk_Plasmodium_yoelii_gene3801472.pdb
 0.574501  0.811035 -0.110322     5.916333
-0.519589  0.257222 -0.814779     1.907975
-0.632436  0.525414  0.569179     2.082367
>../../../../class2/gly3//data/domains/Catalytic_domain/structures/GlyRS-E_AF_Euk_Schizosaccharomyces_pombe_gene2543181.pdb
 0.956252  0.274024  0.102441     5.170763
-0.238245  0.932664 -0.270882     3.855979
-0.169771  0.234625  0.957146    -0.683301
>../../../../class2/gly3//data/domains/Catalytic_domain/structures/GlyRS-E_PDB_Euk_H_sapiens_2q5h.pdb
 0.340984 -0.546909 -0.764605  -118.266943
 0.937687  0.140014  0.318023   -33.025581
-0.066874 -0.825401  0.560572    83.554630
>../../../../class2/pro1//data/domains/Catalytic_domain/structures/ProRS-A_AF_Arch_Candidatus_Nitrosopumilus_sediminis_gene13697692.pdb
-0.400313 -0.860642  0.314716     0.016298
-0.843896  0.212359 -0.492691     0.630465
 0.357197 -0.462817 -0.811302     1.452169
>../../../../class2/pro1//data/domains/Catalytic_domain/structures/ProRS-A_AF_Arch_Halogeometricum_borinquense_DSM_11551_gene9994169.pdb
 0.854816  0.518329  0.024998     0.066668
-0.420962  0.720798 -0.550673     0.646784
-0.303448  0.460201  0.834347     2.243764
>../../../../class2/pro1//data/domains/Catalytic_domain/structures/ProRS-A_AF_Arch_Picrophilus_torridus_DSM_9790_gene2845069.pdb
 0.599071  0.796650 -0.080394     1.976393
-0.524902  0.314919 -0.790762     1.710911
-0.604642  0.515921  0.606822     2.178269
>../../../../class2/pro1//data/domains/Catalytic_domain/structures/ProRS-A_AF_Arch_Sulfurisphaera_tokodaii_str_7_gene1459472.pdb
-0.027067 -0.608934  0.792759     0.626018
-0.619681 -0.612064 -0.491297     0.851972
 0.784387 -0.504555 -0.360778     1.543748
>../../../../class2/pro1//data/domains/Catalytic_domain/structures/ProRS-A_AF_Bact_Bacillus_anthracis_str_Ames_Ancestor_gene45020455.pdb
 0.355162 -0.390213 -0.849467     0.811915
 0.857091 -0.226824  0.462544     1.055310
-0.373170 -0.892348  0.253888     2.093555
>../../../../class2/pro1//data/domains/Catalytic_domain/structures/ProRS-A_AF_Bact_Mycoplasma_hyopneumoniae_168-L_gene57101275.pdb
 1.000000  0.000000  0.000000     0.000000
 0.000000  1.000000  0.000000     0.000000
 0.000000  0.000000  1.000000     0.000000
>../../../../class2/pro1//data/domains/Catalytic_domain/structures/ProRS-A_AF_Bact_Porphyromonas_gingivalis_ATCC_33277_gene29256199.pdb
 0.795312  0.604514  0.045190     0.650263
-0.481917  0.675720 -0.557816     1.527336
-0.367743  0.421860  0.828734     0.789013
>../../../../class2/pro1//data/domains/Catalytic_domain/structures/ProRS-A_AF_Bact_Thermus_thermophilus_HB8_gene3169620.pdb
 0.958234  0.277987  0.067164     0.781229
-0.255487  0.937633 -0.235735     0.274925
-0.128507  0.208730  0.969494     0.584461
>../../../../class2/pro1//data/domains/Catalytic_domain/structures/ProRS-A_AF_Euk_Cryptococcus_gattii_WM276_gene10188341.pdb
 0.953687  0.271673 -0.129132    -0.088657
-0.300531  0.878760 -0.370759    -2.435387
 0.012751  0.392396  0.919708     1.226805
>../../../../class2/pro1//data/domains/Catalytic_domain/structures/ProRS-A_AF_Euk_Ostreococcus_tauri_gene9837972.pdb
 0.995610 -0.093317 -0.007261     5.099261
 0.092230  0.991315 -0.093741    -3.302842
 0.015946  0.092660  0.995570     4.166966
>../../../../class2/pro1//data/domains/Catalytic_domain/structures/ProRS-A_AF_Euk_Plasmodium_yoelii_gene3807174.pdb
 0.200273 -0.671984 -0.712971    -1.283055
 0.785278 -0.325054  0.526952     2.976662
-0.585857 -0.665415  0.462595     3.421712
>../../../../class2/pro1//data/domains/Catalytic_domain/structures/ProRS-A_AF_Euk_Scheffersomyces_stipitis_CBS_6054_gene4840393.pdb
 0.773668  0.606233 -0.184175     0.259419
-0.526032  0.452563 -0.720054    -3.168423
-0.353170  0.653964  0.669031    -1.602703
>../../../../class2/pro1//data/domains/Catalytic_domain/structures/ProRS-A_AF_Mito_Oryza_sativa_Japonica_Group_gene4342480.pdb
 0.987403  0.157895 -0.010239     4.276923
-0.152690  0.933885 -0.323333    -4.224629
-0.041491  0.320823  0.946230     2.969906
>../../../../class2/pro1//data/domains/Catalytic_domain/structures/ProRS-A_PDB_Arch_M_janacshii_1nj8.pdb
 0.635731  0.770730 -0.042677   -94.879303
 0.746392 -0.627872 -0.220626   -32.652037
-0.196839  0.108405 -0.974424    56.043739
