>structures/IleRS_AF_Arch_Candidatus_Korarchaeum_cryptofilum_OPF8_gene6094904.pdb
 0.052087  0.777010 -0.627329    -0.954755
-0.438335 -0.546646 -0.713471     2.897161
-0.897301  0.312142  0.312118     1.639565
>structures/IleRS_AF_Arch_Candidatus_Nitrosopumilus_sediminis_gene13697091.pdb
-0.558387 -0.675710  0.481269     3.337775
-0.687902  0.052889 -0.723874     1.658586
 0.463676 -0.735268 -0.494355     2.482513
>structures/IleRS_AF_Arch_Pyrobaculum_aerophilum_str_IM2_gene1465853.pdb
 0.188972 -0.070203  0.979470    -1.712158
-0.062947 -0.996256 -0.059262     6.075104
 0.979963 -0.050456 -0.192683    -0.140634
>structures/IleRS_AF_Arch_Thermoplasma_acidophilum_DSM_1728_gene1456418.pdb
 0.337985 -0.327284 -0.882412    -1.266952
 0.238990 -0.877010  0.416819     2.776104
-0.910302 -0.351766 -0.218199     1.009523
>structures/IleRS_AF_Bact_Chlamydia_muridarum_str_Nigg_gene1246458.pdb
 1.000000  0.000000  0.000000     0.000000
 0.000000  1.000000  0.000000     0.000000
 0.000000  0.000000  1.000000     0.000000
>structures/IleRS_AF_Bact_Lactobacillus_acidophilus_La-14_gene56942445.pdb
 0.112744  0.363291  0.924829    -1.749491
 0.422065 -0.860130  0.286423     4.142817
 0.899528  0.358045 -0.250307    -0.778270
>structures/IleRS_AF_Bact_Mycoplasma_hyopneumoniae_168-L_gene57100872.pdb
 0.117638  0.465769  0.877052    -4.047802
 0.451646 -0.811651  0.370458     4.887723
 0.884408  0.352537 -0.305843     0.932710
>structures/IleRS_AF_Bact_Orientia_tsutsugamushi_str_Ikeda_gene66653313.pdb
-0.994676  0.082682  0.061510    -1.093778
 0.100648  0.907625  0.407538     2.316171
-0.022132  0.411559 -0.911114     1.717373
>structures/IleRS_AF_Bact_Porphyromonas_gingivalis_ATCC_33277_gene29255747.pdb
-0.987930  0.153615  0.019925    -3.355819
 0.147438  0.893068  0.425079     3.110218
 0.047504  0.422886 -0.904937     4.077001
>structures/IleRS_AF_Bact_Streptobacillus_moniliformis_DSM_12112_gene29674186.pdb
 0.029216  0.358448  0.933093    -0.995541
 0.474079 -0.826790  0.302767     8.602228
 0.879998  0.433514 -0.194088     3.570343
>structures/IleRS_AF_Bact_Thermus_thermophilus_HB8_gene3168241.pdb
 0.981290  0.188607  0.038690    -2.763161
-0.177934  0.965139 -0.191954     0.158531
-0.073545  0.181478  0.980641     0.541717
>structures/IleRS_AF_Bact_Treponema_pallidum_subsp_pertenue_str_SamoaD_gene57878975.pdb
 0.446708  0.763778 -0.465936    -2.020637
-0.769859  0.062818 -0.635115     2.247535
-0.455818  0.642415  0.616062    -0.010777
>structures/IleRS_AF_Euk_Cyanidioschyzon_merolae_strain_10D_gene16992835.pdb
 0.839503 -0.485430 -0.244114    -2.390643
 0.497013  0.504489  0.706023     3.274624
-0.219572 -0.714036  0.664786     0.712492
>structures/IleRS_AF_Euk_Ostreococcus_lucimarinus_CCE9901_gene5000489.pdb
 0.271030  0.704121 -0.656320    -0.117241
-0.742294 -0.281201 -0.608215     3.392315
-0.612815  0.652027  0.446451    -1.653574
>structures/IleRS_AF_Euk_Trypanosoma_brucei_brucei_TREU927_gene3663037.pdb
 0.060611  0.568544 -0.820417    -0.968181
-0.612721 -0.627657 -0.480229     3.586016
-0.787972  0.531794  0.310316    -0.362923
>structures/IleRS_AF_Euk_Ustilago_maydis_521_gene23568123.pdb
-0.131206  0.766909  0.628200    -4.380508
 0.742999 -0.343441  0.574456     3.020069
 0.656305  0.542124 -0.524752     1.315157
>structures/IleRS_AF_Mito_Drosophila_melanogaster_gene39762.pdb
-0.922240 -0.371846 -0.105848    -4.335344
-0.363675  0.927276 -0.088878     4.125912
 0.131199 -0.043473 -0.990402     4.735203
>structures/IleRS_AF_Mito_Homo_sapiens_gene55699.pdb
 0.153523  0.405631  0.901052    -3.273091
 0.443622 -0.843096  0.303955     4.508186
 0.882967  0.353062 -0.309382     0.470632
>structures/IleRS_AF_Vir_Megavirus_chiliensis_gene11256744.pdb
-0.944288  0.288716  0.158000    -0.910746
 0.323839  0.729403  0.602577     1.555040
 0.058728  0.620173 -0.782264     3.289874
>structures/IleRS_PDB_Bact_S_aureus_1QU2.pdb
 0.705850  0.461303  0.537564  -101.503689
 0.034113 -0.780140  0.624675    18.879269
 0.707539 -0.422589 -0.566398    67.378033
>structures/IleRS_PDB_Bact_T_therm_1ILE.pdb
 0.938645  0.219150 -0.266306    13.569625
-0.334052  0.769718 -0.544006   -22.392560
 0.085762  0.599589  0.795700    27.567272
>structures/IleRS_PDB_Euk_S_cere_7D5C.pdb
-0.153286  0.364178 -0.918628    30.972764
 0.632255  0.750578  0.192056   -11.363354
 0.759445 -0.551368 -0.345307    14.759336
