>../../../../class2/gly2//data/domains/Catalytic_domain/structures/GlyRS-Bα_AF_Bact_Brachyspira_pilosicoli_95_1000_gene56440230.pdb
-0.730276  0.130892  0.670495    40.082927
 0.409071 -0.702276  0.582640    56.775202
 0.547135  0.699768  0.459311     9.292079
>../../../../class2/gly2//data/domains/Catalytic_domain/structures/GlyRS-Bα_AF_Bact_Chlamydia_pneumoniae_TW-183_gene45051002.pdb
 0.991033  0.102771 -0.085395    43.788281
 0.130347 -0.884147  0.448657    40.274040
-0.029393 -0.455765 -0.889615    -4.500616
>../../../../class2/gly2//data/domains/Catalytic_domain/structures/GlyRS-Bα_AF_Bact_Lacticaseibacillus_paracasei_gene61269714.pdb
 0.660826 -0.294563 -0.690320    40.864332
 0.706587  0.554295  0.439877    58.310990
 0.253070 -0.778453  0.574427     8.541784
>../../../../class2/gly2//data/domains/Catalytic_domain/structures/GlyRS-Bα_AF_Bact_Prochlorococcus_marinus_subsp_marinus_str_CCMP1375_gene54200602.pdb
 0.709867  0.172282 -0.682941    40.624649
 0.034667  0.959902  0.278184    58.589177
 0.703482 -0.221149  0.675430     8.418275
>../../../../class2/gly2//data/domains/Catalytic_domain/structures/GlyRS-Bα_AF_Bact_Salmonella_enterica_subsp_enterica_serovar_Typhimurium_str_LT2_gene1255180.pdb
 0.879160 -0.034345 -0.475288    40.720225
-0.375327  0.564639 -0.735060    58.058717
 0.293612  0.824623  0.483517     6.733451
>../../../../class2/gly2//data/domains/Catalytic_domain/structures/GlyRS-Bα_AF_Bact_Streptobacillus_moniliformis_DSM_12112_gene29673275.pdb
 0.705303  0.184671 -0.684430    40.532610
 0.249925  0.838708  0.483845    58.167008
 0.663389 -0.512313  0.545390     8.286514
>../../../../class2/gly2//data/domains/Catalytic_domain/structures/GlyRS-Bα_AF_Euk_Ostreococcus_tauri_gene9837276.pdb
 0.630070 -0.467695 -0.619898    43.821904
-0.682421 -0.714422 -0.154608    41.145599
-0.370559  0.520445 -0.769300    -2.885327
>../../../../class2/gly2//data/domains/Catalytic_domain/structures/GlyRS-Bα_AF_Mito_Nymphaea_colorata_gene116265348.pdb
 0.971326  0.166658  0.169560    42.177656
-0.005336 -0.697722  0.716349    39.577180
 0.237691 -0.696713 -0.676826    -4.338064
>../../../../class2/gly2//data/domains/Catalytic_domain/structures/GlyRS-Bα_PDB_Bact_A_aeolicus_5f5w.pdb
 0.007193 -0.231982 -0.972693    41.704771
 0.654532 -0.734302  0.179968    98.624389
-0.756000 -0.637953  0.146558   -20.824928
>../../../../class2/gly2//data/domains/Catalytic_domain/structures/GlyRS-Bα_PDB_Bact_C_jejuni_3ufg.pdb
 0.914790  0.373661 -0.153418     6.994910
 0.144806 -0.657939 -0.739018    73.026500
-0.377082  0.653830 -0.655984    -1.065007
>../../../../class2/gly2//data/domains/Catalytic_domain/structures/GlyRS-Bα_PDB_Bact_T_maritima_1j5w.pdb
 1.000000  0.000000  0.000000     0.000000
 0.000000  1.000000  0.000000     0.000000
 0.000000  0.000000  1.000000     0.000000
>../../../../class2/pyl//data/domains/Catalytic_domain/structures/PylRS_AF_Arch_Candidatus_Methanomassiliicoccus_intestinalis_Issoire-Mx1_gene16153983.pdb
-0.808577 -0.119620  0.576103    46.780589
 0.451451 -0.754063  0.477054    62.360817
 0.377353  0.645817  0.663721     4.939080
>../../../../class2/pyl//data/domains/Catalytic_domain/structures/PylRS_AF_Arch_Methanosalsum_zhilinae_DSM_4017_gene10822650.pdb
-0.731004 -0.351434  0.584916    43.788676
-0.088254  0.898672  0.429651    60.277895
-0.676641  0.262456 -0.687949     0.158430
>../../../../class2/pyl//data/domains/Catalytic_domain/structures/PylRS_AF_Arch_Unclassified_Candidatus_Bathyarchaeota_proteinUCH69683.1.pdb
 0.521363  0.335433 -0.784644    47.917983
 0.713080 -0.676320  0.184686    60.648281
-0.468720 -0.655802 -0.591798     4.781416
>../../../../class2/pyl//data/domains/Catalytic_domain/structures/PylRS_AF_Bact_Unclassified_Actinobacteria_proteinMBU2601214.1.pdb
 0.522700  0.320883 -0.789822    48.555137
 0.722645 -0.658292  0.210797    60.992544
-0.452293 -0.680944 -0.575974     4.454450
>../../../../class2/pyl//data/domains/Catalytic_domain/structures/PylRS_AF_Bact_Unclassified_Aerophobetes_proteinMCD6471581.1.pdb
 0.493016  0.282733 -0.822798    48.167104
 0.615419 -0.781818  0.100104    61.338336
-0.614975 -0.555719 -0.559448     4.896155
>../../../../class2/pyl//data/domains/Catalytic_domain/structures/PylRS_AF_Bact_unclassified_Desulfosarcina_proteinMBC2741817.pdb
 0.710784  0.305992 -0.633368    41.315200
 0.384657 -0.922950 -0.014221    58.328968
-0.588919 -0.233521 -0.773720     3.496238
>../../../../class2/pyl//data/domains/Catalytic_domain/structures/PylRS_AF_Bact_unclassified_Lachnospiraceae_proteinHCE77498.1.pdb
-0.590030 -0.282313  0.756415    47.641289
-0.622787  0.755361 -0.203876    56.531961
-0.513810 -0.591379 -0.621507     2.396590
>../../../../class2/pyl//data/domains/Catalytic_domain/structures/PylRS_PDB_Arch_M_mazei_2Q7E.pdb
 0.384139 -0.905036  0.182610    70.849310
 0.661657  0.131909 -0.738112    67.826626
 0.643931  0.404363  0.649495   -41.312121
>../../../../class2/pyl//data/domains/Catalytic_domain/structures/PylRS_PDB_Bact_D_hafniense_2ZNJ.pdb
 0.349658 -0.648279  0.676367    57.940942
 0.545658  0.727770  0.415461    45.259690
-0.761575  0.223796  0.608210    56.290384
