>../../../../class2/asp1//data/domains/Catalytic_domain/structures/AspRS_AF_Arch_Candidatus_Methanomassiliicoccus_intestinalis_Issoire-Mx1_gene16154434.pdb
 1.000000  0.000000  0.000000     0.000000
 0.000000  1.000000  0.000000     0.000000
 0.000000  0.000000  1.000000     0.000000
>../../../../class2/asp1//data/domains/Catalytic_domain/structures/AspRS_AF_Arch_unclassified_Euryarchaeota_proteinHHT76046.1.pdb
 0.979768  0.200133  0.001062    -4.193119
-0.192579  0.941315  0.277198     3.885395
 0.054477 -0.271794  0.960812    -3.801232
>../../../../class2/asp1//data/domains/Catalytic_domain/structures/AspRS_AF_Bact_Bacillus_anthracis_str_Ames_Ancestor_gene45024275.pdb
 0.183948 -0.127007  0.974696    -0.195409
 0.363682 -0.912451 -0.187531     6.341476
 0.913180  0.388976 -0.121653     1.292840
>../../../../class2/asp1//data/domains/Catalytic_domain/structures/AspRS_AF_Bact_Brachyspira_pilosicoli_95_1000_gene56440011.pdb
 0.998325  0.057183  0.008753    -3.846909
-0.052957  0.842492  0.536100     2.068475
 0.023282 -0.535666  0.844109    -2.765012
>../../../../class2/asp1//data/domains/Catalytic_domain/structures/AspRS_AF_Bact_Chlamydia_muridarum_str_Nigg_gene1246197.pdb
 0.835837 -0.426770 -0.345317    -3.670092
 0.528256  0.454055  0.717481     1.754678
-0.149407 -0.782113  0.604960    -3.267673
>../../../../class2/asp1//data/domains/Catalytic_domain/structures/AspRS_AF_Bact_Mycoplasma_hyopneumoniae_168-L_gene57101115.pdb
 0.923246  0.380786 -0.051179    -0.700277
-0.365947  0.830942 -0.419068    -3.236799
-0.117048  0.405631  0.906511    -1.754025
>../../../../class2/asp1//data/domains/Catalytic_domain/structures/AspRS_AF_Bact_Nocardia_cyriacigeorgica_GUH-2_gene45501717.pdb
 0.006696  0.441029 -0.897468    -6.726653
-0.642637 -0.685721 -0.341767     0.486719
-0.766142  0.579034  0.278830    -6.105026
>../../../../class2/asp1//data/domains/Catalytic_domain/structures/AspRS_AF_Bact_Porphyromonas_gingivalis_ATCC_33277_gene29255515.pdb
-0.053527 -0.867235  0.495014    -4.702304
-0.891979 -0.181324 -0.414119     2.256058
 0.448896 -0.463709 -0.763850    -1.022488
>../../../../class2/asp1//data/domains/Catalytic_domain/structures/AspRS_AF_Bact_Prochlorococcus_marinus_subsp_marinus_str_CCMP1375_gene54201182.pdb
 0.817151 -0.534792 -0.215085     0.537420
 0.529182  0.548059  0.647763     5.220359
-0.228539 -0.643140  0.730850    -0.087445
>../../../../class2/asp1//data/domains/Catalytic_domain/structures/AspRS_AF_Bact_Xylella_fastidiosa_Temecula1_gene58016479.pdb
 0.015342  0.398698 -0.916954    -4.949896
-0.576897 -0.745498 -0.333799     4.712090
-0.816673  0.534109  0.218570    -2.257456
>../../../../class2/asp1//data/domains/Catalytic_domain/structures/AspRS_AF_Mito_Oryza_sativa_Japonica_Group_gene4324505.pdb
-0.999752  0.016990 -0.014410    -9.249619
 0.019832  0.973410 -0.228210     0.141629
 0.010149 -0.228439 -0.973505    -4.007791
>../../../../class2/asp1//data/domains/Catalytic_domain/structures/AspRS_AF_Mito_Oryzias_melastigma_gene112147132.pdb
 0.591337  0.806421 -0.002567    -3.614786
-0.743690  0.544101 -0.388433     4.985077
-0.311843  0.231604  0.921474    -2.750881
>../../../../class2/asp1//data/domains/Catalytic_domain/structures/AspRS_PDB_Bact_E_coli_1c0a.pdb
 0.397024  0.250742 -0.882893   -41.420689
-0.592108  0.804979 -0.037648     6.865294
 0.701270  0.537715  0.468062   -61.086611
>../../../../class2/pro2//data/domains/Catalytic_domain/structures/ProRS-B_AF_Bact_Acinetobacter_baylyi_ADP1_gene45233245.pdb
 0.773564 -0.604633 -0.189783    -1.245424
 0.491191  0.382844  0.782408     2.293235
-0.400413 -0.698462  0.593144    -3.693371
>../../../../class2/pro2//data/domains/Catalytic_domain/structures/ProRS-B_AF_Bact_Brachyspira_pilosicoli_95_1000_gene56438966.pdb
-0.079014 -0.297472 -0.951455    -1.014339
 0.405881 -0.881346  0.241846     3.755123
-0.910504 -0.367068  0.190377    -2.305347
>../../../../class2/pro2//data/domains/Catalytic_domain/structures/ProRS-B_AF_Bact_Chlamydia_psittaci_6BC_gene12242703.pdb
-0.739794 -0.659802  0.131781     2.766176
-0.577428  0.522060 -0.627719     2.119688
 0.345373 -0.540477 -0.767204    -0.399668
>../../../../class2/pro2//data/domains/Catalytic_domain/structures/ProRS-B_AF_Bact_Clostridium_acetobutylicum_DSM_1731_gene44999665.pdb
 0.633512 -0.668282 -0.389952    -0.645831
 0.644961  0.177697  0.743269     3.184577
-0.427420 -0.722374  0.543589    -2.556176
>../../../../class2/pro2//data/domains/Catalytic_domain/structures/ProRS-B_AF_Bact_Corynebacterium_ulcerans_809_gene75260584.pdb
-0.928023 -0.286142 -0.238531     0.193103
-0.331499  0.926443  0.178360     2.279372
 0.169949  0.244595 -0.954616    -1.429786
>../../../../class2/pro2//data/domains/Catalytic_domain/structures/ProRS-B_AF_Bact_Prochlorococcus_marinus_subsp_marinus_str_CCMP1375_gene54199876.pdb
 0.667517 -0.698836 -0.256999    -0.212606
 0.630514  0.346912  0.694337     2.263245
-0.396072 -0.625524  0.672196    -3.999234
>../../../../class2/pro2//data/domains/Catalytic_domain/structures/ProRS-B_AF_Bact_Streptobacillus_moniliformis_DSM_12112_gene29673723.pdb
 0.957899 -0.240170  0.157313    -1.284245
 0.169297  0.915038  0.366119     3.875677
-0.231879 -0.324073  0.917175    -2.396018
>../../../../class2/pro2//data/domains/Catalytic_domain/structures/ProRS-B_PDB_Bact_S_aureus_5znj.pdb
 0.928833 -0.296925 -0.221596     1.961700
 0.203472 -0.091030  0.974840   -17.855332
-0.309626 -0.950552 -0.024135    -1.594402
>../../../../class2/pro2//data/domains/Catalytic_domain/structures/ProRS_PDB_Bact_E_faecalis_2J3M.pdb
 0.968440 -0.199369  0.149583   -31.868211
 0.024953  0.674681  0.737687     1.220158
-0.247993 -0.710674  0.658364   -11.457084
