>../../../../class1/lys//data/domains/Catalytic_domain/structures/LysRS-I_AF_Arch_Candidatus_Bathyarchaeota_archaeon_proteinRJS75864.1.pdb
-0.174947 -0.966508 -0.187765     9.718430
-0.870245  0.240991 -0.429647     5.649028
 0.460507  0.088237 -0.883260    -8.502961
>../../../../class1/lys//data/domains/Catalytic_domain/structures/LysRS-I_AF_Arch_Candidatus_Nitrosopumilus_koreensis_AR1_gene13726042.pdb
-0.045780  0.955881  0.290166     5.728601
 0.586690 -0.209369  0.782278     4.467444
 0.808516  0.206050 -0.551221    -6.798263
>../../../../class1/lys//data/domains/Catalytic_domain/structures/LysRS-I_AF_Arch_Ferroplasma_acidarmanus_Fer1_gene16025146.pdb
-0.253488 -0.933010 -0.255415     8.398898
-0.799120  0.350767 -0.488232     0.945052
 0.545116  0.080346 -0.834502    -9.078189
>../../../../class1/lys//data/domains/Catalytic_domain/structures/LysRS-I_AF_Arch_Halorubrum_lacusprofundi_ATCC_49239_gene7400505.pdb
 0.755099 -0.318451  0.573075    12.063342
 0.275224  0.947327  0.163775     5.160998
-0.595044  0.034058  0.802971    -9.931425
>../../../../class1/lys//data/domains/Catalytic_domain/structures/LysRS-I_AF_Bact_Cereibacter_sphaeroides_KD131_gene67447319.pdb
 0.079455 -0.968023 -0.237947     5.674608
 0.787164 -0.085525  0.610785     4.610605
-0.611604 -0.235833  0.755198   -11.314079
>../../../../class1/lys//data/domains/Catalytic_domain/structures/LysRS-I_AF_Bact_Cyanobacteria_bacterium_J007_proteinRMH73500.1.pdb
 0.191456 -0.946709  0.259010    10.907325
-0.850941 -0.291614 -0.436876     6.271810
 0.489125 -0.136760 -0.861425    -7.773994
>../../../../class1/lys//data/domains/Catalytic_domain/structures/LysRS-I_AF_Bact_Streptomyces_albidoflavus_gene15147364.pdb
-0.103065  0.946475  0.305880     8.383551
 0.382640 -0.246126  0.890510     7.525852
 0.918131  0.208822 -0.336792    -9.521157
>../../../../class1/lys//data/domains/Catalytic_domain/structures/LysRS-I_AF_Bact_Treponema_denticola_ATCC_35405_gene2739918.pdb
-0.072726  0.965968  0.248228     8.230472
 0.338959 -0.210134  0.917033     7.416966
 0.937986  0.150831 -0.312142    -9.370712
>../../../../class1/lys//data/domains/Catalytic_domain/structures/LysRS-I_PDB_Arch_P_hori_1IRX.pdb
 0.810634  0.527259 -0.254699   -29.728617
-0.533900  0.844168  0.048283    -4.855148
 0.240466  0.096844  0.965814   -92.140871
>../../../../class1/trp//data/domains/Catalytic_domain/structures/TrpRS_AF_Arch_Natrialba_magadii_ATCC_43099_gene8824932.pdb
-0.158039 -0.567605 -0.807990     3.919191
 0.327939 -0.801999  0.499253     1.377768
-0.931386 -0.186070  0.312887    -2.259224
>../../../../class1/trp//data/domains/Catalytic_domain/structures/TrpRS_AF_Arch_Nitrosopumilus_maritimus_SCM1_gene5773245.pdb
-0.035095 -0.703484 -0.709844     4.799854
 0.400611 -0.660620  0.634895     0.003095
-0.915576 -0.262089  0.305008    -3.833224
>../../../../class1/trp//data/domains/Catalytic_domain/structures/TrpRS_AF_Arch_Sulfolobus_islandicus_M1627_gene7814138.pdb
 0.078308 -0.972179  0.220764     6.624926
-0.544265 -0.227221 -0.807556    -1.052923
 0.835251 -0.056916 -0.546916    -0.676971
>../../../../class1/trp//data/domains/Catalytic_domain/structures/TrpRS_AF_Arch_Thermoplasma_acidophilum_DSM_1728_gene1456706.pdb
 1.000000  0.000000  0.000000     0.000000
 0.000000  1.000000  0.000000     0.000000
 0.000000  0.000000  1.000000     0.000000
>../../../../class1/trp//data/domains/Catalytic_domain/structures/TrpRS_AF_Bact_Anoxybacillus_flavithermus_WK1_gene7038388.pdb
-0.273060 -0.961767  0.021045     8.649414
-0.683449  0.178553 -0.707825    -1.025693
 0.677005 -0.207662 -0.706074     2.289483
>../../../../class1/trp//data/domains/Catalytic_domain/structures/TrpRS_AF_Bact_Brachyspira_pilosicoli_95_1000_gene56440833.pdb
 0.289653  0.937152  0.194542     6.595045
-0.739245  0.348151 -0.576462     4.095287
-0.607963  0.023159  0.793628     0.261801
>../../../../class1/trp//data/domains/Catalytic_domain/structures/TrpRS_AF_Bact_Helicobacter_cinaedi_PAGU611_gene66538868.pdb
-0.081841 -0.956575  0.279761     9.598234
-0.627957 -0.168484 -0.759791    -0.472579
 0.773933 -0.237860 -0.586899     2.615802
>../../../../class1/trp//data/domains/Catalytic_domain/structures/TrpRS_AF_Bact_Mycoplasma_hyopneumoniae_168-L_gene57101461.pdb
 0.130042 -0.917142  0.376749    10.656268
-0.587206 -0.377410 -0.716066     1.284694
 0.798923 -0.128111 -0.587630     1.695023
>../../../../class1/trp//data/domains/Catalytic_domain/structures/TrpRS_AF_Bact_Porphyromonas_gingivalis_ATCC_33277_gene29255389.pdb
-0.021931  0.680688  0.732245     7.285145
 0.842807 -0.381380  0.379770     3.816236
 0.537769  0.625470 -0.565324    -0.918429
>../../../../class1/trp//data/domains/Catalytic_domain/structures/TrpRS_AF_Bact_Prochlorococcus_marinus_subsp_marinus_str_CCMP1375_gene54200405.pdb
-0.003393 -0.807265 -0.590180     7.257514
 0.626739 -0.461603  0.627790     9.617533
-0.779222 -0.367759  0.507511    -1.548759
>../../../../class1/trp//data/domains/Catalytic_domain/structures/TrpRS_AF_Bact_Streptomyces_albidoflavus_gene15147734.pdb
 0.328224  0.315763  0.890260     6.835492
 0.623270 -0.780589  0.047075     3.324276
 0.709792  0.539421 -0.453013     0.723448
>../../../../class1/trp//data/domains/Catalytic_domain/structures/TrpRS_AF_Bact_Thermus_thermophilus_HB8_gene3168998.pdb
 0.545511 -0.819257 -0.176737     6.681278
 0.528909  0.172937  0.830872     3.350285
-0.650133 -0.546727  0.527651    -0.173260
>../../../../class1/trp//data/domains/Catalytic_domain/structures/TrpRS_AF_Euk_Cryptococcus_neoformans_var_neoformans_JEC21_gene3254069.pdb
 0.828243  0.473050  0.300394     4.279351
-0.556877  0.754575  0.347138     2.012119
-0.062456 -0.454797  0.888402    -2.936191
>../../../../class1/trp//data/domains/Catalytic_domain/structures/TrpRS_AF_Euk_Cyanidioschyzon_merolae_strain_10D_gene16993299.pdb
 0.538837 -0.815078 -0.212844     5.005318
 0.436220  0.053821  0.898229     1.089663
-0.720671 -0.576846  0.384554    -3.917334
>../../../../class1/trp//data/domains/Catalytic_domain/structures/TrpRS_AF_Euk_Drosophila_melanogaster_gene45399.pdb
 0.211284 -0.922510 -0.323009     5.987014
 0.518192 -0.174483  0.837277     6.499905
-0.828756 -0.344284  0.441172    -5.583775
>../../../../class1/trp//data/domains/Catalytic_domain/structures/TrpRS_AF_Euk_Saccharomyces_cerevisiae_S288C_gene854056.pdb
-0.001084  0.912850 -0.408295     3.833170
-0.904156 -0.175319 -0.389571     2.480457
-0.427201  0.368740  0.825548    -2.814056
>../../../../class1/trp//data/domains/Catalytic_domain/structures/TrpRS_AF_Mito_Bufo_gargarizans_gene122922343.pdb
 0.894547 -0.292459  0.338012     6.826425
 0.050471  0.817481  0.573741     3.877036
-0.444114 -0.496178  0.746036    -1.044516
>../../../../class1/trp//data/domains/Catalytic_domain/structures/TrpRS_AF_Mito_Cyanidioschyzon_merolae_strain_10D_gene16992222.pdb
 0.479839  0.868006  0.127751     7.331659
-0.709351  0.469508 -0.525722    -2.200421
-0.516310  0.161642  0.841009    -0.745379
>../../../../class1/trp//data/domains/Catalytic_domain/structures/TrpRS_AF_Vir_Megavirus_chiliensis_gene11257301.pdb
 0.175499 -0.771054 -0.612107     4.427587
 0.340408 -0.535878  0.772630     0.910664
-0.923755 -0.343962  0.168427    -2.136867
>../../../../class1/trp//data/domains/Catalytic_domain/structures/TrpRS_PDB_Arch_P_hori_3JXE.pdb
-0.189983  0.334791  0.922942   -19.837370
-0.707383 -0.698564  0.107788    -8.355357
 0.680820 -0.632395  0.369541    40.141073
>../../../../class1/trp//data/domains/Catalytic_domain/structures/TrpRS_PDB_Bact_G_stearo_1I6M.pdb
-0.743652 -0.500476 -0.443290    76.050663
 0.622363 -0.760419 -0.185544    -7.938557
-0.244226 -0.413868  0.876965   -13.608022
>../../../../class1/trp//data/domains/Catalytic_domain/structures/TrpRS_PDB_Bact_Y_pestis_3N9I.pdb
 0.539648  0.525118  0.658051   -59.829085
-0.327131  0.851005 -0.410822   -40.159916
-0.775735  0.006430  0.631026    15.067339
>../../../../class1/trp//data/domains/Catalytic_domain/structures/TrpRS_PDB_Euk_S_Cerevisiae_3KT3.pdb
 0.742020  0.093815 -0.663781   101.860852
 0.661002  0.062632  0.747766   119.201097
 0.111725 -0.993618 -0.015538    42.832067
