>structures/PheRS-M_AF_Mito_Arabidopsis_thaliana_gene824983.pdb
-0.960797  0.266886  0.075107   -11.891413
 0.265506  0.807669  0.526477     3.348595
 0.079848  0.525779 -0.846865    -4.119109
>structures/PheRS-M_AF_Mito_Babesia_bovis_T2Bo_gene5478469.pdb
 0.123659 -0.736863  0.664636    -6.530282
 0.653733 -0.443398 -0.613214     7.060143
 0.746553  0.510324  0.426882    -4.226896
>structures/PheRS-M_AF_Mito_Candida_albicans_SC5314_gene3638806.pdb
-0.657065 -0.616658 -0.433588    -6.804609
-0.456525 -0.132195  0.879835     4.083682
-0.599876  0.776052 -0.194659    -6.919571
>structures/PheRS-M_AF_Mito_Crassostrea_gigas_gene105329377.pdb
 1.000000  0.000000  0.000000     0.000000
 0.000000  1.000000  0.000000     0.000000
 0.000000  0.000000  1.000000     0.000000
>structures/PheRS-M_AF_Mito_Drosophila_melanogaster_gene36547.pdb
 0.365721 -0.259233 -0.893894    -7.888594
-0.283571 -0.945801  0.158268     7.822072
-0.886474  0.195601 -0.419410    -6.712077
>structures/PheRS-M_AF_Mito_Syngnathus_acus_gene119139175.pdb
 0.262105  0.872133 -0.413140    -4.453585
-0.460483 -0.263200 -0.847751     2.327262
-0.848090  0.412443  0.332616    -3.033135
>structures/PheRS-M_PDB_Mito.H_sapiens_3CMQ.pdb
 0.141188 -0.743160 -0.654048    22.385152
-0.983345 -0.028897 -0.179438     7.313277
 0.114451  0.668489 -0.734863    -8.523094
