>structures/TrpRS_AF_Arch_Natrialba_magadii_ATCC_43099_gene8824932.pdb
 0.980068 -0.162840 -0.113796    -0.097596
 0.180960  0.968129  0.173147     0.145035
 0.081974 -0.190288  0.978300     2.801176
>structures/TrpRS_AF_Arch_Nitrosopumilus_maritimus_SCM1_gene5773245.pdb
 0.999921  0.000567 -0.012529     0.025300
-0.000527  0.999995  0.003150     0.028962
 0.012531 -0.003144  0.999917     0.098383
>structures/TrpRS_AF_Arch_Sulfolobus_islandicus_M1627_gene7814138.pdb
-0.984526 -0.023013  0.173719    -3.100620
 0.075911  0.837486  0.541161    -0.956970
-0.157940  0.545975 -0.822780    -1.044444
>structures/TrpRS_AF_Arch_Thermoplasma_acidophilum_DSM_1728_gene1456706.pdb
 0.031988  0.435135 -0.899797    -3.362564
-0.779192 -0.552964 -0.295110     2.400641
-0.625968  0.710555  0.321366     4.940276
>structures/TrpRS_AF_Euk_Cryptococcus_neoformans_var_neoformans_JEC21_gene3254069.pdb
-0.176287  0.723611 -0.667315     0.200366
-0.177666 -0.690189 -0.701480    -0.664140
-0.968172 -0.005103  0.250232     1.778378
>structures/TrpRS_AF_Euk_Cyanidioschyzon_merolae_strain_10D_gene16993299.pdb
 0.838242  0.544190  0.034757     1.231896
-0.436354  0.707632 -0.555745    -0.332723
-0.327026  0.450682  0.830626     0.614247
>structures/TrpRS_AF_Euk_Drosophila_melanogaster_gene45399.pdb
 0.958795  0.276645 -0.064650     4.162230
-0.274786  0.845252 -0.458302    -4.475199
-0.072141  0.457183  0.886442     2.610613
>structures/TrpRS_AF_Euk_Saccharomyces_cerevisiae_S288C_gene854056.pdb
 0.040734 -0.429661 -0.902071     0.363704
 0.738785 -0.594889  0.316709    -0.848819
-0.672709 -0.679337  0.293195     2.447934
>structures/TrpRS_AF_Mito_Cyanidioschyzon_merolae_strain_10D_gene16992222.pdb
-0.230794  0.911836 -0.339544    -2.771545
-0.055327 -0.360699 -0.931040   -15.315907
-0.971428 -0.196092  0.133696    -2.487686
>structures/TrpRS_AF_Vir_Megavirus_chiliensis_gene11257301.pdb
 0.985450  0.107499  0.131653    -0.839936
-0.092231  0.988835 -0.117045     0.237543
-0.142766  0.103199  0.984362     1.179085
>structures/TrpRS_PDB_Arch_P_hori_3JXE.pdb
-0.903656  0.309309 -0.296200   -43.337869
 0.411471  0.435321 -0.800741    10.542202
-0.118735 -0.845472 -0.520652    24.380211
>structures/TrpRS_PDB_Euk_S_Cerevisiae_3KT3.pdb
 0.123672  0.931685  0.341568    -0.480745
-0.989311  0.142563 -0.030663  -159.306075
-0.077263 -0.334124  0.939357    20.440511
