>structures/TrpRS_AF_Arch_Natrialba_magadii_ATCC_43099_gene8824932.pdb
 0.999835  0.010221 -0.015011    -0.066267
-0.010175  0.999943  0.003106     0.113767
 0.015042 -0.002952  0.999883    -0.040169
>structures/TrpRS_AF_Arch_Nitrosopumilus_maritimus_SCM1_gene5773245.pdb
 0.981152  0.183401  0.060868    -0.039630
-0.169331  0.967761 -0.186454     0.484317
-0.093101  0.172633  0.980576    -2.803747
>structures/TrpRS_AF_Arch_Sulfolobus_islandicus_M1627_gene7814138.pdb
-0.963523  0.170747  0.206082    -3.370974
 0.265436  0.708031  0.654397     0.265552
-0.034176  0.685228 -0.727526    -3.745446
>structures/TrpRS_AF_Arch_Thermoplasma_acidophilum_DSM_1728_gene1456706.pdb
-0.158463  0.386045 -0.908768    -2.582722
-0.651547 -0.732440 -0.197529     2.437698
-0.741873  0.560804  0.367591     2.888145
>structures/TrpRS_AF_Euk_Cryptococcus_neoformans_var_neoformans_JEC21_gene3254069.pdb
-0.270055  0.591002 -0.760123     0.277005
 0.053129 -0.779106 -0.624637    -0.492735
-0.961378 -0.209071  0.179002    -1.339689
>structures/TrpRS_AF_Euk_Cyanidioschyzon_merolae_strain_10D_gene16993299.pdb
 0.722067  0.691784 -0.007335     1.154704
-0.496747  0.511055 -0.701474    -0.136491
-0.481520  0.510155  0.712658    -2.390752
>structures/TrpRS_AF_Euk_Drosophila_melanogaster_gene45399.pdb
 0.885362  0.455417 -0.093431     3.417555
-0.416235  0.686992 -0.595643    -5.078623
-0.207080  0.566249  0.797797    -1.401227
>structures/TrpRS_AF_Euk_Homo_sapiens_gene7453.pdb
-0.877590  0.413223  0.243068    -4.311546
 0.448623  0.529082  0.720284     2.299064
 0.169035  0.741160 -0.649699    -3.494876
>structures/TrpRS_AF_Mito_Bufo_gargarizans_gene122922343.pdb
 0.181682 -0.098516  0.978410   -10.721704
-0.826823  0.523294  0.206223    -3.518756
-0.532312 -0.846439  0.013618     4.940991
>structures/TrpRS_AF_Mito_Cyanidioschyzon_merolae_strain_10D_gene16992222.pdb
-0.871751  0.160718 -0.462838   -24.229791
 0.486356  0.169677 -0.857128    -0.936351
-0.059223 -0.972306 -0.226082    -8.588011
>structures/TrpRS_AF_Vir_Megavirus_chiliensis_gene11257301.pdb
 0.939180  0.292412  0.180101    -0.750416
-0.222997  0.918079 -0.327724     0.649882
-0.261177  0.267630  0.927448    -1.663587
>structures/TrpRS_PDB_Arch_P_hori_3JXE.pdb
-0.820553  0.325981 -0.469498   -39.045873
 0.569894  0.529459 -0.628406    13.241892
 0.043732 -0.783205 -0.620224    27.161612
>structures/TrpRS_PDB_Euk_S_Cerevisiae_3KT3.pdb
-0.075393  0.918404  0.388395   -30.149803
-0.967713  0.026560 -0.250651  -157.362503
-0.240515 -0.394752  0.886749    -7.112077
