>../../../../class2/lys//data/domains/Catalytic_domain/structures/LysRS-II_AF_Arch_Aciduliprofundum_boonei_T469_gene8827564.pdb
 0.170380  0.006899  0.985354     0.924467
 0.048743 -0.998810 -0.001435     4.588874
 0.984172  0.048274 -0.170513    -2.151377
>../../../../class2/lys//data/domains/Catalytic_domain/structures/LysRS-II_AF_Arch_Archaeoglobus_sulfaticallidus_PM70-1_gene15393615.pdb
-0.288963 -0.778242  0.557531     3.673654
-0.684316 -0.239355 -0.688782    -0.270414
 0.669487 -0.580560 -0.463399     1.605442
>../../../../class2/lys//data/domains/Catalytic_domain/structures/LysRS-II_AF_Arch_Candidatus_Woesearchaeota_archaeon_proteinMBS3172198.1.pdb
-0.837251 -0.509229  0.199239     2.747838
-0.533287  0.679846 -0.503402     2.048762
 0.120895 -0.527726 -0.840767     1.133260
>../../../../class2/lys//data/domains/Catalytic_domain/structures/LysRS-II_AF_Arch_Thermogladius_calderae_1633_gene13013549.pdb
 0.019265  0.468431  0.883290    -0.707958
 0.567531 -0.732453  0.376060     3.506000
 0.823127  0.494050 -0.279960    -1.375616
>../../../../class2/lys//data/domains/Catalytic_domain/structures/LysRS-II_AF_Bact_Chlamydia_muridarum_str_Nigg_gene1245697.pdb
 0.063627  0.501054  0.863074     0.130774
 0.570101 -0.728073  0.380651     3.563369
 0.819107  0.467820 -0.331977    -2.983231
>../../../../class2/lys//data/domains/Catalytic_domain/structures/LysRS-II_AF_Bact_Cupriavidus_taiwanensis_LMG_19424_gene29762375.pdb
-0.350097 -0.799918  0.487405     2.292378
-0.692145 -0.129694 -0.710010    -2.546734
 0.631163 -0.585928 -0.508253     3.435041
>../../../../class2/lys//data/domains/Catalytic_domain/structures/LysRS-II_AF_Bact_Leuconostoc_gelidum_JB7_gene61037106.pdb
-0.249123 -0.887195  0.388360    -0.495063
-0.617071 -0.163656 -0.769701     2.113383
 0.746432 -0.431396 -0.506692     0.353116
>../../../../class2/lys//data/domains/Catalytic_domain/structures/LysRS-II_AF_Bact_Mycobacterium_intracellulare_ATCC_13950_gene11907187.pdb
-0.240083 -0.767895  0.593883     2.966854
-0.609470 -0.356941 -0.707912    -1.461269
 0.755584 -0.531911 -0.382313     3.607501
>../../../../class2/lys//data/domains/Catalytic_domain/structures/LysRS-II_AF_Bact_Mycoplasma_hyopneumoniae_168-L_gene57101062.pdb
-0.228646 -0.886377  0.402563    -0.547232
-0.673333 -0.154664 -0.722981     4.157047
 0.703096 -0.436366 -0.561463    -0.279118
>../../../../class2/lys//data/domains/Catalytic_domain/structures/LysRS-II_AF_Bact_Porphyromonas_gingivalis_ATCC_33277_gene29256363.pdb
-0.004282 -0.117250  0.993093     1.449386
 0.155709 -0.981067 -0.115159     5.971701
 0.987794  0.154140  0.022458    -2.517229
>../../../../class2/lys//data/domains/Catalytic_domain/structures/LysRS-II_AF_Bact_Prochlorococcus_marinus_subsp_marinus_str_CCMP1375_gene54201108.pdb
-0.145177 -0.808342  0.570531    -0.768256
-0.497480 -0.438810 -0.748305     2.688068
 0.855241 -0.392465 -0.338429    -0.722909
>../../../../class2/lys//data/domains/Catalytic_domain/structures/LysRS-II_AF_Bact_Streptobacillus_moniliformis_DSM_12112_gene29673899.pdb
-0.095251 -0.639647  0.762744     3.260412
-0.437465 -0.661375 -0.609268     0.264455
 0.894176 -0.391707 -0.216827     4.592197
>../../../../class2/lys//data/domains/Catalytic_domain/structures/LysRS-II_AF_Euk_Ostreococcus_tauri_gene9837657.pdb
-0.371285 -0.790382  0.487282     3.706378
-0.688279 -0.117973 -0.715790    -1.804296
 0.623233 -0.601148 -0.500202     2.400100
>../../../../class2/lys//data/domains/Catalytic_domain/structures/LysRS-II_AF_Euk_Solanum_lycopersicum_gene778357.pdb
 1.000000  0.000000  0.000000     0.000000
 0.000000  1.000000  0.000000     0.000000
 0.000000  0.000000  1.000000     0.000000
>../../../../class2/lys//data/domains/Catalytic_domain/structures/LysRS-II_AF_Euk_Theileria_annulata_gene3864794.pdb
 0.876877 -0.475885 -0.067979     0.258049
 0.444487  0.748786  0.491681    -1.231783
-0.183082 -0.461360  0.868118     3.710612
>../../../../class2/lys//data/domains/Catalytic_domain/structures/LysRS-II_AF_Euk_Zootoca_vivipara_gene118086243.pdb
-0.974843 -0.222397 -0.014835    -2.626763
-0.220981  0.973041 -0.066024     0.177945
 0.029119 -0.061085 -0.997708    -1.665367
>../../../../class2/lys//data/domains/Catalytic_domain/structures/LysRS-II_AF_Mito_Malus_domestica_gene103446975.pdb
-0.504068 -0.771373  0.388459     2.125670
-0.672471  0.068308 -0.736964    -2.971062
 0.541939 -0.632707 -0.553158     2.668587
>../../../../class2/lys//data/domains/Catalytic_domain/structures/LysRS-II_AF_Mito_Scheffersomyces_stipitis_CBS_6054_gene4837999.pdb
-0.385195 -0.858209  0.339269     1.658691
-0.674038  0.010539 -0.738622    -3.374376
 0.630316 -0.513193 -0.582524     2.389052
>../../../../class2/lys//data/domains/Catalytic_domain/structures/LysRS-II_PDB_Bact_G_stearothermophilus_3E9H.pdb
-0.523318 -0.842813  0.125719   -41.867591
-0.585284  0.462732  0.665824    59.163092
-0.619339  0.274857 -0.735441    83.738210
>../../../../class2/pro3//data/domains/Catalytic_domain/structures/ProRS-M_AF_Euk_Candida_albicans_SC5314_gene3640100.pdb
-0.874243 -0.443383  0.197766    -0.263839
-0.461368  0.631949 -0.622720    -0.233698
 0.151125 -0.635651 -0.757040     9.509886
>../../../../class2/pro3//data/domains/Catalytic_domain/structures/ProRS-M_AF_Mito_Drosophila_melanogaster_gene38331.pdb
 0.664665  0.508021 -0.547845     2.124937
-0.687945  0.702182 -0.183500    -1.241864
 0.291465  0.498854  0.816207     2.999870
>../../../../class2/pro3//data/domains/Catalytic_domain/structures/ProRS-M_AF_Mito_Mauremys_reevesii_gene120369760.pdb
-0.367683 -0.167659  0.914713     2.007075
 0.312947 -0.948554 -0.048068     1.699434
 0.875713  0.268582  0.401235     7.482030
>../../../../class2/pro3//data/domains/Catalytic_domain/structures/ProRS-M_AF_Mito_Schizosaccharomyces_pombe_gene2540642.pdb
-0.867026 -0.272502  0.417142     1.267486
-0.452148  0.782050 -0.428905    -1.185829
-0.209349 -0.560482 -0.801270     5.126604
