>structures/TyrRS_AF_Arch_Candidatus_Korarchaeum_cryptofilum_OPF8_gene6094625.pdb
-0.041997 -0.631499 -0.774239     5.299738
 0.526991 -0.672361  0.519818     0.755245
-0.848833 -0.386186  0.361031    -5.019740
>structures/TyrRS_AF_Arch_Desulfurococcus_amylolyticus_1221n_gene7171652.pdb
-0.512195 -0.029402 -0.858365     4.735539
-0.101316 -0.990367  0.094379     0.099714
-0.852872  0.135307  0.504283    -3.835554
>structures/TyrRS_AF_Arch_Methanothermococcus_okinawensis_IH1_gene10772133.pdb
 0.861323  0.436915  0.259282     2.321945
-0.467411  0.881471  0.067355    -2.309987
-0.199121 -0.179206  0.963450    -3.381272
>structures/TyrRS_AF_Arch_Thermoplasma_acidophilum_DSM_1728_gene1456112.pdb
 0.621696  0.164006  0.765895     8.072864
 0.510631 -0.826334 -0.237544     4.809692
 0.593927  0.538770 -0.597476    -2.771099
>structures/TyrRS_AF_Bact_Bifidobacterium_animalis_subsp_lactis_BLC1_gene66533077.pdb
-0.615392  0.245289 -0.749084     3.839599
 0.017116 -0.945964 -0.323819     1.760248
-0.788036 -0.212096  0.577940   -10.081751
>structures/TyrRS_AF_Bact_Brachyspira_pilosicoli_95_1000_gene56440491.pdb
 0.497577 -0.356992  0.790553     9.749451
 0.048175 -0.898604 -0.436107     0.941926
 0.866081  0.255082 -0.429926    -3.347796
>structures/TyrRS_AF_Bact_Chlamydia_psittaci_6BC_gene12242888.pdb
-0.583615  0.392086 -0.711099     5.624867
-0.180495 -0.916435 -0.357168     1.900061
-0.791717 -0.080099  0.605614    -5.080950
>structures/TyrRS_AF_Bact_Lactococcus_lactis_subsp_cremoris_KW2_gene61108704.pdb
-0.540758  0.402522 -0.738618     5.380682
-0.161103 -0.911380 -0.378724     0.909672
-0.825607 -0.085805  0.557684   -10.030897
>structures/TyrRS_AF_Bact_Porphyromonas_gingivalis_ATCC_33277_gene29255602.pdb
 0.431627  0.085384  0.898002     8.755581
 0.180139 -0.983617  0.006939     4.322566
 0.883882  0.158770 -0.439936    -7.090858
>structures/TyrRS_AF_Bact_Prochlorococcus_marinus_subsp_marinus_str_CCMP1375_gene54200747.pdb
 0.204725  0.919008  0.336916     4.425809
-0.738620  0.370908 -0.562910     1.700672
-0.642283 -0.133612  0.754732    -5.154802
>structures/TyrRS_AF_Bact_Serratia_plymuthica_AS9_gene57666950.pdb
 0.400671  0.902393 -0.158588     3.183656
-0.698095  0.188572 -0.690728     2.469176
-0.593402  0.387464  0.705511   -10.873996
>structures/TyrRS_AF_Bact_Streptobacillus_moniliformis_DSM_12112_gene29673957.pdb
 0.139790  0.932871 -0.331980     1.978633
-0.705449 -0.141442 -0.694504    -5.210066
-0.694838  0.331280  0.638321    -7.876722
>structures/TyrRS_AF_Euk_Cryptococcus_neoformans_var_neoformans_JEC21_gene3254328.pdb
-0.511157  0.696622 -0.503425     3.577788
-0.436600 -0.714981 -0.546060     1.793687
-0.740337 -0.059327  0.669613    -8.962748
>structures/TyrRS_AF_Euk_Drosophila_melanogaster_gene39829.pdb
 0.964550 -0.239227 -0.111419    14.055814
-0.146453 -0.134014 -0.980098     2.350374
 0.219534  0.961671 -0.164299    -4.840583
>structures/TyrRS_AF_Euk_Homo_sapiens_gene8565.pdb
 0.911439 -0.364745 -0.190370    14.182475
-0.174297  0.076831 -0.981691     0.883988
 0.372693  0.927932  0.006453    -3.973946
>structures/TyrRS_AF_Euk_Plasmodium_falciparum_3D7_gene2655248.pdb
-0.182591 -0.545594 -0.817917     2.538685
-0.087760 -0.819537  0.566266     1.035035
-0.979264  0.175176  0.101759    -3.393847
>structures/TyrRS_AF_Euk_Seriola_dumerili_gene111223086.pdb
 0.982206 -0.079474 -0.170160    15.464467
-0.000885  0.904080 -0.427362     1.412819
 0.187802  0.419908  0.887923    -3.451831
>structures/TyrRS_AF_Mito_Aspergillus_fumigatus_Af293_gene3509181.pdb
-0.351687 -0.464086 -0.812982    -2.692614
 0.721586  0.418852 -0.551249     5.098428
 0.596347 -0.780504  0.187573     1.827525
>structures/TyrRS_AF_Mito_Cyanidioschyzon_merolae_strain_10D_gene16996209.pdb
-0.546503  0.687578 -0.478091     2.879051
-0.333245 -0.702287 -0.629079     1.248551
-0.768298 -0.184472  0.612934    -8.207605
>structures/TyrRS_AF_Mito_Homo_sapiens_gene51067.pdb
-0.612215 -0.127954 -0.780269    -0.721653
 0.229636 -0.973058 -0.020608     5.554303
-0.756611 -0.191794  0.625104   -11.770772
>structures/TyrRS_AF_Vir_Megavirus_chiliensis_gene11257765.pdb
 1.000000  0.000000  0.000000     0.000000
 0.000000  1.000000  0.000000     0.000000
 0.000000  0.000000  1.000000     0.000000
>structures/TyrRS_PDB_Arch_M_jannashii_1U7D.pdb
 0.505839 -0.610910  0.609028    20.121229
-0.858987 -0.421519  0.290626    16.230862
 0.079170 -0.670158 -0.737984    41.757579
>structures/TyrRS_PDB_E_coli_Bact_1WQ4.pdb
-0.645796  0.451454 -0.615741    50.236766
 0.745956  0.201133 -0.634898    12.377926
-0.162782 -0.869330 -0.466655    36.466655
>structures/TyrRS_PDB_Vir_Acanthamoeba_polyphaga_mimivirus_2J5B.pdb
 0.173556  0.814760 -0.553212   -37.439621
 0.181037 -0.578559 -0.795295    71.172647
-0.968041  0.037876 -0.247914    56.978012
