>structures/TyrRS_AF_Arch_Candidatus_Korarchaeum_cryptofilum_OPF8_gene6094625.pdb
-0.537552  0.219199 -0.814242     2.181175
 0.364045  0.931324  0.010380    46.905079
 0.760598 -0.290841 -0.580433    20.948658
>structures/TyrRS_AF_Arch_Desulfurococcus_amylolyticus_1221n_gene7171652.pdb
-0.239994  0.840277 -0.486145     2.549525
 0.926635  0.347575  0.143316    46.800303
 0.289397 -0.416084 -0.862046    19.513657
>structures/TyrRS_AF_Arch_Methanothermococcus_okinawensis_IH1_gene10772133.pdb
 0.828033 -0.540416  0.149369     3.326872
-0.189628 -0.520638 -0.832452    48.998910
 0.527638  0.660974 -0.533584    16.923157
>structures/TyrRS_AF_Arch_Thermoplasma_acidophilum_DSM_1728_gene1456112.pdb
-0.080385  0.832509  0.548148     0.208342
-0.992257 -0.119069  0.035326    42.077345
 0.094677 -0.541064  0.835635    22.159850
>structures/TyrRS_AF_Bact_Bifidobacterium_animalis_subsp_lactis_BLC1_gene66533077.pdb
-0.403406  0.912736 -0.064626    -0.033304
 0.888429  0.407608  0.211070    50.901811
 0.218993  0.027731 -0.975332    24.075145
>structures/TyrRS_AF_Bact_Brachyspira_pilosicoli_95_1000_gene56440491.pdb
 0.299060  0.596769  0.744600     4.456787
-0.897359  0.441250  0.006768    43.411583
-0.324516 -0.670198  0.667476    22.390748
>structures/TyrRS_AF_Bact_Chlamydia_psittaci_6BC_gene12242888.pdb
-0.218420  0.975552 -0.024298     1.403234
 0.959306  0.219216  0.177981    46.496497
 0.178956  0.015566 -0.983734    21.432148
>structures/TyrRS_AF_Bact_Lactococcus_lactis_subsp_cremoris_KW2_gene61108704.pdb
-0.217378  0.976061 -0.007232     1.533698
 0.949169  0.213106  0.231657    50.513663
 0.227652  0.043493 -0.972771    24.552275
>structures/TyrRS_AF_Bact_Porphyromonas_gingivalis_ATCC_33277_gene29255602.pdb
 0.152474  0.901625  0.404752     0.422045
-0.930920  0.268546 -0.247527    44.850384
-0.331872 -0.339051  0.880287    25.575547
>structures/TyrRS_AF_Bact_Prochlorococcus_marinus_subsp_marinus_str_CCMP1375_gene54200747.pdb
 0.674262  0.152496  0.722575     0.854265
 0.631993 -0.625330 -0.457764    47.411442
 0.382041  0.765316 -0.518013    20.671135
>structures/TyrRS_AF_Bact_Serratia_plymuthica_AS9_gene57666950.pdb
 0.748306  0.341968  0.568415    -0.857687
 0.457733 -0.886382 -0.069333    51.422801
 0.480123  0.312065 -0.819815    24.414397
>structures/TyrRS_AF_Bact_Streptobacillus_moniliformis_DSM_12112_gene29673957.pdb
 0.610997  0.639886  0.466078     5.207550
 0.688443 -0.720149  0.086203    53.687910
 0.390805  0.268198 -0.880534    19.298846
>structures/TyrRS_AF_Euk_Cryptococcus_neoformans_var_neoformans_JEC21_gene3254328.pdb
 0.037480  0.966529  0.253807     0.089695
 0.993459 -0.063454  0.094937    50.385815
 0.107865  0.248588 -0.962585    23.148695
>structures/TyrRS_AF_Euk_Drosophila_melanogaster_gene39829.pdb
 0.640140  0.062721  0.765694     5.454969
-0.670988 -0.439754  0.596986    40.765031
 0.374160 -0.895925 -0.239419    26.592130
>structures/TyrRS_AF_Euk_Homo_sapiens_gene8565.pdb
 0.653170 -0.188610  0.733345     6.823169
-0.724812 -0.435999  0.533435    40.869191
 0.219127 -0.879961 -0.421488    25.464181
>structures/TyrRS_AF_Euk_Plasmodium_falciparum_3D7_gene2655248.pdb
-0.089920  0.449611 -0.888687     0.632957
 0.807523  0.555189  0.199178    47.399016
 0.582941 -0.699725 -0.412994    18.139478
>structures/TyrRS_AF_Euk_Saccharomyces_cerevisiae_S288C_gene853097.pdb
-0.345729  0.715199 -0.607422     2.274392
 0.858679  0.502156  0.102518    47.117442
 0.378342 -0.486137 -0.787736    18.736949
>structures/TyrRS_AF_Euk_Seriola_dumerili_gene111223086.pdb
 0.530087 -0.778014  0.337199     7.158779
-0.721843 -0.622697 -0.301980    39.351073
 0.444917 -0.083329 -0.891687    25.981657
>structures/TyrRS_AF_Mito_Aspergillus_fumigatus_Af293_gene3509181.pdb
-0.742092 -0.668518  0.048825    -4.982211
-0.505194  0.605692  0.614749    45.422539
-0.440544  0.431534 -0.787210    12.383416
>structures/TyrRS_AF_Mito_Cyanidioschyzon_merolae_strain_10D_gene16996209.pdb
-0.079804  0.932996  0.350927    -0.019389
 0.988598  0.028982  0.147764    50.626280
 0.127692  0.358718 -0.924671    21.667962
>structures/TyrRS_AF_Mito_Homo_sapiens_gene51067.pdb
-0.571114  0.744547 -0.345656    -5.316818
 0.775850  0.627138  0.068955    53.093062
 0.268114 -0.228796 -0.935824    23.854867
>structures/TyrRS_AF_Vir_Megavirus_chiliensis_gene11257765.pdb
 0.505839 -0.858987  0.079170     0.458021
-0.610910 -0.421519 -0.670158    47.118028
 0.609028  0.290626 -0.737984    13.844921
>structures/TyrRS_PDB_Arch_M_jannashii_1U7D.pdb
 1.000000  0.000000  0.000000     0.000000
 0.000000  1.000000  0.000000     0.000000
 0.000000  0.000000  1.000000     0.000000
>structures/TyrRS_PDB_E_coli_Bact_1WQ4.pdb
-0.983642 -0.013776  0.179606    19.315033
 0.172352  0.217906  0.960631   -12.818727
-0.052371  0.975873 -0.211967    20.680713
>structures/TyrRS_PDB_Vir_Acanthamoeba_polyphaga_mimivirus_2J5B.pdb
-0.142915  0.898307  0.415476   -75.865268
 0.481573 -0.303628  0.822130     3.434862
 0.864675  0.317577 -0.389207   -30.824935
