>structures/EPRS-E_AF_Euk_Homo_sapiens_gene2058.pdb
 0.081915 -0.761455 -0.643021   -19.902361
-0.877115 -0.361440  0.316276   -21.835627
-0.473243  0.538095 -0.697491    -9.855422
>structures/GluRS-E_AF_Euk_Cyathus_striatus_proteinKAF9013924.1.pdb
 0.934343  0.352305 -0.053696    -0.488333
-0.348680  0.872594 -0.342057    -4.414004
-0.073653  0.338321  0.938144     0.951673
>structures/GluRS-E_AF_Euk_Lichtheimia_hyalospora_proteinKAI7879902.1.pdb
 0.933183 -0.342537 -0.108803    -9.367174
 0.347743  0.784061  0.514123    -3.395184
-0.090798 -0.517606  0.850788    -6.707101
>structures/GluRS-E_AF_Euk_Medicago_truncatula_gene11407510.pdb
 1.000000  0.000000  0.000000     0.000000
 0.000000  1.000000  0.000000     0.000000
 0.000000  0.000000  1.000000     0.000000
>structures/GluRS-E_AF_Euk_Saccharomyces_cerevisiae_S288C_gene852606.pdb
 0.866898 -0.488305 -0.100230   -10.322537
 0.461685  0.710682  0.530828    -4.066093
-0.187974 -0.506448  0.841532    -4.647661
>structures/GluRS-E_AF_Euk_Xylariaceae_sp_FL0804_proteinKAI0483267.1.pdb
-0.960078 -0.259217 -0.105150   -13.739916
-0.259025  0.965743 -0.015720    -6.390404
 0.105623  0.012144 -0.994332    -7.651942
>structures/GluRS-E_PDB_Euk_Gallus_gallus_7WRU.pdb
-0.810614 -0.409270 -0.418812    32.266318
 0.583417 -0.503022 -0.637646    44.156886
 0.050298 -0.761227  0.646532   -72.894139
