>../../../../class1/leu2//data/domains/Catalytic_domain/structures/LeuRS-A_AF_Arch_Aciduliprofundum_boonei_T469_gene8828435.pdb
-0.607446 -0.087005 -0.789582     1.641348
 0.623966 -0.667407 -0.406491     0.848447
-0.491605 -0.739594  0.459702    -7.566096
>../../../../class1/leu2//data/domains/Catalytic_domain/structures/LeuRS-A_AF_Arch_Candidatus_Korarchaeum_cryptofilum_OPF8_gene6093520.pdb
-0.775485  0.507896 -0.375052    -0.271547
-0.084591  0.505096  0.858908    -2.561489
 0.625673  0.697796 -0.348731   -10.240198
>../../../../class1/leu2//data/domains/Catalytic_domain/structures/LeuRS-A_AF_Arch_Candidatus_Nitrosopumilus_koreensis_AR1_gene13725794.pdb
 0.913544 -0.228723  0.336337     0.370151
 0.364846  0.826321 -0.429047    -2.560617
-0.179789  0.514665  0.838329    -8.608519
>../../../../class1/leu2//data/domains/Catalytic_domain/structures/LeuRS-A_AF_Arch_Methanobrevibacter_smithii_ATCC_35061_gene5216355.pdb
 0.890719 -0.342446  0.298917    -0.683455
 0.434894  0.833322 -0.341236    -1.919690
-0.132239  0.433942  0.891183    -7.979290
>../../../../class1/leu2//data/domains/Catalytic_domain/structures/LeuRS-A_AF_Euk_Arabidopsis_thaliana_gene837489.pdb
 0.315872 -0.926348  0.205192    -1.980454
-0.943958 -0.328647 -0.030565    -0.509128
 0.095749 -0.184038 -0.978244    -9.340767
>../../../../class1/leu2//data/domains/Catalytic_domain/structures/LeuRS-A_AF_Euk_Drosophila_melanogaster_gene326262.pdb
 0.885308 -0.307814  0.348539    -2.268639
 0.410832  0.868871 -0.276188    -1.185711
-0.217821  0.387702  0.895679    -8.132081
>../../../../class1/leu2//data/domains/Catalytic_domain/structures/LeuRS-A_AF_Euk_Leishmania_major_strain_Friedlin_gene5650139.pdb
 0.873663 -0.224150  0.431821     0.866729
 0.402998  0.830668 -0.384166     0.881434
-0.272589  0.509655  0.816056   -10.053827
>../../../../class1/leu2//data/domains/Catalytic_domain/structures/LeuRS-A_AF_Euk_Neurospora_crassa_OR74A_gene3879366.pdb
 0.871999 -0.415929  0.258110     0.686972
 0.474570  0.847583 -0.237458    -0.876614
-0.120004  0.329555  0.936479    -9.556804
>../../../../class1/leu2//data/domains/Catalytic_domain/structures/LeuRS-A_PDB_Arch_P_hori_1WKB.pdb
 0.059406  0.496357  0.866083   -24.049463
-0.794932  0.548302 -0.259709    84.368919
-0.603784 -0.673049  0.427142    90.775458
>../../../../class1/lys//data/domains/Catalytic_domain/structures/LysRS-I_AF_Arch_Candidatus_Bathyarchaeota_archaeon_proteinRJS75864.1.pdb
-0.131181  0.235900 -0.962883    -0.662921
 0.107085 -0.962221 -0.250327     3.434572
-0.985558 -0.135948  0.100964     2.886955
>../../../../class1/lys//data/domains/Catalytic_domain/structures/LysRS-I_AF_Arch_Candidatus_Nitrosopumilus_koreensis_AR1_gene13726042.pdb
 1.000000  0.000000  0.000000     0.000000
 0.000000  1.000000  0.000000     0.000000
 0.000000  0.000000  1.000000     0.000000
>../../../../class1/lys//data/domains/Catalytic_domain/structures/LysRS-I_AF_Arch_Ferroplasma_acidarmanus_Fer1_gene16025146.pdb
-0.046341  0.314874 -0.948001    -3.987557
 0.041336 -0.947604 -0.316763     2.598092
-0.998070 -0.053865  0.030898    -0.291002
>../../../../class1/lys//data/domains/Catalytic_domain/structures/LysRS-I_AF_Arch_Halorubrum_lacusprofundi_ATCC_49239_gene7400505.pdb
-0.335268  0.614295  0.714309    -2.335773
 0.556871 -0.482353  0.676188     5.345313
 0.759928  0.624482 -0.180365     4.247840
>../../../../class1/lys//data/domains/Catalytic_domain/structures/LysRS-I_AF_Bact_Cereibacter_sphaeroides_KD131_gene67447319.pdb
-0.053631 -0.170741  0.983855    -3.736030
-0.210087 -0.961291 -0.178277    -1.298144
 0.976211 -0.216256  0.015685     2.505295
>../../../../class1/lys//data/domains/Catalytic_domain/structures/LysRS-I_AF_Bact_Cyanobacteria_bacterium_J007_proteinRMH73500.1.pdb
-0.098727 -0.259349 -0.960724     0.067256
 0.467575 -0.864319  0.185275     4.478005
-0.878423 -0.430919  0.206596     3.556165
>../../../../class1/lys//data/domains/Catalytic_domain/structures/LysRS-I_AF_Bact_Streptomyces_albidoflavus_gene15147364.pdb
 0.972116  0.005220  0.234441    -0.536292
-0.010887  0.999679  0.022887     1.298697
-0.234246 -0.024802  0.971861     4.732608
>../../../../class1/lys//data/domains/Catalytic_domain/structures/LysRS-I_AF_Bact_Treponema_denticola_ATCC_35405_gene2739918.pdb
 0.954408 -0.047944  0.294631    -0.365355
 0.054021  0.998461 -0.012516     1.133738
-0.293578  0.027862  0.955529     4.703168
>../../../../class1/lys//data/domains/Catalytic_domain/structures/LysRS-I_PDB_Arch_P_hori_1IRX.pdb
-0.161998  0.558903  0.813255   -72.362329
 0.934484  0.351649 -0.055522   -49.677696
-0.317012  0.750979 -0.579252    30.845493
