>structures/GlyRS-E_AF_Arch_Methanosalsum_zhilinae_DSM_4017_gene10821854.pdb
 0.926195 -0.352133 -0.134777    -0.582887
 0.377040  0.863239  0.335647    -0.368675
-0.001847 -0.361691  0.932296    -1.748025
>structures/GlyRS-E_AF_Euk_Cryptococcus_neoformans_var_neoformans_JEC21_gene3258293.pdb
 0.096380 -0.363939  0.926423    -0.997634
-0.248948 -0.909988 -0.331584    -1.314024
 0.963709 -0.198673 -0.178306    -1.532325
>structures/GlyRS-E_AF_Euk_Girardinichthys_multiradiatus_gene124858359.pdb
 0.900602 -0.339282 -0.271668    -0.091804
 0.432671  0.759304  0.486059    -2.335314
 0.041367 -0.555289  0.830628    -2.185651
>structures/GlyRS-E_AF_Euk_Plasmodium_yoelii_gene3801472.pdb
 1.000000  0.000000  0.000000     0.000000
 0.000000  1.000000  0.000000     0.000000
 0.000000  0.000000  1.000000     0.000000
>structures/GlyRS-E_AF_Euk_Schizosaccharomyces_pombe_gene2543181.pdb
 0.787937 -0.457125 -0.412544     0.064686
 0.615619  0.598962  0.512111    -1.806406
 0.012999 -0.657481  0.753359    -3.274018
>structures/GlyRS-E_PDB_Euk_H_sapiens_2q5h.pdb
-0.263068  0.112815 -0.958159  -103.285215
 0.444750 -0.867138 -0.224207   -60.818804
-0.856150 -0.485123  0.177942    94.447705
