>../../../../class2/phe1//data/domains/Catalytic_domain/structures/PheRS-Bα_AF_Bact_Brachyspira_pilosicoli_95_1000_gene56440383.pdb
 0.729021 -0.652495  0.206828     2.561548
-0.540204 -0.734021 -0.411573    -0.123269
 0.420365  0.188316 -0.887598     5.758609
>../../../../class2/phe1//data/domains/Catalytic_domain/structures/PheRS-Bα_AF_Bact_Chlamydia_psittaci_6BC_gene12243227.pdb
-0.105986 -0.745419 -0.658116     4.467966
-0.971549  0.218602 -0.091138    -2.783969
 0.211802  0.629733 -0.747380     4.380769
>../../../../class2/phe1//data/domains/Catalytic_domain/structures/PheRS-Bα_AF_Bact_Ferrimonas_balearica_DSM_9799_gene67181906.pdb
-0.444202 -0.509972 -0.736623     3.059361
 0.853366 -0.491235 -0.174514    -5.477652
-0.272858 -0.706128  0.653400     4.213612
>../../../../class2/phe1//data/domains/Catalytic_domain/structures/PheRS-Bα_AF_Bact_Mycobacterium_intracellulare_ATCC_13950_gene11909689.pdb
-0.066884  0.987139  0.145199     1.419757
 0.088686  0.150831 -0.984573   -11.944229
-0.993812 -0.052975 -0.097633     1.125388
>../../../../class2/phe1//data/domains/Catalytic_domain/structures/PheRS-Bα_AF_Bact_Mycoplasma_capricolum_subsp_capricolum_ATCC_27343_gene23778662.pdb
-0.349214 -0.813536 -0.464984     2.642011
 0.936598 -0.318339 -0.146441    -3.354226
-0.028888 -0.486642  0.873124     6.829676
>../../../../class2/phe1//data/domains/Catalytic_domain/structures/PheRS-Bα_AF_Bact_Porphyromonas_gingivalis_ATCC_33277_gene29256875.pdb
 0.265869 -0.963329 -0.036213     1.857354
-0.784077 -0.194238 -0.589487     0.431452
 0.560836  0.185121 -0.806965     2.292759
>../../../../class2/phe1//data/domains/Catalytic_domain/structures/PheRS-Bα_AF_Bact_Prochlorococcus_marinus_subsp_marinus_str_CCMP1375_gene54200681.pdb
 0.743661 -0.246713  0.621370     4.059132
 0.618048  0.608083 -0.498248   -12.029015
-0.254920  0.754564  0.604689     3.435697
>../../../../class2/phe1//data/domains/Catalytic_domain/structures/PheRS-Bα_AF_Bact_Staphylococcus_argenteus_gene66839332.pdb
 0.449666 -0.863961  0.226652     7.764162
 0.887379  0.403199 -0.223582    -5.681553
 0.101780  0.301664  0.947966     5.301993
>../../../../class2/phe1//data/domains/Catalytic_domain/structures/PheRS-Bα_PDB_Bact.A_E_coli_3PCO.pdb
 0.386188 -0.086998  0.918308   -42.428133
 0.905748 -0.152659 -0.395369    44.094729
 0.174584  0.984442  0.019843     6.955823
>../../../../class2/phe1//data/domains/Catalytic_domain/structures/PheRS-Bα_PDB_Bact.A_T_thermophilus_1PYS.pdb
 0.853079 -0.502736  0.139689    13.269388
-0.046184  0.193913  0.979931   -23.302722
-0.519734 -0.842410  0.142205    54.743991
>../../../../class2/pyl//data/domains/Catalytic_domain/structures/PylRS_AF_Arch_Candidatus_Methanomassiliicoccus_intestinalis_Issoire-Mx1_gene16153983.pdb
 1.000000  0.000000  0.000000     0.000000
 0.000000  1.000000  0.000000     0.000000
 0.000000  0.000000  1.000000     0.000000
>../../../../class2/pyl//data/domains/Catalytic_domain/structures/PylRS_AF_Arch_Methanosalsum_zhilinae_DSM_4017_gene10822650.pdb
 0.279627  0.788505 -0.547785    -0.356285
-0.294705 -0.472512 -0.830591    -1.061761
-0.913760  0.393691  0.100249    -5.899777
>../../../../class2/pyl//data/domains/Catalytic_domain/structures/PylRS_AF_Arch_Unclassified_Candidatus_Bathyarchaeota_proteinUCH69683.1.pdb
-0.279055 -0.821236  0.497694    -1.781772
-0.901285  0.045135 -0.430870     1.050447
 0.331383 -0.568800 -0.752763    -0.234699
>../../../../class2/pyl//data/domains/Catalytic_domain/structures/PylRS_AF_Bact_Unclassified_Actinobacteria_proteinMBU2601214.1.pdb
-0.274284 -0.809996  0.518339    -2.204705
-0.894017  0.016214 -0.447740     0.626081
 0.354263 -0.586212 -0.728597    -0.012221
>../../../../class2/pyl//data/domains/Catalytic_domain/structures/PylRS_AF_Bact_Unclassified_Aerophobetes_proteinMCD6471581.1.pdb
-0.367977 -0.789501  0.491203    -1.560215
-0.914785  0.212721 -0.343393     0.640618
 0.166620 -0.575706 -0.800500     0.396794
>../../../../class2/pyl//data/domains/Catalytic_domain/structures/PylRS_AF_Bact_unclassified_Desulfosarcina_proteinMBC2741817.pdb
-0.633691 -0.746865  0.201566     2.100951
-0.748448  0.526036 -0.403870     2.847249
 0.195606 -0.406791 -0.892334    -5.968701
>../../../../class2/pyl//data/domains/Catalytic_domain/structures/PylRS_AF_Bact_unclassified_Lachnospiraceae_proteinHCE77498.1.pdb
 0.002886  0.336335 -0.941738    -4.288431
 0.186351 -0.925426 -0.329938     2.703987
-0.982479 -0.174542 -0.065347    -4.172783
>../../../../class2/pyl//data/domains/Catalytic_domain/structures/PylRS_PDB_Arch_M_mazei_2Q7E.pdb
 0.247188  0.945417 -0.212331   -35.376461
-0.123284  0.248036  0.960874   -36.011551
 0.961093 -0.211340  0.177866   -13.167711
>../../../../class2/pyl//data/domains/Catalytic_domain/structures/PylRS_PDB_Bact_D_hafniense_2ZNJ.pdb
-0.332360  0.931524 -0.147644     2.430891
-0.942634 -0.333274  0.019242    45.473371
-0.031282  0.145570  0.988853    31.346172
