>../../../../class1/glu1//data/domains/Catalytic_domain/structures/GluRS-B_AF_Bact_Chlamydia_psittaci_6BC_gene12242467.pdb
-0.979528  0.166166 -0.113635     4.215116
-0.069894  0.248641  0.966071    -4.746327
 0.188782  0.954236 -0.231937    -7.379160
>../../../../class1/glu1//data/domains/Catalytic_domain/structures/GluRS-B_AF_Bact_[Eubacterium]_eligens_ATCC_27750_gene41357084.pdb
-0.848986  0.436517  0.297783     0.258413
 0.473498  0.378289  0.795423     2.626818
 0.234568  0.816303 -0.527852    -3.480897
>../../../../class1/glu1//data/domains/Catalytic_domain/structures/GluRS-B_AF_Bact_Porphyromonas_gingivalis_ATCC_33277_gene29255772.pdb
 0.236221 -0.305374 -0.922467    -0.403292
 0.743608 -0.554290  0.373912     0.613687
-0.625497 -0.774280  0.096144    -3.076565
>../../../../class1/glu1//data/domains/Catalytic_domain/structures/GluRS-B_AF_Bact_Treponema_pallidum_subsp_pertenue_str_SamoaD_gene57879197.pdb
-0.965197  0.217835  0.144718    -1.868128
 0.252457  0.631631  0.733013     0.155641
 0.068267  0.744037 -0.664642    -1.675015
>../../../../class1/glu1//data/domains/Catalytic_domain/structures/GluRS-B_AF_Euk_Cryptococcus_neoformans_var_grubii_H99_gene23890400.pdb
 0.053773 -0.153550 -0.986677    -2.805429
 0.617248 -0.771606  0.153720     2.012408
-0.784929 -0.617290  0.053287    -0.858877
>../../../../class1/glu1//data/domains/Catalytic_domain/structures/GluRS-B_AF_Mito_Drosophila_melanogaster_gene39828.pdb
 0.881281  0.424509 -0.207694    -2.671024
-0.467898  0.721954 -0.509759     0.039672
-0.066451  0.546420  0.834871    -5.884132
>../../../../class1/glu1//data/domains/Catalytic_domain/structures/GluRS-B_PDB_Bact_T_therm_1J09.pdb
-0.088714 -0.038513 -0.995312     8.918359
 0.686611 -0.726271 -0.033096    -4.798250
-0.721592 -0.686329  0.090874    46.245184
>../../../../class1/glu1//data/domains/Catalytic_domain/structures/GlxRS-B_AF_Bact_Bifidobacterium_animalis_subsp_lactis_BLC1_gene66532600.pdb
-0.959369  0.217825 -0.179341    -1.812340
 0.101928  0.860246  0.499588     1.455828
 0.263100  0.461009 -0.847496    -2.971882
>../../../../class1/glu1//data/domains/Catalytic_domain/structures/GlxRS-B_AF_Bact_Mycoplasma_hyopneumoniae_168-L_gene57101016.pdb
-0.870662  0.362943  0.331995    -0.186314
 0.481956  0.494559  0.723277     0.951605
 0.098317  0.789737 -0.605516    -3.566819
>../../../../class1/glu1//data/domains/Catalytic_domain/structures/GlxRS-B_AF_Bact_Paracoccus_denitrificans_PD1222_gene75500422.pdb
-0.801535  0.421842  0.423781     0.927781
 0.572922  0.338911  0.746257     2.169957
 0.171179  0.840945 -0.513332    -3.429722
>../../../../class1/glu1//data/domains/Catalytic_domain/structures/GlxRS-B_AF_Bact_Prochlorococcus_marinus_subsp_marinus_str_CCMP1375_gene54199839.pdb
 0.080849  0.602579 -0.793953    -0.525540
-0.187113 -0.773223 -0.605900     1.982381
-0.979006  0.197545  0.050236    -3.278159
>../../../../class1/glu1//data/domains/Catalytic_domain/structures/GlxRS-B_AF_Euk_Arabidopsis_thaliana_gene836526.pdb
 0.832248  0.547450 -0.087536    -0.993053
-0.501134  0.675311 -0.541128    -3.804363
-0.237126  0.494220  0.836372    -2.262762
>../../../../class1/glu1//data/domains/Catalytic_domain/structures/GlxRS-B_AF_Euk_Ostreococcus_tauri_proteinOUS48355.1.pdb
 0.999419 -0.033898  0.003649     2.239822
 0.034010  0.998726 -0.037266    -1.586871
-0.002381  0.037369  0.999299    -0.145340
>../../../../class1/glu1//data/domains/Catalytic_domain/structures/GlxRS-B_AF_Euk_Plasmodium_knowlesi_strain_H_gene7321821.pdb
-0.979133  0.178817  0.096557    -0.448903
 0.191094  0.648469  0.736866    -0.097450
 0.069150  0.739941 -0.669108    -3.168577
>../../../../class1/glu1//data/domains/Catalytic_domain/structures/GlxRS-B_AF_Mito_Cyanidioschyzon_merolae_strain_10D_gene16997617.pdb
 1.000000  0.000000  0.000000     0.000000
 0.000000  1.000000  0.000000     0.000000
 0.000000  0.000000  1.000000     0.000000
>../../../../class1/glu1//data/domains/Catalytic_domain/structures/GlxRS-B_PDB_Bact_S_elong_2CFO.pdb
-0.707884  0.429537 -0.560712    33.220332
-0.113372 -0.852644 -0.510044    12.362116
-0.697171 -0.297483  0.652270   -39.743609
>../../../../class1/ile//data/domains/Catalytic_domain/structures/IleRS_AF_Arch_Candidatus_Korarchaeum_cryptofilum_OPF8_gene6094904.pdb
-0.213641  0.517757  0.828423     8.735390
 0.963662 -0.027500  0.265705     5.535238
 0.160352  0.855085 -0.493068    -5.879292
>../../../../class1/ile//data/domains/Catalytic_domain/structures/IleRS_AF_Arch_Candidatus_Nitrosopumilus_sediminis_gene13697091.pdb
 0.890004 -0.393188  0.230859     9.463189
 0.096273  0.656960  0.747754     5.374259
-0.445673 -0.643278  0.622550    -0.819341
>../../../../class1/ile//data/domains/Catalytic_domain/structures/IleRS_AF_Arch_Pyrobaculum_aerophilum_str_IM2_gene1465853.pdb
 0.606265  0.756600 -0.244948     4.339534
-0.775402  0.630792  0.029221     4.804379
 0.176620  0.172217  0.969096    -6.619554
>../../../../class1/ile//data/domains/Catalytic_domain/structures/IleRS_AF_Arch_Thermoplasma_acidophilum_DSM_1728_gene1456418.pdb
-0.785434  0.507129 -0.354842     8.929649
 0.524700  0.849644  0.052872     6.298298
 0.328303 -0.144658 -0.933430    -4.966690
>../../../../class1/ile//data/domains/Catalytic_domain/structures/IleRS_AF_Bact_Chlamydia_muridarum_str_Nigg_gene1246458.pdb
-0.096973 -0.802612  0.588566    10.389235
-0.171483 -0.569036 -0.804233     7.658029
 0.980403 -0.178918 -0.082454    -4.521369
>../../../../class1/ile//data/domains/Catalytic_domain/structures/IleRS_AF_Bact_Lactobacillus_acidophilus_La-14_gene56942445.pdb
 0.256298  0.831928 -0.492145     6.037913
-0.966443  0.229681 -0.115045     7.518466
 0.017327  0.505116  0.862878    -6.416454
>../../../../class1/ile//data/domains/Catalytic_domain/structures/IleRS_AF_Bact_Mycoplasma_hyopneumoniae_168-L_gene57100872.pdb
 0.167207  0.793144 -0.585631     7.102226
-0.985203  0.157086 -0.068543     6.106385
 0.037630  0.588427  0.807674    -8.492616
>../../../../class1/ile//data/domains/Catalytic_domain/structures/IleRS_AF_Bact_Orientia_tsutsugamushi_str_Ikeda_gene66653313.pdb
 0.023485 -0.493636 -0.869352     9.423618
 0.124179 -0.861416  0.492485     5.131951
-0.991982 -0.119521  0.041069    -5.880160
>../../../../class1/ile//data/domains/Catalytic_domain/structures/IleRS_AF_Bact_Porphyromonas_gingivalis_ATCC_33277_gene29255747.pdb
-0.014045 -0.465194 -0.885097    10.982030
 0.000822 -0.885190  0.465229     3.773012
-0.999901  0.005806  0.012815    -7.841154
>../../../../class1/ile//data/domains/Catalytic_domain/structures/IleRS_AF_Bact_Streptobacillus_moniliformis_DSM_12112_gene29674186.pdb
 0.178019  0.867206 -0.465040     5.125686
-0.977763  0.102649 -0.182872     0.924037
-0.110851  0.487254  0.866196    -6.973500
>../../../../class1/ile//data/domains/Catalytic_domain/structures/IleRS_AF_Bact_Thermus_thermophilus_HB8_gene3168241.pdb
 0.005054 -0.673361  0.739296    11.494697
-0.004637 -0.739314 -0.673345     7.923809
 0.999976 -0.000025 -0.006859    -6.635238
>../../../../class1/ile//data/domains/Catalytic_domain/structures/IleRS_AF_Bact_Treponema_pallidum_subsp_pertenue_str_SamoaD_gene57878975.pdb
 0.280258  0.258291  0.924522     8.929640
 0.755301 -0.653740 -0.046320     7.453914
 0.592433  0.711274 -0.378303    -5.964720
>../../../../class1/ile//data/domains/Catalytic_domain/structures/IleRS_AF_Euk_Cyanidioschyzon_merolae_strain_10D_gene16992835.pdb
-0.635401 -0.767327 -0.086462     7.438327
-0.254072  0.313489 -0.914971     7.296258
 0.729187 -0.559406 -0.394147    -6.675583
>../../../../class1/ile//data/domains/Catalytic_domain/structures/IleRS_AF_Euk_Ostreococcus_lucimarinus_CCE9901_gene5000489.pdb
 0.164350  0.602949  0.780668     6.784362
 0.898566 -0.417987  0.133663     8.143922
 0.406901  0.679514 -0.610485    -5.113837
>../../../../class1/ile//data/domains/Catalytic_domain/structures/IleRS_AF_Euk_Trypanosoma_brucei_brucei_TREU927_gene3663037.pdb
-0.015950  0.771421  0.636125     7.014540
 0.984356 -0.099532  0.145382     7.103934
 0.175466  0.628493 -0.757766    -5.700815
>../../../../class1/ile//data/domains/Catalytic_domain/structures/IleRS_AF_Euk_Ustilago_maydis_521_gene23568123.pdb
-0.196637  0.515858 -0.833801     8.835478
-0.931994 -0.362448 -0.004445     6.339154
-0.304502  0.776223  0.552047    -9.070778
>../../../../class1/ile//data/domains/Catalytic_domain/structures/IleRS_AF_Mito_Drosophila_melanogaster_gene39762.pdb
 0.451621 -0.676845 -0.581309     9.737220
 0.217474 -0.548377  0.807457     4.107509
-0.865300 -0.491084 -0.100463    -9.257998
>../../../../class1/ile//data/domains/Catalytic_domain/structures/IleRS_AF_Mito_Homo_sapiens_gene55699.pdb
 0.185621  0.827355 -0.530121     6.729584
-0.979671  0.197600 -0.034636     6.829408
 0.076096  0.525774  0.847214    -7.874680
>../../../../class1/ile//data/domains/Catalytic_domain/structures/IleRS_AF_Vir_Megavirus_chiliensis_gene11256744.pdb
-0.115097 -0.227648 -0.966917    10.601203
-0.100836 -0.965681  0.239360     4.696886
-0.988223  0.125050  0.088192    -5.879612
>../../../../class1/ile//data/domains/Catalytic_domain/structures/IleRS_PDB_Bact_S_aureus_1QU2.pdb
 0.306560  0.290933 -0.906300    49.283563
-0.706664  0.707448 -0.011934   -38.114326
 0.637688  0.644108  0.422467  -111.270364
>../../../../class1/ile//data/domains/Catalytic_domain/structures/IleRS_PDB_Bact_T_therm_1ILE.pdb
 0.230949 -0.253155  0.939455    44.155989
 0.003427 -0.965340 -0.260973    -1.468981
 0.972960  0.063491 -0.222077    11.249308
>../../../../class1/ile//data/domains/Catalytic_domain/structures/IleRS_PDB_Euk_S_cere_7D5C.pdb
-0.026938 -0.963901 -0.264896    25.439236
-0.948854 -0.058731  0.310203    -2.412463
-0.314563  0.259704 -0.913019    27.649339
