>structures/SerRS_AF_Arch_Candidatus_Methanomassiliicoccus_intestinalis_Issoire-Mx1_gene16154337.pdb
 0.064711  0.474375 -0.877941    -4.096823
-0.566949 -0.706527 -0.423543     4.666908
-0.821208  0.525155  0.223226    -1.407742
>structures/SerRS_AF_Arch_Methanospirillum_hungatei_JF-1_gene3924775.pdb
 0.992894 -0.036457  0.113284     2.076147
 0.033662  0.999082  0.026491    -1.022197
-0.114146 -0.022489  0.993209     1.094092
>structures/SerRS_AF_Arch_Nitrosopumilus_maritimus_SCM1_gene5773574.pdb
-0.972327  0.228864 -0.046910    -2.595445
 0.205580  0.933574  0.293559     0.438589
 0.110979  0.275791 -0.954789    -1.463669
>structures/SerRS_AF_Arch_Thermoproteus_uzoniensis_768-20_gene10361450.pdb
-0.849187  0.508453  0.142678    -5.621409
 0.494609  0.671094  0.552263     2.713518
 0.185049  0.539544 -0.821370    -0.513222
>structures/SerRS_AF_Bact_Bifidobacterium_longum_subsp_longum_JCM_1217_gene69578844.pdb
 0.094971 -0.696391 -0.711350     1.327905
 0.582511 -0.540592  0.606994     2.792296
-0.807255 -0.472017  0.354315     2.287516
>structures/SerRS_AF_Bact_Brucella_suis_1330_gene45051948.pdb
-0.579144  0.758908  0.297743    -1.938880
 0.768248  0.385877  0.510778     1.126188
 0.272741  0.524555 -0.806508    -1.640531
>structures/SerRS_AF_Bact_Chlamydia_psittaci_6BC_gene12242544.pdb
 0.751161  0.641874 -0.154128    -0.735750
-0.626654  0.619972 -0.472164     1.722059
-0.207515  0.451256  0.867932     0.532543
>structures/SerRS_AF_Bact_Clostridium_acetobutylicum_DSM_1731_gene44996495.pdb
-0.964331  0.252329 -0.079980     2.624023
 0.239090  0.959976  0.145886    -0.981227
 0.113590  0.121560 -0.986063     0.831308
>structures/SerRS_AF_Bact_Mycoplasma_hyopneumoniae_168-L_gene57101125.pdb
 0.927192  0.352443  0.126880     0.563705
-0.342242  0.934744 -0.095521     2.073243
-0.152266  0.045143  0.987308    -0.003757
>structures/SerRS_AF_Bact_Prochlorococcus_marinus_subsp_marinus_str_CCMP1375_gene54200639.pdb
-0.520356  0.733697  0.436943    -0.087480
 0.717835  0.098672  0.689185     7.345301
 0.462539  0.672275 -0.578018    -0.073236
>structures/SerRS_AF_Bact_Streptobacillus_moniliformis_DSM_12112_gene29673293.pdb
-0.739704  0.623539  0.253057    -2.007040
 0.650456  0.566136  0.506356    -0.049895
 0.172468  0.539156 -0.824358    -1.384924
>structures/SerRS_AF_Bact_Treponema_pallidum_subsp_pertenue_str_SamoaD_gene57879171.pdb
 1.000000  0.000000  0.000000     0.000000
 0.000000  1.000000  0.000000     0.000000
 0.000000  0.000000  1.000000     0.000000
>structures/SerRS_AF_Euk_Cyanidioschyzon_merolae_strain_10D_gene16995416.pdb
 0.771749 -0.619171 -0.145018     1.423625
 0.582688  0.597168  0.551240     1.029891
-0.254712 -0.509919  0.821648     1.856444
>structures/SerRS_AF_Euk_Thunnus_albacares_gene122982782.pdb
 0.162150 -0.751405 -0.639608     3.724192
 0.658752 -0.400165  0.637114     3.738798
-0.734679 -0.524651  0.430102     0.944481
>structures/SerRS_AF_Euk_Trichomonas_vaginalis_G3_gene4762654.pdb
 0.879563  0.370518  0.298473    -0.646460
-0.305024  0.920578 -0.243918     4.608289
-0.365143  0.123500  0.922723     1.248275
>structures/SerRS_AF_Euk_Vitis_vinifera_gene100261399.pdb
 0.346311 -0.843264 -0.411064     3.557274
 0.714856 -0.046540  0.697721     2.436980
-0.607494 -0.535481  0.586695     2.099624
>structures/SerRS_AF_Mito_Cervus_elaphus_gene122688911.pdb
-0.427001  0.734857  0.526929    -0.640362
 0.721687 -0.074151  0.688236     7.974866
 0.544828  0.674156 -0.498675     0.723733
>structures/SerRS_AF_Mito_Drechmeria_coniospora_gene63718051.pdb
 0.821474  0.569660  0.025853    -1.416236
-0.540886  0.792738 -0.281085     4.138988
-0.180618  0.216921  0.959334    -0.497975
>structures/SerRS_PDB_Bact_K_pneumoniae_6h9x.pdb
-0.437514  0.571085 -0.694581    11.144298
-0.798510  0.108436  0.592135     3.702304
 0.413477  0.813697  0.408575    34.668666
>structures/SerRS_PDB_Bact_T_thermophilus_1ser.pdb
 0.726778 -0.528368  0.438885   -80.686533
-0.683886 -0.616148  0.390718   107.464440
 0.063975 -0.584113 -0.809147    65.276187
>structures/SerRS_PDB_Mito_B_taurus_1wle.pdb
 0.015328  0.109838  0.993831   -75.799079
-0.984370  0.176063 -0.004277    67.429551
-0.175447 -0.978232  0.110820    41.334033
>structures/Slimp_AF_Euk_Lingula_anatina_gene106166201.pdb
-0.436145  0.635139  0.637476    -0.033936
 0.683310 -0.227207  0.693876     8.055498
 0.585547  0.738225 -0.334902    -2.002936
