>structures/SerRS_AF_Arch_Candidatus_Methanomassiliicoccus_intestinalis_Issoire-Mx1_gene16154337.pdb
-0.619049 -0.689931  0.375199    -0.809882
-0.722457  0.312945 -0.616540    -0.756215
 0.307953 -0.652733 -0.692173    -2.917655
>structures/SerRS_AF_Arch_Methanospirillum_hungatei_JF-1_gene3924775.pdb
-0.688069  0.706288  0.166489    -8.566728
 0.582701  0.401052  0.706835     2.293637
 0.432458  0.583365 -0.687506    -6.032606
>structures/SerRS_AF_Arch_Nitrosopumilus_maritimus_SCM1_gene5773574.pdb
 0.836811  0.547364 -0.011796    -4.287661
-0.482205  0.726650 -0.489345    -2.260332
-0.259278  0.415178  0.872011    -4.592722
>structures/SerRS_AF_Arch_Thermoproteus_uzoniensis_768-20_gene10361450.pdb
 0.967215  0.240665  0.081086    -0.654597
-0.224633  0.959693 -0.168904    -2.562764
-0.118467  0.145152  0.982291    -5.035063
>structures/SerRS_AF_Bact_Bifidobacterium_longum_subsp_longum_JCM_1217_gene69578844.pdb
 0.136088 -0.007349  0.990670    -4.710408
-0.180357 -0.983446  0.017480     3.800603
 0.974141 -0.181053 -0.135161    -4.944041
>structures/SerRS_AF_Bact_Brucella_suis_1330_gene45051948.pdb
 0.989810 -0.131784 -0.053945    -4.537249
 0.126809  0.988097 -0.087089    -1.234005
 0.064780  0.079361  0.994739    -3.875102
>structures/SerRS_AF_Bact_Chlamydia_psittaci_6BC_gene12242544.pdb
-0.995357  0.096251  0.000112    -4.369868
 0.093741  0.969144  0.227976     0.793539
 0.021835  0.226928 -0.973667    -4.856949
>structures/SerRS_AF_Bact_Clostridium_acetobutylicum_DSM_1731_gene44996495.pdb
 0.859574  0.507830 -0.056932    -9.265808
-0.435787  0.670292 -0.600665     2.459843
-0.266875  0.541126  0.797471    -5.675877
>structures/SerRS_AF_Bact_Mycoplasma_hyopneumoniae_168-L_gene57101125.pdb
-0.910778  0.403032  0.089717    -5.223617
 0.361345  0.672883  0.645490     1.458129
 0.199784  0.620317 -0.758481    -3.864089
>structures/SerRS_AF_Bact_Prochlorococcus_marinus_subsp_marinus_str_CCMP1375_gene54200639.pdb
 0.954355 -0.294675  0.048704    -1.999031
 0.276473  0.933288  0.229206     3.908820
-0.112996 -0.205278  0.972159    -1.348474
>structures/SerRS_AF_Bact_Streptobacillus_moniliformis_DSM_12112_gene29673293.pdb
 0.996127  0.082775 -0.029654    -5.301502
-0.085752  0.989111 -0.119609    -1.794368
 0.019431  0.121689  0.992378    -4.899077
>structures/SerRS_AF_Bact_Treponema_pallidum_subsp_pertenue_str_SamoaD_gene57879171.pdb
-0.685466  0.687260  0.240437    -6.391288
 0.654530  0.436977  0.616962     0.317154
 0.318948  0.580280 -0.749365    -5.309356
>structures/SerRS_AF_Euk_Cyanidioschyzon_merolae_strain_10D_gene16995416.pdb
-0.196565  0.709116  0.677139    -6.042119
 0.606271 -0.454859  0.652333     2.762732
 0.770582  0.538756 -0.340507    -5.632346
>structures/SerRS_AF_Euk_Homo_sapiens_gene6301.pdb
 0.999936  0.008930 -0.006994     0.192479
-0.008949  0.999956 -0.002667    -0.083317
 0.006970  0.002729  0.999972     0.108103
>structures/SerRS_AF_Euk_Thunnus_albacares_gene122982782.pdb
 0.169489  0.121594  0.978002    -6.371420
-0.040537 -0.990660  0.130193     4.675339
 0.984698 -0.061712 -0.162977    -2.829099
>structures/SerRS_AF_Euk_Trichomonas_vaginalis_G3_gene4762654.pdb
-0.894845  0.414049 -0.166780    -3.004840
 0.218279  0.731802  0.645616     2.494569
 0.389367  0.541322 -0.745227    -4.188700
>structures/SerRS_AF_Euk_Vitis_vinifera_gene100261399.pdb
 0.099301  0.425510  0.899489    -6.614527
 0.168232 -0.898123  0.406291     5.077102
 0.980733  0.110978 -0.160769    -4.298480
>structures/SerRS_AF_Mito_Cervus_elaphus_gene122688911.pdb
 0.918240 -0.395731 -0.015262    -0.155460
 0.378907  0.866686  0.324476     4.291928
-0.115178 -0.303729  0.945771    -1.180647
>structures/SerRS_AF_Mito_Drechmeria_coniospora_gene63718051.pdb
-0.983784  0.178825  0.013820    -2.780554
 0.162416  0.855516  0.491644     1.216264
 0.076095  0.485916 -0.870687    -2.825297
>structures/SerRS_AF_Mito_Homo_sapiens_gene54938.pdb
 0.950548 -0.306624  0.049404    -1.284186
 0.287131  0.928229  0.236531     3.579639
-0.118385 -0.210649  0.970367    -1.898811
>structures/SerRS_PDB_Bact_K_pneumoniae_6h9x.pdb
-0.148329 -0.142668  0.978593    -4.374411
-0.382756  0.920700  0.076213    30.910371
-0.911864 -0.363258 -0.191173   -25.710670
>structures/SerRS_PDB_Bact_T_thermophilus_1ser.pdb
-0.946273 -0.218574 -0.238312   139.511392
 0.235358 -0.970910 -0.044048    32.106834
-0.221752 -0.097770  0.970189   -15.639431
>structures/SerRS_PDB_Mito_B_taurus_1wle.pdb
-0.723238 -0.188500 -0.664376   101.923400
-0.533688 -0.458006  0.710920     6.888246
-0.438297  0.868733  0.230647   -20.944158
>structures/Slimp_AF_Euk_Lingula_anatina_gene106166201.pdb
 0.919440 -0.392490 -0.024132    -1.085197
 0.350524  0.790225  0.502671     2.240340
-0.178223 -0.470634  0.864141     1.053830
>structures/Slimp_AF_Mito_Drosophila_melanogaster_proteinAAN13983.pdb
 0.931335  0.273583  0.240350    -5.252958
-0.247731  0.959726 -0.132493    -1.407070
-0.266918  0.063853  0.961601    -0.968308
