>structures/SerRS_AF_Arch_Candidatus_Methanomassiliicoccus_intestinalis_Issoire-Mx1_gene16154337.pdb
-0.265333 -0.561458  0.783813     7.105395
-0.628536 -0.515737 -0.582200     3.666531
 0.731123 -0.647132 -0.216055     3.105122
>structures/SerRS_AF_Arch_Methanospirillum_hungatei_JF-1_gene3924775.pdb
-0.967065  0.253185 -0.026126    -0.333723
 0.245649  0.955273  0.164648    -0.350461
 0.066644  0.152808 -0.986006    -0.649442
>structures/SerRS_AF_Arch_Nitrosopumilus_maritimus_SCM1_gene5773574.pdb
 0.999810  0.019357 -0.002248     5.193730
-0.018788  0.988116  0.152555    -0.136988
 0.005174 -0.152484  0.988292     2.959871
>structures/SerRS_AF_Arch_Thermoproteus_uzoniensis_768-20_gene10361450.pdb
 0.953281 -0.284723 -0.100941     8.402582
 0.297831  0.829937  0.471700     1.341959
-0.050529 -0.479726  0.875962     2.399692
>structures/SerRS_AF_Bact_Bifidobacterium_longum_subsp_longum_JCM_1217_gene69578844.pdb
-0.047345  0.498246  0.865742     2.104620
 0.487362 -0.745027  0.455425     3.402662
 0.871915  0.443492 -0.207553    -0.892189
>structures/SerRS_AF_Bact_Brucella_suis_1330_gene45051948.pdb
 0.758887 -0.596218 -0.261945     4.388470
 0.641642  0.615826  0.457224     0.914712
-0.111292 -0.515056  0.849901     2.915853
>structures/SerRS_AF_Bact_Chlamydia_psittaci_6BC_gene12242544.pdb
-0.891824 -0.429807  0.141126     3.750185
-0.449329  0.805407 -0.386553     1.644666
 0.052480 -0.408149 -0.911406     0.924471
>structures/SerRS_AF_Bact_Clostridium_acetobutylicum_DSM_1731_gene44996495.pdb
 0.999378 -0.019230  0.029562    -0.819497
 0.018849  0.999736  0.013133    -0.183640
-0.029807 -0.012567  0.999477    -0.259163
>structures/SerRS_AF_Bact_Mycoplasma_hyopneumoniae_168-L_gene57101125.pdb
-0.991253 -0.128053 -0.031949     2.516690
-0.129713  0.989922  0.056833     2.286213
 0.024349  0.060480 -0.997872     1.397922
>structures/SerRS_AF_Bact_Prochlorococcus_marinus_subsp_marinus_str_CCMP1375_gene54200639.pdb
 0.710687 -0.628775 -0.315540     3.541800
 0.619438  0.346661  0.704360     7.026378
-0.333499 -0.696037  0.635855     1.775363
>structures/SerRS_AF_Bact_Streptobacillus_moniliformis_DSM_12112_gene29673293.pdb
 0.878050 -0.424545 -0.220883     4.183029
 0.477924  0.753945  0.450728    -0.531723
-0.024821 -0.501327  0.864902     2.516943
>structures/SerRS_AF_Bact_Treponema_pallidum_subsp_pertenue_str_SamoaD_gene57879171.pdb
-0.967408  0.228775  0.108554     2.417084
 0.241232  0.962976  0.120353     0.144721
-0.077001  0.142617 -0.986778     1.101031
>structures/SerRS_AF_Euk_Cyanidioschyzon_merolae_strain_10D_gene16995416.pdb
-0.643045  0.675408  0.360994     1.723388
 0.714997  0.360609  0.598949     1.829436
 0.274357  0.643262 -0.714802    -0.708804
>structures/SerRS_AF_Euk_Thunnus_albacares_gene122982782.pdb
-0.089997  0.581766  0.808362    -0.149106
 0.594496 -0.619812  0.512257     4.426247
 0.799046  0.526669 -0.290077     0.362601
>structures/SerRS_AF_Euk_Trichomonas_vaginalis_G3_gene4762654.pdb
-0.958474 -0.127979 -0.254851     3.875618
-0.116054  0.991346 -0.061356     4.175602
 0.260498 -0.029232 -0.965032     0.348763
>structures/SerRS_AF_Euk_Vitis_vinifera_gene100261399.pdb
-0.243077  0.749379  0.615910    -0.214514
 0.696052 -0.307482  0.648819     3.657446
 0.675593  0.586418 -0.446865    -0.967673
>structures/SerRS_AF_Mito_Cervus_elaphus_gene122688911.pdb
 0.637673 -0.654654 -0.405958     5.124722
 0.661237  0.194861  0.724427     7.997800
-0.395143 -0.730382  0.557139     1.514558
>structures/SerRS_AF_Mito_Drechmeria_coniospora_gene63718051.pdb
-0.932612 -0.360828  0.006130     4.443734
-0.357496  0.921412 -0.152307     3.740340
 0.049309 -0.144235 -0.988314     2.158716
>structures/SerRS_PDB_Bact_K_pneumoniae_6h9x.pdb
 0.284447 -0.455129  0.843770    -4.797849
-0.826390  0.329744  0.456452    10.047258
-0.485973 -0.827119 -0.282320   -33.653211
>structures/SerRS_PDB_Bact_T_thermophilus_1ser.pdb
-0.849239  0.294719 -0.438102   113.552710
-0.471099 -0.797636  0.376620    92.364345
-0.238449  0.526230  0.816226   -38.522737
>structures/SerRS_PDB_Mito_B_taurus_1wle.pdb
-0.261319 -0.174996 -0.949257    96.046136
-0.964985  0.070506  0.252651    51.951419
 0.022715  0.982041 -0.187293   -23.571483
