>structures/SerRS_AF_Arch_Candidatus_Methanomassiliicoccus_intestinalis_Issoire-Mx1_gene16154337.pdb
 0.237638 -0.770797 -0.591101     0.962899
 0.625494 -0.344145  0.700229     5.982732
-0.743159 -0.536131  0.400347     4.512530
>structures/SerRS_AF_Arch_Methanospirillum_hungatei_JF-1_gene3924775.pdb
 0.282721  0.671339 -0.685108    -3.581494
-0.682876 -0.360716 -0.635267     2.287052
-0.673609  0.647447  0.356460    -2.144937
>structures/SerRS_AF_Arch_Nitrosopumilus_maritimus_SCM1_gene5773574.pdb
-0.096188  0.462994  0.881127    -1.169380
 0.591150 -0.685628  0.424801     7.213328
 0.800806  0.561739 -0.207749     1.175612
>structures/SerRS_AF_Arch_Thermoproteus_uzoniensis_768-20_gene10361450.pdb
 0.049261  0.137331  0.989299    -1.081424
 0.335479 -0.935231  0.113121     7.743811
 0.940759  0.326317 -0.092142     4.694471
>structures/SerRS_AF_Bact_Bifidobacterium_longum_subsp_longum_JCM_1217_gene69578844.pdb
 0.990696 -0.133828  0.024721    -1.899369
 0.130677  0.986179  0.101852     1.095008
-0.038010 -0.097674  0.994492     1.499415
>structures/SerRS_AF_Bact_Brucella_suis_1330_gene45051948.pdb
 0.217906  0.003929  0.975962    -0.648244
-0.022830 -0.999698  0.009122     6.078410
 0.975703 -0.024269 -0.217750     0.987453
>structures/SerRS_AF_Bact_Chlamydia_psittaci_6BC_gene12242544.pdb
-0.145849  0.190662 -0.970761    -1.576977
-0.207567 -0.965310 -0.158406     4.209795
-0.967287  0.178394  0.180365     1.509562
>structures/SerRS_AF_Bact_Clostridium_acetobutylicum_DSM_1731_gene44996495.pdb
-0.102808  0.581161  0.807269    -3.316024
 0.545528 -0.645687  0.534311     2.044677
 0.831763  0.495319 -0.250658    -2.996545
>structures/SerRS_AF_Bact_Escherichia_coli_O157:H7_str._Sakai_gene917719.pdb
 0.426448  0.747898 -0.508714    -2.157952
-0.735742 -0.040334 -0.676060     1.794400
-0.526143  0.662587  0.533060     0.303001
>structures/SerRS_AF_Bact_Mycoplasma_hyopneumoniae_168-L_gene57101125.pdb
 0.031578  0.647211 -0.761657    -0.708636
-0.479360 -0.658871 -0.579744     3.333742
-0.877050  0.383415  0.289441     0.660766
>structures/SerRS_AF_Bact_Prochlorococcus_marinus_subsp_marinus_str_CCMP1375_gene54200639.pdb
 0.037772 -0.297308  0.954034     2.347032
-0.152258 -0.945281 -0.288551     1.268342
 0.987619 -0.134360 -0.080973     3.832744
>structures/SerRS_AF_Bact_Streptobacillus_moniliformis_DSM_12112_gene29673293.pdb
 0.185650  0.085008  0.978932    -1.656341
 0.195611 -0.979508  0.047961     6.634881
 0.962949  0.182586 -0.198474     0.282690
>structures/SerRS_AF_Bact_Treponema_pallidum_subsp_pertenue_str_SamoaD_gene57879171.pdb
 0.171012  0.663833 -0.728066    -2.313267
-0.747893 -0.393599 -0.534543     4.431160
-0.641413  0.635929  0.429166    -0.441739
>structures/SerRS_AF_Euk_Cyanidioschyzon_merolae_strain_10D_gene16995416.pdb
 0.697841  0.668596 -0.256898    -2.724471
-0.675533  0.495166 -0.546320     2.098062
-0.238061  0.554787  0.797206     0.235727
>structures/SerRS_AF_Euk_Homo_sapiens_gene6301.pdb
 0.173515 -0.035974  0.984174     4.177233
 0.128519 -0.989960 -0.058844     5.242049
 0.976409  0.136696 -0.167149     5.185229
>structures/SerRS_AF_Euk_Saccharomyces_cerevisiae_S288C_gene851587.pdb
 0.017628 -0.311571 -0.950059    -0.084640
 0.545474 -0.793345  0.270298     1.507394
-0.837942 -0.522998  0.155969     3.757189
>structures/SerRS_AF_Euk_Thunnus_albacares_gene122982782.pdb
 0.999992  0.002402 -0.003052    -0.020362
-0.002407  0.999996 -0.001738    -0.007708
 0.003048  0.001746  0.999994    -0.147286
>structures/SerRS_AF_Euk_Trichomonas_vaginalis_G3_gene4762654.pdb
 0.227543  0.567559 -0.791265    -0.785348
-0.339513 -0.715351 -0.610740     2.514533
-0.912664  0.407614  0.029921     2.959835
>structures/SerRS_AF_Euk_Vitis_vinifera_gene100261399.pdb
 0.974835  0.220808 -0.030673    -1.573463
-0.220205  0.932326 -0.286840    -0.353860
-0.034739  0.286376  0.957487    -0.221746
>structures/SerRS_AF_Mito_Cervus_elaphus_gene122688911.pdb
 0.012106 -0.411570  0.911298     2.368008
-0.270111 -0.878829 -0.393318     0.989294
 0.962753 -0.241391 -0.121808     5.356263
>structures/SerRS_AF_Mito_Drechmeria_coniospora_gene63718051.pdb
-0.096560  0.470012 -0.877362     0.718735
-0.286731 -0.857249 -0.427680     3.890514
-0.953132  0.210270  0.217543     3.011349
>structures/SerRS_AF_Mito_Homo_sapiens_gene54938.pdb
 0.017001 -0.305895  0.951913     1.522051
-0.173231 -0.938554 -0.298508     1.508484
 0.984734 -0.159826 -0.068947     4.269865
>structures/SerRS_PDB_Bact_K_pneumoniae_6h9x.pdb
-0.907130 -0.419854 -0.028956   -23.322167
 0.418049 -0.906881  0.052929   -24.439968
-0.048482  0.035909  0.998178     8.819162
>structures/SerRS_PDB_Bact_T_thermophilus_1ser.pdb
-0.386273 -0.086962  0.918276    10.205999
-0.325296  0.944423 -0.047398    -9.960015
-0.863120 -0.317021 -0.393093   148.050604
>structures/SerRS_PDB_Mito_B_taurus_1wle.pdb
-0.518720  0.851033  0.081687    -0.798915
 0.479880  0.368901 -0.796007    11.339926
-0.707562 -0.373705 -0.599750   108.882198
>structures/Slimp_AF_Euk_Lingula_anatina_gene106166201.pdb
-0.052558 -0.566353  0.822485     4.549010
-0.240112 -0.792294 -0.560907     2.480123
 0.969321 -0.226968 -0.094347     3.777518
>structures/Slimp_AF_Mito_Drosophila_melanogaster_proteinAAN13983.pdb
-0.096013  0.065192  0.993243     2.248193
 0.367693 -0.924953  0.096253     5.911137
 0.924978  0.374450  0.064837    -0.097668
