>../../../../class2/ala//data/domains/Catalytic_domain/structures/AlaRS_AF_Arch_Candidatus_Korarchaeum_cryptofilum_OPF8_gene6094822.pdb
-0.167260  0.633056 -0.755820    -2.960801
 0.984095  0.153727 -0.089018     4.600454
 0.059836 -0.758688 -0.648700    -4.106132
>../../../../class2/ala//data/domains/Catalytic_domain/structures/AlaRS_AF_Arch_Candidatus_Nitrosopumilus_koreensis_AR1_gene13725795.pdb
 0.227542 -0.872605  0.432186     2.385138
-0.130704 -0.467181 -0.874448     1.788070
 0.964956  0.142485 -0.220357    -3.816489
>../../../../class2/ala//data/domains/Catalytic_domain/structures/AlaRS_AF_Arch_Sulfolobus_islandicus_YG5714_gene7807284.pdb
 0.195142  0.372822 -0.907151    -1.662067
 0.510223 -0.828510 -0.230746     4.486627
-0.837611 -0.417821 -0.351899    -7.713123
>../../../../class2/ala//data/domains/Catalytic_domain/structures/AlaRS_AF_Arch_Thermoplasma_acidophilum_DSM_1728_gene1456391.pdb
 0.224269 -0.872164  0.434780     0.993212
-0.102984 -0.464857 -0.879376     3.113817
 0.969070  0.152441 -0.194072    -3.733283
>../../../../class2/ala//data/domains/Catalytic_domain/structures/AlaRS_AF_Bact_Brucella_melitensis_bv_1_str_16M_gene29593597.pdb
 0.635260 -0.306002  0.709090     3.530602
 0.124304 -0.865671 -0.484935     0.408897
 0.762229  0.396203 -0.511888     4.632816
>../../../../class2/ala//data/domains/Catalytic_domain/structures/AlaRS_AF_Bact_Chlamydia_psittaci_6BC_gene12242512.pdb
 1.000000  0.000000  0.000000     0.000000
 0.000000  1.000000  0.000000     0.000000
 0.000000  0.000000  1.000000     0.000000
>../../../../class2/ala//data/domains/Catalytic_domain/structures/AlaRS_AF_Bact_Lactobacillus_acidophilus_La-14_gene56942022.pdb
 0.578801  0.687122 -0.439150    -3.074628
-0.528400 -0.094157 -0.843758    -7.157272
-0.621114  0.720415  0.308577    -3.837614
>../../../../class2/ala//data/domains/Catalytic_domain/structures/AlaRS_AF_Bact_Nocardia_farcinica_IFM_10152_gene61134339.pdb
 0.837384  0.546556 -0.008025    -1.266303
-0.438847  0.663465 -0.605993    -1.401027
-0.325885  0.510971  0.795430    -0.011056
>../../../../class2/ala//data/domains/Catalytic_domain/structures/AlaRS_AF_Bact_Porphyromonas_gingivalis_ATCC_33277_gene29256567.pdb
 0.989608  0.138627  0.038183    -0.229302
-0.130710  0.977953 -0.162861    -0.153131
-0.059918  0.156177  0.985910    -1.653415
>../../../../class2/ala//data/domains/Catalytic_domain/structures/AlaRS_AF_Bact_Prochlorococcus_marinus_subsp_marinus_str_CCMP1375_gene54199407.pdb
-0.260602 -0.647927  0.715736    -2.707660
-0.941245  0.335461 -0.039032    -0.858106
-0.214812 -0.683855 -0.697279     0.953256
>../../../../class2/ala//data/domains/Catalytic_domain/structures/AlaRS_AF_Bact_Streptobacillus_moniliformis_DSM_12112_gene29672963.pdb
 0.980842 -0.184725 -0.061852    -3.872777
 0.188063  0.980709  0.053319    -3.015086
 0.050809 -0.063930  0.996660    -0.231431
>../../../../class2/ala//data/domains/Catalytic_domain/structures/AlaRS_AF_Bact_Treponema_pallidum_subsp_pertenue_str_SamoaD_gene57879528.pdb
 0.019622 -0.324840 -0.945565     4.701947
 0.839496 -0.508298  0.192042    -2.386636
-0.543011 -0.797567  0.262728   -12.743861
>../../../../class2/ala//data/domains/Catalytic_domain/structures/AlaRS_AF_Euk_Cyanidioschyzon_merolae_strain_10D_gene16993235.pdb
 0.195397 -0.054183 -0.979226    -8.080505
 0.586867 -0.793512  0.161012     2.364977
-0.785752 -0.606137 -0.123252    -3.510313
>../../../../class2/ala//data/domains/Catalytic_domain/structures/AlaRS_AF_Euk_Marasmius_oreades_gene66078979.pdb
 0.408970 -0.787346  0.461334    -4.744530
-0.021326 -0.513654 -0.857732    -0.045054
 0.912299  0.340948 -0.226860    -2.448643
>../../../../class2/ala//data/domains/Catalytic_domain/structures/AlaRS_AF_Euk_Plasmodium_berghei_ANKA_gene55150801.pdb
 0.933260  0.256024 -0.251949    -0.335994
-0.358448  0.709236 -0.607042    -4.294750
 0.023274  0.656838  0.753672    -0.722428
>../../../../class2/ala//data/domains/Catalytic_domain/structures/AlaRS_AF_Euk_Saccharomyces_cerevisiae_S288C_gene854513.pdb
-0.099362 -0.846833  0.522494    -1.709504
-0.274211 -0.481458 -0.832470     4.035625
 0.956523 -0.225990 -0.184373    -3.271822
>../../../../class2/ala//data/domains/Catalytic_domain/structures/AlaRS_PDB_Bact_E_coli_3HXV.pdb
-0.632911  0.748644  0.197375   -11.988155
 0.420053  0.546187 -0.724731   -15.739706
-0.650369 -0.375782 -0.660158    26.422568
>../../../../class2/asp1//data/domains/Catalytic_domain/structures/AspRS_AF_Arch_Candidatus_Methanomassiliicoccus_intestinalis_Issoire-Mx1_gene16154434.pdb
 0.487082  0.247399  0.837583    16.701931
 0.721671  0.426120 -0.545539    -4.786497
-0.491877  0.870181  0.029015   -28.495504
>../../../../class2/asp1//data/domains/Catalytic_domain/structures/AspRS_AF_Arch_unclassified_Euryarchaeota_proteinHHT76046.1.pdb
 0.495592  0.088491  0.864036    12.416588
 0.594714  0.690445 -0.411828    -4.089792
-0.633012  0.717952  0.289552   -23.413046
>../../../../class2/asp1//data/domains/Catalytic_domain/structures/AspRS_AF_Bact_Bacillus_anthracis_str_Ames_Ancestor_gene45024275.pdb
 0.948875 -0.008087  0.315548    18.808443
-0.231734 -0.696618  0.678987    -2.987539
 0.214325 -0.717397 -0.662878   -22.720431
>../../../../class2/asp1//data/domains/Catalytic_domain/structures/AspRS_AF_Bact_Brachyspira_pilosicoli_95_1000_gene56440011.pdb
 0.514096 -0.188924  0.836668    12.782742
 0.667055  0.701264 -0.251527    -4.919171
-0.539206  0.687413  0.486540   -24.892670
>../../../../class2/asp1//data/domains/Catalytic_domain/structures/AspRS_AF_Bact_Chlamydia_muridarum_str_Nigg_gene1246197.pdb
 0.419352 -0.742690  0.522069    12.330037
 0.907639  0.331392 -0.257627    -5.119360
 0.018327  0.581886  0.813064   -24.905848
>../../../../class2/asp1//data/domains/Catalytic_domain/structures/AspRS_AF_Bact_Mycoplasma_hyopneumoniae_168-L_gene57101115.pdb
 0.259365  0.741964  0.618239    13.762119
 0.564932  0.402646 -0.720228    -5.829176
-0.783314  0.536065 -0.314726   -30.790906
>../../../../class2/asp1//data/domains/Catalytic_domain/structures/AspRS_AF_Bact_Nocardia_cyriacigeorgica_GUH-2_gene45501717.pdb
-0.816526  0.499264 -0.289863     8.089182
 0.151248 -0.299555 -0.942014    -6.126266
-0.557144 -0.813020  0.169082   -24.545985
>../../../../class2/asp1//data/domains/Catalytic_domain/structures/AspRS_AF_Bact_Porphyromonas_gingivalis_ATCC_33277_gene29255515.pdb
 0.128244 -0.857897 -0.497561    14.088829
-0.697538 -0.434661  0.569658    -6.886779
-0.704978  0.274013 -0.654158   -23.832309
>../../../../class2/asp1//data/domains/Catalytic_domain/structures/AspRS_AF_Bact_Prochlorococcus_marinus_subsp_marinus_str_CCMP1375_gene54201182.pdb
 0.365124 -0.616513  0.697564    17.625477
 0.929876  0.205389 -0.305198    -1.974151
 0.044887  0.760084  0.648273   -24.199499
>../../../../class2/asp1//data/domains/Catalytic_domain/structures/AspRS_AF_Bact_Xylella_fastidiosa_Temecula1_gene58016479.pdb
-0.836594  0.414961 -0.357655    13.323458
 0.222681 -0.338910 -0.914086    -5.045130
-0.500523 -0.844362  0.191126   -21.658227
>../../../../class2/asp1//data/domains/Catalytic_domain/structures/AspRS_AF_Mito_Oryza_sativa_Japonica_Group_gene4324505.pdb
-0.502391  0.076876 -0.861216     8.378661
-0.705223  0.539855  0.459583    -8.838392
 0.500263  0.838240 -0.217003   -24.039801
>../../../../class2/asp1//data/domains/Catalytic_domain/structures/AspRS_AF_Mito_Oryzias_melastigma_gene112147132.pdb
-0.169627  0.767634  0.618033    13.159874
 0.289172  0.638286 -0.713422    -3.504122
-0.942129  0.057703 -0.330248   -22.417590
>../../../../class2/asp1//data/domains/Catalytic_domain/structures/AspRS_PDB_Bact_E_coli_1c0a.pdb
 0.586873  0.807854 -0.054342   -52.136895
-0.369707  0.207657 -0.905646     3.803017
-0.720345  0.551590  0.420538    -0.119022
