>structures/TyrRS_AF_Arch_Candidatus_Korarchaeum_cryptofilum_OPF8_gene6094625.pdb
 0.576420  0.269801  0.771328    24.885574
 0.816090 -0.141921 -0.560228    10.297622
-0.041683  0.952400 -0.301988    55.181716
>structures/TyrRS_AF_Arch_Desulfurococcus_amylolyticus_1221n_gene7171652.pdb
 0.660052 -0.553086  0.508358    24.149902
 0.340719 -0.382693 -0.858753    10.150173
 0.669509  0.740029 -0.064151    54.245384
>structures/TyrRS_AF_Arch_Methanothermococcus_okinawensis_IH1_gene10772133.pdb
-0.823096  0.109148 -0.557315    24.400319
 0.470737  0.680090 -0.562036     8.493338
 0.317679 -0.724958 -0.611159    55.293817
>structures/TyrRS_AF_Arch_Thermoplasma_acidophilum_DSM_1728_gene1456112.pdb
-0.387719 -0.741607 -0.547442    25.318058
-0.066026 -0.570029  0.818968    11.933961
-0.919410  0.353675  0.172046    50.253581
>structures/TyrRS_AF_Bact_Bifidobacterium_animalis_subsp_lactis_BLC1_gene66533077.pdb
 0.541722 -0.829059  0.138559    28.359751
 0.406711  0.114271 -0.906382    16.556877
 0.735611  0.547360  0.399090    57.290767
>structures/TyrRS_AF_Bact_Brachyspira_pilosicoli_95_1000_gene56440491.pdb
-0.710283 -0.365422 -0.601636    19.034874
-0.439012 -0.438142  0.784410    13.047234
-0.550242  0.821279  0.150780    52.033280
>structures/TyrRS_AF_Bact_Chlamydia_psittaci_6BC_gene12242888.pdb
 0.438232 -0.898418 -0.028259    25.868814
 0.347439  0.198302 -0.916494    13.022112
 0.828999  0.391819  0.399048    54.370063
>structures/TyrRS_AF_Bact_Lactococcus_lactis_subsp_cremoris_KW2_gene61108704.pdb
 0.393938 -0.919103 -0.007976    26.830177
 0.400319  0.179380 -0.898648    16.740227
 0.827380  0.350818  0.438599    56.674677
>structures/TyrRS_AF_Bact_Porphyromonas_gingivalis_ATCC_33277_gene29255602.pdb
-0.364668 -0.852702 -0.374054    26.175443
-0.466077 -0.180613  0.866113    16.844534
-0.806095  0.490181 -0.331561    50.947376
>structures/TyrRS_AF_Bact_Prochlorococcus_marinus_subsp_marinus_str_CCMP1375_gene54200747.pdb
-0.364992 -0.360539 -0.858366    26.332672
 0.521973  0.684195 -0.509334    12.416607
 0.770925 -0.633947 -0.061534    53.338422
>structures/TyrRS_AF_Bact_Serratia_plymuthica_AS9_gene57666950.pdb
-0.676392 -0.436467 -0.593288    30.443112
 0.601658  0.137214 -0.786880    16.957117
 0.424854 -0.889196  0.169793    57.690235
>structures/TyrRS_AF_Bact_Streptobacillus_moniliformis_DSM_12112_gene29673957.pdb
-0.242718 -0.920540 -0.306096    24.821591
 0.583078  0.113742 -0.804415    11.960874
 0.775312 -0.373724  0.509139    61.559611
>structures/TyrRS_AF_Euk_Cryptococcus_neoformans_var_neoformans_JEC21_gene3254328.pdb
 0.166790 -0.957889 -0.233731    28.681122
 0.249486  0.270337 -0.929879    16.777064
 0.953907  0.096782  0.284069    56.016086
>structures/TyrRS_AF_Euk_Drosophila_melanogaster_gene39829.pdb
-0.900244 -0.171669 -0.400113    18.614796
 0.242398 -0.961008 -0.133068    15.313534
-0.361668 -0.216781  0.906754    50.076740
>structures/TyrRS_AF_Euk_Homo_sapiens_gene8565.pdb
-0.918900  0.087183 -0.384737    17.824393
 0.034600 -0.953704 -0.298750    13.343835
-0.392971 -0.287833  0.873342    51.117480
>structures/TyrRS_AF_Euk_Plasmodium_falciparum_3D7_gene2655248.pdb
 0.389092 -0.140011  0.910497    26.750336
 0.641329 -0.668348 -0.376840     9.203289
 0.661291  0.730553 -0.170256    53.998734
>structures/TyrRS_AF_Euk_Saccharomyces_cerevisiae_S288C_gene853097.pdb
 0.686341 -0.364844  0.629146    25.059124
 0.421281 -0.505715 -0.752844     9.572828
 0.592839  0.781755 -0.193391    54.514726
>structures/TyrRS_AF_Euk_Seriola_dumerili_gene111223086.pdb
-0.829574  0.430068 -0.356157    16.668827
 0.298863 -0.196812 -0.933780    14.274868
-0.471685 -0.881082  0.034739    49.965748
>structures/TyrRS_AF_Mito_Aspergillus_fumigatus_Af293_gene3509181.pdb
 0.637613  0.769322  0.039908    32.126196
-0.576974  0.511238 -0.636974     4.570251
-0.510441  0.383117  0.769852    52.545645
>structures/TyrRS_AF_Mito_Cyanidioschyzon_merolae_strain_10D_gene16996209.pdb
 0.245594 -0.939342 -0.239415    28.645264
 0.333352  0.313756 -0.889063    15.104172
 0.910253  0.138539  0.390188    57.450824
>structures/TyrRS_AF_Mito_Homo_sapiens_gene51067.pdb
 0.666667 -0.641570  0.379399    34.626151
 0.426787 -0.088735 -0.899988    17.712993
 0.611072  0.761915  0.214657    58.142601
>structures/TyrRS_AF_Vir_Megavirus_chiliensis_gene11257765.pdb
-0.778675  0.549575 -0.302709    27.462835
 0.481645  0.214384 -0.849740     3.544278
-0.402100 -0.807469 -0.431635    55.873205
>structures/TyrRS_PDB_Arch_M_jannashii_1U7D.pdb
-0.823118  0.564502 -0.061760     0.657595
-0.020182  0.079608  0.996622   -13.008296
 0.567511  0.821584 -0.054134    14.681246
>structures/TyrRS_PDB_E_coli_Bact_1WQ4.pdb
 0.999167  0.013536 -0.038497     2.014317
-0.013312  0.999893  0.006073    -0.255813
 0.038575 -0.005556  0.999240    -0.689356
>structures/TyrRS_PDB_Vir_Acanthamoeba_polyphaga_mimivirus_2J5B.pdb
 0.272540 -0.959405  0.072554    77.039822
 0.933118  0.245182 -0.263013   -45.920080
 0.234547  0.139383  0.962060   -13.699656
