>structures/TyrRS_AF_Arch_Candidatus_Korarchaeum_cryptofilum_OPF8_gene6094625.pdb
 0.244941  0.527686 -0.813358    -5.329942
-0.439402 -0.687393 -0.578288     4.275434
-0.864251  0.499038  0.063495    -2.289307
>structures/TyrRS_AF_Arch_Desulfurococcus_amylolyticus_1221n_gene7171652.pdb
 0.461046  0.577905 -0.673396    -6.076643
-0.871604  0.152481 -0.465892     5.001507
-0.166561  0.801732  0.574006    -0.399516
>structures/TyrRS_AF_Arch_Methanothermococcus_okinawensis_IH1_gene10772133.pdb
 0.801726 -0.239026 -0.547815    -6.118398
 0.596809  0.270375  0.755457     5.099347
-0.032458 -0.932611  0.359420     1.276922
>structures/TyrRS_AF_Arch_Thermoplasma_acidophilum_DSM_1728_gene1456112.pdb
-0.587442  0.271168  0.762483    -8.565731
 0.773934  0.463605  0.431388     6.840470
-0.236512  0.843527 -0.482208    -3.788972
>structures/TyrRS_AF_Bact_Bifidobacterium_animalis_subsp_lactis_BLC1_gene66533077.pdb
 0.670619  0.709894 -0.215221    -1.631056
-0.729954  0.579875 -0.361818    -1.357602
-0.132051  0.399744  0.907065    -6.580453
>structures/TyrRS_AF_Bact_Brachyspira_pilosicoli_95_1000_gene56440491.pdb
-0.508365  0.510309  0.693649    -5.485152
 0.811159  0.013336  0.584674     8.729278
 0.289114  0.859887 -0.420722    -3.496401
>structures/TyrRS_AF_Bact_Chlamydia_psittaci_6BC_gene12242888.pdb
 0.748784  0.636003 -0.186612    -5.247131
-0.662786  0.715837 -0.219757     1.505421
-0.006182  0.288234  0.957540    -4.311436
>structures/TyrRS_AF_Bact_Lactococcus_lactis_subsp_cremoris_KW2_gene61108704.pdb
 0.781282  0.603233 -0.160340    -1.629855
-0.623478  0.742047 -0.246257     0.326206
-0.029570  0.292365  0.955850    -6.713046
>structures/TyrRS_AF_Bact_Porphyromonas_gingivalis_ATCC_33277_gene29255602.pdb
-0.814262  0.490790  0.310004    -6.061041
 0.573104  0.594699  0.563813     2.849173
 0.092354  0.636756 -0.765514    -9.317324
>structures/TyrRS_AF_Bact_Prochlorococcus_marinus_subsp_marinus_str_CCMP1375_gene54200747.pdb
 0.995175  0.001408 -0.098103    -6.243210
 0.074491  0.639908  0.764832     2.216934
 0.063854 -0.768450  0.636716    -4.702900
>structures/TyrRS_AF_Bact_Serratia_plymuthica_AS9_gene57666950.pdb
 0.855334 -0.496987 -0.146312    -1.491732
 0.510121  0.758613  0.405317    -2.948775
-0.090443 -0.421319  0.902392    -7.367438
>structures/TyrRS_AF_Bact_Streptobacillus_moniliformis_DSM_12112_gene29673957.pdb
 0.999327  0.002768  0.036576     0.246787
-0.003277  0.999899  0.013856     0.061999
-0.036534 -0.013967  0.999235     0.269219
>structures/TyrRS_AF_Euk_Cryptococcus_neoformans_var_neoformans_JEC21_gene3254328.pdb
 0.856092  0.459457 -0.236654    -2.501060
-0.470459  0.882351  0.011180    -1.210710
 0.213949  0.101765  0.971530    -7.429810
>structures/TyrRS_AF_Euk_Drosophila_melanogaster_gene39829.pdb
 0.182017 -0.643885  0.743157    -4.203565
 0.978243  0.195091 -0.070565    12.480184
-0.099547  0.739833  0.665386    -6.454371
>structures/TyrRS_AF_Euk_Homo_sapiens_gene8565.pdb
 0.048072 -0.788878  0.612667    -4.191707
 0.997356  0.004448 -0.072529    12.570364
 0.054491  0.614534  0.787006    -4.377318
>structures/TyrRS_AF_Euk_Plasmodium_falciparum_3D7_gene2655248.pdb
 0.733687  0.222459 -0.642040    -7.622602
-0.604617 -0.217441 -0.766262     2.410757
-0.310068  0.950385 -0.025031    -2.101667
>structures/TyrRS_AF_Euk_Seriola_dumerili_gene111223086.pdb
 0.171643 -0.965992 -0.193385    -5.541844
 0.896784  0.071945  0.436581    13.450088
-0.407821 -0.248361  0.878635    -5.140633
>structures/TyrRS_AF_Mito_Aspergillus_fumigatus_Af293_gene3509181.pdb
-0.885572  0.413762  0.211101   -12.924898
-0.464259 -0.803153 -0.373375    -4.171236
 0.015058 -0.428656  0.903342    -0.923129
>structures/TyrRS_AF_Mito_Cyanidioschyzon_merolae_strain_10D_gene16996209.pdb
 0.864414  0.487731 -0.122093    -2.484904
-0.492463  0.870275 -0.010090    -2.231842
 0.101333  0.068849  0.992467    -5.389910
>structures/TyrRS_AF_Mito_Homo_sapiens_gene51067.pdb
 0.563278  0.709621 -0.423268    -1.818739
-0.789094  0.310071 -0.530270    -7.484478
-0.245048  0.632688  0.734614    -8.887547
>structures/TyrRS_AF_Vir_Megavirus_chiliensis_gene11257765.pdb
 0.209232 -0.674983 -0.707545    -9.827365
 0.908192 -0.134097  0.396491     0.597853
-0.362504 -0.725546  0.584957     3.682909
>structures/TyrRS_PDB_Arch_M_jannashii_1U7D.pdb
 0.737424  0.449860  0.503817   -39.132808
 0.454438 -0.882294  0.122654    44.297810
 0.499692  0.138506 -0.855058     8.236755
>structures/TyrRS_PDB_E_coli_Bact_1WQ4.pdb
-0.254601  0.526574  0.811109   -49.516019
-0.934821  0.080705 -0.345828    43.757218
-0.247565 -0.846290  0.471705   -11.881520
>structures/TyrRS_PDB_Vir_Acanthamoeba_polyphaga_mimivirus_2J5B.pdb
 0.609585  0.538883  0.581387  -106.292730
-0.283127  0.833037 -0.475277   -19.856300
-0.740436  0.125116  0.660380    -1.767856
