>structures/TyrRS_AF_Bact_Bifidobacterium_animalis_subsp_lactis_BLC1_gene66533077.pdb
 0.666752  0.699302 -0.257720    -1.657939
-0.739093  0.575958 -0.349306    -1.306489
-0.095835  0.423379  0.900870    -7.328420
>structures/TyrRS_AF_Bact_Brachyspira_pilosicoli_95_1000_gene56440491.pdb
-0.534143  0.469642  0.702943    -5.802056
 0.792015 -0.012785  0.610368     8.590000
 0.295641  0.882765 -0.365134    -3.612143
>structures/TyrRS_AF_Bact_Chlamydia_psittaci_6BC_gene12242888.pdb
 0.742671  0.637795 -0.204102    -5.287794
-0.669641  0.705236 -0.232860     1.630856
-0.004577  0.309613  0.950852    -4.588574
>structures/TyrRS_AF_Bact_Lactococcus_lactis_subsp_cremoris_KW2_gene61108704.pdb
 0.782434  0.596221 -0.179774    -1.756457
-0.622385  0.739036 -0.257802     0.306433
-0.020848  0.313601  0.949326    -7.057588
>structures/TyrRS_AF_Bact_Porphyromonas_gingivalis_ATCC_33277_gene29255602.pdb
-0.814936  0.479130  0.326057    -6.124799
 0.573832  0.588240  0.569817     2.882002
 0.081217  0.651467 -0.754318    -9.742558
>structures/TyrRS_AF_Bact_Prochlorococcus_marinus_subsp_marinus_str_CCMP1375_gene54200747.pdb
 0.991278 -0.046313 -0.123379    -6.403069
 0.125646  0.614554  0.778804     1.584018
 0.039754 -0.787514  0.615014    -4.309290
>structures/TyrRS_AF_Bact_Serratia_plymuthica_AS9_gene57666950.pdb
 0.852646 -0.495736 -0.165046    -1.743887
 0.517895  0.760077  0.392515    -3.153832
-0.069136 -0.420153  0.904816    -7.714985
>structures/TyrRS_AF_Bact_Streptobacillus_moniliformis_DSM_12112_gene29673957.pdb
 0.999706  0.022157  0.009805     0.054648
-0.022172  0.999753  0.001401     0.165685
-0.009771 -0.001618  0.999951    -0.061576
>structures/TyrRS_AF_Euk_Cryptococcus_neoformans_var_neoformans_JEC21_gene3254328.pdb
 0.853730  0.454103 -0.254822    -2.706333
-0.469974  0.882679 -0.001584    -1.354725
 0.224207  0.121112  0.966987    -7.815837
>structures/TyrRS_AF_Mito_Aspergillus_fumigatus_Af293_gene3509181.pdb
-0.880504  0.426274  0.207370   -13.292786
-0.474031 -0.794144 -0.380302    -4.581493
 0.002569 -0.433158  0.901315    -1.231795
>structures/TyrRS_AF_Mito_Cyanidioschyzon_merolae_strain_10D_gene16996209.pdb
 0.837716  0.523075 -0.156922    -2.459047
-0.531992  0.846555 -0.018133    -1.712584
 0.123358  0.098672  0.987444    -5.988739
>structures/TyrRS_PDB_E_coli_Bact_1WQ4.pdb
-0.239794  0.563057  0.790864   -49.518000
-0.932482  0.093097 -0.349013    43.533622
-0.270141 -0.821157  0.502717   -14.057549
