>../../../../class2/gly3//data/domains/Catalytic_domain/structures/GlyRS-E_AF_Arch_Methanosalsum_zhilinae_DSM_4017_gene10821854.pdb
 0.923033 -0.250915  0.291635    -2.632005
-0.027460  0.713143  0.700481     2.622880
-0.383739 -0.654575  0.651365     1.012877
>../../../../class2/gly3//data/domains/Catalytic_domain/structures/GlyRS-E_AF_Euk_Cryptococcus_neoformans_var_neoformans_JEC21_gene3258293.pdb
 0.398364 -0.601307  0.692630    -3.187485
 0.108569 -0.718914 -0.686568     1.879809
 0.910779  0.348702 -0.221106     1.643312
>../../../../class2/gly3//data/domains/Catalytic_domain/structures/GlyRS-E_AF_Euk_Girardinichthys_multiradiatus_gene124858359.pdb
 0.908358 -0.348809  0.230691    -3.176437
 0.027580  0.600402  0.799223     0.371534
-0.417284 -0.719618  0.554999     1.301962
>../../../../class2/gly3//data/domains/Catalytic_domain/structures/GlyRS-E_AF_Euk_Plasmodium_yoelii_gene3801472.pdb
 0.908702  0.206073  0.363034    -1.361998
-0.352709  0.844188  0.403661     3.257791
-0.223285 -0.494853  0.839800     2.230455
>../../../../class2/gly3//data/domains/Catalytic_domain/structures/GlyRS-E_AF_Euk_Schizosaccharomyces_pombe_gene2543181.pdb
 0.832711 -0.553262  0.022224    -2.552011
 0.246083  0.405737  0.880239     0.667709
-0.496020 -0.727516  0.474010     0.408510
>../../../../class2/gly3//data/domains/Catalytic_domain/structures/GlyRS-E_PDB_Euk_H_sapiens_2q5h.pdb
-0.433243 -0.249862 -0.865950   -77.639226
 0.157356 -0.967016  0.200298    20.692897
-0.887434 -0.049485  0.458270   133.344845
>../../../../class2/pyl//data/domains/Catalytic_domain/structures/PylRS_AF_Arch_Candidatus_Methanomassiliicoccus_intestinalis_Issoire-Mx1_gene16153983.pdb
 0.279627 -0.294705 -0.913760    -5.604261
 0.788505 -0.472512  0.393691     2.101926
-0.547785 -0.830591  0.100249    -0.485608
>../../../../class2/pyl//data/domains/Catalytic_domain/structures/PylRS_AF_Arch_Methanosalsum_zhilinae_DSM_4017_gene10822650.pdb
 1.000000  0.000000  0.000000     0.000000
 0.000000  1.000000  0.000000     0.000000
 0.000000  0.000000  1.000000     0.000000
>../../../../class2/pyl//data/domains/Catalytic_domain/structures/PylRS_AF_Arch_Unclassified_Candidatus_Bathyarchaeota_proteinUCH69683.1.pdb
-0.114699  0.277521  0.953848    -6.203767
 0.336629 -0.892517  0.300156     0.118750
 0.934626  0.355520  0.008949    -0.417494
>../../../../class2/pyl//data/domains/Catalytic_domain/structures/PylRS_AF_Bact_Unclassified_Actinobacteria_proteinMBU2601214.1.pdb
-0.137380  0.303995  0.942716    -6.397926
 0.345401 -0.877299  0.333234     0.062345
 0.928345  0.371395  0.015523     0.201426
>../../../../class2/pyl//data/domains/Catalytic_domain/structures/PylRS_AF_Bact_Unclassified_Aerophobetes_proteinMCD6471581.1.pdb
 0.010950  0.243643  0.969803    -6.594304
 0.207940 -0.949214  0.236123     0.718442
 0.978080  0.199076 -0.061057    -0.109336
>../../../../class2/pyl//data/domains/Catalytic_domain/structures/PylRS_AF_Bact_unclassified_Desulfosarcina_proteinMBC2741817.pdb
-0.134804  0.004503  0.990862    -0.334342
-0.076480 -0.997054 -0.005873     0.003805
 0.987916 -0.076573  0.134751    -4.500045
>../../../../class2/pyl//data/domains/Catalytic_domain/structures/PylRS_AF_Bact_unclassified_Lachnospiraceae_proteinHCE77498.1.pdb
 0.843919  0.525296 -0.108923    -3.802297
-0.473120  0.633048 -0.612705    -4.189669
-0.252898  0.568608  0.782769    -0.782297
>../../../../class2/pyl//data/domains/Catalytic_domain/structures/PylRS_PDB_Arch_M_mazei_2Q7E.pdb
-0.773745  0.384435 -0.503517     7.118600
 0.630317  0.546724 -0.551174   -14.026950
 0.063395 -0.743843 -0.665341    47.462548
>../../../../class2/pyl//data/domains/Catalytic_domain/structures/PylRS_PDB_Bact_D_hafniense_2ZNJ.pdb
 0.208916  0.227945 -0.950997   -46.838094
 0.168764  0.949462  0.264651    -4.988438
 0.963262 -0.215784  0.159889   -36.658684
