>../../../../class2/phe4//data/domains/Catalytic_domain/structures/PheRS-Aβ_AF_Arch_Candidatus_Nitrosopumilus_koreensis_AR1_gene13724457.pdb
 0.987281 -0.007252  0.158819    -0.022742
-0.015407  0.989893  0.140976     3.018526
-0.158236 -0.141630  0.977191     0.907616
>../../../../class2/phe4//data/domains/Catalytic_domain/structures/PheRS-Aβ_AF_Arch_Halalkalicoccus_jeotgali_B3_gene9420006.pdb
-0.235387  0.337244 -0.911515     1.021654
-0.442855 -0.872065 -0.208287     5.563700
-0.865143  0.354640  0.354623    -0.403008
>../../../../class2/phe4//data/domains/Catalytic_domain/structures/PheRS-Aβ_AF_Arch_Sulfolobus_islandicus_YG5714_gene7807969.pdb
 1.000000 -0.000000  0.000000     0.000000
 0.000000  1.000000  0.000000     0.000000
-0.000000  0.000000  1.000000     0.000000
>../../../../class2/phe4//data/domains/Catalytic_domain/structures/PheRS-Aβ_AF_Arch_Thermoplasma_volcanium_GSS1_gene1441711.pdb
-0.020354 -0.530885  0.847200     0.948292
-0.498439 -0.729172 -0.468900     5.759926
 0.866686 -0.431821 -0.249772     2.193141
>../../../../class2/phe4//data/domains/Catalytic_domain/structures/PheRS-Aβ_AF_Euk_Astyanax_mexicanus_gene103044481.pdb
-0.796327 -0.604544  0.019736    -3.429753
-0.502170  0.642584 -0.578715    -1.128414
 0.337177 -0.470757 -0.815291    -1.156456
>../../../../class2/phe4//data/domains/Catalytic_domain/structures/PheRS-Aβ_AF_Euk_Drosophila_melanogaster_gene42888.pdb
 0.604666  0.690382 -0.397180    -1.325567
-0.516024 -0.040289 -0.855626    -0.875311
-0.606711  0.722322  0.331892    -3.217083
>../../../../class2/phe4//data/domains/Catalytic_domain/structures/PheRS-Aβ_AF_Euk_Plasmodium_falciparum_3D7_gene810604.pdb
 0.966437 -0.239712  0.092398     3.495335
 0.206227  0.938359  0.277403     0.749118
-0.153199 -0.249037  0.956300    -0.635437
>../../../../class2/phe4//data/domains/Catalytic_domain/structures/PheRS-Aβ_AF_Euk_Saccharomyces_cerevisiae_S288C_gene850749.pdb
-0.035070 -0.571785 -0.819653     3.561850
 0.375730 -0.767531  0.519349     5.503829
-0.926065 -0.289755  0.241754     0.143555
>../../../../class2/phe4//data/domains/Catalytic_domain/structures/PheRS-Aβ_PDB_Euk.B_H_sapiens_3L4G.pdb
-0.174597  0.051519 -0.983291    19.328229
 0.900274  0.412796 -0.138228   -78.504023
 0.398777 -0.909365 -0.118454    67.419276
>../../../../class2/thr//data/domains/Catalytic_domain/structures/ThrRS_AF_Arch_Candidatus_Methanomethylophilus_alvus_Mx1201_gene15140074.pdb
-0.300754  0.712734 -0.633686    28.646595
-0.657486  0.326358  0.679119   -12.815217
 0.690840  0.620887  0.370459   -24.683819
>../../../../class2/thr//data/domains/Catalytic_domain/structures/ThrRS_AF_Arch_Candidatus_Nitrosopumilus_koreensis_AR1_gene13725077.pdb
-0.238072 -0.643538  0.727448    27.828683
 0.681037  0.423390  0.597436    -4.902898
-0.692467  0.637652  0.337476   -30.164191
>../../../../class2/thr//data/domains/Catalytic_domain/structures/ThrRS_AF_Arch_Pyrococcus_furiosus_DSM_3638_gene1469226.pdb
-0.271453 -0.477241  0.835796    26.121229
 0.494016  0.676187  0.546553    -6.211652
-0.825991  0.561260  0.052211   -29.721700
>../../../../class2/thr//data/domains/Catalytic_domain/structures/ThrRS_AF_Arch_Sulfolobus_islandicus_M164_gene7940156.pdb
 0.641598 -0.615070 -0.458302    28.353188
-0.766996 -0.520910 -0.374659    -6.944222
-0.008292  0.591897 -0.805971   -21.442423
>../../../../class2/thr//data/domains/Catalytic_domain/structures/ThrRS_AF_Bact_Bifidobacterium_longum_subsp_longum_JCM_1217_gene69578309.pdb
 0.400439 -0.750622  0.525562    27.184826
-0.461501  0.330292  0.823362   -14.846198
-0.791622 -0.572253 -0.214151   -28.716482
>../../../../class2/thr//data/domains/Catalytic_domain/structures/ThrRS_AF_Bact_Brachyspira_pilosicoli_95_1000_gene56439092.pdb
 0.950666 -0.306512 -0.047802    28.747659
-0.265652 -0.883947  0.384795   -15.330140
-0.160199 -0.353112 -0.921764   -26.228553
>../../../../class2/thr//data/domains/Catalytic_domain/structures/ThrRS_AF_Bact_Brucella_abortus_2308_gene3787745.pdb
-0.685460 -0.709964 -0.161539    28.366075
 0.568954 -0.383834 -0.727298   -15.382939
 0.454351 -0.590442  0.667041   -26.898803
>../../../../class2/thr//data/domains/Catalytic_domain/structures/ThrRS_AF_Bact_Lactobacillus_acidophilus_La-14_gene56943112.pdb
 0.172797  0.574686  0.799923    28.945914
 0.488421  0.655259 -0.576264   -18.080855
-0.855328  0.490276 -0.167462   -30.345482
>../../../../class2/thr//data/domains/Catalytic_domain/structures/ThrRS_AF_Bact_Mycoplasma_hyopneumoniae_168-L_gene57101460.pdb
 0.194908  0.611592 -0.766789    26.677382
-0.369397  0.769991  0.520249   -12.391033
 0.908601  0.181849  0.375998   -24.897411
>../../../../class2/thr//data/domains/Catalytic_domain/structures/ThrRS_AF_Bact_Porphyromonas_gingivalis_ATCC_33277_gene29256174.pdb
 0.935064  0.219969  0.277973    26.352717
-0.104433 -0.578424  0.809024   -14.647185
 0.338746 -0.785519 -0.517891   -27.554267
>../../../../class2/thr//data/domains/Catalytic_domain/structures/ThrRS_AF_Bact_Prochlorococcus_marinus_subsp_marinus_str_CCMP1375_gene54200406.pdb
-0.936983 -0.236468 -0.257187    28.919956
-0.070433 -0.593173  0.801988   -15.054375
-0.342201  0.769564  0.539138   -30.356431
>../../../../class2/thr//data/domains/Catalytic_domain/structures/ThrRS_AF_Bact_Streptobacillus_moniliformis_DSM_12112_gene29674242.pdb
-0.127068 -0.123143  0.984220    28.433179
 0.664998  0.725654  0.176647   -15.240401
-0.735956  0.676951 -0.010318   -27.702088
>../../../../class2/thr//data/domains/Catalytic_domain/structures/ThrRS_AF_Euk_Arabidopsis_thaliana_gene832741.pdb
 0.251151 -0.320136  0.913475    25.450922
-0.442557  0.801329  0.402511   -15.097556
-0.860852 -0.505356  0.059576   -29.696601
>../../../../class2/thr//data/domains/Catalytic_domain/structures/ThrRS_AF_Euk_Cercospora_beticola_gene35433465.pdb
-0.414457  0.572690  0.707285    26.696210
-0.781744  0.173869 -0.598870   -16.331044
-0.465942 -0.801122  0.375636   -27.571802
>../../../../class2/thr//data/domains/Catalytic_domain/structures/ThrRS_AF_Euk_Cryptococcus_gattii_WM276_gene10188143.pdb
 0.215055 -0.784276  0.581947    26.514180
-0.213806  0.543625  0.811640   -17.654976
-0.952911 -0.298971 -0.050774   -27.860226
>../../../../class2/thr//data/domains/Catalytic_domain/structures/ThrRS_AF_Euk_Cyanidioschyzon_merolae_strain_10D_gene16997242.pdb
-0.717431 -0.696629  0.000746    28.105966
 0.658769 -0.678788 -0.324453   -16.973608
 0.226529 -0.232281  0.945902   -29.070188
>../../../../class2/thr//data/domains/Catalytic_domain/structures/ThrRS_AF_Mito_Cyanidioschyzon_merolae_strain_10D_gene16995590.pdb
-0.462055 -0.719643  0.518284    28.606607
 0.642553  0.131143  0.754935   -14.804767
-0.611254  0.681847  0.401814   -27.808106
>../../../../class2/thr//data/domains/Catalytic_domain/structures/ThrRS_AF_Mito_Oryza_sativa_Japonica_Group_gene4345200.pdb
 0.001528  0.958258 -0.285901    26.726593
 0.970881  0.067068  0.229982   -16.974768
 0.239557 -0.277927 -0.930252   -29.047131
>../../../../class2/thr//data/domains/Catalytic_domain/structures/ThrRS_PDB_Bact_E_coli_1evk.pdb
-0.648906  0.698301  0.302152     4.073509
-0.757739 -0.629074 -0.173485    55.890656
 0.068931 -0.341527  0.937341   -22.287618
>../../../../class2/thr//data/domains/Catalytic_domain/structures/ThrRS_PDB_Bact_S_aureus_1nyr.pdb
 0.885291  0.233114 -0.402391    25.007729
 0.111159  0.734125  0.669853   -86.087909
 0.451557 -0.637744  0.624002   -34.266386
