>../../../../class2/gly1//data/domains/Catalytic_domain/structures/GlyRS-A_AF_Arch_Candidatus_Nitrosopumilus_sediminis_gene13697160.pdb
 0.989629  0.005541  0.143538     2.816549
-0.010025  0.999483  0.030536     2.963734
-0.143295 -0.031659  0.989174     2.208806
>../../../../class2/gly1//data/domains/Catalytic_domain/structures/GlyRS-A_AF_Arch_Candidatus_Woesearchaeota_archaeon_proteinMBT4248212.1.pdb
-0.088576  0.532873 -0.841546     1.722785
-0.175628 -0.839986 -0.513399     4.578068
-0.980464  0.102325  0.167991     3.057320
>../../../../class2/gly1//data/domains/Catalytic_domain/structures/GlyRS-A_AF_Arch_Sulfolobus_islandicus_YN1551_gene7810979.pdb
-0.130624 -0.531088  0.837188     4.107692
-0.614542 -0.619261 -0.488727     1.662687
 0.777994 -0.578327 -0.245485     3.373270
>../../../../class2/gly1//data/domains/Catalytic_domain/structures/GlyRS-A_AF_Arch_Thermoplasma_acidophilum_DSM_1728_gene1455843.pdb
 0.966549 -0.254295  0.033426     2.776533
 0.245201  0.954382  0.170388     2.670890
-0.075230 -0.156493  0.984810     2.386716
>../../../../class2/gly1//data/domains/Catalytic_domain/structures/GlyRS-A_AF_Bact_Capnocytophaga_ochracea_DSM_7271_gene29675716.pdb
 0.268584 -0.386559  0.882289     1.456649
-0.349330 -0.892679 -0.284769     2.564646
 0.897681 -0.231725 -0.374796     2.945541
>../../../../class2/gly1//data/domains/Catalytic_domain/structures/GlyRS-A_AF_Bact_Corynebacterium_ulcerans_809_gene75260805.pdb
-0.107514 -0.695477 -0.710459     4.302188
 0.862566 -0.420603  0.281201     3.413370
-0.494390 -0.582584  0.645116     6.602200
>../../../../class2/gly1//data/domains/Catalytic_domain/structures/GlyRS-A_AF_Bact_Treponema_denticola_ATCC_35405_gene2741635.pdb
-0.581136 -0.813709  0.012621     2.054624
-0.807316  0.574477 -0.134972     4.459566
 0.102577 -0.088626 -0.990769     5.946275
>../../../../class2/gly1//data/domains/Catalytic_domain/structures/GlyRS-A_PDB_Bact_T_thermophilus_1ati.pdb
-0.884099 -0.115462  0.452812    14.801039
 0.463529 -0.339542  0.818445   -23.559655
 0.059249  0.933477  0.353708   -43.158094
>../../../../class2/pro1//data/domains/Catalytic_domain/structures/ProRS-A_AF_Arch_Candidatus_Nitrosopumilus_sediminis_gene13697692.pdb
-0.400313 -0.860642  0.314716     0.016298
-0.843896  0.212359 -0.492691     0.630465
 0.357197 -0.462817 -0.811302     1.452169
>../../../../class2/pro1//data/domains/Catalytic_domain/structures/ProRS-A_AF_Arch_Halogeometricum_borinquense_DSM_11551_gene9994169.pdb
 0.854816  0.518329  0.024998     0.066668
-0.420962  0.720798 -0.550673     0.646784
-0.303448  0.460201  0.834347     2.243764
>../../../../class2/pro1//data/domains/Catalytic_domain/structures/ProRS-A_AF_Arch_Picrophilus_torridus_DSM_9790_gene2845069.pdb
 0.599071  0.796650 -0.080394     1.976393
-0.524902  0.314919 -0.790762     1.710911
-0.604642  0.515921  0.606822     2.178269
>../../../../class2/pro1//data/domains/Catalytic_domain/structures/ProRS-A_AF_Arch_Sulfurisphaera_tokodaii_str_7_gene1459472.pdb
-0.027067 -0.608934  0.792759     0.626018
-0.619681 -0.612064 -0.491297     0.851972
 0.784387 -0.504555 -0.360778     1.543748
>../../../../class2/pro1//data/domains/Catalytic_domain/structures/ProRS-A_AF_Bact_Bacillus_anthracis_str_Ames_Ancestor_gene45020455.pdb
 0.355162 -0.390213 -0.849467     0.811915
 0.857091 -0.226824  0.462544     1.055310
-0.373170 -0.892348  0.253888     2.093555
>../../../../class2/pro1//data/domains/Catalytic_domain/structures/ProRS-A_AF_Bact_Mycoplasma_hyopneumoniae_168-L_gene57101275.pdb
 1.000000  0.000000  0.000000     0.000000
 0.000000  1.000000  0.000000     0.000000
 0.000000  0.000000  1.000000     0.000000
>../../../../class2/pro1//data/domains/Catalytic_domain/structures/ProRS-A_AF_Bact_Porphyromonas_gingivalis_ATCC_33277_gene29256199.pdb
 0.795312  0.604514  0.045190     0.650263
-0.481917  0.675720 -0.557816     1.527336
-0.367743  0.421860  0.828734     0.789013
>../../../../class2/pro1//data/domains/Catalytic_domain/structures/ProRS-A_AF_Bact_Thermus_thermophilus_HB8_gene3169620.pdb
 0.958234  0.277987  0.067164     0.781229
-0.255487  0.937633 -0.235735     0.274925
-0.128507  0.208730  0.969494     0.584461
>../../../../class2/pro1//data/domains/Catalytic_domain/structures/ProRS-A_AF_Euk_Cryptococcus_gattii_WM276_gene10188341.pdb
 0.953687  0.271673 -0.129132    -0.088657
-0.300531  0.878760 -0.370759    -2.435387
 0.012751  0.392396  0.919708     1.226805
>../../../../class2/pro1//data/domains/Catalytic_domain/structures/ProRS-A_AF_Euk_Ostreococcus_tauri_gene9837972.pdb
 0.995610 -0.093317 -0.007261     5.099261
 0.092230  0.991315 -0.093741    -3.302842
 0.015946  0.092660  0.995570     4.166966
>../../../../class2/pro1//data/domains/Catalytic_domain/structures/ProRS-A_AF_Euk_Plasmodium_yoelii_gene3807174.pdb
 0.200273 -0.671984 -0.712971    -1.283055
 0.785278 -0.325054  0.526952     2.976662
-0.585857 -0.665415  0.462595     3.421712
>../../../../class2/pro1//data/domains/Catalytic_domain/structures/ProRS-A_AF_Euk_Scheffersomyces_stipitis_CBS_6054_gene4840393.pdb
 0.773668  0.606233 -0.184175     0.259419
-0.526032  0.452563 -0.720054    -3.168423
-0.353170  0.653964  0.669031    -1.602703
>../../../../class2/pro1//data/domains/Catalytic_domain/structures/ProRS-A_AF_Mito_Oryza_sativa_Japonica_Group_gene4342480.pdb
 0.987403  0.157895 -0.010239     4.276923
-0.152690  0.933885 -0.323333    -4.224629
-0.041491  0.320823  0.946230     2.969906
>../../../../class2/pro1//data/domains/Catalytic_domain/structures/ProRS-A_PDB_Arch_M_janacshii_1nj8.pdb
 0.635731  0.770730 -0.042677   -94.879303
 0.746392 -0.627872 -0.220626   -32.652037
-0.196839  0.108405 -0.974424    56.043739
