>structures/PheRS-Bα_AF_Bact_Brachyspira_pilosicoli_95_1000_gene56440383.pdb
-0.903014 -0.384223 -0.192192     4.324675
-0.393646  0.560822  0.728369    -3.468061
-0.172071  0.733384 -0.657678     0.503970
>structures/PheRS-Bα_AF_Bact_Chlamydia_psittaci_6BC_gene12243227.pdb
-0.836097  0.346276  0.425481     1.625217
 0.385038 -0.182032  0.904771    -2.126044
 0.390752  0.920303  0.018867    -1.362835
>structures/PheRS-Bα_AF_Bact_Ferrimonas_balearica_DSM_9799_gene67181906.pdb
 1.000000  0.000000  0.000000     0.000000
 0.000000  1.000000  0.000000     0.000000
 0.000000  0.000000  1.000000     0.000000
>structures/PheRS-Bα_AF_Bact_Mycobacterium_intracellulare_ATCC_13950_gene11909689.pdb
 0.388228 -0.294586 -0.873212    -3.998476
 0.691690 -0.532985  0.487331     6.282015
-0.608970 -0.793187 -0.003158     0.320719
>structures/PheRS-Bα_AF_Bact_Mycoplasma_capricolum_subsp_capricolum_ATCC_27343_gene23778662.pdb
 0.958981  0.228903 -0.167208     1.220405
-0.272084  0.908773 -0.316389    -2.744694
 0.079532  0.348906  0.933777     1.618475
>structures/PheRS-Bα_AF_Bact_Porphyromonas_gingivalis_ATCC_33277_gene29256875.pdb
-0.942688  0.213897 -0.256102     6.071610
-0.138339  0.447914  0.883309    -0.968630
 0.303649  0.868113 -0.392653    -1.338393
>structures/PheRS-Bα_AF_Bact_Prochlorococcus_marinus_subsp_marinus_str_CCMP1375_gene54200681.pdb
 0.274817  0.411045 -0.869205    -5.911876
-0.507124 -0.706081 -0.494241     3.367606
-0.816885  0.576621  0.014407    -0.264622
>structures/PheRS-Bα_AF_Bact_Staphylococcus_argenteus_gene66839332.pdb
 0.524392  0.637899 -0.564001    -2.613305
-0.740816  0.015256 -0.671534    -3.010486
-0.419767  0.769969  0.480567    -2.738929
>structures/PheRS-Bα_PDB_Bact.A_E_coli_3PCO.pdb
 0.558755 -0.362364 -0.745979    61.585933
-0.765514 -0.571373 -0.295840    -2.536575
-0.319031  0.736360 -0.596652    26.968550
>structures/PheRS-Bα_PDB_Bact.A_T_thermophilus_1PYS.pdb
-0.287700  0.631981  0.719603   -33.698861
-0.036427  0.743606 -0.667625   -31.331502
-0.957028 -0.218288 -0.190914    29.045055
