>../../../../class2/his//data/domains/Catalytic_domain/structures/HisRS_AF_Arch_Candidatus_Methanomassiliicoccus_intestinalis_Issoire-Mx1_gene16154026.pdb
-0.101040  0.370275  0.923411    -5.724941
 0.380979 -0.843010  0.379723     4.409391
 0.919046  0.390168 -0.055889    -0.369581
>../../../../class2/his//data/domains/Catalytic_domain/structures/HisRS_AF_Arch_Candidatus_Nitrosopumilus_koreensis_AR1_gene13725657.pdb
-0.065436  0.338084 -0.938838    -5.417151
-0.213891 -0.923739 -0.317738     4.112278
-0.974663  0.180018  0.132759    -3.893489
>../../../../class2/his//data/domains/Catalytic_domain/structures/HisRS_AF_Arch_Desulfurococcus_amylolyticus_1221n_gene7171287.pdb
 0.927271  0.374380 -0.002897    -4.101618
-0.367764  0.909380 -0.194364     1.619709
-0.070132  0.181294  0.980925    -4.825728
>../../../../class2/his//data/domains/Catalytic_domain/structures/HisRS_AF_Arch_Methanoregula_formicica_SMSP_gene14310605.pdb
 0.056514  0.047774  0.997258    -3.346659
 0.023694 -0.998637  0.046497     3.169629
 0.998121  0.021002 -0.057569     0.263277
>../../../../class2/his//data/domains/Catalytic_domain/structures/HisRS_AF_Bact_Chlamydia_muridarum_str_Nigg_gene1246198.pdb
 0.301586 -0.037811 -0.952689    -6.873813
 0.342648 -0.928159  0.145307     2.154172
-0.889741 -0.370259 -0.266963    -3.418519
>../../../../class2/his//data/domains/Catalytic_domain/structures/HisRS_AF_Bact_Lacticaseibacillus_paracasei_gene61269730.pdb
 0.328417  0.767355 -0.550734    -6.060691
-0.647506 -0.241598 -0.722750    -2.052441
-0.687662  0.593967  0.417522    -5.492484
>../../../../class2/his//data/domains/Catalytic_domain/structures/HisRS_AF_Bact_Paracoccus_denitrificans_PD1222_gene75501415.pdb
 0.969615  0.241862  0.036738    -5.357705
-0.244494  0.952945  0.179217     3.863216
 0.008337 -0.182754  0.983123    -3.831801
>../../../../class2/his//data/domains/Catalytic_domain/structures/HisRS_AF_Bact_Prochlorococcus_marinus_subsp_marinus_str_CCMP1375_gene54200127.pdb
 1.000000  0.000000  0.000000     0.000000
 0.000000  1.000000  0.000000     0.000000
 0.000000  0.000000  1.000000     0.000000
>../../../../class2/his//data/domains/Catalytic_domain/structures/HisRS_AF_Bact_Streptobacillus_moniliformis_DSM_12112_gene29674169.pdb
 0.321697  0.704401 -0.632716    -5.705989
-0.630195 -0.339437 -0.698310    -0.927114
-0.706657  0.623379  0.334715    -7.482091
>../../../../class2/his//data/domains/Catalytic_domain/structures/HisRS_AF_Bact_Streptomyces_albidoflavus_gene15149169.pdb
 0.217719  0.814082 -0.538394    -5.265987
-0.380002 -0.437397 -0.815036     2.192040
-0.898998  0.382040  0.214123    -2.338234
>../../../../class2/his//data/domains/Catalytic_domain/structures/HisRS_AF_Bact_Thermus_thermophilus_HB8_gene3168691.pdb
 0.410410  0.738346 -0.535172    -6.602819
-0.759594 -0.047922 -0.648629    -1.650505
-0.504560  0.672717  0.541175    -4.647516
>../../../../class2/his//data/domains/Catalytic_domain/structures/HisRS_AF_Bact_Treponema_denticola_ATCC_35405_gene2741405.pdb
 0.179195 -0.662436 -0.727371    -5.394395
 0.758586 -0.377741  0.530904     1.659548
-0.626448 -0.646908  0.434825    -1.048335
>../../../../class2/his//data/domains/Catalytic_domain/structures/HisRS_AF_Euk_Arabidopsis_thaliana_gene823753.pdb
 0.145425  0.834189 -0.531959    -5.063103
-0.444243 -0.425369 -0.788486     2.514219
-0.884025  0.350985  0.308723    -3.409930
>../../../../class2/his//data/domains/Catalytic_domain/structures/HisRS_AF_Euk_Cryptococcus_gattii_WM276_gene10186972.pdb
-0.956409 -0.286302  0.057564    -4.358152
-0.266780  0.936747  0.226568     1.754850
-0.118790  0.201334 -0.972293    -3.916258
>../../../../class2/his//data/domains/Catalytic_domain/structures/HisRS_AF_Euk_Plasmodium_falciparum_3D7_gene812010.pdb
-0.450746  0.320299 -0.833209    -7.976802
-0.673469 -0.734663  0.081914    16.110617
-0.585891  0.598062  0.546858     2.515284
>../../../../class2/his//data/domains/Catalytic_domain/structures/HisRS_AF_Euk_Platysiphonia_delicata_gene33353157.pdb
 0.327487  0.749539 -0.575277    -5.437483
-0.631169 -0.279540 -0.723522    -3.026907
-0.703121  0.600041  0.381540    -7.531639
>../../../../class2/his//data/domains/Catalytic_domain/structures/HisRS_PDB_Arch_T_acidophilum_1WU7.pdb
-0.904066 -0.389002 -0.177036    34.733386
-0.274296  0.210444  0.938336   -71.366322
-0.327758  0.896879 -0.296957   -21.677457
>../../../../class2/his//data/domains/Catalytic_domain/structures/HisRS_PDB_Bact_B_thailandensis_4e51.pdb
 0.197493  0.409849  0.890517   -46.800867
 0.963705 -0.247630 -0.099756     1.841662
 0.179634  0.877897 -0.443879    15.846521
>../../../../class2/his//data/domains/Catalytic_domain/structures/HisRS_PDB_Bact_E_coli_1HTT.pdb
-0.307486  0.183865 -0.933620    10.155501
 0.915694 -0.209636 -0.342868    26.799918
-0.258762 -0.960337 -0.103904    11.131171
>../../../../class2/pro2//data/domains/Catalytic_domain/structures/ProRS-B_AF_Bact_Acinetobacter_baylyi_ADP1_gene45233245.pdb
 0.840001  0.542318 -0.017023    -6.782365
-0.460115  0.695346 -0.552077     7.364537
-0.287565  0.471577  0.833620   -10.261631
>../../../../class2/pro2//data/domains/Catalytic_domain/structures/ProRS-B_AF_Bact_Brachyspira_pilosicoli_95_1000_gene56438966.pdb
 0.886800 -0.355291 -0.295557    -6.803753
 0.451683  0.801661  0.391564     6.359130
 0.097818 -0.480737  0.871392    -8.976242
>../../../../class2/pro2//data/domains/Catalytic_domain/structures/ProRS-B_AF_Bact_Chlamydia_psittaci_6BC_gene12242703.pdb
-0.833088  0.508591  0.217483    -8.222167
 0.511945  0.560056  0.651344     3.046076
 0.209465  0.653967 -0.726947   -12.465613
>../../../../class2/pro2//data/domains/Catalytic_domain/structures/ProRS-B_AF_Bact_Clostridium_acetobutylicum_DSM_1731_gene44999665.pdb
 0.913173  0.401738 -0.068719    -6.828909
-0.394580  0.829173 -0.395953     6.252690
-0.102089  0.388689  0.915696    -9.640989
>../../../../class2/pro2//data/domains/Catalytic_domain/structures/ProRS-B_AF_Bact_Corynebacterium_ulcerans_809_gene75260584.pdb
-0.636467  0.227895  0.736867    -7.211304
 0.653953 -0.347112  0.672204     5.455957
 0.408968  0.909712  0.071893   -11.152100
>../../../../class2/pro2//data/domains/Catalytic_domain/structures/ProRS-B_AF_Bact_Prochlorococcus_marinus_subsp_marinus_str_CCMP1375_gene54199876.pdb
 0.886341  0.447453 -0.119103    -6.729289
-0.436466  0.721499 -0.537528     7.246336
-0.154586  0.528418  0.834792   -11.152143
>../../../../class2/pro2//data/domains/Catalytic_domain/structures/ProRS-B_AF_Bact_Streptobacillus_moniliformis_DSM_12112_gene29673723.pdb
 0.564532  0.738096 -0.369484    -7.059670
-0.536181 -0.012407 -0.844012     6.371883
-0.627546  0.674582  0.388749    -8.618007
>../../../../class2/pro2//data/domains/Catalytic_domain/structures/ProRS-B_PDB_Bact_S_aureus_5znj.pdb
 0.628732  0.527619  0.571239   -20.756832
-0.489039  0.839428 -0.237070    12.403455
-0.604596 -0.130304  0.785801   -24.689990
>../../../../class2/pro2//data/domains/Catalytic_domain/structures/ProRS_PDB_Bact_E_faecalis_2J3M.pdb
 0.475847  0.878612  0.040134   -11.342342
-0.468689  0.291921 -0.833734    33.019714
-0.744245  0.377919  0.550705     9.125044
