>../../../../class2/ala//data/domains/Catalytic_domain/structures/AlaRS_AF_Arch_Candidatus_Korarchaeum_cryptofilum_OPF8_gene6094822.pdb
 0.420939  0.837735  0.347865    -3.215508
-0.901831  0.427733  0.061201    -2.132940
-0.097523 -0.339478  0.935545    -0.221978
>../../../../class2/ala//data/domains/Catalytic_domain/structures/AlaRS_AF_Arch_Candidatus_Nitrosopumilus_koreensis_AR1_gene13725795.pdb
-0.828160 -0.532173 -0.175905    -3.893452
-0.208172  0.000656  0.978092     2.140115
-0.520399  0.846635 -0.111327    -4.612410
>../../../../class2/ala//data/domains/Catalytic_domain/structures/AlaRS_AF_Arch_Sulfolobus_islandicus_YG5714_gene7807284.pdb
 1.000000  0.000000  0.000000     0.000000
 0.000000  1.000000  0.000000     0.000000
 0.000000  0.000000  1.000000     0.000000
>../../../../class2/ala//data/domains/Catalytic_domain/structures/AlaRS_AF_Arch_Thermoplasma_acidophilum_DSM_1728_gene1456391.pdb
-0.820294 -0.536100 -0.199286    -3.564650
-0.232826 -0.005262  0.972504     0.476415
-0.522408  0.844138 -0.120502    -3.583424
>../../../../class2/ala//data/domains/Catalytic_domain/structures/AlaRS_AF_Bact_Brucella_melitensis_bv_1_str_16M_gene29593597.pdb
-0.452598 -0.829855  0.326337   -11.480940
-0.170428  0.439721  0.881816     0.200982
-0.875277  0.343491 -0.340447    -8.239718
>../../../../class2/ala//data/domains/Catalytic_domain/structures/AlaRS_AF_Bact_Chlamydia_psittaci_6BC_gene12242512.pdb
 0.195142  0.510223 -0.837611    -8.425438
 0.372822 -0.828510 -0.417821     1.114170
-0.907151 -0.230746 -0.351899    -3.186717
>../../../../class2/ala//data/domains/Catalytic_domain/structures/AlaRS_AF_Bact_Lactobacillus_acidophilus_La-14_gene56942022.pdb
 0.358231 -0.520002 -0.775415    -9.456878
 0.917077  0.040271  0.396671     7.187511
-0.175043 -0.853215  0.491308     2.554807
>../../../../class2/ala//data/domains/Catalytic_domain/structures/AlaRS_AF_Bact_Nocardia_farcinica_IFM_10152_gene61134339.pdb
 0.211116  0.010168 -0.977408    -9.326092
 0.815510 -0.553092  0.170393     1.776837
-0.538864 -0.833058 -0.125058    -1.682076
>../../../../class2/ala//data/domains/Catalytic_domain/structures/AlaRS_AF_Bact_Porphyromonas_gingivalis_ATCC_33277_gene29256567.pdb
 0.171294  0.399190 -0.900725    -7.098371
 0.502572 -0.821747 -0.268613     1.762521
-0.847396 -0.406667 -0.341382    -2.305421
>../../../../class2/ala//data/domains/Catalytic_domain/structures/AlaRS_AF_Bact_Prochlorococcus_marinus_subsp_marinus_str_CCMP1375_gene54199407.pdb
-0.351067  0.620898  0.700884   -10.091613
 0.770648 -0.233561  0.592918     0.321581
 0.531840  0.748288 -0.396498    -0.818670
>../../../../class2/ala//data/domains/Catalytic_domain/structures/AlaRS_AF_Bact_Streptobacillus_moniliformis_DSM_12112_gene29672963.pdb
 0.248586  0.518811 -0.817949   -10.639206
 0.198594 -0.853816 -0.481205     2.050823
-0.948032 -0.042819 -0.315280     0.924599
>../../../../class2/ala//data/domains/Catalytic_domain/structures/AlaRS_AF_Bact_Treponema_pallidum_subsp_pertenue_str_SamoaD_gene57879528.pdb
 0.888843  0.344846 -0.301726     1.956279
-0.457177  0.623216 -0.634500    10.035360
-0.030764  0.701914  0.711597    -2.450229
>../../../../class2/ala//data/domains/Catalytic_domain/structures/AlaRS_AF_Euk_Cyanidioschyzon_merolae_strain_10D_gene16993235.pdb
 0.995626  0.093317 -0.004554    -5.753175
-0.085248  0.887424 -0.453003    -2.492530
-0.038231  0.451410  0.891497     4.724712
>../../../../class2/ala//data/domains/Catalytic_domain/structures/AlaRS_AF_Euk_Marasmius_oreades_gene66078979.pdb
-0.698878 -0.695677 -0.166142    -7.188331
-0.218240 -0.013796  0.975798     0.254342
-0.681132  0.718222 -0.142183     2.140269
>../../../../class2/ala//data/domains/Catalytic_domain/structures/AlaRS_AF_Euk_Plasmodium_berghei_ANKA_gene55150801.pdb
-0.022034 -0.136983 -0.990328   -10.106879
 0.635962 -0.766236  0.091837     4.800683
-0.771406 -0.627788  0.103999    -1.619183
>../../../../class2/ala//data/domains/Catalytic_domain/structures/AlaRS_AF_Euk_Saccharomyces_cerevisiae_S288C_gene854513.pdb
-0.960452 -0.215316 -0.176552    -3.830020
-0.216971  0.181333  0.959188    -1.575269
-0.174514  0.959561 -0.220879    -1.313974
>../../../../class2/ala//data/domains/Catalytic_domain/structures/AlaRS_PDB_Bact_E_coli_3HXV.pdb
 0.627403  0.747384  0.218594   -41.157881
-0.320786 -0.007724  0.947120    -1.610520
 0.709550 -0.664348  0.234905     1.233961
>../../../../class2/asp2//data/domains/Catalytic_domain/structures/AspRS-E_AF_Euk_Caenorhabditis_elegans_gene176334.pdb
 0.867170  0.487393 -0.102296     3.198868
-0.139228  0.434481  0.889855    22.978231
 0.478155 -0.757413  0.444627    -9.528637
>../../../../class2/asp2//data/domains/Catalytic_domain/structures/AspRS-E_AF_Euk_Cryptococcus_neoformans_var_neoformans_JEC21_gene3258977.pdb
 0.501649 -0.864404 -0.033987    -2.421099
-0.704625 -0.431083  0.563623    16.077987
-0.501849 -0.258793 -0.825333    -0.788008
>../../../../class2/asp2//data/domains/Catalytic_domain/structures/AspRS-E_AF_Euk_Thalassiosira_pseudonana_CCMP1335_gene7443135.pdb
 0.908201  0.417800 -0.024767     5.226307
-0.127755  0.333089  0.934200    22.080238
 0.398559 -0.845278  0.355888    -9.816582
>../../../../class2/asp2//data/domains/Catalytic_domain/structures/AspRS-E_AF_Euk_Theileria_orientalis_strain_Shintoku_gene20715543.pdb
 0.806475  0.550184 -0.216554     2.259344
-0.155136  0.550320  0.820415    23.392276
 0.570554 -0.628048  0.529172    -9.702663
>../../../../class2/asp2//data/domains/Catalytic_domain/structures/AspRS-E_PDB_Euk_S_cerevisiae_1EOV.pdb
 0.006039 -0.368605  0.929567   -39.877550
 0.962993  0.252634  0.093921    16.322854
-0.269460  0.894598  0.356490   -41.740809
>../../../../class2/asp2//data/domains/Catalytic_domain/structures/AsxRS_AF_Arch_Candidatus_Korarchaeum_cryptofilum_OPF8_gene6094477.pdb
 0.978817  0.118551  0.166924     7.603491
-0.147000 -0.160563  0.976018    20.493002
 0.142510 -0.979880 -0.139735   -10.227615
>../../../../class2/asp2//data/domains/Catalytic_domain/structures/AsxRS_AF_Arch_Candidatus_Methanomassiliicoccus_intestinalis_Issoire-Mx1_gene16154831.pdb
 0.988698 -0.039560  0.144608     6.138481
-0.149858 -0.232651  0.960945    21.475591
-0.004372 -0.971755 -0.235950   -10.226582
>../../../../class2/asp2//data/domains/Catalytic_domain/structures/AsxRS_AF_Arch_Candidatus_Nitrosopumilus_koreensis_AR1_gene13725312.pdb
 0.821922 -0.559749 -0.105474    11.227084
-0.233283 -0.499732  0.834174    23.395024
-0.519637 -0.661021 -0.541321   -12.332616
>../../../../class2/asp2//data/domains/Catalytic_domain/structures/AsxRS_AF_Arch_Methanobacterium_lacus_gene10277817.pdb
 0.379615 -0.774190 -0.506480     9.235333
-0.510322 -0.631870  0.583363    23.113049
-0.771663  0.037014 -0.634953   -15.083323
>../../../../class2/asp2//data/domains/Catalytic_domain/structures/AsxRS_AF_Bact_Clostridium_acetobutylicum_DSM_1731_gene45000055.pdb
 0.854533  0.516878 -0.051089     5.220342
-0.180379  0.387567  0.904022    20.951987
 0.487070 -0.763301  0.424422    -9.775259
>../../../../class2/asp2//data/domains/Catalytic_domain/structures/AsxRS_AF_Bact_Spirochaetes_bacterium_GWE1_32_154_proteinOHD39701.1.pdb
 0.641315 -0.674312 -0.366085     7.519188
-0.439449 -0.713917  0.545167    21.815953
-0.628967 -0.188748 -0.754172   -10.061925
>../../../../class2/asp2//data/domains/Catalytic_domain/structures/AsxRS_AF_Bact_Tropheryma_whipplei_TW08_27_gene67388547.pdb
 0.270711 -0.012905  0.962574     6.714641
 0.947354  0.181174 -0.264002    21.702803
-0.170986  0.983366  0.061271   -10.096670
>../../../../class2/asp2//data/domains/Catalytic_domain/structures/AsxRS_PDB_Arch_T_kodarensis_1b8a.pdb
-0.163159 -0.737127  0.655761    -1.156545
 0.161492 -0.675657 -0.719311    47.629004
 0.973293 -0.011462  0.229280   -50.504592
>../../../../class2/asp2//data/domains/Catalytic_domain/structures/AsxRS_PDB_Bact_T_thermophilus_1n9w.pdb
 0.163633 -0.981782  0.096578    -8.420804
-0.021767 -0.101467 -0.994601    85.175085
 0.986281  0.160647 -0.037974   -42.117394
