>../../../../class2/gly1//data/domains/Catalytic_domain/structures/GlyRS-A_AF_Arch_Candidatus_Nitrosopumilus_sediminis_gene13697160.pdb
-0.961152  0.242451  0.131929    -0.440625
 0.250317  0.967048  0.046472     0.600708
-0.116315  0.077690 -0.990169     1.190367
>../../../../class2/gly1//data/domains/Catalytic_domain/structures/GlyRS-A_AF_Arch_Candidatus_Woesearchaeota_archaeon_proteinMBT4248212.1.pdb
-0.223277 -0.688218  0.690293     1.168419
-0.168220 -0.670339 -0.722736     1.796722
 0.960130 -0.277491  0.033899     0.802679
>../../../../class2/gly1//data/domains/Catalytic_domain/structures/GlyRS-A_AF_Arch_Sulfolobus_islandicus_YN1551_gene7810979.pdb
 0.159328  0.189091 -0.968948    -1.820139
-0.641251 -0.726420 -0.247205    -0.260114
-0.750607  0.660725  0.005516    -0.362108
>../../../../class2/gly1//data/domains/Catalytic_domain/structures/GlyRS-A_AF_Arch_Thermoplasma_acidophilum_DSM_1728_gene1455843.pdb
-0.851220  0.446377  0.275993    -0.458840
 0.497144  0.854332  0.151542     0.246722
-0.168145  0.266204 -0.949138     1.157270
>../../../../class2/gly1//data/domains/Catalytic_domain/structures/GlyRS-A_AF_Bact_Capnocytophaga_ochracea_DSM_7271_gene29675716.pdb
-0.093781  0.080375 -0.992343     1.098041
-0.293099 -0.954793 -0.049634    -0.130907
-0.951472  0.286200  0.113099     0.995241
>../../../../class2/gly1//data/domains/Catalytic_domain/structures/GlyRS-A_AF_Bact_Corynebacterium_ulcerans_809_gene75260805.pdb
 0.187214  0.384272  0.904039    -0.631970
 0.818790 -0.569495  0.072510     1.219875
 0.542710  0.726643 -0.421256    -3.250219
>../../../../class2/gly1//data/domains/Catalytic_domain/structures/GlyRS-A_AF_Bact_Treponema_denticola_ATCC_35405_gene2741635.pdb
 0.365255  0.879500 -0.305072     1.549868
-0.930770  0.350655 -0.103478     1.706609
 0.015966  0.321748  0.946691    -2.047964
>../../../../class2/gly1//data/domains/Catalytic_domain/structures/GlyRS-A_PDB_Bact_T_thermophilus_1ati.pdb
 0.958532  0.258747 -0.119444   -30.065674
 0.214476 -0.378974  0.900210   -20.766078
 0.187661 -0.888498 -0.418754    40.900106
>../../../../class2/lys//data/domains/Catalytic_domain/structures/LysRS-II_AF_Arch_Aciduliprofundum_boonei_T469_gene8827564.pdb
-0.010720 -0.450249  0.892839     4.275560
-0.498402 -0.771667 -0.395128     6.695120
 0.866880 -0.449229 -0.216133    -2.260308
>../../../../class2/lys//data/domains/Catalytic_domain/structures/LysRS-II_AF_Arch_Archaeoglobus_sulfaticallidus_PM70-1_gene15393615.pdb
-0.681304 -0.683398  0.262281     3.830259
-0.681686  0.461801 -0.567489     0.019132
 0.266700 -0.565426 -0.780490    -1.620945
>../../../../class2/lys//data/domains/Catalytic_domain/structures/LysRS-II_AF_Arch_Candidatus_Woesearchaeota_archaeon_proteinMBS3172198.1.pdb
-0.993618 -0.047377  0.102365     4.124502
-0.056376  0.994622 -0.086886     2.463138
-0.097698 -0.092102 -0.990945    -0.840444
>../../../../class2/lys//data/domains/Catalytic_domain/structures/LysRS-II_AF_Arch_Thermogladius_calderae_1633_gene13013549.pdb
 0.122798 -0.006966  0.992407     2.231101
 0.032074 -0.999425 -0.010984     6.341246
 0.991913  0.033179 -0.122504    -2.068154
>../../../../class2/lys//data/domains/Catalytic_domain/structures/LysRS-II_AF_Bact_Chlamydia_muridarum_str_Nigg_gene1245697.pdb
 0.166144  0.029944  0.985647     3.250729
 0.019821 -0.999438  0.027022     6.745749
 0.985902  0.015047 -0.166644    -3.584836
>../../../../class2/lys//data/domains/Catalytic_domain/structures/LysRS-II_AF_Bact_Cupriavidus_taiwanensis_LMG_19424_gene29762375.pdb
-0.727866 -0.655960  0.199820     1.276205
-0.642447  0.550460 -0.533156    -1.842023
 0.239736 -0.516440 -0.822080    -1.057161
>../../../../class2/lys//data/domains/Catalytic_domain/structures/LysRS-II_AF_Bact_Leuconostoc_gelidum_JB7_gene61037106.pdb
-0.629300 -0.771922  0.090099     1.472837
-0.686768  0.498088 -0.529394     4.404575
 0.363773 -0.395025 -0.843578    -1.194405
>../../../../class2/lys//data/domains/Catalytic_domain/structures/LysRS-II_AF_Bact_Mycobacterium_intracellulare_ATCC_13950_gene11907187.pdb
-0.620896 -0.733125  0.277516     2.324612
-0.689221  0.341898 -0.638811    -1.430106
 0.373447 -0.587905 -0.717569    -0.305115
>../../../../class2/lys//data/domains/Catalytic_domain/structures/LysRS-II_AF_Bact_Mycoplasma_hyopneumoniae_168-L_gene57101062.pdb
-0.628636 -0.766325  0.132527     2.442632
-0.718422  0.506971 -0.476288     6.237007
 0.297804 -0.394622 -0.869245    -0.739997
>../../../../class2/lys//data/domains/Catalytic_domain/structures/LysRS-II_AF_Bact_Porphyromonas_gingivalis_ATCC_33277_gene29256363.pdb
-0.115586 -0.567245  0.815397     5.407044
-0.334806 -0.750613 -0.569637     7.690981
 0.935171 -0.338842 -0.103156    -1.918120
>../../../../class2/lys//data/domains/Catalytic_domain/structures/LysRS-II_AF_Bact_Prochlorococcus_marinus_subsp_marinus_str_CCMP1375_gene54201108.pdb
-0.504994 -0.832269  0.228712     1.670152
-0.695915  0.235862 -0.678285     5.449654
 0.510572 -0.501694 -0.698298    -1.838191
>../../../../class2/lys//data/domains/Catalytic_domain/structures/LysRS-II_AF_Bact_Streptobacillus_moniliformis_DSM_12112_gene29673899.pdb
-0.438021 -0.787012  0.434453     3.162326
-0.692148 -0.013140 -0.721636    -0.724140
 0.573645 -0.616797 -0.538973     1.255593
>../../../../class2/lys//data/domains/Catalytic_domain/structures/LysRS-II_AF_Euk_Ostreococcus_tauri_gene9837657.pdb
-0.745744 -0.635345  0.200506     3.008847
-0.626705  0.566853 -0.534714    -1.461735
 0.226071 -0.524418 -0.820901    -1.680171
>../../../../class2/lys//data/domains/Catalytic_domain/structures/LysRS-II_AF_Euk_Solanum_lycopersicum_gene778357.pdb
 0.876877  0.444487 -0.183082     1.000579
-0.475885  0.748786 -0.461360     2.757071
-0.067979  0.491681  0.868118    -2.598061
>../../../../class2/lys//data/domains/Catalytic_domain/structures/LysRS-II_AF_Euk_Theileria_annulata_gene3864794.pdb
 1.000000  0.000000  0.000000     0.000000
 0.000000  1.000000  0.000000     0.000000
 0.000000  0.000000  1.000000     0.000000
>../../../../class2/lys//data/domains/Catalytic_domain/structures/LysRS-II_AF_Euk_Zootoca_vivipara_gene118086243.pdb
-0.958417  0.248701  0.139944    -0.925348
 0.284880  0.862592  0.418065     4.903669
-0.016742  0.440548 -0.897573    -3.766570
>../../../../class2/lys//data/domains/Catalytic_domain/structures/LysRS-II_AF_Mito_Malus_domestica_gene103446975.pdb
-0.843249 -0.523649  0.121334     1.074610
-0.510545  0.709643 -0.485541    -1.736458
 0.168149 -0.471378 -0.865753    -1.717471
>../../../../class2/lys//data/domains/Catalytic_domain/structures/LysRS-II_AF_Mito_Scheffersomyces_stipitis_CBS_6054_gene4837999.pdb
-0.754062 -0.652096  0.078495     0.539121
-0.609797  0.650680 -0.452507    -1.694446
 0.244003 -0.389085 -0.888299    -2.234250
>../../../../class2/lys//data/domains/Catalytic_domain/structures/LysRS-II_PDB_Bact_G_stearothermophilus_3E9H.pdb
-0.607713 -0.581210  0.541184   -24.390609
 0.094737  0.623534  0.776035    28.723240
-0.788486  0.522876 -0.323867   102.028507
