>../../../../class2/his//data/domains/Catalytic_domain/structures/HisRS_AF_Arch_Candidatus_Methanomassiliicoccus_intestinalis_Issoire-Mx1_gene16154026.pdb
 0.929432  0.368925 -0.007117    -0.467875
-0.345770  0.864039 -0.365897    -1.131039
-0.128839  0.342537  0.930628    -2.383387
>../../../../class2/his//data/domains/Catalytic_domain/structures/HisRS_AF_Arch_Candidatus_Nitrosopumilus_koreensis_AR1_gene13725657.pdb
-0.980410  0.185791  0.065400    -4.449864
 0.196693  0.940959  0.275513    -1.114224
-0.010351  0.282980 -0.959070    -1.744687
>../../../../class2/his//data/domains/Catalytic_domain/structures/HisRS_AF_Arch_Desulfurococcus_amylolyticus_1221n_gene7171287.pdb
-0.076040  0.219945  0.972544    -5.025979
 0.380311 -0.895236  0.232197     1.487488
 0.921727  0.387526 -0.015574    -0.685225
>../../../../class2/his//data/domains/Catalytic_domain/structures/HisRS_AF_Arch_Methanoregula_formicica_SMSP_gene14310605.pdb
 1.000000  0.000000  0.000000     0.000000
 0.000000  1.000000  0.000000     0.000000
 0.000000  0.000000  1.000000     0.000000
>../../../../class2/his//data/domains/Catalytic_domain/structures/HisRS_AF_Bact_Chlamydia_muridarum_str_Nigg_gene1246198.pdb
-0.861544 -0.401825 -0.310287    -3.853043
-0.352077  0.913231 -0.205065     0.912806
 0.365764 -0.067428 -0.928262    -3.368493
>../../../../class2/his//data/domains/Catalytic_domain/structures/HisRS_AF_Bact_Lacticaseibacillus_paracasei_gene61269730.pdb
-0.673339  0.642508  0.365785    -6.069668
 0.656136  0.291295  0.696156     4.974437
 0.340734  0.708753 -0.617713    -2.558953
>../../../../class2/his//data/domains/Catalytic_domain/structures/HisRS_AF_Bact_Paracoccus_denitrificans_PD1222_gene75501415.pdb
 0.037923 -0.160939  0.986236    -4.186580
 0.281401 -0.945285 -0.165077    -0.749719
 0.958840  0.283788  0.009440    -1.822953
>../../../../class2/his//data/domains/Catalytic_domain/structures/HisRS_AF_Bact_Prochlorococcus_marinus_subsp_marinus_str_CCMP1375_gene54200127.pdb
 0.056514  0.023694  0.998121    -0.148752
 0.047774 -0.998637  0.021002     3.319664
 0.997258  0.046497 -0.057569     3.205261
>../../../../class2/his//data/domains/Catalytic_domain/structures/HisRS_AF_Bact_Streptobacillus_moniliformis_DSM_12112_gene29674169.pdb
-0.692780  0.663041  0.283608    -7.929688
 0.639451  0.382978  0.666656     3.886928
 0.333404  0.643199 -0.689302    -2.127767
>../../../../class2/his//data/domains/Catalytic_domain/structures/HisRS_AF_Bact_Streptomyces_albidoflavus_gene15149169.pdb
-0.893872  0.416795  0.165149    -2.638710
 0.373844  0.489637  0.787716     0.828499
 0.247453  0.765857 -0.593489    -1.777714
>../../../../class2/his//data/domains/Catalytic_domain/structures/HisRS_AF_Bact_Thermus_thermophilus_HB8_gene3168691.pdb
-0.511520  0.705732  0.490193    -5.071523
 0.758850  0.103397  0.643006     4.596705
 0.403106  0.700893 -0.588434    -3.202221
>../../../../class2/his//data/domains/Catalytic_domain/structures/HisRS_AF_Bact_Treponema_denticola_ATCC_35405_gene2741405.pdb
-0.606506 -0.684471  0.404536    -1.575023
-0.757719  0.343464 -0.554883     1.472922
 0.240857 -0.643064 -0.726950    -2.091332
>../../../../class2/his//data/domains/Catalytic_domain/structures/HisRS_AF_Euk_Arabidopsis_thaliana_gene823753.pdb
-0.885471  0.377614  0.270830    -3.747188
 0.432998  0.458900  0.775837     0.699291
 0.168683  0.804250 -0.569849    -1.620127
>../../../../class2/his//data/domains/Catalytic_domain/structures/HisRS_AF_Euk_Cryptococcus_gattii_WM276_gene10186972.pdb
-0.163730  0.197540 -0.966525    -4.337743
 0.214217 -0.949249 -0.230298     1.329695
-0.962966 -0.244752  0.113104    -0.888447
>../../../../class2/his//data/domains/Catalytic_domain/structures/HisRS_AF_Euk_Plasmodium_falciparum_3D7_gene812010.pdb
-0.628346  0.604500  0.489654     1.993381
 0.643081  0.757810 -0.110321   -13.068135
-0.437754  0.245567 -0.864910    -4.232989
>../../../../class2/his//data/domains/Catalytic_domain/structures/HisRS_AF_Euk_Platysiphonia_delicata_gene33353157.pdb
-0.690647  0.643440  0.330139    -8.202598
 0.638009  0.327161  0.697072     5.815472
 0.340516  0.692062 -0.636474    -1.866366
>../../../../class2/his//data/domains/Catalytic_domain/structures/HisRS_PDB_Arch_T_acidophilum_1WU7.pdb
-0.434404  0.861528 -0.262797   -21.998643
 0.216644 -0.183261 -0.958896    75.154431
-0.874276 -0.473481 -0.107035    37.084765
>../../../../class2/his//data/domains/Catalytic_domain/structures/HisRS_PDB_Bact_B_thailandensis_4e51.pdb
 0.192208  0.895312 -0.401837    13.410095
-0.956441  0.262583  0.127557    -0.050313
 0.219719  0.359816  0.906783   -44.222120
>../../../../class2/his//data/domains/Catalytic_domain/structures/HisRS_PDB_Bact_E_coli_1HTT.pdb
-0.224892 -0.959050 -0.172181    12.993406
-0.937925  0.165185  0.304977   -22.329525
-0.264046  0.230079 -0.936666    13.552911
>../../../../class2/ser1//data/domains/Catalytic_domain/structures/SerRS_AF_Arch_Candidatus_Methanomassiliicoccus_intestinalis_Issoire-Mx1_gene16154337.pdb
-0.810563 -0.101378 -0.576810    -6.569799
-0.063604  0.994316 -0.085379    -3.946217
 0.582187 -0.032518 -0.812404     7.733776
>../../../../class2/ser1//data/domains/Catalytic_domain/structures/SerRS_AF_Arch_Methanospirillum_hungatei_JF-1_gene3924775.pdb
 0.620912  0.548957  0.559567    -8.442378
 0.448738 -0.834225  0.320474     0.859509
 0.642731  0.052113 -0.764318     8.202783
>../../../../class2/ser1//data/domains/Catalytic_domain/structures/SerRS_AF_Arch_Nitrosopumilus_maritimus_SCM1_gene5773574.pdb
-0.452735  0.845031 -0.284523   -11.943592
-0.602446 -0.525146 -0.601066    -3.682066
-0.657336 -0.100714  0.746838     7.258607
>../../../../class2/ser1//data/domains/Catalytic_domain/structures/SerRS_AF_Arch_Thermoproteus_uzoniensis_768-20_gene10361450.pdb
-0.030892  0.997432  0.064614   -10.863446
-0.778488  0.016535 -0.627442    -5.830703
-0.626899 -0.069684  0.775978     5.619329
>../../../../class2/ser1//data/domains/Catalytic_domain/structures/SerRS_AF_Bact_Bifidobacterium_longum_subsp_longum_JCM_1217_gene69578844.pdb
 0.070154 -0.983785  0.165060    -5.166786
-0.729407 -0.163464 -0.664262    -0.323423
 0.680473 -0.073795 -0.729048     7.412855
>../../../../class2/ser1//data/domains/Catalytic_domain/structures/SerRS_AF_Bact_Brucella_suis_1330_gene45051948.pdb
 0.371030  0.916950  0.146761    -9.867715
-0.713051  0.382563 -0.587541    -1.446688
-0.594891  0.113347  0.795774     8.843680
>../../../../class2/ser1//data/domains/Catalytic_domain/structures/SerRS_AF_Bact_Chlamydia_psittaci_6BC_gene12242544.pdb
-0.020717  0.999744 -0.009110    -9.263596
 0.762828  0.021696  0.646237    -2.406161
 0.646269  0.006439 -0.763082     7.260762
>../../../../class2/ser1//data/domains/Catalytic_domain/structures/SerRS_AF_Bact_Clostridium_acetobutylicum_DSM_1731_gene44996495.pdb
-0.310959  0.890282 -0.332719    -9.489506
-0.725453 -0.448500 -0.522079     1.353390
-0.614022  0.079027  0.785323     8.803069
>../../../../class2/ser1//data/domains/Catalytic_domain/structures/SerRS_AF_Bact_Mycoplasma_hyopneumoniae_168-L_gene57101125.pdb
 0.202543  0.850617  0.485208    -7.316352
 0.710443 -0.468645  0.525017    -2.183641
 0.673978  0.238374 -0.699236     9.049342
>../../../../class2/ser1//data/domains/Catalytic_domain/structures/SerRS_AF_Bact_Prochlorococcus_marinus_subsp_marinus_str_CCMP1375_gene54200639.pdb
 0.410702  0.724037  0.554161    -5.460303
-0.632685  0.663955 -0.398590    -6.070069
-0.656532 -0.186908  0.730775     7.650876
>../../../../class2/ser1//data/domains/Catalytic_domain/structures/SerRS_AF_Bact_Streptobacillus_moniliformis_DSM_12112_gene29673293.pdb
 0.231802  0.966508  0.110134   -10.113150
-0.754208  0.250070 -0.607153    -0.601969
-0.614360  0.057675  0.786915     8.568465
>../../../../class2/ser1//data/domains/Catalytic_domain/structures/SerRS_AF_Bact_Treponema_pallidum_subsp_pertenue_str_SamoaD_gene57879171.pdb
 0.529181  0.738980  0.416985    -9.739887
 0.622189 -0.672087  0.401473    -0.410573
 0.576930  0.046991 -0.815441     7.789391
>../../../../class2/ser1//data/domains/Catalytic_domain/structures/SerRS_AF_Euk_Cyanidioschyzon_merolae_strain_10D_gene16995416.pdb
 0.746040 -0.184855  0.639729    -7.824828
-0.116150 -0.982093 -0.148333     1.169663
 0.655693  0.036357 -0.754151     7.599822
>../../../../class2/ser1//data/domains/Catalytic_domain/structures/SerRS_AF_Euk_Thunnus_albacares_gene122982782.pdb
 0.188753 -0.960831  0.202921    -5.312963
-0.735154 -0.275254 -0.619503    -0.249099
 0.651092 -0.032245 -0.758313     9.662899
>../../../../class2/ser1//data/domains/Catalytic_domain/structures/SerRS_AF_Euk_Trichomonas_vaginalis_G3_gene4762654.pdb
 0.155098  0.877134  0.454511    -7.275269
 0.437840 -0.473457  0.764287    -1.141295
 0.885574  0.080464 -0.457477     7.620063
>../../../../class2/ser1//data/domains/Catalytic_domain/structures/SerRS_AF_Euk_Vitis_vinifera_gene100261399.pdb
 0.439321 -0.787716  0.431857    -6.291319
-0.581515 -0.615788 -0.531644     0.585386
 0.684717 -0.017569 -0.728597     7.872378
>../../../../class2/ser1//data/domains/Catalytic_domain/structures/SerRS_AF_Mito_Cervus_elaphus_gene122688911.pdb
 0.500949  0.689357  0.523295    -4.419794
-0.595607  0.713273 -0.369450    -7.386820
-0.627935 -0.126603  0.767899     7.793852
>../../../../class2/ser1//data/domains/Catalytic_domain/structures/SerRS_AF_Mito_Drechmeria_coniospora_gene63718051.pdb
-0.081789  0.960480  0.266063    -6.253386
 0.696202 -0.135967  0.704852    -2.468337
 0.713171  0.242883 -0.657567     9.598795
>../../../../class2/ser1//data/domains/Catalytic_domain/structures/SerRS_PDB_Bact_K_pneumoniae_6h9x.pdb
-0.679384  0.733295  0.026744     8.732177
 0.573292  0.553188 -0.604416    17.143242
-0.458010 -0.395299 -0.796220   -16.477903
>../../../../class2/ser1//data/domains/Catalytic_domain/structures/SerRS_PDB_Bact_T_thermophilus_1ser.pdb
-0.055355 -0.983674  0.171236    49.745620
 0.899321 -0.123626 -0.419451   -87.684348
 0.433772  0.130777  0.891481   -95.972452
>../../../../class2/ser1//data/domains/Catalytic_domain/structures/SerRS_PDB_Mito_B_taurus_1wle.pdb
-0.740478 -0.298195  0.602306    14.174761
 0.667308 -0.432827  0.606103   -77.799831
 0.079957  0.850730  0.519486   -65.798778
