>../../../../class1/glu1//data/domains/Catalytic_domain/structures/GluRS-B_AF_Bact_Chlamydia_psittaci_6BC_gene12242467.pdb
 0.985296  0.112663  0.128445    -7.362354
-0.170645  0.686157  0.707155    -6.106256
-0.008463 -0.718676  0.695294    -0.398012
>../../../../class1/glu1//data/domains/Catalytic_domain/structures/GluRS-B_AF_Bact_[Eubacterium]_eligens_ATCC_27750_gene41357084.pdb
 0.927275 -0.161076 -0.337957    -2.090402
 0.322396  0.802463  0.502110     1.236967
 0.190320 -0.574550  0.796034     0.628048
>../../../../class1/glu1//data/domains/Catalytic_domain/structures/GluRS-B_AF_Bact_Porphyromonas_gingivalis_ATCC_33277_gene29255772.pdb
-0.316388  0.034616  0.947998    -1.479353
 0.402032 -0.900258  0.167048    -0.408872
 0.859226  0.433978  0.270915    -0.557204
>../../../../class1/glu1//data/domains/Catalytic_domain/structures/GluRS-B_AF_Bact_Treponema_pallidum_subsp_pertenue_str_SamoaD_gene57879197.pdb
 0.970223  0.033504 -0.239886     0.277347
 0.057748  0.929830  0.363430    -0.502995
 0.235230 -0.366461  0.900207    -1.843960
>../../../../class1/glu1//data/domains/Catalytic_domain/structures/GluRS-B_AF_Euk_Cryptococcus_neoformans_var_grubii_H99_gene23890400.pdb
-0.183532 -0.109052  0.976946     1.567757
 0.171541 -0.982132 -0.077404     1.262316
 0.967931  0.153380  0.198959    -1.477685
>../../../../class1/glu1//data/domains/Catalytic_domain/structures/GluRS-B_AF_Mito_Drosophila_melanogaster_gene39828.pdb
-0.904904 -0.198463  0.376512    -0.005072
-0.253186  0.962091 -0.101375    -2.708927
-0.342120 -0.187062 -0.920848     2.017226
>../../../../class1/glu1//data/domains/Catalytic_domain/structures/GluRS-B_PDB_Bact_T_therm_1J09.pdb
-0.030122 -0.220644  0.974889     1.864077
 0.237664 -0.948941 -0.207428    19.763160
 0.970880  0.225448  0.081023   -46.821784
>../../../../class1/glu1//data/domains/Catalytic_domain/structures/GlxRS-B_AF_Bact_Bifidobacterium_animalis_subsp_lactis_BLC1_gene66532600.pdb
 1.000000  0.000000  0.000000     0.000000
 0.000000  1.000000  0.000000     0.000000
 0.000000  0.000000  1.000000     0.000000
>../../../../class1/glu1//data/domains/Catalytic_domain/structures/GlxRS-B_AF_Bact_Mycoplasma_hyopneumoniae_168-L_gene57101016.pdb
 0.914536 -0.101988 -0.391436    -2.083651
 0.277151  0.862845  0.422713    -0.443713
 0.294637 -0.495073  0.817369    -0.184823
>../../../../class1/glu1//data/domains/Catalytic_domain/structures/GlxRS-B_AF_Bact_Paracoccus_denitrificans_PD1222_gene75500422.pdb
 0.880641 -0.143433 -0.451551    -2.779337
 0.380085  0.782874  0.492589     1.070550
 0.282854 -0.605422  0.743948     0.132623
>../../../../class1/glu1//data/domains/Catalytic_domain/structures/GlxRS-B_AF_Bact_Prochlorococcus_marinus_subsp_marinus_str_CCMP1375_gene54199839.pdb
-0.356319 -0.607290  0.710095    -1.325146
-0.598758 -0.435021 -0.672492     0.575310
 0.717304 -0.664797 -0.208614     0.234940
>../../../../class1/glu1//data/domains/Catalytic_domain/structures/GlxRS-B_AF_Euk_Arabidopsis_thaliana_gene836526.pdb
-0.912011 -0.327479  0.246968    -1.217738
-0.360298  0.927373 -0.100824    -4.041421
-0.196013 -0.180934 -0.963764    -3.393749
>../../../../class1/glu1//data/domains/Catalytic_domain/structures/GlxRS-B_AF_Euk_Ostreococcus_tauri_proteinOUS48355.1.pdb
-0.955201  0.150143  0.255044    -3.611503
 0.251796  0.865148  0.433726    -0.350573
-0.155530  0.478515 -0.864196    -4.649308
>../../../../class1/glu1//data/domains/Catalytic_domain/structures/GlxRS-B_AF_Euk_Plasmodium_knowlesi_strain_H_gene7321821.pdb
 0.976447  0.084202 -0.198650    -1.494258
-0.008570  0.935113  0.354245    -1.224705
 0.215588 -0.344199  0.913810    -0.899497
>../../../../class1/glu1//data/domains/Catalytic_domain/structures/GlxRS-B_AF_Mito_Cyanidioschyzon_merolae_strain_10D_gene16997617.pdb
-0.959369  0.101928  0.263100    -1.105191
 0.217825  0.860246  0.461009     0.512467
-0.179341  0.499588 -0.847496    -3.570998
>../../../../class1/glu1//data/domains/Catalytic_domain/structures/GlxRS-B_PDB_Bact_S_elong_2CFO.pdb
 0.484711 -0.589173  0.646475   -41.970683
-0.581535 -0.769162 -0.264965     0.409661
 0.653355 -0.247516 -0.715446    30.666056
>../../../../class1/met//data/domains/Catalytic_domain/structures/MetRS_AF_Arch_Aciduliprofundum_boonei_T469_gene8827030.pdb
-0.475488  0.425392  0.770034    -5.520436
-0.272589 -0.903478  0.330790     2.208573
 0.836425 -0.052617  0.545550     2.360144
>../../../../class1/met//data/domains/Catalytic_domain/structures/MetRS_AF_Arch_Candidatus_Korarchaeum_cryptofilum_OPF8_gene6093355.pdb
-0.746675 -0.556713  0.364069    -3.453965
-0.310529  0.775745  0.549355     2.280813
-0.588258  0.297135 -0.752106     5.915994
>../../../../class1/met//data/domains/Catalytic_domain/structures/MetRS_AF_Arch_Candidatus_Nitrosopumilus_sediminis_gene13696902.pdb
 0.124562 -0.114584 -0.985573    -4.975413
 0.984890  0.134724  0.108813     5.153246
 0.120312 -0.984236  0.129634     5.179312
>../../../../class1/met//data/domains/Catalytic_domain/structures/MetRS_AF_Arch_Halalkalicoccus_jeotgali_B3_gene9420443.pdb
-0.495035  0.425658  0.757467    -7.036770
-0.407275 -0.883752  0.230454     4.192839
 0.767508 -0.194414  0.610848     5.104901
>../../../../class1/met//data/domains/Catalytic_domain/structures/MetRS_AF_Bact_Bacillus_anthracis_str_Ames_Ancestor_gene45024892.pdb
 0.872493  0.483042  0.073658    -6.004338
 0.211011 -0.236512 -0.948439     3.677511
-0.440715  0.843050 -0.308282     5.373557
>../../../../class1/met//data/domains/Catalytic_domain/structures/MetRS_AF_Bact_Brucella_suis_1330_gene45052047.pdb
-0.675195 -0.629314  0.384805    -3.586787
-0.412975  0.754752  0.509707     5.971789
-0.611198  0.185237 -0.769496     6.719401
>../../../../class1/met//data/domains/Catalytic_domain/structures/MetRS_AF_Bact_Chlamydia_psittaci_6BC_gene12243105.pdb
 0.046047  0.317873  0.947014    -6.890351
-0.828231 -0.517875  0.214100     8.648877
 0.558492 -0.794205  0.239426     8.254577
>../../../../class1/met//data/domains/Catalytic_domain/structures/MetRS_AF_Bact_Mycoplasma_hyopneumoniae_168-L_gene57101263.pdb
-0.104629  0.135752  0.985203    -6.350273
-0.633423 -0.772811  0.039217     7.313643
 0.766699 -0.619947  0.166847     5.452715
>../../../../class1/met//data/domains/Catalytic_domain/structures/MetRS_AF_Bact_Nocardia_farcinica_IFM_10152_gene61135500.pdb
-0.258558 -0.646706  0.717579    -3.076499
-0.839199  0.518281  0.164712     7.156427
-0.478428 -0.559604 -0.676720     7.469046
>../../../../class1/met//data/domains/Catalytic_domain/structures/MetRS_AF_Bact_Prochlorococcus_marinus_subsp_marinus_str_CCMP1375_gene54200313.pdb
 0.048462  0.375298 -0.925637    -4.289378
 0.893071 -0.431292 -0.128109     6.775736
-0.447298 -0.820451 -0.356069     6.358360
>../../../../class1/met//data/domains/Catalytic_domain/structures/MetRS_AF_Bact_Streptobacillus_moniliformis_DSM_12112_gene29673607.pdb
 0.956105 -0.226482  0.185925    -4.358881
 0.292855  0.760037 -0.580154     6.074415
-0.009916  0.609138  0.793002     3.015904
>../../../../class1/met//data/domains/Catalytic_domain/structures/MetRS_AF_Bact_Treponema_denticola_ATCC_35405_gene2740824.pdb
-0.043122 -0.137065 -0.989623    -2.987907
 0.952380 -0.304912  0.000732     4.389854
-0.301849 -0.942466  0.143686     7.219731
>../../../../class1/met//data/domains/Catalytic_domain/structures/MetRS_AF_Euk_Drosophila_melanogaster_gene37177.pdb
-0.416989  0.747023  0.517761    -9.694171
-0.227855 -0.637376  0.736094    12.803974
 0.879888  0.188969  0.435992     7.478472
>../../../../class1/met//data/domains/Catalytic_domain/structures/MetRS_AF_Euk_Oryza_sativa_Japonica_Group_gene4341140.pdb
-0.798694  0.494304  0.343149   -10.590609
 0.047765 -0.516385  0.855023     8.556921
 0.599839  0.699292  0.388823     4.464313
>../../../../class1/met//data/domains/Catalytic_domain/structures/MetRS_AF_Euk_Scheffersomyces_stipitis_CBS_6054_gene4836672.pdb
 0.250850 -0.209243 -0.945141     1.566759
 0.919038  0.358141  0.164634    10.626046
 0.304045 -0.909919  0.282142     5.187737
>../../../../class1/met//data/domains/Catalytic_domain/structures/MetRS_AF_Euk_Trypanosoma_brucei_brucei_TREU927_gene3662741.pdb
 0.957402 -0.288686 -0.006461    -2.427464
 0.194839  0.662354 -0.723412     9.135568
 0.213119  0.691337  0.690387     5.931639
>../../../../class1/met//data/domains/Catalytic_domain/structures/MetRS_AF_Mito_Arvicanthis_niloticus_gene117706247.pdb
 0.668241 -0.479401 -0.568884    -3.882798
 0.527397  0.844597 -0.092238     8.468551
 0.524697 -0.238390  0.817229     4.166994
>../../../../class1/met//data/domains/Catalytic_domain/structures/MetRS_AF_Mito_Brachypodium_distachyon_gene100843706.pdb
-0.311365  0.342769  0.886319    -5.047751
-0.361922 -0.905164  0.222913     6.720364
 0.878672 -0.251371  0.405892     4.698580
>../../../../class1/met//data/domains/Catalytic_domain/structures/MetRS_AF_Vir_Megavirus_chiliensis_gene11256705.pdb
 0.173251 -0.203931 -0.963533    -5.948478
 0.970882  0.199708  0.132304     3.767817
 0.165445 -0.958399  0.232592     5.506468
>../../../../class1/met//data/domains/Catalytic_domain/structures/MetRS_PDB_Arch_P_abyssi_1RQG.pdb
 0.965592 -0.132267  0.223916   -40.514672
 0.259136  0.561984 -0.785507    59.551165
-0.021941  0.816504  0.576923   -69.514133
>../../../../class1/met//data/domains/Catalytic_domain/structures/MetRS_PDB_Bact_E_coli_1PFV.pdb
 0.061539 -0.764683  0.641462   -19.586315
-0.748804  0.389557  0.536225    -9.152646
-0.659928 -0.513328 -0.548625    32.256989
>../../../../class1/met//data/domains/Catalytic_domain/structures/MetRS_PDB_Bact_T_therm_1WOY.pdb
-0.658187  0.382268  0.648584   -77.761472
-0.082947  0.819434 -0.567140    94.619862
-0.748271 -0.427082 -0.507633    61.420263
