>structures/LeuRS-A_AF_Arch_Aciduliprofundum_boonei_T469_gene8828435.pdb
 0.273120 -0.479802  0.833783    -5.644567
-0.386123 -0.848531 -0.361808     3.744643
 0.881087 -0.223126 -0.417014    -1.674105
>structures/LeuRS-A_AF_Arch_Candidatus_Korarchaeum_cryptofilum_OPF8_gene6093520.pdb
 1.000000 -0.000000  0.000000     0.000000
 0.000000  1.000000  0.000000     0.000000
-0.000000  0.000000  1.000000     0.000000
>structures/LeuRS-A_AF_Arch_Candidatus_Nitrosopumilus_koreensis_AR1_gene13725794.pdb
-0.931454  0.285206  0.225942     0.099407
 0.363857  0.728882  0.579948     8.742452
 0.000720  0.622406 -0.782695     2.120963
>structures/LeuRS-A_AF_Arch_Methanobrevibacter_smithii_ATCC_35061_gene5216355.pdb
-0.866935  0.292409  0.403635     6.700568
 0.495638  0.591235  0.636226     4.969439
-0.052605  0.751623 -0.657492     3.880799
>structures/LeuRS-A_AF_Euk_Arabidopsis_thaliana_gene837489.pdb
 0.264495  0.706473 -0.656459     5.167873
-0.181097 -0.632206 -0.753339    10.168156
-0.947231  0.318137 -0.039275    11.703378
>structures/LeuRS-A_AF_Euk_Drosophila_melanogaster_gene326262.pdb
-0.906586  0.125500  0.402930     6.364802
 0.396647  0.579461  0.711966     7.861958
-0.144130  0.805280 -0.575110     9.644711
>structures/LeuRS-A_AF_Euk_Leishmania_major_strain_Friedlin_gene5650139.pdb
-0.936015  0.108980  0.334662     4.100560
 0.305719  0.722873  0.619669     7.973960
-0.174387  0.682332 -0.709938    10.204249
>structures/LeuRS-A_AF_Euk_Neurospora_crassa_OR74A_gene3879366.pdb
-0.885268  0.196526  0.421520     3.295747
 0.458832  0.517147  0.722518     7.284550
-0.075994  0.833029 -0.547986     7.678660
>structures/LeuRS-A_PDB_Arch_P_hori_1WKB.pdb
-0.629652 -0.751442 -0.197164   101.502185
-0.657982  0.380896  0.649598    66.400462
-0.413036  0.538751 -0.734267    36.842651
