>structures/LeuRS-A_AF_Arch_Aciduliprofundum_boonei_T469_gene8828435.pdb
 0.973582  0.106559 -0.201948    -8.142269
-0.059912  0.972655  0.224395     9.468170
 0.220337 -0.206368  0.953343    -8.395824
>structures/LeuRS-A_AF_Arch_Candidatus_Korarchaeum_cryptofilum_OPF8_gene6093520.pdb
 0.043167 -0.389923  0.919835    -4.993528
-0.295902 -0.884374 -0.361005    10.404217
 0.954242 -0.256598 -0.153555    -2.449711
>structures/LeuRS-A_AF_Arch_Candidatus_Nitrosopumilus_koreensis_AR1_gene13725794.pdb
-0.190036  0.305945 -0.932890    -6.272082
-0.045237 -0.951925 -0.302972     1.592589
-0.980734 -0.015375  0.194740    -4.639206
>structures/LeuRS-A_AF_Arch_Methanobrevibacter_smithii_ATCC_35061_gene5216355.pdb
-0.281136  0.480042 -0.830977    -2.939854
-0.162322 -0.877210 -0.451834     2.317328
-0.945840  0.007860  0.324537     2.212114
>structures/LeuRS-A_AF_Euk_Arabidopsis_thaliana_gene837489.pdb
-0.786057  0.570817  0.237240     1.907057
 0.433554  0.235534  0.869802    -3.988744
 0.440619  0.786570 -0.432622    -1.886555
>structures/LeuRS-A_AF_Euk_Drosophila_melanogaster_gene326262.pdb
-0.321604  0.520283 -0.791124     0.973356
-0.028414 -0.840438 -0.541163    -1.898608
-0.946448 -0.151561  0.285071    -0.112576
>structures/LeuRS-A_AF_Euk_Homo_sapiens_gene51520.pdb
 0.999995  0.003281 -0.000225    -0.041763
-0.003279  0.999976  0.006134     0.181076
 0.000245 -0.006133  0.999981     0.021660
>structures/LeuRS-A_AF_Euk_Leishmania_major_strain_Friedlin_gene5650139.pdb
-0.316526  0.343777 -0.884098     1.305640
 0.072502 -0.920524 -0.383899    -1.304471
-0.945809 -0.185613  0.266445    -2.348717
>structures/LeuRS-A_AF_Euk_Neurospora_crassa_OR74A_gene3879366.pdb
-0.300677  0.576759 -0.759567    -0.295562
-0.115564 -0.812585 -0.571271    -0.077064
-0.946699 -0.083990  0.310978    -1.955287
>structures/LeuRS-A_PDB_Arch_P_hori_1WKB.pdb
-0.155983  0.313849 -0.936573     8.134356
 0.918556 -0.302571 -0.254375   -92.296457
-0.363215 -0.899972 -0.241092    71.130105
