>structures/LeuRS-A_AF_Arch_Aciduliprofundum_boonei_T469_gene8828435.pdb
-0.522436  0.234921 -0.819679     9.614248
 0.349363 -0.817931 -0.457093   -12.145800
-0.777821 -0.525167  0.345244     2.556522
>structures/LeuRS-A_AF_Arch_Candidatus_Korarchaeum_cryptofilum_OPF8_gene6093520.pdb
-0.938179  0.298580 -0.175130     3.081497
 0.104413  0.726473  0.679217   -13.087545
 0.330028  0.618941 -0.712737     0.966439
>structures/LeuRS-A_AF_Arch_Candidatus_Nitrosopumilus_koreensis_AR1_gene13725794.pdb
 0.983873 -0.154644  0.089887     4.885265
 0.161993  0.983447 -0.081177    -4.992674
-0.075846  0.094429  0.992638     4.935808
>structures/LeuRS-A_AF_Arch_Methanobrevibacter_smithii_ATCC_35061_gene5216355.pdb
 0.970473 -0.228409 -0.077534    -2.591906
 0.233404  0.970344  0.062897    -5.931142
 0.060869 -0.079137  0.995004     3.488187
>structures/LeuRS-A_AF_Euk_Arabidopsis_thaliana_gene837489.pdb
-0.136785 -0.905990  0.400589    -0.872514
-0.751820 -0.168370 -0.637509     2.548146
 0.645024 -0.388373 -0.658111     0.618199
>structures/LeuRS-A_AF_Euk_Drosophila_melanogaster_gene326262.pdb
 0.994274 -0.086894 -0.062192    -2.091731
 0.096374  0.980606  0.170660    -0.081230
 0.046156 -0.175676  0.983365     1.097514
>structures/LeuRS-A_AF_Euk_Homo_sapiens_gene51520.pdb
-0.312207  0.079035 -0.946721    -1.853662
 0.348269 -0.917634 -0.191457    -2.332129
-0.883875 -0.389488  0.258967     1.220896
>structures/LeuRS-A_AF_Euk_Leishmania_major_strain_Friedlin_gene5650139.pdb
 0.999975 -0.007056  0.000054     0.086360
 0.007056  0.999969 -0.003555    -0.086210
-0.000029  0.003555  0.999994     0.007811
>structures/LeuRS-A_AF_Euk_Neurospora_crassa_OR74A_gene3879366.pdb
 0.980992 -0.166912 -0.098974     0.206449
 0.183757  0.962951  0.197378    -2.103965
 0.062362 -0.211814  0.975318     1.005701
>structures/LeuRS-A_AF_Euk_Saccharomyces_cerevisiae_S288C_gene855943.pdb
 0.996450 -0.048136 -0.069071    -1.603114
 0.052781  0.996351  0.067068    -0.239135
 0.065591 -0.070476  0.995355     0.184970
>structures/LeuRS-A_PDB_Arch_P_hori_1WKB.pdb
 0.465193  0.721995  0.512170   -78.251566
-0.825010  0.563341 -0.044791    71.045393
-0.320866 -0.401709  0.857715    49.511207
