>structures/TrpRS_AF_Arch_Natrialba_magadii_ATCC_43099_gene8824932.pdb
 0.943526 -0.276145 -0.183039     0.236423
 0.315805  0.916653  0.244978    -0.694312
 0.100134 -0.288948  0.952094     1.781317
>structures/TrpRS_AF_Arch_Nitrosopumilus_maritimus_SCM1_gene5773245.pdb
 0.982238 -0.144424 -0.119789     1.089143
 0.156788  0.982440  0.101139     0.495046
 0.103079 -0.118124  0.987634     0.096095
>structures/TrpRS_AF_Arch_Sulfolobus_islandicus_M1627_gene7814138.pdb
-0.967667 -0.157237  0.197223    -2.325179
-0.053523  0.892112  0.448633    -1.292907
-0.246486  0.423572 -0.871683    -0.979165
>structures/TrpRS_AF_Arch_Thermoplasma_acidophilum_DSM_1728_gene1456706.pdb
 0.127878  0.361684 -0.923489    -3.568638
-0.822729 -0.481305 -0.302428     4.824795
-0.553863  0.798455  0.236020     2.971118
>structures/TrpRS_AF_Bact_Anoxybacillus_flavithermus_WK1_gene7038388.pdb
-0.947760  0.027928  0.317759    -4.869959
 0.210609  0.802950  0.557597    -5.145961
-0.239572  0.595391 -0.766886    -1.957509
>structures/TrpRS_AF_Bact_Brachyspira_pilosicoli_95_1000_gene56440833.pdb
 0.307477  0.340362 -0.888601    -1.993223
 0.371393 -0.902701 -0.217252    -4.718908
-0.876085 -0.263220 -0.403968     4.037523
>structures/TrpRS_AF_Bact_Escherichia_coli_O157:H7_str._Sakai_gene915919.pdb
 0.909803 -0.222768 -0.350190     3.034560
 0.278889  0.953006  0.118322    -5.087185
 0.307375 -0.205314  0.929175     6.004964
>structures/TrpRS_AF_Bact_Helicobacter_cinaedi_PAGU611_gene66538868.pdb
-0.959214 -0.107338  0.261510    -5.012114
-0.009498  0.936820  0.349683    -6.405416
-0.282522  0.332937 -0.899630    -1.688225
>structures/TrpRS_AF_Bact_Mycoplasma_hyopneumoniae_168-L_gene57101461.pdb
-0.903180 -0.270717  0.333135    -2.233291
-0.215603  0.957160  0.193288    -7.687179
-0.371189  0.102749 -0.922855    -1.873100
>structures/TrpRS_AF_Bact_Porphyromonas_gingivalis_ATCC_33277_gene29255389.pdb
-0.170475 -0.535951  0.826859    -0.684690
-0.589594 -0.616867 -0.521397    -4.176234
 0.789505 -0.576395 -0.210833     3.024937
>structures/TrpRS_AF_Bact_Prochlorococcus_marinus_subsp_marinus_str_CCMP1375_gene54200405.pdb
 0.942052 -0.069314 -0.328229     2.663326
 0.076405  0.997039  0.008740    -6.735934
 0.326651 -0.033312  0.944558     6.199217
>structures/TrpRS_AF_Bact_Streptomyces_albidoflavus_gene15147734.pdb
-0.261141 -0.711510  0.652348    -1.953879
-0.803476 -0.214337 -0.555415    -5.078513
 0.535006 -0.669188 -0.515709     2.037251
>structures/TrpRS_AF_Bact_Thermus_thermophilus_HB8_gene3168998.pdb
 0.904392  0.397975 -0.153918    -2.274761
-0.419299  0.761971 -0.493547    -3.839134
-0.079139  0.510897  0.855991     3.119802
>structures/TrpRS_AF_Euk_Cryptococcus_neoformans_var_neoformans_JEC21_gene3254069.pdb
-0.051821  0.787808 -0.613737     1.073808
-0.364185 -0.587149 -0.722928    -0.896356
-0.929884  0.186051  0.317335     1.892599
>structures/TrpRS_AF_Euk_Cyanidioschyzon_merolae_strain_10D_gene16993299.pdb
 0.905310  0.424024 -0.024859     1.644790
-0.394686  0.818159 -0.418137    -0.311387
-0.156962  0.388355  0.908044     0.935171
>structures/TrpRS_AF_Euk_Drosophila_melanogaster_gene45399.pdb
 0.984790  0.127455 -0.118085     5.570901
-0.160704  0.926535 -0.340158    -3.251978
 0.066055  0.353961  0.932924     4.179215
>structures/TrpRS_AF_Euk_Homo_sapiens_gene7453.pdb
-0.972287  0.095163  0.213548    -3.067890
 0.199887  0.812120  0.548185     0.276405
-0.121260  0.575678 -0.808635    -1.143559
>structures/TrpRS_AF_Mito_Bufo_gargarizans_gene122922343.pdb
 0.626901  0.691772 -0.358396    -0.053282
-0.571844  0.096131 -0.814711    -4.041623
-0.529141  0.715689  0.455850     2.410991
>structures/TrpRS_AF_Mito_Cyanidioschyzon_merolae_strain_10D_gene16992222.pdb
 0.269920  0.270749 -0.924034    -3.046024
 0.117697 -0.961734 -0.247415    -2.414286
-0.955662 -0.041974 -0.291458    -3.003077
>structures/TrpRS_AF_Mito_Homo_sapiens_gene10352.pdb
 0.846908  0.440101 -0.298425     1.782829
-0.513139  0.529297 -0.675672    -7.886682
-0.139408  0.725366  0.674099    -0.478143
>structures/TrpRS_AF_Vir_Megavirus_chiliensis_gene11257301.pdb
 0.999784 -0.019786  0.006374    -0.254812
 0.019757  0.999794  0.004568    -0.482176
-0.006463 -0.004442  0.999969     0.344772
>structures/TrpRS_PDB_Arch_P_hori_3JXE.pdb
-0.926348  0.353599 -0.129799   -46.578243
 0.259852  0.350448 -0.899813     6.721082
-0.272686 -0.867268 -0.416520    18.198340
>structures/TrpRS_PDB_Bact_G_stearo_1I6M.pdb
 0.311964  0.010132 -0.950040    21.296427
 0.426787  0.891883  0.149656   -51.531949
 0.848841 -0.452152  0.273912   -47.196703
>structures/TrpRS_PDB_Bact_Y_pestis_3N9I.pdb
 0.656978  0.542784 -0.523226   -54.759184
 0.033139 -0.714138 -0.699221    56.519822
-0.753181  0.442033 -0.487160     3.511334
>structures/TrpRS_PDB_Euk_S_Cerevisiae_3KT3.pdb
 0.238964  0.940011  0.243465    16.304363
-0.969089  0.215031  0.120944  -153.978959
 0.061336 -0.264840  0.962340    41.268417
