>structures/TrpRS_AF_Arch_Natrialba_magadii_ATCC_43099_gene8824932.pdb
 0.956468 -0.261682  0.129199    -4.241137
 0.221726  0.939442  0.261315     7.202066
-0.189756 -0.221293  0.956568    -3.254279
>structures/TrpRS_AF_Arch_Nitrosopumilus_maritimus_SCM1_gene5773245.pdb
 0.969868 -0.112687  0.216006    -2.893502
 0.098914  0.992372  0.073578     7.090191
-0.222649 -0.049995  0.973616    -5.076479
>structures/TrpRS_AF_Arch_Sulfolobus_islandicus_M1627_gene7814138.pdb
-0.995560  0.056553 -0.075242    -6.477166
 0.014662  0.882798  0.469524     5.619591
 0.092977  0.466336 -0.879708    -4.844935
>structures/TrpRS_AF_Arch_Thermoplasma_acidophilum_DSM_1728_gene1456706.pdb
-0.122993  0.581057 -0.804516    -5.685045
-0.795499 -0.542409 -0.270138    11.023954
-0.593342  0.606766  0.528942    -0.506132
>structures/TrpRS_AF_Bact_Anoxybacillus_flavithermus_WK1_gene7038388.pdb
-0.955707  0.284398  0.075772    -9.417164
 0.276070  0.776990  0.565748     2.017643
 0.102023  0.561608 -0.821089    -4.925425
>structures/TrpRS_AF_Bact_Brachyspira_pilosicoli_95_1000_gene56440833.pdb
 0.020133  0.171270 -0.985018    -4.601330
 0.384390 -0.910819 -0.150512     1.938876
-0.922951 -0.375601 -0.084172    -0.517182
>structures/TrpRS_AF_Bact_Helicobacter_cinaedi_PAGU611_gene66538868.pdb
-0.992882  0.110063 -0.045516    -9.512959
 0.085506  0.924731  0.370893     1.271450
 0.082911  0.364361 -0.927559    -4.250786
>structures/TrpRS_AF_Bact_Mycoplasma_hyopneumoniae_168-L_gene57101461.pdb
-0.985523 -0.169394  0.007124    -7.138613
-0.164230  0.964228  0.208069    -0.996197
-0.042115  0.203886 -0.978088    -5.632713
>structures/TrpRS_AF_Bact_Porphyromonas_gingivalis_ATCC_33277_gene29255389.pdb
 0.070135 -0.732414  0.677238    -3.791243
-0.603886 -0.571544 -0.555570     2.469423
 0.793979 -0.370010 -0.482380    -1.688311
>structures/TrpRS_AF_Bact_Prochlorococcus_marinus_subsp_marinus_str_CCMP1375_gene54200405.pdb
 0.999786 -0.004060  0.020308     0.352416
 0.004172  0.999976 -0.005468    -0.276226
-0.020286  0.005551  0.999779     0.168897
>structures/TrpRS_AF_Bact_Streptomyces_albidoflavus_gene15147734.pdb
-0.113261 -0.912612  0.392825    -5.349955
-0.806993 -0.146142 -0.572193     1.773040
 0.579599 -0.381814 -0.719919    -2.037272
>structures/TrpRS_AF_Bact_Thermus_thermophilus_HB8_gene3168998.pdb
 0.790444  0.603164  0.106730    -5.111274
-0.474596  0.713230 -0.515812     3.080983
-0.387242  0.357067  0.850028    -1.091414
>structures/TrpRS_AF_Euk_Cryptococcus_neoformans_var_neoformans_JEC21_gene3254069.pdb
-0.416460  0.743573 -0.523126    -1.912013
-0.311677 -0.657298 -0.686161     5.982889
-0.854060 -0.122713  0.505493    -2.928296
>structures/TrpRS_AF_Euk_Cyanidioschyzon_merolae_strain_10D_gene16993299.pdb
 0.779901  0.577182  0.242104    -2.170442
-0.438373  0.779803 -0.446919     6.242447
-0.446747  0.242420  0.861191    -4.616493
>structures/TrpRS_AF_Euk_Drosophila_melanogaster_gene45399.pdb
 0.941538  0.292665  0.166893     2.395605
-0.216803  0.905500 -0.364783     2.980238
-0.257881  0.307275  0.916013    -2.858821
>structures/TrpRS_AF_Euk_Saccharomyces_cerevisiae_S288C_gene854056.pdb
-0.196098 -0.518161 -0.832499    -2.136594
 0.636547 -0.713054  0.293875     6.247186
-0.745892 -0.472296  0.469661    -2.334687
>structures/TrpRS_AF_Mito_Bufo_gargarizans_gene122922343.pdb
 0.358162  0.901446 -0.243135    -3.218811
-0.586999  0.014903 -0.809451     2.698298
-0.726053  0.432634  0.534486    -2.324183
>structures/TrpRS_AF_Mito_Cyanidioschyzon_merolae_strain_10D_gene16992222.pdb
-0.069804  0.168845 -0.983168    -7.818675
 0.135645 -0.974811 -0.177040     4.687268
-0.988295 -0.145720  0.045143    -6.355000
>structures/TrpRS_AF_Vir_Megavirus_chiliensis_gene11257301.pdb
 0.941320  0.048762  0.333974    -4.162856
-0.040982  0.998700 -0.030307     6.293737
-0.335018  0.014842  0.942095    -4.407558
>structures/TrpRS_PDB_Arch_P_hori_3JXE.pdb
-0.941764  0.060267 -0.330831   -40.720691
 0.329616  0.360265 -0.872676    15.904550
 0.066593 -0.930901 -0.359149    28.659842
>structures/TrpRS_PDB_Bact_G_stearo_1I6M.pdb
 0.609849 -0.103166 -0.785774    -3.013434
 0.378615  0.908954  0.174510   -44.036673
 0.696229 -0.403930  0.593385   -57.286986
>structures/TrpRS_PDB_Bact_Y_pestis_3N9I.pdb
 0.365903  0.606981 -0.705471   -49.884755
 0.017366 -0.762360 -0.646920    66.566615
-0.930491  0.224459 -0.289490    17.679116
>structures/TrpRS_PDB_Euk_S_Cerevisiae_3KT3.pdb
 0.190957  0.820448  0.538888    15.546200
-0.981265  0.173858  0.083019  -149.011006
-0.025577 -0.544645  0.838277    27.556532
