>structures/TrpRS_AF_Arch_Natrialba_magadii_ATCC_43099_gene8824932.pdb
 0.698096 -0.574067 -0.427913    -1.254515
 0.712931  0.501994  0.489624    -0.953319
-0.066267 -0.646877  0.759710     1.133073
>structures/TrpRS_AF_Arch_Nitrosopumilus_maritimus_SCM1_gene5773245.pdb
 0.800744 -0.514176 -0.307298    -0.660389
 0.598996  0.684307  0.415845    -0.191577
-0.003531 -0.517056  0.855944    -0.724522
>structures/TrpRS_AF_Arch_Sulfolobus_islandicus_M1627_gene7814138.pdb
-0.807453 -0.575676  0.128908    -2.796123
-0.565071  0.817501  0.111298    -3.627449
-0.169454  0.017026 -0.985391    -0.786648
>structures/TrpRS_AF_Arch_Thermoplasma_acidophilum_DSM_1728_gene1456706.pdb
 0.543540  0.410004 -0.732435    -6.705028
-0.820279  0.074345 -0.567112     2.042260
-0.178066  0.909049  0.376727     0.507709
>structures/TrpRS_AF_Bact_Anoxybacillus_flavithermus_WK1_gene7038388.pdb
-0.893397 -0.407519  0.189127    -3.311484
-0.344822  0.891833  0.292800    -8.247591
-0.287991  0.196371 -0.937283    -0.375893
>structures/TrpRS_AF_Bact_Brachyspira_pilosicoli_95_1000_gene56440833.pdb
 0.273114  0.727202 -0.629751    -1.817870
 0.098335 -0.672314 -0.733706    -4.524997
-0.956942  0.138459 -0.255128     4.837945
>structures/TrpRS_AF_Bact_Helicobacter_cinaedi_PAGU611_gene66538868.pdb
-0.811318 -0.530178  0.246322    -3.064054
-0.536290  0.842701  0.047415    -9.108176
-0.232714 -0.093631 -0.968028     0.401040
>structures/TrpRS_AF_Bact_Mycoplasma_hyopneumoniae_168-L_gene57101461.pdb
-0.648064 -0.663047  0.374675     0.155057
-0.728006  0.683811 -0.049096    -9.298055
-0.223654 -0.304583 -0.925855     0.972602
>structures/TrpRS_AF_Bact_Porphyromonas_gingivalis_ATCC_33277_gene29255389.pdb
-0.045004 -0.120635  0.991676    -0.802540
-0.246360 -0.960683 -0.128045    -3.742161
 0.968133 -0.250072  0.013514     3.623530
>structures/TrpRS_AF_Bact_Prochlorococcus_marinus_subsp_marinus_str_CCMP1375_gene54200405.pdb
 0.758377 -0.463234 -0.458562     2.671228
 0.604676  0.762664  0.229589    -2.979279
 0.243375 -0.451396  0.858493     7.562384
>structures/TrpRS_AF_Bact_Streptomyces_albidoflavus_gene15147734.pdb
 0.005209 -0.435582  0.900134    -1.435368
-0.556641 -0.749058 -0.359253    -5.352478
 0.830737 -0.499180 -0.246365     3.180926
>structures/TrpRS_AF_Bact_Thermus_thermophilus_HB8_gene3168998.pdb
 0.995434 -0.047738 -0.082658    -2.397774
 0.035842  0.989524 -0.139849    -4.164556
 0.088469  0.136248  0.986717     3.690456
>structures/TrpRS_AF_Euk_Cryptococcus_neoformans_var_neoformans_JEC21_gene3254069.pdb
 0.238183  0.920891 -0.308591    -0.374413
-0.681666 -0.067816 -0.728514    -0.446205
-0.691810  0.383875  0.611587     1.570862
>structures/TrpRS_AF_Euk_Cyanidioschyzon_merolae_strain_10D_gene16993299.pdb
 0.999314 -0.035476 -0.010606     0.097737
 0.035481  0.999370  0.000319    -0.608438
 0.010588 -0.000696  0.999944    -0.034118
>structures/TrpRS_AF_Euk_Drosophila_melanogaster_gene45399.pdb
 0.933767 -0.333841 -0.128954     4.188505
 0.340736  0.939504  0.035077     0.194885
 0.109443 -0.076693  0.991030     4.181636
>structures/TrpRS_AF_Euk_Homo_sapiens_gene7453.pdb
-0.932808 -0.344396  0.106113    -4.143833
-0.315194  0.922442  0.223057    -2.730863
-0.174703  0.174623 -0.969013    -1.968932
>structures/TrpRS_AF_Euk_Saccharomyces_cerevisiae_S288C_gene854056.pdb
-0.102922  0.130064 -0.986149    -0.983900
 0.201838 -0.968058 -0.148744     0.335143
-0.973996 -0.214351  0.073383     2.123876
>structures/TrpRS_AF_Mito_Bufo_gargarizans_gene122922343.pdb
 0.881781  0.466154 -0.071847    -0.179321
-0.398296  0.654348 -0.642798    -3.417801
-0.252630  0.595424  0.762659     3.075510
>structures/TrpRS_AF_Mito_Cyanidioschyzon_merolae_strain_10D_gene16992222.pdb
 0.356642  0.643131 -0.677635    -2.634604
-0.159589 -0.672732 -0.722470    -5.592669
-0.920509  0.365806 -0.137288    -2.492670
>structures/TrpRS_AF_Mito_Homo_sapiens_gene10352.pdb
 0.992933  0.055183 -0.105063     3.549020
-0.094020  0.906001 -0.412701    -6.978713
 0.072413  0.419663  0.904787     2.068835
>structures/TrpRS_AF_Vir_Megavirus_chiliensis_gene11257301.pdb
 0.895987 -0.419140 -0.146724    -1.573256
 0.441361  0.803991  0.398496    -1.266145
-0.049061 -0.421805  0.905358    -0.034249
>structures/TrpRS_PDB_Arch_P_hori_3JXE.pdb
-0.894348  0.316046  0.316633   -49.044209
-0.300673  0.099443 -0.948529    -8.833792
-0.331266 -0.943518  0.006090    14.241130
>structures/TrpRS_PDB_Bact_G_stearo_1I6M.pdb
-0.046253 -0.302482 -0.952032    47.560580
 0.814354  0.540534 -0.211304   -51.227948
 0.578522 -0.785065  0.221326   -22.290358
>structures/TrpRS_PDB_Bact_Y_pestis_3N9I.pdb
 0.710066  0.697257 -0.098174   -73.931093
 0.025745 -0.165040 -0.985951    21.651313
-0.703664  0.697563 -0.135140   -21.237006
>structures/TrpRS_PDB_Euk_S_Cerevisiae_3KT3.pdb
 0.599928  0.800027  0.006544    69.133316
-0.652756  0.484730  0.582190  -102.054111
 0.462596 -0.353544  0.813026   101.689157
