>../../../../class2/asp1//data/domains/Catalytic_domain/structures/AspRS_AF_Arch_Candidatus_Methanomassiliicoccus_intestinalis_Issoire-Mx1_gene16154434.pdb
 0.923246 -0.365947 -0.117048    -0.743274
 0.380786  0.830942  0.405631     3.667737
-0.051179 -0.419068  0.906511     0.197766
>../../../../class2/asp1//data/domains/Catalytic_domain/structures/AspRS_AF_Arch_unclassified_Euryarchaeota_proteinHHT76046.1.pdb
 0.967353 -0.128099 -0.218675    -5.582864
 0.239208  0.746515  0.620882     3.733261
 0.083710 -0.652921  0.752786    -4.677942
>../../../../class2/asp1//data/domains/Catalytic_domain/structures/AspRS_AF_Bact_Bacillus_anthracis_str_Ames_Ancestor_gene45024275.pdb
-0.066930  0.164247  0.984146    -3.445309
 0.743233 -0.649863  0.159004     9.442482
 0.665676  0.742092 -0.078578    -1.287974
>../../../../class2/asp1//data/domains/Catalytic_domain/structures/AspRS_AF_Bact_Brachyspira_pilosicoli_95_1000_gene56440011.pdb
 0.942486 -0.192105 -0.273525    -4.722750
 0.333963  0.507589  0.794243     2.819638
-0.013739 -0.839910  0.542552    -3.021165
>../../../../class2/asp1//data/domains/Catalytic_domain/structures/AspRS_AF_Bact_Chlamydia_muridarum_str_Nigg_gene1246197.pdb
 0.604287 -0.470324 -0.643143    -4.521941
 0.688683 -0.097617  0.718461     2.452559
-0.400691 -0.877078  0.264916    -3.326260
>../../../../class2/asp1//data/domains/Catalytic_domain/structures/AspRS_AF_Bact_Mycoplasma_hyopneumoniae_168-L_gene57101115.pdb
 1.000000 -0.000000  0.000000     0.000000
 0.000000  1.000000  0.000000     0.000000
-0.000000  0.000000  1.000000     0.000000
>../../../../class2/asp1//data/domains/Catalytic_domain/structures/AspRS_AF_Bact_Nocardia_cyriacigeorgica_GUH-2_gene45501717.pdb
 0.313968  0.593242 -0.741274    -6.565855
-0.848103 -0.175720 -0.499844    -0.853376
-0.426785  0.785612  0.447960    -5.169225
>../../../../class2/asp1//data/domains/Catalytic_domain/structures/AspRS_AF_Bact_Porphyromonas_gingivalis_ATCC_33277_gene29255515.pdb
 0.217563 -0.691054  0.689283    -5.830699
-0.580972 -0.659158 -0.477475     3.389949
 0.784307 -0.296574 -0.544891    -1.400317
>../../../../class2/asp1//data/domains/Catalytic_domain/structures/AspRS_AF_Bact_Prochlorococcus_marinus_subsp_marinus_str_CCMP1375_gene54201182.pdb
 0.586806 -0.620822 -0.519845    -2.172597
 0.657552 -0.009296  0.753352     8.249981
-0.472530 -0.783897  0.402768    -2.140003
>../../../../class2/asp1//data/domains/Catalytic_domain/structures/AspRS_AF_Bact_Xylella_fastidiosa_Temecula1_gene58016479.pdb
 0.315244  0.575051 -0.754942    -6.860139
-0.803955 -0.260870 -0.534419     4.848988
-0.504260  0.775411  0.380077    -3.572792
>../../../../class2/asp1//data/domains/Catalytic_domain/structures/AspRS_AF_Mito_Oryza_sativa_Japonica_Group_gene4324505.pdb
-0.928176 -0.317309  0.194435    -8.702498
-0.369463  0.723126 -0.583598    -1.413157
 0.044579 -0.613518 -0.788421    -3.093110
>../../../../class2/asp1//data/domains/Catalytic_domain/structures/AspRS_AF_Mito_Oryzias_melastigma_gene112147132.pdb
 0.847743  0.529155  0.036427    -5.537242
-0.530381  0.846390  0.048166     5.347752
-0.005345 -0.060153  0.998175    -4.243159
>../../../../class2/asp1//data/domains/Catalytic_domain/structures/AspRS_PDB_Bact_E_coli_1c0a.pdb
 0.501843 -0.114649 -0.857327   -34.937875
-0.064042  0.983531 -0.169014   -30.599791
 0.862585  0.139723  0.486235   -55.951783
>../../../../class2/gly3//data/domains/Catalytic_domain/structures/GlyRS-E_AF_Arch_Methanosalsum_zhilinae_DSM_4017_gene10821854.pdb
 0.611357 -0.789472 -0.054557    -4.964320
 0.651243  0.462750  0.601453    10.946897
-0.449584 -0.403232  0.797043    -3.574074
>../../../../class2/gly3//data/domains/Catalytic_domain/structures/GlyRS-E_AF_Euk_Cryptococcus_neoformans_var_neoformans_JEC21_gene3258293.pdb
 0.462282  0.075093  0.883547    -4.677786
 0.190236 -0.981606 -0.016107     9.937343
 0.866086  0.175528 -0.468065    -3.110795
>../../../../class2/gly3//data/domains/Catalytic_domain/structures/GlyRS-E_AF_Euk_Girardinichthys_multiradiatus_gene124858359.pdb
 0.547686 -0.819591 -0.168257    -3.929482
 0.682539  0.321345  0.656413     8.908687
-0.483922 -0.474350  0.735399    -3.978735
>../../../../class2/gly3//data/domains/Catalytic_domain/structures/GlyRS-E_AF_Euk_Plasmodium_yoelii_gene3801472.pdb
 0.840583 -0.488358  0.234365    -4.043742
 0.372111  0.835011  0.405327    12.129767
-0.393642 -0.253500  0.883619    -2.253782
>../../../../class2/gly3//data/domains/Catalytic_domain/structures/GlyRS-E_AF_Euk_Schizosaccharomyces_pombe_gene2543181.pdb
 0.344776 -0.846412 -0.405852    -3.800214
 0.813201  0.053364  0.579532     9.691806
-0.468864 -0.529848  0.706702    -4.762197
>../../../../class2/gly3//data/domains/Catalytic_domain/structures/GlyRS-E_PDB_Euk_H_sapiens_2q5h.pdb
-0.647547  0.397571 -0.650092   -37.828429
-0.041527 -0.870254 -0.490849   -44.550375
-0.760893 -0.290852  0.580041   135.304392
