>../../../../class2/asp2//data/domains/Catalytic_domain/structures/AspRS-E_AF_Euk_Caenorhabditis_elegans_gene176334.pdb
-0.254263  0.635004  0.729466    -2.156650
 0.059792 -0.742490  0.667183    14.723204
 0.965285  0.213256  0.150820    52.282272
>../../../../class2/asp2//data/domains/Catalytic_domain/structures/AspRS-E_AF_Euk_Cryptococcus_neoformans_var_neoformans_JEC21_gene3258977.pdb
-0.533642 -0.360838  0.764867   -11.200592
-0.819115 -0.004495 -0.573612    22.673247
 0.210419 -0.932618 -0.293169    49.748347
>../../../../class2/asp2//data/domains/Catalytic_domain/structures/AspRS-E_AF_Euk_Thalassiosira_pseudonana_CCMP1335_gene7443135.pdb
-0.212343  0.551394  0.806768    -2.877939
-0.021672 -0.828050  0.560235    13.310902
 0.976955  0.101478  0.187780    54.032335
>../../../../class2/asp2//data/domains/Catalytic_domain/structures/AspRS-E_AF_Euk_Theileria_orientalis_strain_Shintoku_gene20715543.pdb
-0.289324  0.705610  0.646843    -1.681690
 0.151202 -0.633572  0.758765    14.958970
 0.945214  0.317333  0.076618    51.533220
>../../../../class2/asp2//data/domains/Catalytic_domain/structures/AspRS-E_PDB_Euk_S_cerevisiae_1EOV.pdb
 1.000000  0.000000  0.000000     0.000000
 0.000000  1.000000  0.000000     0.000000
 0.000000  0.000000  1.000000     0.000000
>../../../../class2/asp2//data/domains/Catalytic_domain/structures/AsxRS_AF_Arch_Candidatus_Korarchaeum_cryptofilum_OPF8_gene6094477.pdb
-0.170834  0.107506  0.979417    -3.911289
-0.280195 -0.958290  0.056315    11.614987
 0.944620 -0.264807  0.193831    55.960388
>../../../../class2/asp2//data/domains/Catalytic_domain/structures/AsxRS_AF_Arch_Candidatus_Methanomassiliicoccus_intestinalis_Issoire-Mx1_gene16154831.pdb
-0.129574  0.016262  0.991436    -3.154211
-0.439404 -0.897274 -0.042710    12.237030
 0.888895 -0.441175  0.123409    54.975659
>../../../../class2/asp2//data/domains/Catalytic_domain/structures/AsxRS_AF_Arch_Candidatus_Nitrosopumilus_koreensis_AR1_gene13725312.pdb
-0.086397 -0.323622  0.942234    -0.657173
-0.840923 -0.483451 -0.243154     8.856500
 0.534214 -0.813354 -0.230372    58.911380
>../../../../class2/asp2//data/domains/Catalytic_domain/structures/AsxRS_AF_Arch_Methanobacterium_lacus_gene10277817.pdb
-0.303249 -0.635215  0.710311    -0.374407
-0.952909  0.203581 -0.224763     7.103207
-0.001833 -0.745021 -0.667038    55.897475
>../../../../class2/asp2//data/domains/Catalytic_domain/structures/AsxRS_AF_Bact_Clostridium_acetobutylicum_DSM_1731_gene45000055.pdb
-0.287348  0.586013  0.757641    -3.908973
 0.046510 -0.781531  0.622131    13.164852
 0.956696  0.214006  0.197315    54.128198
>../../../../class2/asp2//data/domains/Catalytic_domain/structures/AsxRS_AF_Bact_Spirochaetes_bacterium_GWE1_32_154_proteinOHD39701.1.pdb
-0.242749 -0.656793  0.713929    -3.109306
-0.914859 -0.089782 -0.393666    12.281878
 0.322655 -0.748707 -0.579079    55.871447
>../../../../class2/asp2//data/domains/Catalytic_domain/structures/AsxRS_AF_Bact_Tropheryma_whipplei_TW08_27_gene67388547.pdb
 0.958518 -0.088486 -0.270951    -3.095167
-0.025011  0.920816 -0.389194    12.322747
 0.283934  0.379826  0.880406    55.401356
>../../../../class2/asp2//data/domains/Catalytic_domain/structures/AsxRS_PDB_Arch_T_kodarensis_1b8a.pdb
-0.098192 -0.662714 -0.742407    32.148819
 0.965105  0.118563 -0.233483   -13.857300
 0.242754 -0.739427  0.627947    34.739081
>../../../../class2/asp2//data/domains/Catalytic_domain/structures/AsxRS_PDB_Bact_T_thermophilus_1n9w.pdb
-0.262922 -0.169489 -0.949814    66.071449
 0.790433  0.526671 -0.312784     5.931534
 0.553252 -0.833002 -0.004504    33.812271
>../../../../class2/thr//data/domains/Catalytic_domain/structures/ThrRS_AF_Arch_Candidatus_Methanomethylophilus_alvus_Mx1201_gene15140074.pdb
 0.019334  0.878462 -0.477421    -1.365053
 0.993603 -0.070019 -0.088598    14.877740
-0.111259 -0.472654 -0.874196    63.139802
>../../../../class2/thr//data/domains/Catalytic_domain/structures/ThrRS_AF_Arch_Candidatus_Nitrosopumilus_koreensis_AR1_gene13725077.pdb
-0.489066 -0.420103  0.764414    -4.085066
-0.872246  0.234333 -0.429272     6.320043
 0.001211 -0.876699 -0.481037    60.978068
>../../../../class2/thr//data/domains/Catalytic_domain/structures/ThrRS_AF_Arch_Pyrococcus_furiosus_DSM_3638_gene1469226.pdb
-0.561394 -0.302210  0.770394    -5.447124
-0.800753 -0.036603 -0.597875     8.107520
 0.208882 -0.952538 -0.221447    61.156892
>../../../../class2/thr//data/domains/Catalytic_domain/structures/ThrRS_AF_Arch_Sulfolobus_islandicus_M164_gene7940156.pdb
 0.634886 -0.345840 -0.690880    -0.601352
 0.400635  0.911969 -0.088348    13.130330
 0.660615 -0.220699  0.717551    56.349523
>../../../../class2/thr//data/domains/Catalytic_domain/structures/ThrRS_AF_Bact_Bifidobacterium_longum_subsp_longum_JCM_1217_gene69578309.pdb
 0.117766 -0.915816  0.383942    -3.911992
-0.238940 -0.401406 -0.884184    14.996946
 0.963867  0.012388 -0.266097    66.609731
>../../../../class2/thr//data/domains/Catalytic_domain/structures/ThrRS_AF_Bact_Brachyspira_pilosicoli_95_1000_gene56439092.pdb
 0.847605 -0.368607 -0.381699    -1.497415
-0.153652  0.518021 -0.841454    16.452916
 0.507894  0.771870  0.382440    65.543091
>../../../../class2/thr//data/domains/Catalytic_domain/structures/ThrRS_AF_Bact_Brucella_abortus_2308_gene3787745.pdb
-0.508885 -0.853851  0.109425    -2.109372
 0.026127  0.111736  0.993394    16.168151
-0.860438  0.508383 -0.034552    65.924714
>../../../../class2/thr//data/domains/Catalytic_domain/structures/ThrRS_AF_Bact_Lactobacillus_acidophilus_La-14_gene56943112.pdb
-0.162411  0.675072  0.719653    -2.467482
-0.929543 -0.349347  0.117927    15.930510
 0.331018 -0.649796  0.684246    70.220579
>../../../../class2/thr//data/domains/Catalytic_domain/structures/ThrRS_AF_Bact_Mycoplasma_hyopneumoniae_168-L_gene57101460.pdb
 0.513659  0.595766 -0.617428    -3.052529
 0.786494 -0.614546  0.061326    15.509022
-0.342902 -0.517104 -0.784233    62.317315
>../../../../class2/thr//data/domains/Catalytic_domain/structures/ThrRS_AF_Bact_Porphyromonas_gingivalis_ATCC_33277_gene29256174.pdb
 0.998537 -0.052070  0.014600    -4.404218
 0.008578 -0.114061 -0.993437    15.160770
 0.053394  0.992108 -0.113448    65.663499
>../../../../class2/thr//data/domains/Catalytic_domain/structures/ThrRS_AF_Bact_Prochlorococcus_marinus_subsp_marinus_str_CCMP1375_gene54200406.pdb
-0.994187  0.070008 -0.081801    -2.961861
 0.084882  0.977032 -0.195456    13.632490
 0.066239 -0.201263 -0.977295    68.378173
>../../../../class2/thr//data/domains/Catalytic_domain/structures/ThrRS_AF_Bact_Streptobacillus_moniliformis_DSM_12112_gene29674242.pdb
-0.407381  0.094566  0.908349    -2.468980
-0.912214 -0.089682 -0.399778    15.539893
 0.043657 -0.991471  0.122799    66.577038
>../../../../class2/thr//data/domains/Catalytic_domain/structures/ThrRS_AF_Euk_Arabidopsis_thaliana_gene832741.pdb
-0.050151 -0.503781  0.862374    -6.030202
-0.271172 -0.824156 -0.497225    14.955790
 0.961224 -0.258788 -0.095279    67.161693
>../../../../class2/thr//data/domains/Catalytic_domain/structures/ThrRS_AF_Euk_Cercospora_beticola_gene35433465.pdb
-0.521668  0.221865  0.823795    -4.128102
 0.413432 -0.778901  0.471580    16.417216
 0.746282  0.586592  0.314602    66.973532
>../../../../class2/thr//data/domains/Catalytic_domain/structures/ThrRS_AF_Euk_Cryptococcus_gattii_WM276_gene10188143.pdb
-0.167509 -0.862876  0.476849    -4.511032
-0.490317 -0.346705 -0.799615    17.000819
 0.855295 -0.367751 -0.365007    68.279330
>../../../../class2/thr//data/domains/Catalytic_domain/structures/ThrRS_AF_Euk_Cyanidioschyzon_merolae_strain_10D_gene16997242.pdb
-0.631144 -0.701086  0.331867    -2.812240
-0.168266  0.541410  0.823749    16.028303
-0.757195  0.464062 -0.459676    68.433224
>../../../../class2/thr//data/domains/Catalytic_domain/structures/ThrRS_AF_Mito_Cyanidioschyzon_merolae_strain_10D_gene16995590.pdb
-0.675118 -0.441251  0.591197    -2.226080
-0.729377  0.519364 -0.445276    15.029534
-0.110568 -0.731819 -0.672470    66.449424
>../../../../class2/thr//data/domains/Catalytic_domain/structures/ThrRS_AF_Mito_Oryza_sativa_Japonica_Group_gene4345200.pdb
 0.043077  0.772355 -0.633729    -4.723163
-0.571788 -0.501101 -0.649582    15.861354
-0.819270  0.390340  0.420037    68.533271
>../../../../class2/thr//data/domains/Catalytic_domain/structures/ThrRS_PDB_Bact_E_coli_1evk.pdb
-0.539093  0.569557  0.620471   -27.061247
 0.779565  0.058547  0.623578   -26.894868
 0.318836  0.819864 -0.475569     9.315341
>../../../../class2/thr//data/domains/Catalytic_domain/structures/ThrRS_PDB_Bact_S_aureus_1nyr.pdb
 0.982000 -0.026384 -0.187029    -5.483375
-0.031299 -0.999237 -0.023372    65.879299
-0.186269  0.028805 -0.982076   116.818091
