>../../../../class1/leu1//data/domains/Catalytic_domain/structures/LeuRS-B_AF_Bact_Bifidobacterium_longum_subsp_longum_JCM_1217_gene69578373.pdb
-0.451582  0.773248  0.445153    -1.229993
 0.642812 -0.064043  0.763342    -0.350874
 0.618762  0.630861 -0.468133     2.591922
>../../../../class1/leu1//data/domains/Catalytic_domain/structures/LeuRS-B_AF_Bact_Brachyspira_pilosicoli_95_1000_gene56439070.pdb
-0.970869  0.211710  0.112217     1.235298
 0.239552  0.847093  0.474394    -0.258662
 0.005376  0.487456 -0.873131     0.437289
>../../../../class1/leu1//data/domains/Catalytic_domain/structures/LeuRS-B_AF_Bact_Chlamydia_psittaci_6BC_gene12243068.pdb
 1.000000  0.000000  0.000000     0.000000
 0.000000  1.000000  0.000000     0.000000
 0.000000  0.000000  1.000000     0.000000
>../../../../class1/leu1//data/domains/Catalytic_domain/structures/LeuRS-B_AF_Bact_Clostridium_botulinum_A_str_ATCC_3502_gene5187707.pdb
-0.115898  0.261047 -0.958344     0.368874
 0.103344 -0.956440 -0.273026     2.897173
-0.987870 -0.130682  0.083871     3.066677
>../../../../class1/leu1//data/domains/Catalytic_domain/structures/LeuRS-B_AF_Bact_Mycoplasma_hyopneumoniae_168-L_gene57101518.pdb
-0.291422 -0.826804  0.481112    -0.038160
-0.871447  0.022033 -0.489995    -0.407769
 0.394530 -0.562059 -0.726936     2.971329
>../../../../class1/leu1//data/domains/Catalytic_domain/structures/LeuRS-B_AF_Bact_Orientia_tsutsugamushi_str_Ikeda_gene66652454.pdb
 0.980265 -0.197668  0.002963    -1.137475
 0.193015  0.960216  0.201818     0.583314
-0.042738 -0.197264  0.979418     0.782417
>../../../../class1/leu1//data/domains/Catalytic_domain/structures/LeuRS-B_AF_Bact_Porphyromonas_gingivalis_ATCC_33277_gene29256038.pdb
-0.881838  0.471496  0.007262    -0.905253
 0.355861  0.655304  0.666288    -0.575578
 0.309393  0.590142 -0.745659     0.731417
>../../../../class1/leu1//data/domains/Catalytic_domain/structures/LeuRS-B_AF_Bact_Thermus_thermophilus_HB8_gene3168656.pdb
-0.072710  0.198535 -0.977393    -3.206126
 0.212573 -0.954384 -0.209675     3.995924
-0.974436 -0.223013  0.027190    -2.884833
>../../../../class1/leu1//data/domains/Catalytic_domain/structures/LeuRS-B_AF_Euk_Bathycoccus_prasinos_gene19015540.pdb
 0.996104 -0.074952 -0.046460    -1.057403
 0.065459  0.981492 -0.179966    -0.705524
 0.059089  0.176224  0.982575     1.599159
>../../../../class1/leu1//data/domains/Catalytic_domain/structures/LeuRS-B_AF_Euk_Klebsormidium_nitens_protein971510658.pdb
-0.125772 -0.829566  0.544061    -1.103915
-0.821401 -0.220452 -0.526024     0.368995
 0.556311 -0.513051 -0.653680     1.449352
>../../../../class1/leu1//data/domains/Catalytic_domain/structures/LeuRS-B_AF_Euk_Plasmodium_falciparum_3D7_gene2655460.pdb
-0.486282  0.644965  0.589534    -2.283974
 0.609016 -0.233644  0.757964     5.006350
 0.626601  0.727620 -0.279177    -0.759074
>../../../../class1/leu1//data/domains/Catalytic_domain/structures/LeuRS-B_AF_Euk_Thalassiosira_pseudonana_CCMP1335_gene7441753.pdb
-0.961301  0.267259  0.066881    -4.664454
 0.248915  0.738513  0.626610     1.987528
 0.118075  0.619009 -0.776458    -0.484910
>../../../../class1/leu1//data/domains/Catalytic_domain/structures/LeuRS-B_AF_Mito_Drosophila_melanogaster_gene38581.pdb
-0.330526 -0.882801  0.333788     3.225952
-0.925974  0.234919 -0.295611     1.097166
 0.182553 -0.406787 -0.895097     0.545971
>../../../../class1/leu1//data/domains/Catalytic_domain/structures/LeuRS-B_AF_Mito_Homo_sapiens_gene23395.pdb
 0.995881 -0.010977  0.090003     1.544254
 0.016258  0.998175 -0.058150     0.076522
-0.089201  0.059374  0.994242     1.222459
>../../../../class1/leu1//data/domains/Catalytic_domain/structures/LeuRS-B_PDB_Bact_T_therm_2V0C.pdb
-0.388009 -0.852305  0.350750   -29.203877
 0.570621 -0.521005 -0.634780   -16.159495
 0.723769 -0.046155  0.688497   -30.294695
>../../../../class1/leu2//data/domains/Catalytic_domain/structures/LeuRS-A_AF_Arch_Aciduliprofundum_boonei_T469_gene8828435.pdb
-0.867634  0.365303  0.337289    -0.496377
 0.474160  0.403801  0.782379     1.037700
 0.149608  0.838748 -0.523564    -3.054299
>../../../../class1/leu2//data/domains/Catalytic_domain/structures/LeuRS-A_AF_Arch_Candidatus_Korarchaeum_cryptofilum_OPF8_gene6093520.pdb
 0.098954 -0.149468 -0.983802     1.716778
 0.650614 -0.738345  0.177617     4.236756
-0.752934 -0.657652  0.024184    -0.027619
>../../../../class1/leu2//data/domains/Catalytic_domain/structures/LeuRS-A_AF_Arch_Candidatus_Nitrosopumilus_koreensis_AR1_gene13725794.pdb
-0.197222 -0.642830  0.740185     2.006033
-0.936033 -0.100987 -0.337110     3.358308
 0.291454 -0.759323 -0.581793    -1.560934
>../../../../class1/leu2//data/domains/Catalytic_domain/structures/LeuRS-A_AF_Arch_Methanobrevibacter_smithii_ATCC_35061_gene5216355.pdb
-0.248857 -0.715202  0.653113     1.657643
-0.941180  0.019426 -0.337346     4.205255
 0.228583 -0.698648 -0.677968    -2.556615
>../../../../class1/leu2//data/domains/Catalytic_domain/structures/LeuRS-A_AF_Euk_Arabidopsis_thaliana_gene837489.pdb
 0.971314  0.030680 -0.235813    -0.804774
-0.040707  0.998457 -0.037769     4.919026
 0.234291  0.046285  0.971064    -1.749078
>../../../../class1/leu2//data/domains/Catalytic_domain/structures/LeuRS-A_AF_Euk_Drosophila_melanogaster_gene326262.pdb
-0.256279 -0.742579  0.618787     0.209994
-0.917129 -0.015377 -0.398295     5.380287
 0.305280 -0.669582 -0.677100    -3.039812
>../../../../class1/leu2//data/domains/Catalytic_domain/structures/LeuRS-A_AF_Euk_Leishmania_major_strain_Friedlin_gene5650139.pdb
-0.276135 -0.654127  0.704178    -1.519400
-0.893852 -0.094495 -0.438292     2.073898
 0.353240 -0.750459 -0.558600    -0.856413
>../../../../class1/leu2//data/domains/Catalytic_domain/structures/LeuRS-A_AF_Euk_Neurospora_crassa_OR74A_gene3879366.pdb
-0.310279 -0.766969  0.561681     0.436676
-0.934464  0.137520 -0.328428     2.747033
 0.174652 -0.626775 -0.759375    -0.800708
>../../../../class1/leu2//data/domains/Catalytic_domain/structures/LeuRS-A_PDB_Arch_P_hori_1WKB.pdb
 0.576155 -0.606307  0.548122   -54.566706
 0.261174 -0.498888 -0.826377   -14.030992
 0.774490  0.619276 -0.129085  -121.940245
