>structures/HisRS_AF_Arch_Candidatus_Methanomassiliicoccus_intestinalis_Issoire-Mx1_gene16154026.pdb
 0.926011  0.377410  0.008138    -0.778348
-0.352184  0.871477 -0.341314    -1.509586
-0.135907  0.313194  0.939914    -2.501421
>structures/HisRS_AF_Arch_Candidatus_Nitrosopumilus_koreensis_AR1_gene13725657.pdb
-0.983412  0.165231  0.074825    -4.186754
 0.180365  0.934474  0.306963    -0.608971
-0.019203  0.315367 -0.948775    -1.786939
>structures/HisRS_AF_Arch_Desulfurococcus_amylolyticus_1221n_gene7171287.pdb
-0.053575  0.233177  0.970957    -5.163372
 0.380929 -0.894050  0.235726     1.438067
 0.923051  0.382495 -0.040925    -0.806680
>structures/HisRS_AF_Arch_Methanoregula_formicica_SMSP_gene14310605.pdb
 1.000000  0.000000  0.000000     0.000000
 0.000000  1.000000  0.000000     0.000000
 0.000000  0.000000  1.000000     0.000000
>structures/HisRS_AF_Bact_Chlamydia_muridarum_str_Nigg_gene1246198.pdb
-0.861004 -0.413612 -0.295968    -3.576625
-0.366889  0.908120 -0.201768     1.008812
 0.352228 -0.065136 -0.933645    -3.536085
>structures/HisRS_AF_Bact_Lacticaseibacillus_paracasei_gene61269730.pdb
-0.684838  0.658870  0.311266    -6.815979
 0.625510  0.312409  0.714939     5.081566
 0.373810  0.684318 -0.626080    -2.566246
>structures/HisRS_AF_Bact_Paracoccus_denitrificans_PD1222_gene75501415.pdb
 0.036501 -0.104141  0.993892    -4.388592
 0.169228 -0.979547 -0.108853     1.067209
 0.984901  0.172168 -0.018130    -1.878000
>structures/HisRS_AF_Bact_Prochlorococcus_marinus_subsp_marinus_str_CCMP1375_gene54200127.pdb
 0.088371  0.068823  0.993707    -0.377045
 0.030410 -0.997332  0.066370     3.706176
 0.995623  0.024353 -0.090228     2.946625
>structures/HisRS_AF_Bact_Streptobacillus_moniliformis_DSM_12112_gene29674169.pdb
-0.701025  0.658184  0.274513    -8.145732
 0.619933  0.372179  0.690772     4.178195
 0.352487  0.654428 -0.668937    -2.126490
>structures/HisRS_AF_Bact_Streptomyces_albidoflavus_gene15149169.pdb
-0.891725  0.425103  0.155290    -2.749730
 0.373925  0.498722  0.781956     0.687119
 0.254965  0.755357 -0.603680    -2.161675
>structures/HisRS_AF_Bact_Thermus_thermophilus_HB8_gene3168691.pdb
-0.549145  0.726832  0.412498    -6.029539
 0.700932  0.131768  0.700951     5.314121
 0.455120  0.674057 -0.581819    -2.998135
>structures/HisRS_AF_Bact_Treponema_denticola_ATCC_35405_gene2741405.pdb
-0.622512 -0.662670  0.416350    -0.990643
-0.753360  0.363322 -0.548129     1.493513
 0.211960 -0.654879 -0.725401    -1.949391
>structures/HisRS_AF_Euk_Arabidopsis_thaliana_gene823753.pdb
-0.879884  0.414264  0.232787    -4.318943
 0.430314  0.486821  0.760155     0.321419
 0.201579  0.769019 -0.606610    -2.070604
>structures/HisRS_AF_Euk_Cryptococcus_gattii_WM276_gene10186972.pdb
-0.132792  0.212306 -0.968139    -3.821023
 0.222066 -0.945584 -0.237819     1.440132
-0.965947 -0.246572  0.078420    -0.798843
>structures/HisRS_AF_Euk_Plasmodium_falciparum_3D7_gene812010.pdb
-0.648956  0.601449  0.465956     1.862774
 0.633385  0.766389 -0.107101   -12.884523
-0.421520  0.225625 -0.878302    -4.823716
>structures/HisRS_AF_Euk_Platysiphonia_delicata_gene33353157.pdb
-0.691020  0.650435  0.315319    -8.336560
 0.632617  0.333159  0.699143     5.832501
 0.349695  0.682598 -0.641696    -2.032243
>structures/HisRS_PDB_Arch_T_acidophilum_1WU7.pdb
-0.377838  0.883840 -0.275799   -22.016626
 0.215448 -0.205773 -0.954589    75.476927
-0.900456 -0.420100 -0.112673    35.523626
>structures/HisRS_PDB_Bact_B_thailandensis_4e51.pdb
 0.233926  0.896259 -0.376826    11.698804
-0.952409  0.289149  0.096489     1.627348
 0.195438  0.336321  0.921245   -44.896793
>structures/HisRS_PDB_Bact_E_coli_1HTT.pdb
-0.214729 -0.952658 -0.215255    13.525809
-0.941611  0.143406  0.304635   -22.013709
-0.259344  0.268101 -0.927827    12.725389
