>../../../../class2/pyl//data/domains/Catalytic_domain/structures/PylRS_AF_Arch_Candidatus_Methanomassiliicoccus_intestinalis_Issoire-Mx1_gene16153983.pdb
-0.274284 -0.894017  0.354263    -0.040658
-0.809996  0.016214 -0.586212    -1.803116
 0.518339 -0.447740 -0.728597     1.414202
>../../../../class2/pyl//data/domains/Catalytic_domain/structures/PylRS_AF_Arch_Methanosalsum_zhilinae_DSM_4017_gene10822650.pdb
-0.137380  0.345401  0.928345    -1.087472
 0.303995 -0.877299  0.371395     1.924821
 0.942716  0.333234  0.015523     6.007528
>../../../../class2/pyl//data/domains/Catalytic_domain/structures/PylRS_AF_Arch_Unclassified_Candidatus_Bathyarchaeota_proteinUCH69683.1.pdb
 0.999644 -0.018872 -0.018875    -0.581943
 0.019450  0.999333  0.030920    -0.181182
 0.018279 -0.031277  0.999344     0.216218
>../../../../class2/pyl//data/domains/Catalytic_domain/structures/PylRS_AF_Bact_Unclassified_Actinobacteria_proteinMBU2601214.1.pdb
 1.000000  0.000000  0.000000     0.000000
 0.000000  1.000000  0.000000     0.000000
 0.000000  0.000000  1.000000     0.000000
>../../../../class2/pyl//data/domains/Catalytic_domain/structures/PylRS_AF_Bact_Unclassified_Aerophobetes_proteinMCD6471581.1.pdb
 0.977687 -0.177671 -0.112074    -0.045614
 0.185754  0.980359  0.066273    -0.767205
 0.098097 -0.085613  0.991487     0.029847
>../../../../class2/pyl//data/domains/Catalytic_domain/structures/PylRS_AF_Bact_unclassified_Desulfosarcina_proteinMBC2741817.pdb
 0.916812 -0.399214 -0.009162    -5.289105
 0.376417  0.856346  0.353527    -0.073664
-0.133286 -0.327566  0.935380     5.611833
>../../../../class2/pyl//data/domains/Catalytic_domain/structures/PylRS_AF_Bact_unclassified_Lachnospiraceae_proteinHCE77498.1.pdb
-0.515753  0.673096  0.530038    -2.773285
 0.576124 -0.185415  0.796054     4.165470
 0.634098  0.715935 -0.292159     1.030133
>../../../../class2/pyl//data/domains/Catalytic_domain/structures/PylRS_PDB_Arch_M_mazei_2Q7E.pdb
 0.381714 -0.557225 -0.737424    37.243687
-0.768140 -0.634984  0.082204    33.882672
-0.514058  0.535066 -0.670409     8.670460
>../../../../class2/pyl//data/domains/Catalytic_domain/structures/PylRS_PDB_Bact_D_hafniense_2ZNJ.pdb
 0.922643  0.094595  0.373875   -30.241736
 0.273795 -0.843409 -0.462274   -21.631428
 0.271601  0.528879 -0.804065   -40.422692
>../../../../class2/ser2//data/domains/Catalytic_domain/structures/SerRS-A_AF_Arch_Conexivisphaera_calida_protein1635512986.pdb
 0.590221 -0.220131 -0.776648   -12.028303
 0.739825 -0.237398  0.629525    -0.833267
-0.322952 -0.946142  0.022741     4.193997
>../../../../class2/ser2//data/domains/Catalytic_domain/structures/SerRS-A_AF_Arch_Ignisphaera_aggregans_protein304378874.pdb
 0.416678 -0.109665 -0.902415   -12.160787
 0.193553 -0.959232  0.205941     1.422762
-0.888210 -0.260477 -0.378465     4.165794
>../../../../class2/ser2//data/domains/Catalytic_domain/structures/SerRS-A_AF_Arch_Methanosarcina_barkeri_protein805401349.pdb
 0.889474  0.215894 -0.402773   -14.101884
-0.013486  0.893385  0.449089    -0.644140
 0.456787 -0.394021  0.797554     2.861064
>../../../../class2/ser2//data/domains/Catalytic_domain/structures/SerRS-A_AF_Arch_Unclassified_Thermoplasmata_protein1635512986.pdb
 0.624056 -0.186131 -0.758887   -14.914655
 0.777847  0.055733  0.625978    -1.634872
-0.074219 -0.980943  0.179562     4.625957
>../../../../class2/ser2//data/domains/Catalytic_domain/structures/SerRS-A_PDB_Arch_M_barkeri_2cjb.pdb
-0.933803  0.017427  0.357364     1.503314
-0.335572  0.303817 -0.891676    90.433645
-0.124113 -0.952571 -0.277857    31.319322
