>structures/LysRS-I_AF_Arch_Candidatus_Bathyarchaeota_archaeon_proteinRJS75864.1.pdb
 0.167317  0.213866 -0.962427    -0.199390
 0.062171 -0.976534 -0.206193     2.376956
-0.983941 -0.025335 -0.176687    -1.873043
>structures/LysRS-I_AF_Arch_Candidatus_Nitrosopumilus_koreensis_AR1_gene13726042.pdb
 0.961905  0.053438 -0.268109     1.247542
-0.040820  0.997790  0.052424    -1.349455
 0.270318 -0.039483  0.961961    -4.234185
>structures/LysRS-I_AF_Arch_Ferroplasma_acidarmanus_Fer1_gene16025146.pdb
 0.281409  0.232079 -0.931100    -1.765051
-0.014585 -0.969166 -0.245975     1.761211
-0.959477  0.082800 -0.269347    -6.229711
>structures/LysRS-I_AF_Arch_Halorubrum_lacusprofundi_ATCC_49239_gene7400505.pdb
-0.511692  0.361669  0.779338    -1.529351
 0.577376 -0.526976  0.623644     4.180729
 0.636245  0.769085  0.060830    -0.891983
>structures/LysRS-I_AF_Bact_Cereibacter_sphaeroides_KD131_gene67447319.pdb
-0.358936 -0.151534  0.920979    -2.732492
-0.111744 -0.972659 -0.203587    -1.843303
 0.926649 -0.175989  0.332189    -3.508455
>structures/LysRS-I_AF_Bact_Cyanobacteria_bacterium_J007_proteinRMH73500.1.pdb
 0.191575 -0.167422 -0.967093     1.046300
 0.436052 -0.868238  0.236688     3.475390
-0.879294 -0.467046 -0.093328    -1.223814
>structures/LysRS-I_AF_Bact_Streptomyces_albidoflavus_gene15147364.pdb
 0.997578  0.047823 -0.050499    -0.208222
-0.047178  0.998790  0.013906    -0.088027
 0.051103 -0.011490  0.998627     0.100799
>structures/LysRS-I_AF_Bact_Treponema_denticola_ATCC_35405_gene2739918.pdb
 1.000000 -0.000000  0.000000     0.000000
 0.000000  1.000000  0.000000     0.000000
-0.000000  0.000000  1.000000     0.000000
>structures/LysRS-I_PDB_Arch_P_hori_1IRX.pdb
-0.003274  0.320120  0.947371   -79.516455
 0.926815  0.356716 -0.117333   -45.876989
-0.375503  0.877654 -0.297860     3.807506
