>structures/HisRS_AF_Arch_Candidatus_Methanomassiliicoccus_intestinalis_Issoire-Mx1_gene16154026.pdb
-0.068189  0.610435  0.789126    -6.533014
 0.491347 -0.667844  0.559073     0.722802
 0.868291  0.425857 -0.254396    -1.291364
>structures/HisRS_AF_Arch_Candidatus_Nitrosopumilus_koreensis_AR1_gene13725657.pdb
-0.169253  0.672550 -0.720438    -9.507956
-0.454845 -0.701786 -0.548281    -2.250696
-0.874340  0.234889  0.424685    -5.244651
>structures/HisRS_AF_Arch_Desulfurococcus_amylolyticus_1221n_gene7171287.pdb
 0.999866 -0.014693 -0.007207     0.175985
 0.014704  0.999891  0.001481     0.210825
 0.007184 -0.001586  0.999973     0.250935
>structures/HisRS_AF_Arch_Methanoregula_formicica_SMSP_gene14310605.pdb
 0.066326  0.279727  0.957786    -0.437901
 0.263723 -0.930679  0.253547    -1.599733
 0.962316  0.235773 -0.135499     1.983631
>structures/HisRS_AF_Bact_Chlamydia_muridarum_str_Nigg_gene1246198.pdb
-0.004168  0.205400 -0.978669   -10.236421
 0.236630 -0.950680 -0.200533    -2.140185
-0.971591 -0.232419 -0.044642    -3.454176
>structures/HisRS_AF_Bact_Lacticaseibacillus_paracasei_gene61269730.pdb
 0.437174  0.833109 -0.338834    -4.607222
-0.558480 -0.043839 -0.828359    -3.142415
-0.704967  0.551369  0.446109    -5.061152
>structures/HisRS_AF_Bact_Paracoccus_denitrificans_PD1222_gene75501415.pdb
 0.909089 -0.416073  0.020996    -7.602982
 0.391218  0.869935  0.300268     3.231926
-0.143198 -0.264756  0.953624    -3.858123
>structures/HisRS_AF_Bact_Prochlorococcus_marinus_subsp_marinus_str_CCMP1375_gene54200127.pdb
 0.943179 -0.331680  0.020051     1.709682
 0.331475  0.943376  0.012896     2.372299
-0.023193 -0.005517  0.999716     2.159507
>structures/HisRS_AF_Bact_Streptobacillus_moniliformis_DSM_12112_gene29674169.pdb
 0.487371  0.795693 -0.359642    -3.157150
-0.676886  0.084077 -0.731270    -9.256303
-0.551629  0.599837  0.579570    -5.983667
>structures/HisRS_AF_Bact_Streptomyces_albidoflavus_gene15149169.pdb
 0.230672  0.947534 -0.221289    -7.750333
-0.447042 -0.098798 -0.889040     0.234325
-0.864259  0.304003  0.400798    -1.905650
>structures/HisRS_AF_Bact_Thermus_thermophilus_HB8_gene3168691.pdb
 0.536301  0.769507 -0.346755    -3.113590
-0.573088  0.030382 -0.818931    -2.370447
-0.619638  0.637915  0.457289    -4.035437
>structures/HisRS_AF_Bact_Treponema_denticola_ATCC_35405_gene2741405.pdb
-0.300116 -0.470490 -0.829801    -8.799549
 0.485979 -0.823956  0.291412    -1.231077
-0.820826 -0.315808  0.475930    -1.379909
>structures/HisRS_AF_Euk_Arabidopsis_thaliana_gene823753.pdb
 0.235385  0.926928 -0.292231    -5.340741
-0.474224 -0.152920 -0.867022     1.458040
-0.848355  0.342667  0.403577    -2.675630
>structures/HisRS_AF_Euk_Cryptococcus_gattii_WM276_gene10186972.pdb
-0.827941 -0.475015 -0.298117    -9.306240
-0.488419  0.871987 -0.032956    -4.380049
 0.275609  0.118320 -0.953960    -5.653710
>structures/HisRS_AF_Euk_Homo_sapiens_gene3035.pdb
 0.380394  0.905662 -0.187287    -9.916526
-0.690594  0.143471 -0.708869   -10.508597
-0.615126  0.398990  0.680020    -7.576749
>structures/HisRS_AF_Euk_Plasmodium_falciparum_3D7_gene812010.pdb
-0.288061  0.568570 -0.770551   -13.377008
-0.868672 -0.493801 -0.039621    10.568640
-0.403026  0.657943  0.636145     0.068095
>structures/HisRS_AF_Euk_Platysiphonia_delicata_gene33353157.pdb
 0.493710  0.795766 -0.350723    -2.246037
-0.539720 -0.035842 -0.841081    -2.103541
-0.681875  0.604542  0.411796    -4.229185
>structures/HisRS_AF_Euk_Saccharomyces_cerevisiae_S288C_gene856145.pdb
 0.188293  0.962616 -0.194720    -6.864148
-0.561726 -0.057077 -0.825352    -0.446439
-0.805611  0.264788  0.529979    -5.521014
>structures/HisRS_AF_Mito_Homo_sapiens_gene23438.pdb
 0.282427  0.945077 -0.164516    -6.861683
-0.527239  0.009654 -0.849662     0.623119
-0.801408  0.326707  0.501007    -5.996855
>structures/HisRS_AF_Mito_Selaginella_moellendorffii_gene112349720.pdb
-0.549259  0.764173  0.338164    -8.873562
 0.601380  0.080489  0.794898     2.850489
 0.580221  0.639970 -0.503768    -4.859387
>structures/HisRS_PDB_Arch_T_acidophilum_1WU7.pdb
-0.767147 -0.280341 -0.576970    52.580786
-0.638402  0.245770  0.729411   -55.372294
-0.062682  0.927904 -0.367512   -21.146136
>structures/HisRS_PDB_Bact_B_thailandensis_4e51.pdb
-0.198200  0.525635  0.827300   -42.777862
 0.961706 -0.058733  0.267717   -11.494139
 0.189311  0.848680 -0.493865    19.571884
>structures/HisRS_PDB_Bact_E_coli_1HTT.pdb
-0.637056  0.244675 -0.730954     0.465687
 0.721749 -0.143587 -0.677098    32.918473
-0.270624 -0.958914 -0.085121    12.468614
