>structures/HisRS_AF_Arch_Candidatus_Methanomassiliicoccus_intestinalis_Issoire-Mx1_gene16154026.pdb
 0.832980 -0.496944 -0.243292    -0.371293
 0.548488  0.683745  0.481304     3.651950
-0.072832 -0.534360  0.842114    -2.571702
>structures/HisRS_AF_Arch_Candidatus_Nitrosopumilus_koreensis_AR1_gene13725657.pdb
-0.678592 -0.671412  0.297858    -2.313523
-0.733941  0.603765 -0.311125    -1.812136
 0.029057 -0.429737 -0.902486    -3.584716
>structures/HisRS_AF_Arch_Desulfurococcus_amylolyticus_1221n_gene7171287.pdb
-0.568726  0.616685  0.544289    -3.335823
 0.744659  0.104993  0.659135     8.666385
 0.349332  0.780177 -0.518932    -1.156097
>structures/HisRS_AF_Arch_Methanoregula_formicica_SMSP_gene14310605.pdb
 0.676022 -0.582256 -0.451632    -3.236719
 0.691017  0.288070  0.662956    10.288886
-0.255908 -0.760259  0.597091    -3.966079
>structures/HisRS_AF_Bact_Chlamydia_muridarum_str_Nigg_gene1246198.pdb
-0.418996 -0.817176  0.395810    -1.560844
-0.609237 -0.070208 -0.789874    -0.723204
 0.673255 -0.572097 -0.468437    -5.254117
>structures/HisRS_AF_Bact_Lacticaseibacillus_paracasei_gene61269730.pdb
-0.983303 -0.170809 -0.062767    -5.811080
-0.169070  0.985082 -0.032078     2.129856
 0.067310 -0.020930 -0.997513    -2.970682
>structures/HisRS_AF_Bact_Paracoccus_denitrificans_PD1222_gene75501415.pdb
-0.340479  0.606247  0.718706     0.382103
 0.627253 -0.422976  0.653945     1.269219
 0.700448  0.673466 -0.236256     0.478420
>structures/HisRS_AF_Bact_Prochlorococcus_marinus_subsp_marinus_str_CCMP1375_gene54200127.pdb
-0.336599  0.756907  0.560173    -1.934580
 0.728743 -0.167356  0.664023    12.170367
 0.596352  0.631731 -0.495258    -0.105883
>structures/HisRS_AF_Bact_Streptobacillus_moniliformis_DSM_12112_gene29674169.pdb
-0.994523 -0.050575  0.091467   -10.993251
-0.047139  0.998113  0.039343     2.217216
-0.093284  0.034816 -0.995031    -6.996999
>structures/HisRS_AF_Bact_Streptomyces_albidoflavus_gene15149169.pdb
-0.893599 -0.407452 -0.188319    -0.285606
-0.417573  0.908506  0.015771     2.376219
 0.164663  0.092730 -0.981981    -2.999378
>structures/HisRS_AF_Bact_Thermus_thermophilus_HB8_gene3168691.pdb
-0.998281 -0.038948 -0.043803    -5.690878
-0.037342  0.998621 -0.036901     4.309147
 0.045180 -0.035202 -0.998358    -2.438727
>structures/HisRS_AF_Bact_Treponema_denticola_ATCC_35405_gene2741405.pdb
-0.011236 -0.426409  0.904461    -0.271568
-0.712118 -0.631572 -0.306602     1.998727
 0.701969 -0.647528 -0.296558    -4.799975
>structures/HisRS_AF_Euk_Arabidopsis_thaliana_gene823753.pdb
-0.903714 -0.407432 -0.131531    -1.388704
-0.406860  0.912915 -0.032431     3.728722
 0.133290  0.024206 -0.990781    -0.892167
>structures/HisRS_AF_Euk_Cryptococcus_gattii_WM276_gene10186972.pdb
 0.320622  0.857180 -0.403044    -4.480369
-0.484982 -0.216942 -0.847189    -1.959844
-0.813630  0.467097  0.346161    -5.503902
>structures/HisRS_AF_Euk_Homo_sapiens_gene3035.pdb
-0.980527 -0.188970  0.053447    -8.623294
-0.171106  0.955642  0.239733    -4.140776
-0.096378  0.225920 -0.969367    -9.121362
>structures/HisRS_AF_Euk_Plasmodium_falciparum_3D7_gene812010.pdb
-0.603806 -0.224169  0.764962    10.037709
-0.548568  0.813116 -0.194720     0.764418
-0.578352 -0.537207 -0.613936     2.289285
>structures/HisRS_AF_Euk_Platysiphonia_delicata_gene33353157.pdb
-0.991085 -0.103358 -0.084074    -6.047103
-0.097407  0.992633 -0.072059     5.231138
 0.090902 -0.063227 -0.993851    -1.689851
>structures/HisRS_AF_Mito_Homo_sapiens_gene23438.pdb
-0.935421 -0.327636 -0.132824    -3.087919
-0.344215  0.929739  0.130774     0.339400
 0.080645  0.168048 -0.982474    -0.481610
>structures/HisRS_AF_Mito_Selaginella_moellendorffii_gene112349720.pdb
 0.999996 -0.001627  0.002225     0.057198
 0.001637  0.999990 -0.004238    -0.185103
-0.002218  0.004242  0.999989     0.039270
>structures/HisRS_PDB_Arch_T_acidophilum_1WU7.pdb
-0.000142  0.837523  0.546402   -78.275229
-0.674870  0.403130 -0.618091    31.502114
-0.737937 -0.368838  0.565162   -16.778325
>structures/HisRS_PDB_Bact_B_thailandensis_4e51.pdb
 0.804613  0.159829 -0.571886    24.182658
 0.047695  0.942588  0.330536   -11.442864
 0.591881 -0.293229  0.750795   -35.286571
>structures/HisRS_PDB_Bact_E_coli_1HTT.pdb
 0.636853 -0.768776 -0.058322    23.402089
-0.599186 -0.445921 -0.664929    20.410224
 0.485174  0.458408 -0.744626    18.419405
