>structures/HisRS_AF_Arch_Candidatus_Methanomassiliicoccus_intestinalis_Issoire-Mx1_gene16154026.pdb
-0.080092  0.603825  0.793083    -6.088877
 0.508762 -0.659435  0.553450     0.083977
 0.857174  0.447817 -0.254388    -1.219160
>structures/HisRS_AF_Arch_Candidatus_Nitrosopumilus_koreensis_AR1_gene13725657.pdb
-0.169620  0.642961 -0.746880    -8.346283
-0.488659 -0.713008 -0.502825    -4.224208
-0.855828  0.279680  0.435129    -5.151455
>structures/HisRS_AF_Arch_Desulfurococcus_amylolyticus_1221n_gene7171287.pdb
 1.000000  0.000000  0.000000     0.000000
 0.000000  1.000000  0.000000     0.000000
 0.000000  0.000000  1.000000     0.000000
>structures/HisRS_AF_Arch_Methanoregula_formicica_SMSP_gene14310605.pdb
 0.052692  0.262184  0.963578     0.215244
 0.277625 -0.930726  0.238064    -2.170742
 0.959243  0.254969 -0.121831     2.205132
>structures/HisRS_AF_Bact_Chlamydia_muridarum_str_Nigg_gene1246198.pdb
 0.019003  0.213184 -0.976827    -9.448838
 0.212661 -0.955509 -0.204395    -2.842587
-0.976941 -0.203849 -0.063493    -3.199941
>structures/HisRS_AF_Bact_Lacticaseibacillus_paracasei_gene61269730.pdb
 0.443504  0.818645 -0.364862    -3.576614
-0.592759 -0.037433 -0.804510    -4.673935
-0.672266  0.573079  0.468657    -4.600471
>structures/HisRS_AF_Bact_Paracoccus_denitrificans_PD1222_gene75501415.pdb
 0.909717 -0.414920  0.016009    -7.436524
 0.386610  0.860453  0.331892     2.190890
-0.151483 -0.295739  0.943181    -4.182397
>structures/HisRS_AF_Bact_Prochlorococcus_marinus_subsp_marinus_str_CCMP1375_gene54200127.pdb
 0.942341 -0.334613 -0.005214     2.412359
 0.334641  0.942058  0.023270     2.068723
-0.002875 -0.023673  0.999716     2.859521
>structures/HisRS_AF_Bact_Streptobacillus_moniliformis_DSM_12112_gene29674169.pdb
 0.495119  0.782398 -0.377770    -2.325270
-0.689800  0.089637 -0.718430    -9.902925
-0.528236  0.616294  0.584079    -5.362210
>structures/HisRS_AF_Bact_Streptomyces_albidoflavus_gene15149169.pdb
 0.257578  0.931063 -0.258408    -6.041024
-0.513178 -0.094781 -0.853033    -2.404601
-0.818719  0.352332  0.453388    -1.181803
>structures/HisRS_AF_Bact_Thermus_thermophilus_HB8_gene3168691.pdb
 0.537567  0.760474 -0.364282    -2.419790
-0.590089  0.030673 -0.806755    -3.166424
-0.602343  0.648644  0.465236    -3.890835
>structures/HisRS_AF_Bact_Treponema_denticola_ATCC_35405_gene2741405.pdb
-0.292641 -0.464515 -0.835815    -8.405945
 0.479213 -0.827637  0.292184    -1.603323
-0.827476 -0.315029  0.464802    -1.046985
>structures/HisRS_AF_Euk_Arabidopsis_thaliana_gene823753.pdb
 0.253382  0.918718 -0.302909    -4.612537
-0.493411 -0.146594 -0.857354     0.730977
-0.832071  0.366697  0.416162    -2.287772
>structures/HisRS_AF_Euk_Cryptococcus_gattii_WM276_gene10186972.pdb
-0.849853 -0.431782 -0.302184    -9.078817
-0.449484  0.893206 -0.012161    -4.744416
 0.275163  0.125491 -0.953172    -5.529262
>structures/HisRS_AF_Euk_Platysiphonia_delicata_gene33353157.pdb
 0.549039  0.759918 -0.347968    -0.634845
-0.572631  0.038750 -0.818897    -3.748237
-0.608811  0.648863  0.456427    -2.775768
>structures/HisRS_PDB_Arch_T_acidophilum_1WU7.pdb
-0.765162 -0.304737 -0.567153    53.779354
-0.640914  0.276652  0.716026   -56.970391
-0.061296  0.911372 -0.406994   -17.279002
>structures/HisRS_PDB_Bact_B_thailandensis_4e51.pdb
-0.190153  0.521164  0.832004   -42.779742
 0.965543 -0.054098  0.254560   -11.346360
 0.177678  0.851740 -0.492919    19.556328
>structures/HisRS_PDB_Bact_E_coli_1HTT.pdb
-0.632550  0.255822 -0.731051     0.683829
 0.721045 -0.150131 -0.676428    32.866368
-0.282799 -0.954995 -0.089493    12.462645
