>structures/MetRS_AF_Arch_Aciduliprofundum_boonei_T469_gene8827030.pdb
-0.254236 -0.844456  0.471443    -2.054039
-0.753890 -0.132306 -0.643541     2.619429
 0.605817 -0.519027 -0.602990    -1.015987
>structures/MetRS_AF_Arch_Candidatus_Korarchaeum_cryptofilum_OPF8_gene6093355.pdb
-0.471694  0.711595  0.520708    -1.287152
 0.688996 -0.071076  0.721272    -1.569666
 0.550263  0.698986 -0.456760    -2.505235
>structures/MetRS_AF_Arch_Candidatus_Nitrosopumilus_sediminis_gene13696902.pdb
 0.998257 -0.001910 -0.058986     1.952538
 0.006626  0.996784  0.079858     0.216629
 0.058644 -0.080110  0.995059    -0.731283
>structures/MetRS_AF_Arch_Halalkalicoccus_jeotgali_B3_gene9420443.pdb
-0.389516 -0.841353  0.374703     0.121057
-0.691066 -0.001961 -0.722789     0.406871
 0.608856 -0.540483 -0.580666     1.116998
>structures/MetRS_AF_Bact_Bacillus_anthracis_str_Ames_Ancestor_gene45024892.pdb
 0.288001 -0.154097 -0.945151    -0.380371
 0.253231 -0.939581  0.230352    -0.185307
-0.923542 -0.305683 -0.231578     0.351578
>structures/MetRS_AF_Bact_Brucella_suis_1330_gene45052047.pdb
-0.551763  0.683170  0.478369     2.709751
 0.665239  0.014576  0.746488    -0.963535
 0.503006  0.730114 -0.462514    -1.858342
>structures/MetRS_AF_Bact_Chlamydia_psittaci_6BC_gene12243105.pdb
-0.755508 -0.532450  0.381712     4.804271
-0.654392  0.641146 -0.400879    -1.584259
-0.031285 -0.552657 -0.832822     2.341626
>structures/MetRS_AF_Bact_Mycoplasma_hyopneumoniae_168-L_gene57101263.pdb
-0.595420 -0.782129  0.183711     3.691795
-0.786683  0.521148 -0.330962     0.506829
 0.163114 -0.341583 -0.925589     1.080965
>structures/MetRS_AF_Bact_Nocardia_farcinica_IFM_10152_gene61135500.pdb
-0.908144  0.371849  0.192361     4.099174
 0.413201  0.722144  0.554774    -1.594750
 0.067380  0.583298 -0.809459    -2.086123
>structures/MetRS_AF_Bact_Prochlorococcus_marinus_subsp_marinus_str_CCMP1375_gene54200313.pdb
 0.844448 -0.449258 -0.291675     3.675789
 0.534570  0.672494  0.511847    -0.737525
-0.033802 -0.588149  0.808046    -1.291979
>structures/MetRS_AF_Bact_Streptobacillus_moniliformis_DSM_12112_gene29673607.pdb
 0.422457  0.780542 -0.460743     2.391778
-0.111218 -0.459849 -0.881005     2.767147
-0.899533  0.423430 -0.107456    -1.636738
>structures/MetRS_AF_Bact_Treponema_denticola_ATCC_35405_gene2740824.pdb
 0.889468 -0.435458 -0.138650     1.353988
 0.447052  0.892050  0.066267    -2.081545
 0.094826 -0.120926  0.988122    -2.397191
>structures/MetRS_AF_Euk_Drosophila_melanogaster_gene37177.pdb
-0.218628 -0.497074  0.839714     8.767269
-0.797383 -0.405026 -0.447364     0.026195
 0.562479 -0.767380 -0.307808     5.156088
>structures/MetRS_AF_Euk_Oryza_sativa_Japonica_Group_gene4341140.pdb
-0.015008 -0.351471  0.936078     3.896796
-0.416659 -0.848831 -0.325392     2.827493
 0.908939 -0.394909 -0.133704     4.884763
>structures/MetRS_AF_Euk_Scheffersomyces_stipitis_CBS_6054_gene4836672.pdb
 0.971040  0.231705  0.058261     7.861609
-0.227354  0.971093 -0.072726     0.144767
-0.073428  0.057374  0.995649    -6.591259
>structures/MetRS_AF_Euk_Trypanosoma_brucei_brucei_TREU927_gene3662741.pdb
 0.339923  0.660897 -0.669080     6.291631
-0.349212 -0.571877 -0.742299    -0.185477
-0.873214  0.485975  0.036399    -2.767247
>structures/MetRS_AF_Mito_Arvicanthis_niloticus_gene117706247.pdb
 0.674912  0.734500 -0.070733     4.961424
-0.535031  0.421094 -0.732408     2.115736
-0.508169  0.532155  0.677182    -1.548605
>structures/MetRS_AF_Mito_Brachypodium_distachyon_gene100843706.pdb
-0.303605 -0.871040  0.386152     3.110850
-0.852512  0.067351 -0.518350     1.377895
 0.425496 -0.486573 -0.763020    -0.739937
>structures/MetRS_AF_Vir_Megavirus_chiliensis_gene11256705.pdb
 0.999934 -0.008334  0.007934    -0.133445
 0.008320  0.999964  0.001910    -0.022442
-0.007950 -0.001844  0.999967    -0.001585
>structures/MetRS_PDB_Arch_P_abyssi_1RQG.pdb
 0.394115  0.636139 -0.663326    39.601610
-0.113758 -0.682428 -0.722047    87.511997
-0.911994  0.360028 -0.196589    25.622074
>structures/MetRS_PDB_Bact_E_coli_1PFV.pdb
-0.805237  0.191139  0.561302   -11.245384
 0.504216  0.718857  0.478551   -24.978515
-0.312026  0.668364 -0.675226    17.682954
>structures/MetRS_PDB_Bact_T_therm_1WOY.pdb
-0.264551  0.820171 -0.507279    84.214415
 0.809336  0.474855  0.345671   -33.782574
 0.524393 -0.319112 -0.789417    91.603645
