>structures/ArgRS_AF_Arch_Candidatus_Korarchaeum_cryptofilum_OPF8_gene6093502.pdb
-0.198866 -0.713204  0.672155    -1.838292
-0.801168 -0.276696 -0.530631     0.472756
 0.564431 -0.644033 -0.516371     3.958909
>structures/ArgRS_AF_Arch_Candidatus_Nitrosopumilus_sediminis_gene13697696.pdb
-0.395168 -0.872490  0.287409    -0.628969
-0.903795  0.313313 -0.291531    -0.750826
 0.164309 -0.374962 -0.912363     1.570132
>structures/ArgRS_AF_Arch_Desulfurococcus_mucosus_DSM_2162_gene10153309.pdb
-0.374698 -0.782552  0.497206    -8.399456
-0.726859 -0.084975 -0.681509    -0.405229
 0.575567 -0.616759 -0.536965     2.956690
>structures/ArgRS_AF_Arch_Methanothermococcus_okinawensis_IH1_gene10773248.pdb
-0.260243 -0.333924  0.905963    -0.296171
-0.583934 -0.692825 -0.423102    -1.154481
 0.768957 -0.639132 -0.014686     1.649591
>structures/ArgRS_AF_Bact_Anoxybacillus_flavithermus_WK1_gene7039015.pdb
-0.848745 -0.475779  0.230794     1.773592
-0.487753  0.872962  0.005885    -1.727470
-0.204274 -0.107575 -0.972985     3.008841
>structures/ArgRS_AF_Bact_Brachyspira_pilosicoli_95_1000_gene56439668.pdb
 0.130940 -0.419284  0.898363     0.285708
-0.407413 -0.848869 -0.336802     1.715338
 0.903808 -0.321904 -0.281973    -0.071451
>structures/ArgRS_AF_Bact_Chlamydia_psittaci_6BC_gene12242456.pdb
 0.046008 -0.699042  0.713599    -0.504795
-0.739540 -0.504061 -0.446098     1.474210
 0.671539 -0.507211 -0.540160     1.965828
>structures/ArgRS_AF_Bact_Corynebacterium_ulcerans_809_gene75260071.pdb
 0.105188 -0.501124  0.858959    -0.126256
-0.500778 -0.772933 -0.389610     0.851211
 0.859160 -0.389166 -0.332255     0.053597
>structures/ArgRS_AF_Bact_Cupriavidus_taiwanensis_LMG_19424_gene29762022.pdb
-0.081789 -0.626460  0.775151    -1.088658
-0.708731 -0.510265 -0.487166    -0.989993
 0.700722 -0.589218 -0.402257     0.576035
>structures/ArgRS_AF_Bact_Escherichia_coli_O157:H7_str._Sakai_gene912519.pdb
 0.614948  0.744204 -0.260768     1.408843
-0.474304  0.084886 -0.876259    -2.351182
-0.629980  0.662537  0.405180    -1.100109
>structures/ArgRS_AF_Bact_Mycoplasma_hyopneumoniae_168-L_gene57100855.pdb
-0.084467 -0.670977  0.736651    -2.712030
-0.822550 -0.370306 -0.431608    -0.814978
 0.562385 -0.642389 -0.520633     2.768438
>structures/ArgRS_AF_Bact_Prochlorococcus_marinus_subsp_marinus_str_CCMP1375_gene54199571.pdb
-0.962418 -0.271272 -0.012781    -3.421694
-0.257181  0.895288  0.363755    -1.907541
-0.087234  0.353372 -0.931407    -1.586708
>structures/ArgRS_AF_Bact_Streptobacillus_moniliformis_DSM_12112_gene29674021.pdb
 0.999993  0.003686  0.000336     0.010835
-0.003686  0.999992  0.001496    -0.002993
-0.000330 -0.001498  0.999999    -0.006915
>structures/ArgRS_AF_Euk_Homo_sapiens_gene5917.pdb
-0.964436  0.229446  0.131219    -3.678725
 0.239111  0.545777  0.803090     2.870166
 0.112649  0.805905 -0.581229    -0.352689
>structures/ArgRS_AF_Euk_Micromonas_commoda_gene8250062.pdb
 0.080478 -0.725098 -0.683927     1.530896
 0.910393 -0.225903  0.346629     0.663452
-0.405841 -0.650538  0.641944     3.465081
>structures/ArgRS_AF_Euk_Paulinella_chromatophora_gene6481434.pdb
-0.996681 -0.013839 -0.080221    -5.162761
-0.058634  0.805632  0.589508     0.358897
 0.056470  0.592255 -0.803769    -0.892042
>structures/ArgRS_AF_Euk_Polyodon_spathula_gene121324634.pdb
-0.156552  0.265364  0.951354     2.824820
-0.273359 -0.937244  0.216445     2.797821
 0.949087 -0.226176  0.219267     7.967847
>structures/ArgRS_AF_Euk_Thalassiosira_pseudonana_CCMP1335_gene7449555.pdb
 0.996065  0.075034 -0.047154     4.047649
-0.086529  0.938377 -0.334606    -3.707647
 0.019142  0.337370  0.941178     3.682915
>structures/ArgRS_AF_Mito_Caenorhabditis_elegans_gene174023.pdb
-0.875633  0.474564  0.089752    -4.934268
 0.364887  0.528268  0.766675    -3.538573
 0.316423  0.704075 -0.635732     3.181706
>structures/ArgRS_AF_Mito_Homo_sapiens_gene57038.pdb
 0.565410  0.784068 -0.256024    -0.187750
-0.536712  0.114048 -0.836022    -5.391526
-0.626300  0.610106  0.485303    -1.180462
>structures/ArgRS_AF_Mito_Saccharomyces_cerevisiae_S288C_gene851942.pdb
 0.198921  0.729609 -0.654294     1.813177
-0.067201 -0.655910 -0.751842     0.749144
-0.977709  0.193526 -0.081444     0.494682
>structures/ArgRS_AF_Vir_Megavirus_chiliensis_gene11257368.pdb
 0.783331  0.613409 -0.100605     2.657931
-0.369700  0.329634 -0.868714    -2.651397
-0.499714  0.717684  0.484990    -1.579344
>structures/ArgRS_PDB_Arch_2ZUF.pdb
-0.939888  0.075153  0.333111     9.416790
-0.110902 -0.989783 -0.089610     2.854956
 0.322973 -0.121166  0.938620   -33.311840
>structures/ArgRS_PDB_Bact_1IQ0.pdb
 0.358279  0.271849  0.893160   -22.613811
 0.452382  0.786310 -0.420794   -59.388722
-0.816693  0.554811  0.158739   -29.120288
>structures/ArgRS_PDB_Euk_S_cerevisiae_1BS2.pdb
-0.718855 -0.162432  0.675917    55.358359
 0.375048  0.728049  0.573833   -60.170882
-0.585309  0.666004 -0.462442   -34.268225
