>structures/ArgRS_AF_Arch_Candidatus_Korarchaeum_cryptofilum_OPF8_gene6093502.pdb
-0.538016  0.506228  0.673997    -4.091565
 0.489499 -0.463320  0.738732    -1.811856
 0.686243  0.727371  0.001476     2.316103
>structures/ArgRS_AF_Arch_Candidatus_Nitrosopumilus_sediminis_gene13697696.pdb
-0.179307  0.172245  0.968597    -1.432252
 0.336335 -0.914497  0.224887    -0.587733
 0.924515  0.366097  0.106043     2.641817
>structures/ArgRS_AF_Arch_Desulfurococcus_mucosus_DSM_2162_gene10153309.pdb
-0.588965  0.452857  0.669359    -4.358776
 0.314612 -0.634434  0.706054    -6.216918
 0.744406  0.626429  0.231185     7.351134
>structures/ArgRS_AF_Arch_Methanothermococcus_okinawensis_IH1_gene10773248.pdb
-0.764815  0.604527  0.222723    -1.417464
 0.341673  0.087517  0.935735    -0.065150
 0.546185  0.791763 -0.273485     2.720541
>structures/ArgRS_AF_Bact_Anoxybacillus_flavithermus_WK1_gene7039015.pdb
 0.063399 -0.047538  0.996855    -2.297318
-0.338759 -0.940585 -0.023310     2.083738
 0.938735 -0.336216 -0.075736     1.685113
>structures/ArgRS_AF_Bact_Brachyspira_pilosicoli_95_1000_gene56439668.pdb
-0.830552  0.287872  0.476774     0.189315
 0.537283  0.188704  0.822021    -1.854452
 0.146668  0.938893 -0.311397     0.322133
>structures/ArgRS_AF_Bact_Chlamydia_psittaci_6BC_gene12242456.pdb
-0.597679  0.390859  0.700006    -1.949027
 0.648585 -0.277534  0.708740    -1.882028
 0.471293  0.877613 -0.087630     0.851058
>structures/ArgRS_AF_Bact_Corynebacterium_ulcerans_809_gene75260071.pdb
-0.785442  0.332819  0.521835     0.038220
 0.571440  0.066043  0.817982    -1.566914
 0.237777  0.940675 -0.242059     1.227577
>structures/ArgRS_AF_Bact_Cupriavidus_taiwanensis_LMG_19424_gene29762022.pdb
-0.653974  0.485620  0.580078    -0.538478
 0.540645 -0.236338  0.807371    -0.959292
 0.529170  0.841616 -0.107989     3.200918
>structures/ArgRS_AF_Bact_Mycoplasma_hyopneumoniae_168-L_gene57100855.pdb
-0.511928  0.519353  0.684253    -3.015126
 0.586563 -0.370608  0.720135    -1.834329
 0.627594  0.770014 -0.114909     3.953587
>structures/ArgRS_AF_Bact_Prochlorococcus_marinus_subsp_marinus_str_CCMP1375_gene54199571.pdb
-0.088745 -0.459879  0.883536     1.171048
-0.550381 -0.716679 -0.428313    -2.480966
 0.830184 -0.524291 -0.189507     5.589903
>structures/ArgRS_AF_Bact_Streptobacillus_moniliformis_DSM_12112_gene29674021.pdb
 0.199363 -0.064836 -0.977779     0.183085
 0.731966 -0.653559  0.192580    -0.917587
-0.651522 -0.754094 -0.082838     1.785986
>structures/ArgRS_AF_Euk_Micromonas_commoda_gene8250062.pdb
 0.349460  0.510781 -0.785481    -2.957945
-0.618585 -0.503883 -0.602872     0.430498
-0.703726  0.696567  0.139875    -0.008208
>structures/ArgRS_AF_Euk_Paulinella_chromatophora_gene6481434.pdb
-0.249529 -0.636281  0.729988    -0.008417
-0.677797 -0.423631 -0.600939    -5.103945
 0.691611 -0.644735 -0.325561     4.967858
>structures/ArgRS_AF_Euk_Polyodon_spathula_gene121324634.pdb
-0.940503  0.337448 -0.039801    -7.247735
 0.249098  0.764402  0.594676     0.841822
 0.231096  0.549380 -0.802979    -2.810659
>structures/ArgRS_AF_Euk_Thalassiosira_pseudonana_CCMP1335_gene7449555.pdb
 0.185300 -0.378454 -0.906883    -2.373982
 0.787192 -0.495239  0.367514     5.169596
-0.588211 -0.781991  0.206149     1.627902
>structures/ArgRS_AF_Mito_Caenorhabditis_elegans_gene174023.pdb
-0.508554 -0.629772  0.587163    -3.683351
-0.816598  0.136539 -0.560825    -1.592989
 0.273021 -0.764686 -0.583708     7.417863
>structures/ArgRS_AF_Mito_Saccharomyces_cerevisiae_S288C_gene851942.pdb
 1.000000  0.000000  0.000000     0.000000
 0.000000  1.000000  0.000000     0.000000
 0.000000  0.000000  1.000000     0.000000
>structures/ArgRS_AF_Vir_Megavirus_chiliensis_gene11257368.pdb
 0.669506 -0.602047 -0.435087     2.421954
 0.716973  0.370635  0.590407     2.441469
-0.194194 -0.707227  0.679793     2.167728
>structures/ArgRS_PDB_Arch_2ZUF.pdb
-0.497637  0.201641 -0.843622    34.400668
-0.548917  0.679859  0.486294    -2.518647
 0.671601  0.705077 -0.227639    -3.766151
>structures/ArgRS_PDB_Bact_1IQ0.pdb
 0.836337 -0.546027  0.048944    28.495564
-0.195740 -0.214028  0.957015    16.179002
-0.512080 -0.809967 -0.285879    63.361278
>structures/ArgRS_PDB_Euk_S_cerevisiae_1BS2.pdb
 0.394951 -0.744479  0.538298    49.746493
-0.890339 -0.454641  0.024464    71.508079
 0.226519 -0.488930 -0.842399    13.252248
