>structures/ArgRS_AF_Arch_Candidatus_Korarchaeum_cryptofilum_OPF8_gene6093502.pdb
 0.350753  0.814489 -0.462147    -2.636159
-0.460230 -0.279866 -0.842534     3.659418
-0.815574  0.508216  0.276688    -4.305961
>structures/ArgRS_AF_Arch_Candidatus_Nitrosopumilus_sediminis_gene13697696.pdb
 0.601447  0.789862 -0.119915    -3.269076
-0.640143  0.386656 -0.663863     1.384476
-0.477994  0.476041  0.738178    -2.548280
>structures/ArgRS_AF_Arch_Desulfurococcus_mucosus_DSM_2162_gene10153309.pdb
 0.499396  0.828682 -0.252764     3.988396
-0.341514 -0.079835 -0.936480     4.324409
-0.796223  0.553997  0.243138    -3.600910
>structures/ArgRS_AF_Arch_Methanothermococcus_okinawensis_IH1_gene10773248.pdb
 0.335040  0.558134 -0.759101    -3.490557
-0.176592 -0.754191 -0.632464     0.960556
-0.925507  0.345952 -0.154123    -2.774690
>structures/ArgRS_AF_Bact_Anoxybacillus_flavithermus_WK1_gene7039015.pdb
 0.961227  0.238846 -0.137826    -5.450058
-0.274738  0.872444 -0.404179     0.362394
 0.023709  0.426374  0.904236    -4.278744
>structures/ArgRS_AF_Bact_Brachyspira_pilosicoli_95_1000_gene56439668.pdb
-0.098963  0.653040 -0.750829    -4.647944
-0.078619 -0.757306 -0.648311     2.751966
-0.991981 -0.005129  0.126287    -0.131253
>structures/ArgRS_AF_Bact_Chlamydia_psittaci_6BC_gene12242456.pdb
 0.089839  0.848224 -0.521962    -4.004221
-0.434466 -0.438209 -0.786900     3.478198
-0.896196  0.297469  0.329157    -2.103795
>structures/ArgRS_AF_Bact_Corynebacterium_ulcerans_809_gene75260071.pdb
-0.045905  0.717801 -0.694733    -4.037219
-0.170776 -0.690867 -0.702523     2.137660
-0.984240  0.086395  0.154298    -0.557877
>structures/ArgRS_AF_Bact_Cupriavidus_taiwanensis_LMG_19424_gene29762022.pdb
 0.202078  0.787281 -0.582541    -2.677234
-0.361416 -0.492883 -0.791483     0.943754
-0.910243  0.370481  0.184935    -1.704153
>structures/ArgRS_AF_Bact_Escherichia_coli_O157:H7_str._Sakai_gene912519.pdb
-0.411887 -0.795841  0.443832    -4.574642
-0.816903  0.106675 -0.566825    -1.556194
 0.403757 -0.596035 -0.694063    -0.678361
>structures/ArgRS_AF_Bact_Mycoplasma_hyopneumoniae_168-L_gene57100855.pdb
 0.246547  0.798201 -0.549627    -1.355262
-0.511543 -0.374508 -0.773348     2.326395
-0.823127  0.471825  0.315980    -3.657006
>structures/ArgRS_AF_Bact_Prochlorococcus_marinus_subsp_marinus_str_CCMP1375_gene54199571.pdb
 0.999991 -0.004115 -0.000786    -0.004647
 0.004113  0.999988 -0.002745    -0.002974
 0.000797  0.002742  0.999996     0.005845
>structures/ArgRS_AF_Bact_Streptobacillus_moniliformis_DSM_12112_gene29674021.pdb
-0.960285 -0.264560 -0.088667    -3.940620
-0.278601  0.891674  0.356789     1.315499
-0.015330  0.367321 -0.929968    -0.816183
>structures/ArgRS_AF_Euk_Homo_sapiens_gene5917.pdb
 0.854744 -0.433975 -0.284742    -1.113799
 0.519038  0.710918  0.474548     4.773934
-0.003514 -0.553409  0.832902     0.609990
>structures/ArgRS_AF_Euk_Micromonas_commoda_gene8250062.pdb
-0.278108  0.810663  0.515249    -5.887968
 0.648519 -0.237231  0.723287     2.731046
 0.708576  0.535301 -0.459754    -3.824451
>structures/ArgRS_AF_Euk_Paulinella_chromatophora_gene6481434.pdb
 0.968439 -0.249176 -0.006138     1.016041
 0.241981  0.934003  0.262838     2.747528
-0.059760 -0.256028  0.964820     0.213880
>structures/ArgRS_AF_Euk_Polyodon_spathula_gene121324634.pdb
 0.138399  0.009563 -0.990330    -8.078478
 0.136386 -0.990610  0.009495     5.878223
-0.980941 -0.136382 -0.138404    -7.251713
>structures/ArgRS_AF_Euk_Thalassiosira_pseudonana_CCMP1335_gene7449555.pdb
-0.936588 -0.346857  0.049929    -7.178198
-0.344590  0.937486  0.048759    -1.792684
-0.063720  0.028462 -0.997562    -5.663170
>structures/ArgRS_AF_Mito_Caenorhabditis_elegans_gene174023.pdb
 0.718612 -0.656071 -0.230581     1.455880
 0.679404  0.591621  0.434044     0.651788
-0.148347 -0.468567  0.870883    -5.006508
>structures/ArgRS_AF_Mito_Homo_sapiens_gene57038.pdb
-0.348571 -0.837145  0.421529    -2.240427
-0.857495  0.103252 -0.504025    -3.860405
 0.378418 -0.537147 -0.753838    -1.693134
>structures/ArgRS_AF_Vir_Megavirus_chiliensis_gene11257368.pdb
-0.612499 -0.738874  0.280908    -5.655228
-0.723480  0.380827 -0.575802    -2.338050
 0.318468 -0.555909 -0.767817    -0.360097
>structures/ArgRS_PDB_Arch_2ZUF.pdb
 0.904070  0.196859 -0.379348   -10.800448
 0.274397 -0.947862  0.162065   -10.563092
-0.327666 -0.250610 -0.910950    31.085484
>structures/ArgRS_PDB_Bact_1IQ0.pdb
-0.390724 -0.515465 -0.762647    35.877253
 0.015128  0.824799 -0.565224   -55.854198
 0.920384 -0.232384 -0.314471     4.864451
>structures/ArgRS_PDB_Euk_S_cerevisiae_1BS2.pdb
 0.644715 -0.092234 -0.758838   -38.448010
 0.324593  0.931786  0.162522   -79.825753
 0.692085 -0.351094  0.630675     8.267477
