>structures/ArgRS_AF_Arch_Candidatus_Korarchaeum_cryptofilum_OPF8_gene6093502.pdb
-0.198943 -0.713247  0.672086    -1.837979
-0.801194 -0.276562 -0.530661     0.473656
 0.564366 -0.644043 -0.516430     3.959457
>structures/ArgRS_AF_Arch_Candidatus_Nitrosopumilus_sediminis_gene13697696.pdb
-0.395285 -0.872453  0.287358    -0.628708
-0.903753  0.313453 -0.291508    -0.750020
 0.164254 -0.374930 -0.912386     1.570487
>structures/ArgRS_AF_Arch_Desulfurococcus_mucosus_DSM_2162_gene10153309.pdb
-0.374763 -0.782582  0.497110    -8.399286
-0.726877 -0.084820 -0.681509    -0.403421
 0.575502 -0.616743 -0.537054     2.957451
>structures/ArgRS_AF_Arch_Methanothermococcus_okinawensis_IH1_gene10773248.pdb
-0.261345 -0.332557  0.906148    -0.290634
-0.581707 -0.694882 -0.422794    -1.173046
 0.770270 -0.637608 -0.011846     1.628917
>structures/ArgRS_AF_Bact_Anoxybacillus_flavithermus_WK1_gene7039015.pdb
-0.848825 -0.475649  0.230769     1.773767
-0.487646  0.873023  0.005748    -1.727829
-0.204201 -0.107655 -0.972992     3.008415
>structures/ArgRS_AF_Bact_Brachyspira_pilosicoli_95_1000_gene56439668.pdb
 0.130921 -0.419406  0.898309     0.286099
-0.407435 -0.848813 -0.336917     1.715719
 0.903801 -0.321893 -0.282008    -0.071475
>structures/ArgRS_AF_Bact_Chlamydia_psittaci_6BC_gene12242456.pdb
 0.045888 -0.699135  0.713516    -0.503956
-0.739465 -0.504003 -0.446288     1.473933
 0.671630 -0.507140 -0.540113     1.965050
>structures/ArgRS_AF_Bact_Corynebacterium_ulcerans_809_gene75260071.pdb
 0.105137 -0.501244  0.858895    -0.125806
-0.500644 -0.772929 -0.389791     0.850403
 0.859245 -0.389019 -0.332208     0.052534
>structures/ArgRS_AF_Bact_Cupriavidus_taiwanensis_LMG_19424_gene29762022.pdb
-0.081871 -0.626540  0.775077    -1.088467
-0.708669 -0.510223 -0.487300    -0.989928
 0.700775 -0.589169 -0.402237     0.575762
>structures/ArgRS_AF_Bact_Mycoplasma_hyopneumoniae_168-L_gene57100855.pdb
-0.084573 -0.671037  0.736584    -2.711735
-0.822526 -0.370227 -0.431722    -0.814336
 0.562405 -0.642372 -0.520634     2.768419
>structures/ArgRS_AF_Bact_Prochlorococcus_marinus_subsp_marinus_str_CCMP1375_gene54199571.pdb
-0.962460 -0.271124 -0.012740    -3.421572
-0.257037  0.895365  0.363667    -1.907527
-0.087192  0.353290 -0.931442    -1.586946
>structures/ArgRS_AF_Bact_Streptobacillus_moniliformis_DSM_12112_gene29674021.pdb
 0.999993  0.003840  0.000350     0.011280
-0.003840  0.999991  0.001556    -0.003106
-0.000344 -0.001558  0.999999    -0.007194
>structures/ArgRS_AF_Euk_Homo_sapiens_gene5917.pdb
-0.964391  0.229553  0.131362    -3.677546
 0.239312  0.545905  0.802943     2.869520
 0.112607  0.805787 -0.581401    -0.354324
>structures/ArgRS_AF_Euk_Micromonas_commoda_gene8250062.pdb
 0.080555 -0.725148 -0.683865     1.531142
 0.910441 -0.225739  0.346610     0.664126
-0.405719 -0.650540  0.642020     3.465782
>structures/ArgRS_AF_Euk_Paulinella_chromatophora_gene6481434.pdb
-0.996689 -0.013698 -0.080148    -5.162328
-0.058474  0.805677  0.589462     0.359436
 0.056499  0.592197 -0.803810    -0.892325
>structures/ArgRS_AF_Euk_Polyodon_spathula_gene121324634.pdb
-0.156585  0.265206  0.951392     2.825901
-0.273199 -0.937320  0.216319     2.797783
 0.949128 -0.226047  0.219224     7.966714
>structures/ArgRS_AF_Euk_Thalassiosira_pseudonana_CCMP1335_gene7449555.pdb
 0.996051  0.075200 -0.047189     4.047576
-0.086694  0.938408 -0.334476    -3.708480
 0.019130  0.337247  0.941222     3.682624
>structures/ArgRS_AF_Mito_Caenorhabditis_elegans_gene174023.pdb
-0.875564  0.474674  0.089850    -4.934389
 0.365025  0.528190  0.766663    -3.537499
 0.316457  0.704060 -0.635732     3.181849
>structures/ArgRS_AF_Mito_Homo_sapiens_gene57038.pdb
 0.565485  0.784065 -0.255867    -0.187882
-0.536803  0.114364 -0.835921    -5.394728
-0.626154  0.610051  0.485560    -1.180033
>structures/ArgRS_AF_Mito_Saccharomyces_cerevisiae_S288C_gene851942.pdb
 0.198886  0.729516 -0.654408     1.813647
-0.067229 -0.656019 -0.751744     0.749200
-0.977714  0.193506 -0.081428     0.494644
>structures/ArgRS_AF_Vir_Megavirus_chiliensis_gene11257368.pdb
 0.783263  0.613472 -0.100756     2.658073
-0.369937  0.329666 -0.868601    -2.653281
-0.499646  0.717616  0.485161    -1.579791
>structures/ArgRS_PDB_Arch_2ZUF.pdb
-0.938868  0.074935  0.336022     9.278101
-0.112097 -0.989376 -0.092571     2.987207
 0.325515 -0.124579  0.937294   -33.307738
>structures/ArgRS_PDB_Bact_1IQ0.pdb
 0.358334  0.271981  0.893097   -22.623132
 0.452329  0.786266 -0.420933   -59.384772
-0.816697  0.554809  0.158721   -29.120077
>structures/ArgRS_PDB_Euk_S_cerevisiae_1BS2.pdb
-0.718929 -0.162544  0.675811    55.367032
 0.374673  0.728308  0.573749   -60.179933
-0.585458  0.665693 -0.462701   -34.245139
