>structures/PheRS-Aα_AF_Arch_Candidatus_Nitrosopumilus_koreensis_AR1_gene13724458.pdb
 0.999932  0.003778 -0.011006    -0.188446
-0.003696  0.999965  0.007495     0.074497
 0.011034 -0.007454  0.999911    -0.178238
>structures/PheRS-Aα_AF_Arch_Haloterrigena_turkmenica_DSM_5511_gene8744248.pdb
 0.071620  0.976858 -0.201543     2.092216
-0.442374 -0.149993 -0.884199    -6.779654
-0.893966  0.152484  0.421394     9.865441
>structures/PheRS-Aα_AF_Arch_Thermoplasma_volcanium_GSS1_gene1441177.pdb
-0.411530 -0.911026 -0.025961     1.074128
-0.901913  0.411181 -0.132221    -8.910390
 0.131132 -0.030998 -0.990880     8.730807
>structures/PheRS-Aα_AF_Arch_Thermosphaera_aggregans_DSM_11486_gene9165306.pdb
 0.896930  0.085813  0.433766     3.477817
 0.047319  0.956726 -0.287116    -9.800121
-0.439634  0.278048  0.854056    15.771591
>structures/PheRS-Aα_AF_Euk_Cyanidioschyzon_merolae_strain_10D_gene16993638.pdb
-0.908210  0.323025 -0.266099    -6.882589
 0.103983  0.790049  0.604161    -5.482650
 0.405390  0.521035 -0.751120    12.351154
>structures/PheRS-Aα_AF_Euk_Megalobrama_amblycephala_gene125266654.pdb
 0.459460 -0.513198  0.724931     3.573282
-0.512208 -0.819888 -0.255785    -6.662469
 0.725631 -0.253792 -0.639570    16.808494
>structures/PheRS-Aα_AF_Euk_Plasmodium_falciparum_3D7_gene813233.pdb
 0.256185 -0.878264 -0.403759    -0.409090
 0.825325 -0.018701  0.564348     1.545106
-0.503198 -0.477811  0.720062    18.847128
>structures/PheRS-Aα_AF_Euk_Schizosaccharomyces_pombe_gene2543647.pdb
-0.506410  0.351517 -0.787391    -4.748071
 0.020250 -0.908036 -0.418402    -3.218304
-0.862055 -0.227828  0.452720    13.330155
>structures/PheRS-Aα_PDB_Euk.B_H_sapiens_3L4G.C.pdb
 0.451366  0.372776 -0.810745   -86.768714
-0.471698 -0.671573 -0.571394    70.215994
-0.757476  0.640334 -0.127287   -40.958633
