>structures/PylRS_AF_Arch_Candidatus_Methanomassiliicoccus_intestinalis_Issoire-Mx1_gene16153983.pdb
-0.274759 -0.905450  0.323523     0.410886
-0.824651  0.048889 -0.563525    -1.547829
 0.494427 -0.421627 -0.760113     1.179960
>structures/PylRS_AF_Arch_Methanosalsum_zhilinae_DSM_4017_gene10822650.pdb
-0.107091  0.338517  0.934846    -0.455893
 0.267986 -0.895627  0.355014     2.008495
 0.957452  0.288544  0.005196     5.948770
>structures/PylRS_AF_Arch_Unclassified_Candidatus_Bathyarchaeota_proteinUCH69683.1.pdb
 0.999972  0.000696  0.007501    -0.127270
-0.000647  0.999978 -0.006542     0.103087
-0.007505  0.006537  0.999950     0.053357
>structures/PylRS_AF_Bact_Unclassified_Actinobacteria_proteinMBU2601214.1.pdb
 0.999469  0.017982  0.027185     0.444858
-0.016926  0.999112 -0.038596     0.309322
-0.027855  0.038116  0.998885    -0.162800
>structures/PylRS_AF_Bact_Unclassified_Aerophobetes_proteinMCD6471581.1.pdb
 0.983721 -0.160754 -0.080323     0.411639
 0.163568  0.986084  0.029741    -0.506752
 0.074424 -0.042395  0.996325    -0.206994
>structures/PylRS_AF_Bact_unclassified_Desulfosarcina_proteinMBC2741817.pdb
 0.915198 -0.402304  0.023771    -4.658280
 0.375047  0.871810  0.315100     0.215959
-0.147490 -0.279463  0.948761     5.558541
>structures/PylRS_AF_Bact_unclassified_Lachnospiraceae_proteinHCE77498.1.pdb
-0.484603  0.692520  0.534393    -2.216471
 0.558882 -0.224842  0.798183     4.454899
 0.672912  0.685465 -0.278078     1.072674
>structures/PylRS_PDB_Arch_M_mazei_2Q7E.pdb
 0.355926 -0.553676 -0.752834    38.452396
-0.751755 -0.648190  0.121300    33.264648
-0.555140  0.522773 -0.646937     8.929228
>structures/PylRS_PDB_Bact_D_hafniense_2ZNJ.pdb
 0.934116  0.093217  0.344582   -31.138188
 0.248064 -0.863651 -0.438830   -19.378040
 0.256692  0.495396 -0.829874   -40.618839
