>../../../../class2/asp2//data/domains/Catalytic_domain/structures/AspRS-E_AF_Euk_Caenorhabditis_elegans_gene176334.pdb
 0.134672  0.652996  0.745291    12.507080
-0.844801 -0.317418  0.430764    56.579094
 0.517856 -0.687635  0.508904    74.127032
>../../../../class2/asp2//data/domains/Catalytic_domain/structures/AspRS-E_AF_Euk_Cryptococcus_neoformans_var_neoformans_JEC21_gene3258977.pdb
-0.384011 -0.703103  0.598483     2.883580
-0.747128  0.617472  0.246024    59.613782
-0.542526 -0.352668 -0.762424    82.102047
>../../../../class2/asp2//data/domains/Catalytic_domain/structures/AspRS-E_AF_Euk_Thalassiosira_pseudonana_CCMP1335_gene7443135.pdb
 0.207577  0.558033  0.803437    12.461013
-0.874376 -0.262419  0.408171    54.768648
 0.438610 -0.787232  0.433459    74.073455
>../../../../class2/asp2//data/domains/Catalytic_domain/structures/AspRS-E_AF_Euk_Theileria_orientalis_strain_Shintoku_gene20715543.pdb
 0.110249  0.781463  0.614134    12.575028
-0.795667 -0.300895  0.525716    57.946587
 0.595617 -0.546606  0.588610    74.208383
>../../../../class2/asp2//data/domains/Catalytic_domain/structures/AspRS-E_PDB_Euk_S_cerevisiae_1EOV.pdb
 0.914351  0.024511  0.404179    -7.017007
 0.350723  0.450930 -0.820765    93.318774
-0.202375  0.892223  0.403712    39.617140
>../../../../class2/asp2//data/domains/Catalytic_domain/structures/AsxRS_AF_Arch_Candidatus_Korarchaeum_cryptofilum_OPF8_gene6094477.pdb
 0.232774  0.014267  0.972426    12.020714
-0.955822 -0.181197  0.231458    51.954017
 0.179502 -0.983343 -0.028541    73.754654
>../../../../class2/asp2//data/domains/Catalytic_domain/structures/AsxRS_AF_Arch_Candidatus_Methanomassiliicoccus_intestinalis_Issoire-Mx1_gene16154831.pdb
 0.248017 -0.112595  0.962190    12.335382
-0.967482 -0.079706  0.240054    53.530790
 0.049663 -0.990439 -0.128702    73.645454
>../../../../class2/asp2//data/domains/Catalytic_domain/structures/AsxRS_AF_Arch_Candidatus_Nitrosopumilus_koreensis_AR1_gene13725312.pdb
 0.163760 -0.605049  0.779165    16.347350
-0.857976  0.302467  0.415200    49.657345
-0.486889 -0.736498 -0.469586    72.067244
>../../../../class2/asp2//data/domains/Catalytic_domain/structures/AsxRS_AF_Arch_Methanobacterium_lacus_gene10277817.pdb
-0.233520 -0.882873  0.407436    15.561748
-0.566962  0.464050  0.680597    51.355506
-0.789951 -0.072068 -0.608920    69.227488
>../../../../class2/asp2//data/domains/Catalytic_domain/structures/AsxRS_AF_Bact_Clostridium_acetobutylicum_DSM_1731_gene45000055.pdb
 0.115171  0.642482  0.757597    11.396477
-0.848084 -0.333494  0.411747    54.150906
 0.517194 -0.689927  0.506470    74.133744
>../../../../class2/asp2//data/domains/Catalytic_domain/structures/AsxRS_AF_Bact_Spirochaetes_bacterium_GWE1_32_154_proteinOHD39701.1.pdb
-0.083632 -0.894447  0.439284    13.055740
-0.768319  0.338603  0.543171    52.469115
-0.634580 -0.292084 -0.715538    73.985062
>../../../../class2/asp2//data/domains/Catalytic_domain/structures/AsxRS_AF_Bact_Tropheryma_whipplei_TW08_27_gene67388547.pdb
 0.992237  0.037688  0.118514    12.789720
 0.114847  0.087884 -0.989488    53.179230
-0.047707  0.995418  0.082873    73.934103
>../../../../class2/asp2//data/domains/Catalytic_domain/structures/AsxRS_PDB_Arch_T_kodarensis_1b8a.pdb
-0.033317 -0.898605 -0.437492    38.418177
 0.232756  0.418723 -0.877779    69.635426
 0.971964 -0.131073  0.195205    35.979010
>../../../../class2/asp2//data/domains/Catalytic_domain/structures/AsxRS_PDB_Bact_T_thermophilus_1n9w.pdb
-0.031026 -0.515508 -0.856323    66.527450
-0.183346  0.845134 -0.502129    93.802953
 0.982559  0.141424 -0.120737    47.505470
>../../../../class2/his//data/domains/Catalytic_domain/structures/HisRS_AF_Arch_Candidatus_Methanomassiliicoccus_intestinalis_Issoire-Mx1_gene16154026.pdb
-0.347444 -0.265648 -0.899285     8.742443
 0.931562  0.011771 -0.363392    50.942290
 0.107120 -0.963998  0.243378    71.780024
>../../../../class2/his//data/domains/Catalytic_domain/structures/HisRS_AF_Arch_Candidatus_Nitrosopumilus_koreensis_AR1_gene13725657.pdb
 0.455678 -0.125888  0.881198     9.909583
-0.888069 -0.131864  0.440393    47.168673
 0.060759 -0.983242 -0.171885    72.719409
>../../../../class2/his//data/domains/Catalytic_domain/structures/HisRS_AF_Arch_Desulfurococcus_amylolyticus_1221n_gene7171287.pdb
-0.702013 -0.640737 -0.310859     9.580173
-0.529557  0.177795  0.829432    45.636054
-0.476179  0.746890 -0.464122    70.313897
>../../../../class2/his//data/domains/Catalytic_domain/structures/HisRS_AF_Arch_Methanoregula_formicica_SMSP_gene14310605.pdb
-0.434404  0.216644 -0.874276     6.584297
 0.861528 -0.183261 -0.473481    50.284258
-0.262797 -0.958896 -0.107035    70.253463
>../../../../class2/his//data/domains/Catalytic_domain/structures/HisRS_AF_Bact_Chlamydia_muridarum_str_Nigg_gene1246198.pdb
-0.063605  0.416599  0.906862    11.400426
-0.847323 -0.502634  0.171473    48.079681
 0.527255 -0.757499  0.384964    70.844039
>../../../../class2/his//data/domains/Catalytic_domain/structures/HisRS_AF_Bact_Lacticaseibacillus_paracasei_gene61269730.pdb
 0.113280 -0.820593  0.560174    12.467847
-0.871570  0.188608  0.452540    45.011835
-0.477004 -0.539495 -0.693839    67.506675
>../../../../class2/his//data/domains/Catalytic_domain/structures/HisRS_AF_Bact_Paracoccus_denitrificans_PD1222_gene75501415.pdb
-0.800612 -0.410442 -0.436529     9.777880
-0.441829 -0.087710  0.892801    47.274446
-0.404731  0.907658 -0.111124    72.542679
>../../../../class2/his//data/domains/Catalytic_domain/structures/HisRS_AF_Bact_Prochlorococcus_marinus_subsp_marinus_str_CCMP1375_gene54200127.pdb
-0.904066 -0.274296 -0.327758     4.720817
-0.389002  0.210444  0.896879    47.971994
-0.177036  0.938336 -0.296957    66.677387
>../../../../class2/his//data/domains/Catalytic_domain/structures/HisRS_AF_Bact_Streptobacillus_moniliformis_DSM_12112_gene29674169.pdb
 0.117121 -0.752976  0.647542    12.620524
-0.882230  0.220512  0.415986    43.294150
-0.456018 -0.620002 -0.638471    68.949467
>../../../../class2/his//data/domains/Catalytic_domain/structures/HisRS_AF_Bact_Streptomyces_albidoflavus_gene15149169.pdb
 0.215206 -0.738287  0.639233     9.532627
-0.965752 -0.063742  0.251514    48.446039
-0.144943 -0.671468 -0.726720    70.314589
>../../../../class2/his//data/domains/Catalytic_domain/structures/HisRS_AF_Bact_Thermus_thermophilus_HB8_gene3168691.pdb
 0.009846 -0.881215  0.472613    12.652618
-0.775074  0.291897  0.560407    46.208763
-0.631793 -0.371828 -0.680133    67.620441
>../../../../class2/his//data/domains/Catalytic_domain/structures/HisRS_AF_Bact_Treponema_denticola_ATCC_35405_gene2741405.pdb
-0.121801  0.928457  0.350903     9.471689
-0.497535 -0.363023  0.787828    49.370439
 0.858850 -0.078628  0.506156    69.558249
>../../../../class2/his//data/domains/Catalytic_domain/structures/HisRS_AF_Euk_Arabidopsis_thaliana_gene823753.pdb
 0.314872 -0.763313  0.564100     9.763495
-0.927859 -0.122420  0.352265    47.527411
-0.199831 -0.634323 -0.746794    70.856577
>../../../../class2/his//data/domains/Catalytic_domain/structures/HisRS_AF_Euk_Cryptococcus_gattii_WM276_gene10186972.pdb
 0.970216 -0.062429  0.234059     9.696413
 0.236441  0.454211 -0.858946    46.237180
-0.052689  0.888704  0.455443    70.343847
>../../../../class2/his//data/domains/Catalytic_domain/structures/HisRS_AF_Euk_Plasmodium_falciparum_3D7_gene812010.pdb
 0.791264 -0.295480  0.535343     6.675300
-0.463674  0.280814  0.840327    55.988015
-0.398632 -0.913146  0.085192    82.976121
>../../../../class2/his//data/domains/Catalytic_domain/structures/HisRS_AF_Euk_Platysiphonia_delicata_gene33353157.pdb
 0.108977 -0.800763  0.588985    12.943505
-0.885493  0.191037  0.423566    42.646781
-0.451693 -0.567701 -0.688251    67.123812
>../../../../class2/his//data/domains/Catalytic_domain/structures/HisRS_PDB_Arch_T_acidophilum_1WU7.pdb
 1.000000  0.000000  0.000000     0.000000
 0.000000  1.000000  0.000000     0.000000
 0.000000  0.000000  1.000000     0.000000
>../../../../class2/his//data/domains/Catalytic_domain/structures/HisRS_PDB_Bact_B_thailandensis_4e51.pdb
-0.490035 -0.610025 -0.622685    40.943332
 0.268725  0.573824 -0.773636    81.169426
 0.829248 -0.546440 -0.117264    71.791242
>../../../../class2/his//data/domains/Catalytic_domain/structures/HisRS_PDB_Bact_E_coli_1HTT.pdb
 0.104530  0.209588  0.972186   -15.668937
 0.097212 -0.975014  0.199745    59.911296
 0.989759  0.073628 -0.122293    86.330260
