>../../../../class1/glu1//data/domains/Catalytic_domain/structures/GluRS-B_AF_Bact_Chlamydia_psittaci_6BC_gene12242467.pdb
 0.940693 -0.032862  0.337663    -7.496251
-0.116889  0.902961  0.413519    -5.993573
-0.318485 -0.428463  0.845569     1.110728
>../../../../class1/glu1//data/domains/Catalytic_domain/structures/GluRS-B_AF_Bact_[Eubacterium]_eligens_ATCC_27750_gene41357084.pdb
 0.954966 -0.269317 -0.124533    -1.551525
 0.288535  0.940761  0.178089     0.632355
 0.069193 -0.206001  0.976102     3.340033
>../../../../class1/glu1//data/domains/Catalytic_domain/structures/GluRS-B_AF_Bact_Porphyromonas_gingivalis_ATCC_33277_gene29255772.pdb
-0.085679  0.097783  0.991513    -1.334691
 0.054957 -0.993193  0.102698    -0.425737
 0.994806  0.063290  0.079722     1.548946
>../../../../class1/glu1//data/domains/Catalytic_domain/structures/GluRS-B_AF_Bact_Treponema_pallidum_subsp_pertenue_str_SamoaD_gene57879197.pdb
 1.000000  0.000000  0.000000     0.000000
 0.000000  1.000000  0.000000     0.000000
 0.000000  0.000000  1.000000     0.000000
>../../../../class1/glu1//data/domains/Catalytic_domain/structures/GluRS-B_AF_Euk_Cryptococcus_neoformans_var_grubii_H99_gene23890400.pdb
 0.050245 -0.088208  0.994834     1.411668
-0.178629 -0.980824 -0.077944     1.549222
 0.982633 -0.173790 -0.065039     0.707743
>../../../../class1/glu1//data/domains/Catalytic_domain/structures/GluRS-B_AF_Mito_Drosophila_melanogaster_gene39828.pdb
-0.972774 -0.190037  0.132648     0.513653
-0.153043  0.956572  0.248087    -3.477441
-0.174034  0.221032 -0.959613     2.676410
>../../../../class1/glu1//data/domains/Catalytic_domain/structures/GluRS-B_PDB_Bact_T_therm_1J09.pdb
 0.204344 -0.199828  0.958286    -7.971537
-0.127113 -0.976071 -0.176431    34.985838
 0.970611 -0.085758 -0.224855   -33.732196
>../../../../class1/glu1//data/domains/Catalytic_domain/structures/GlxRS-B_AF_Bact_Bifidobacterium_animalis_subsp_lactis_BLC1_gene66532600.pdb
 0.970223  0.057748  0.235230     0.193713
 0.033504  0.929830 -0.366461    -0.217333
-0.239886  0.363430  0.900207     1.909281
>../../../../class1/glu1//data/domains/Catalytic_domain/structures/GlxRS-B_AF_Bact_Mycoplasma_hyopneumoniae_168-L_gene57101016.pdb
 0.969983 -0.160202 -0.182944    -1.635918
 0.176568  0.981281  0.076885    -0.578669
 0.167202 -0.106879  0.980112     2.177622
>../../../../class1/glu1//data/domains/Catalytic_domain/structures/GlxRS-B_AF_Bact_Paracoccus_denitrificans_PD1222_gene75500422.pdb
 0.930117 -0.260169 -0.259220    -2.283342
 0.311365  0.932914  0.180893     0.579568
 0.194767 -0.248964  0.948727     3.093523
>../../../../class1/glu1//data/domains/Catalytic_domain/structures/GlxRS-B_AF_Bact_Prochlorococcus_marinus_subsp_marinus_str_CCMP1375_gene54199839.pdb
-0.196143 -0.762094  0.617041    -0.951246
-0.829668 -0.206429 -0.518688     0.237027
 0.522665 -0.613677 -0.591796     2.637980
>../../../../class1/glu1//data/domains/Catalytic_domain/structures/GlxRS-B_AF_Euk_Arabidopsis_thaliana_gene836526.pdb
-0.945752 -0.324860  0.004464    -1.902962
-0.312411  0.913110  0.261971    -2.701711
-0.089180  0.246365 -0.965065    -2.344368
>../../../../class1/glu1//data/domains/Catalytic_domain/structures/GlxRS-B_AF_Euk_Ostreococcus_tauri_proteinOUS48355.1.pdb
-0.957310  0.283621  0.055823    -4.312417
 0.235277  0.652324  0.720499     0.975903
 0.167934  0.702875 -0.691206    -1.623659
>../../../../class1/glu1//data/domains/Catalytic_domain/structures/GlxRS-B_AF_Euk_Plasmodium_knowlesi_strain_H_gene7321821.pdb
 0.998203  0.040418  0.044241    -1.508492
-0.040252  0.999179 -0.004639    -1.050721
-0.044392  0.002850  0.999010     1.058108
>../../../../class1/glu1//data/domains/Catalytic_domain/structures/GlxRS-B_AF_Mito_Cyanidioschyzon_merolae_strain_10D_gene16997617.pdb
-0.965197  0.252457  0.068267    -1.728056
 0.217835  0.631631  0.744037     1.554908
 0.144718  0.733013 -0.664642    -0.957020
>../../../../class1/glu1//data/domains/Catalytic_domain/structures/GlxRS-B_PDB_Bact_S_elong_2CFO.pdb
 0.603805 -0.650671  0.460486   -33.552663
-0.747865 -0.662343  0.044729   -13.020347
 0.275896 -0.371389 -0.886539    39.176386
>../../../../class1/lys//data/domains/Catalytic_domain/structures/LysRS-I_AF_Arch_Candidatus_Bathyarchaeota_archaeon_proteinRJS75864.1.pdb
-0.980431  0.190753 -0.048675    -2.189728
 0.066110  0.551910  0.831279    -1.437393
 0.185433  0.811794 -0.553720     2.537280
>../../../../class1/lys//data/domains/Catalytic_domain/structures/LysRS-I_AF_Arch_Candidatus_Nitrosopumilus_koreensis_AR1_gene13726042.pdb
 0.214423 -0.265920  0.939846    -3.744857
-0.663475 -0.745817 -0.059652     0.599283
 0.716815 -0.610773 -0.336351     6.127581
>../../../../class1/lys//data/domains/Catalytic_domain/structures/LysRS-I_AF_Arch_Ferroplasma_acidarmanus_Fer1_gene16025146.pdb
-0.951364  0.281277 -0.125659    -6.219363
 0.041720  0.521768  0.852067     0.959439
 0.305231  0.805383 -0.508126     1.719071
>../../../../class1/lys//data/domains/Catalytic_domain/structures/LysRS-I_AF_Arch_Halorubrum_lacusprofundi_ATCC_49239_gene7400505.pdb
 0.476238  0.864072 -0.163022    -2.165027
-0.225880 -0.058959 -0.972369    -2.276321
-0.849809  0.499903  0.167098    -0.305379
>../../../../class1/lys//data/domains/Catalytic_domain/structures/LysRS-I_AF_Bact_Cereibacter_sphaeroides_KD131_gene67447319.pdb
 0.960173  0.008242  0.279286    -2.069468
 0.137790  0.855598 -0.498965     3.540471
-0.243068  0.517576  0.820386     3.388118
>../../../../class1/lys//data/domains/Catalytic_domain/structures/LysRS-I_AF_Bact_Cyanobacteria_bacterium_J007_proteinRMH73500.1.pdb
-0.968042 -0.236148 -0.084430    -1.924956
-0.247608  0.846543  0.471228    -3.322955
-0.039806  0.477074 -0.877961     2.366515
>../../../../class1/lys//data/domains/Catalytic_domain/structures/LysRS-I_AF_Bact_Streptomyces_albidoflavus_gene15147364.pdb
 0.010536 -0.305790  0.952041    -0.264253
-0.629436 -0.741827 -0.231305    -0.475794
 0.776981 -0.596812 -0.200292     3.343504
>../../../../class1/lys//data/domains/Catalytic_domain/structures/LysRS-I_AF_Bact_Treponema_denticola_ATCC_35405_gene2739918.pdb
-0.055900 -0.257411  0.964684    -0.175482
-0.644902 -0.728295 -0.231705    -0.613285
 0.762218 -0.635079 -0.125293     3.403921
>../../../../class1/lys//data/domains/Catalytic_domain/structures/LysRS-I_PDB_Arch_P_hori_1IRX.pdb
-0.577627  0.750404 -0.321312    19.145867
-0.601604 -0.657388 -0.453777    83.227786
-0.551742 -0.068811  0.831171   -28.506296
