>structures/PheRS-Bα_AF_Bact_Brachyspira_pilosicoli_95_1000_gene56440383.pdb
 0.211537  0.010664  0.977312   -15.428895
 0.383156 -0.920803 -0.072886    -7.592773
 0.899135  0.389881 -0.198870   -19.428205
>structures/PheRS-Bα_AF_Bact_Chlamydia_psittaci_6BC_gene12243227.pdb
 0.041067 -0.800602  0.597787    -5.393537
-0.415460 -0.557800 -0.718507    -5.798741
 0.908684 -0.218850 -0.355526   -15.999680
>structures/PheRS-Bα_AF_Bact_Ferrimonas_balearica_DSM_9799_gene67181906.pdb
-0.046143  0.240091 -0.969653    -0.617097
-0.243273 -0.944163 -0.222203   -21.430168
-0.968860  0.225637  0.101974    -8.405746
>structures/PheRS-Bα_AF_Bact_Mycobacterium_intracellulare_ATCC_13950_gene11909689.pdb
 0.999985 -0.004049  0.003560    -0.152281
 0.004045  0.999991  0.001013     0.112250
-0.003564 -0.000999  0.999993    -0.119024
>structures/PheRS-Bα_AF_Bact_Mycoplasma_capricolum_subsp_capricolum_ATCC_27343_gene23778662.pdb
 0.112032  0.699645 -0.705653    -8.046032
-0.356879 -0.634418 -0.685676     2.088191
-0.927408  0.328650  0.178614   -12.398118
>structures/PheRS-Bα_AF_Bact_Porphyromonas_gingivalis_ATCC_33277_gene29256875.pdb
 0.020317 -0.999576 -0.020841   -40.620546
-0.810939 -0.004283 -0.585115    17.468645
 0.584778  0.028788 -0.810683   -17.576996
>structures/PheRS-Bα_AF_Bact_Prochlorococcus_marinus_subsp_marinus_str_CCMP1375_gene54200681.pdb
 0.289407 -0.617613 -0.731299     0.810921
 0.727261 -0.354864  0.587506    -4.580414
-0.622363 -0.701873  0.346466     2.535110
>structures/PheRS-Bα_AF_Bact_Staphylococcus_argenteus_gene66839332.pdb
-0.262845 -0.008037 -0.964805    -9.300027
 0.099246 -0.994886 -0.018751    -4.019813
-0.959720 -0.100681  0.262299   -12.061215
