>structures/PheRS-Aα_AF_Arch_Candidatus_Nitrosopumilus_koreensis_AR1_gene13724458.pdb
 0.553747 -0.751740  0.358122   -34.215469
 0.480548  0.639740  0.599839    15.969419
-0.680028 -0.160064  0.715501    -3.512025
>structures/PheRS-Aα_AF_Arch_Haloterrigena_turkmenica_DSM_5511_gene8744248.pdb
-0.152724 -0.985681  0.071469   -44.190199
 0.658766 -0.047630  0.750839    -4.846645
-0.736684  0.161753  0.656607    -1.188859
>structures/PheRS-Aα_AF_Arch_Thermoplasma_volcanium_GSS1_gene1441177.pdb
 0.285724  0.956343  0.061402   -44.774655
 0.733556 -0.259493  0.628140     6.272757
 0.616650 -0.134433 -0.775674    -0.485275
>structures/PheRS-Aα_AF_Arch_Thermosphaera_aggregans_DSM_11486_gene9165306.pdb
-0.327695  0.390007 -0.860529   -13.038889
 0.324978 -0.808713 -0.490277    23.173665
-0.887133 -0.440315  0.138267    -7.577128
>structures/PheRS-Aα_AF_Euk_Cyanidioschyzon_merolae_strain_10D_gene16993638.pdb
 0.510914 -0.361330  0.780005   -17.734100
-0.449619 -0.885685 -0.115779    15.082327
 0.732673 -0.291551 -0.614970    -9.896472
>structures/PheRS-Aα_AF_Euk_Megalobrama_amblycephala_gene125266654.pdb
-0.894143  0.392463  0.215596    -2.298667
 0.446163  0.739944  0.503411    -2.439291
 0.038041  0.546312 -0.836718    -8.041716
>structures/PheRS-Aα_AF_Euk_Plasmodium_falciparum_3D7_gene813233.pdb
 0.347552  0.776178 -0.526076     2.193776
-0.733168 -0.124799 -0.668498   -13.255817
-0.584528  0.618040  0.525694    -3.185811
>structures/PheRS-Aα_AF_Euk_Schizosaccharomyces_pombe_gene2543647.pdb
 0.999882 -0.007828  0.013250    -0.359889
 0.007780  0.999963  0.003670     0.327493
-0.013278 -0.003567  0.999905    -0.853625
>structures/PheRS-Aα_PDB_Euk.B_H_sapiens_3L4G.C.pdb
 0.874404  0.484830 -0.018905   -93.870778
-0.484565  0.870608 -0.085084  -111.889410
-0.024793  0.083559  0.996194    11.658078
