>structures/PheRS-Aα_AF_Arch_Candidatus_Nitrosopumilus_koreensis_AR1_gene13724458.pdb
 0.742309  0.648870 -0.167170    14.361704
-0.669171  0.705052 -0.234758    -9.771354
-0.034464  0.286129  0.957571    15.093799
>structures/PheRS-Aα_AF_Arch_Haloterrigena_turkmenica_DSM_5511_gene8744248.pdb
 0.999518 -0.031037 -0.000569     0.225904
 0.031041  0.999474  0.009439     1.237445
 0.000276 -0.009452  0.999955     0.153525
>structures/PheRS-Aα_AF_Arch_Thermoplasma_volcanium_GSS1_gene1441177.pdb
-0.011598 -0.187831  0.982133     7.077881
-0.203603 -0.961179 -0.186228     1.636662
 0.978985 -0.202125 -0.027095     8.856870
>structures/PheRS-Aα_AF_Arch_Thermosphaera_aggregans_DSM_11486_gene9165306.pdb
 0.912791 -0.273755 -0.303101    18.598370
 0.167473 -0.425991  0.889092   -32.210920
-0.372512 -0.862317 -0.342994    18.831963
>structures/PheRS-Aα_AF_Euk_Cyanidioschyzon_merolae_strain_10D_gene16993638.pdb
-0.876802 -0.359018  0.319883    19.207924
-0.422491  0.257534 -0.869010   -23.241975
 0.229609 -0.897097 -0.377488    12.917488
>structures/PheRS-Aα_AF_Euk_Megalobrama_amblycephala_gene125266654.pdb
 0.400588 -0.006116  0.916238    -0.629341
 0.867653 -0.318835 -0.381474   -42.646007
 0.294462  0.947791 -0.122415     1.838243
>structures/PheRS-Aα_AF_Euk_Plasmodium_falciparum_3D7_gene813233.pdb
-0.105778 -0.636283 -0.764170    -9.952429
-0.410185 -0.672134  0.616429   -44.982738
-0.905847  0.378655 -0.189896    -4.428235
>structures/PheRS-Aα_AF_Euk_Saccharomyces_cerevisiae_S288C_gene850522.pdb
 0.214184 -0.564863 -0.796903     1.677151
 0.069416 -0.804971  0.589239   -32.086694
-0.974324 -0.181524 -0.133202    -5.212586
>structures/PheRS-Aα_AF_Euk_Schizosaccharomyces_pombe_gene2543647.pdb
-0.108272  0.661149 -0.742401    -2.003475
-0.990855 -0.011287  0.134456   -42.245744
 0.080516  0.750170  0.656325     7.778359
>structures/PheRS-Aα_PDB_Euk.B_H_sapiens_3L4G.C.pdb
-0.370948  0.346906 -0.861426   -63.052861
-0.901751 -0.356211  0.244863    41.394142
-0.221905  0.867623  0.444958   -85.412665
