>../../../../class2/phe3//data/domains/Catalytic_domain/structures/PheRS-Aα_AF_Arch_Candidatus_Nitrosopumilus_koreensis_AR1_gene13724458.pdb
 0.900496  0.052472 -0.431686     4.217279
 0.041409  0.977836  0.205237     5.010394
 0.432888 -0.202691  0.878365   -17.724030
>../../../../class2/phe3//data/domains/Catalytic_domain/structures/PheRS-Aα_AF_Arch_Haloterrigena_turkmenica_DSM_5511_gene8744248.pdb
 0.440024  0.794672 -0.418181     1.165125
-0.655900 -0.033646 -0.754098     0.979828
-0.613330  0.606106  0.506420    -6.869341
>../../../../class2/phe3//data/domains/Catalytic_domain/structures/PheRS-Aα_AF_Arch_Thermoplasma_volcanium_GSS1_gene1441177.pdb
-0.467632 -0.794706  0.386992     1.327283
-0.854597  0.294644 -0.427609    -0.756140
 0.225798 -0.530686 -0.816938    -6.058887
>../../../../class2/phe3//data/domains/Catalytic_domain/structures/PheRS-Aα_AF_Arch_Thermosphaera_aggregans_DSM_11486_gene9165306.pdb
 1.000000  0.000000  0.000000     0.000000
 0.000000  1.000000  0.000000     0.000000
 0.000000  0.000000  1.000000     0.000000
>../../../../class2/phe3//data/domains/Catalytic_domain/structures/PheRS-Aα_AF_Euk_Cyanidioschyzon_merolae_strain_10D_gene16993638.pdb
-0.986159  0.114323  0.120088    -7.566252
 0.149891  0.924316  0.350960     2.856670
-0.070876  0.364103 -0.928658    -8.370269
>../../../../class2/phe3//data/domains/Catalytic_domain/structures/PheRS-Aα_AF_Euk_Megalobrama_amblycephala_gene125266654.pdb
 0.068244 -0.395024  0.916133    -0.156745
-0.263643 -0.892771 -0.365311     3.435035
 0.962203 -0.216602 -0.165072    -0.041524
>../../../../class2/phe3//data/domains/Catalytic_domain/structures/PheRS-Aα_AF_Euk_Plasmodium_falciparum_3D7_gene813233.pdb
 0.463889 -0.585003 -0.665266    -3.747075
 0.720185 -0.188278  0.667746     9.289459
-0.515889 -0.788874  0.333970    -1.920914
>../../../../class2/phe3//data/domains/Catalytic_domain/structures/PheRS-Aα_AF_Euk_Schizosaccharomyces_pombe_gene2543647.pdb
-0.061315  0.383475 -0.921513    -6.018030
-0.239540 -0.901922 -0.359384     4.146518
-0.968948  0.198704  0.147159    -8.106819
>../../../../class2/phe3//data/domains/Catalytic_domain/structures/PheRS-Aα_PDB_Euk.B_H_sapiens_3L4G.C.pdb
 0.705444  0.015866 -0.708588   -51.600840
-0.633279 -0.434849 -0.640206    54.604794
-0.318286  0.900364 -0.296714  -110.223899
>../../../../class2/thr//data/domains/Catalytic_domain/structures/ThrRS_AF_Arch_Candidatus_Methanomethylophilus_alvus_Mx1201_gene15140074.pdb
 0.174852 -0.745186  0.643526    -2.989718
 0.066377 -0.643186 -0.762827    11.324703
 0.982355  0.176097 -0.062999    -7.407507
>../../../../class2/thr//data/domains/Catalytic_domain/structures/ThrRS_AF_Arch_Candidatus_Nitrosopumilus_koreensis_AR1_gene13725077.pdb
 0.333908  0.623103 -0.707282    -1.270415
-0.081788 -0.728366 -0.680290     8.592795
-0.939051  0.285002 -0.192245   -15.894350
>../../../../class2/thr//data/domains/Catalytic_domain/structures/ThrRS_AF_Arch_Pyrococcus_furiosus_DSM_3638_gene1469226.pdb
 0.366950  0.481286 -0.796060     0.306336
 0.147587 -0.875039 -0.461004     9.330521
-0.918458  0.051677 -0.392127   -14.482179
>../../../../class2/thr//data/domains/Catalytic_domain/structures/ThrRS_AF_Arch_Sulfolobus_islandicus_M164_gene7940156.pdb
-0.688507  0.537262  0.487142    -2.472494
 0.590121  0.024584  0.806940     4.356707
 0.421563  0.843057 -0.333976    -7.950854
>../../../../class2/thr//data/domains/Catalytic_domain/structures/ThrRS_AF_Bact_Bifidobacterium_longum_subsp_longum_JCM_1217_gene69578309.pdb
-0.377214  0.804095 -0.459501    -1.303016
 0.861405  0.122402 -0.492950    15.059785
-0.340135 -0.581764 -0.738823    -8.260301
>../../../../class2/thr//data/domains/Catalytic_domain/structures/ThrRS_AF_Bact_Brachyspira_pilosicoli_95_1000_gene56439092.pdb
-0.957331  0.253072  0.139540    -3.355064
 0.283625  0.915397  0.285668    13.912339
-0.055440  0.313056 -0.948115    -6.463194
>../../../../class2/thr//data/domains/Catalytic_domain/structures/ThrRS_AF_Bact_Brucella_abortus_2308_gene3787745.pdb
 0.690066  0.720964  0.063410    -2.862477
-0.721887  0.679368  0.131676    14.442790
 0.051855 -0.136640  0.989263    -6.806786
>../../../../class2/thr//data/domains/Catalytic_domain/structures/ThrRS_AF_Bact_Lactobacillus_acidophilus_La-14_gene56943112.pdb
-0.080781 -0.559386 -0.824962    -3.323577
 0.169621 -0.823309  0.541656    18.727748
-0.982193 -0.096175  0.161391    -7.738116
>../../../../class2/thr//data/domains/Catalytic_domain/structures/ThrRS_AF_Bact_Mycoplasma_hyopneumoniae_168-L_gene57101460.pdb
-0.288487 -0.549673  0.783986    -1.324673
-0.292894 -0.728887 -0.618819    10.927033
 0.911585 -0.408147  0.049278    -7.140868
>../../../../class2/thr//data/domains/Catalytic_domain/structures/ThrRS_AF_Bact_Porphyromonas_gingivalis_ATCC_33277_gene29256174.pdb
-0.965970 -0.207546 -0.154357    -0.768038
-0.155674  0.943090 -0.293850    14.286367
 0.206560 -0.259821 -0.943306    -8.064704
>../../../../class2/thr//data/domains/Catalytic_domain/structures/ThrRS_AF_Bact_Prochlorococcus_marinus_subsp_marinus_str_CCMP1375_gene54200406.pdb
 0.950981  0.142400  0.274514    -3.046054
 0.280708 -0.025002 -0.959468    16.455461
-0.129764  0.989493 -0.063749    -9.761684
>../../../../class2/thr//data/domains/Catalytic_domain/structures/ThrRS_AF_Bact_Streptobacillus_moniliformis_DSM_12112_gene29674242.pdb
 0.220332  0.123851 -0.967530    -2.727529
-0.041663 -0.989806 -0.136190    14.962441
-0.974535  0.070317 -0.212926    -7.422873
>../../../../class2/thr//data/domains/Catalytic_domain/structures/ThrRS_AF_Euk_Arabidopsis_thaliana_gene832741.pdb
-0.224351  0.412638 -0.882835     0.270298
 0.884353 -0.294355 -0.362319    16.008872
-0.409373 -0.862024 -0.298878    -8.906794
>../../../../class2/thr//data/domains/Catalytic_domain/structures/ThrRS_AF_Euk_Cercospora_beticola_gene35433465.pdb
 0.392371 -0.499135 -0.772599    -1.193895
 0.903326  0.367399  0.221405    15.770619
 0.173341 -0.784782  0.595038    -6.632545
>../../../../class2/thr//data/domains/Catalytic_domain/structures/ThrRS_AF_Euk_Cryptococcus_gattii_WM276_gene10188143.pdb
-0.159417  0.841501 -0.516199    -1.065036
 0.763194 -0.226619 -0.605127    17.064141
-0.626195 -0.490428 -0.606102    -6.046584
>../../../../class2/thr//data/domains/Catalytic_domain/structures/ThrRS_AF_Euk_Cyanidioschyzon_merolae_strain_10D_gene16997242.pdb
 0.739967  0.669714 -0.062703    -2.378790
-0.643743  0.678059 -0.354726    17.011399
-0.195048  0.302850  0.932866    -6.886122
>../../../../class2/thr//data/domains/Catalytic_domain/structures/ThrRS_AF_Mito_Cyanidioschyzon_merolae_strain_10D_gene16995590.pdb
 0.544218  0.684088 -0.485645    -3.002835
-0.105121 -0.518710 -0.848463    14.578693
-0.832332  0.512800 -0.210379    -7.847861
>../../../../class2/thr//data/domains/Catalytic_domain/structures/ThrRS_AF_Mito_Oryza_sativa_Japonica_Group_gene4345200.pdb
 0.056331 -0.916022  0.397152    -0.981107
-0.902294  0.123587  0.413028    17.266333
-0.427425 -0.381614 -0.819560    -7.908139
>../../../../class2/thr//data/domains/Catalytic_domain/structures/ThrRS_PDB_Bact_E_coli_1evk.pdb
 0.582656 -0.721745 -0.373626    26.551912
 0.562360  0.689935 -0.455786   -43.287874
 0.586739  0.055454  0.807875   -45.102853
>../../../../class2/thr//data/domains/Catalytic_domain/structures/ThrRS_PDB_Bact_S_aureus_1nyr.pdb
-0.901543 -0.137507  0.410259    -4.126685
-0.388798 -0.158655 -0.907560    73.453414
 0.189886 -0.977712  0.089572    32.964530
