>structures/MetRS_AF_Euk_Drosophila_melanogaster_gene37177.pdb
 0.710556  0.703533 -0.012300    21.612665
-0.215763  0.234489  0.947872     3.302106
 0.669744 -0.670862  0.318413   -41.626336
>structures/MetRS_AF_Euk_Scheffersomyces_stipitis_CBS_6054_gene4836672.pdb
-0.677651 -0.734875 -0.027364    19.666376
 0.516575 -0.502174  0.693521    15.858176
-0.523392  0.455830  0.719917    15.700552
>structures/MetRS_AF_Euk_Trypanosoma_brucei_brucei_TREU927_gene3662741.pdb
 0.999989 -0.002768  0.003741    -0.012624
 0.002809  0.999936 -0.010942    -0.320733
-0.003710  0.010953  0.999933    -0.057269
