>structures/PheRS-Aα_AF_Arch_Candidatus_Nitrosopumilus_koreensis_AR1_gene13724458.pdb
 0.468475 -0.829429  0.304267    -6.032660
-0.838160 -0.308371  0.449885   -16.851415
-0.279321 -0.465784 -0.839658   -11.288472
>structures/PheRS-Aα_AF_Arch_Haloterrigena_turkmenica_DSM_5511_gene8744248.pdb
-0.446587  0.660425  0.603654    -4.506986
 0.554154 -0.325538  0.766119     2.903423
 0.702477  0.676656 -0.220597     4.644809
>structures/PheRS-Aα_AF_Arch_Thermoplasma_volcanium_GSS1_gene1441177.pdb
 0.368886 -0.528165 -0.764830    -5.048616
 0.878275 -0.071265  0.472815     5.856771
-0.304230 -0.846146  0.437585     6.217476
>structures/PheRS-Aα_AF_Arch_Thermosphaera_aggregans_DSM_11486_gene9165306.pdb
 0.127801 -0.331794  0.934655     3.493107
-0.391827 -0.882613 -0.259743     0.295226
 0.911119 -0.333028 -0.242805     4.141516
>structures/PheRS-Aα_AF_Euk_Cyanidioschyzon_merolae_strain_10D_gene16993638.pdb
-0.109680  0.189566 -0.975723    -9.872472
 0.197946 -0.957817 -0.208338     5.154224
-0.974057 -0.215991  0.067530    -5.590414
>structures/PheRS-Aα_AF_Euk_Megalobrama_amblycephala_gene125266654.pdb
 0.999961  0.003532  0.008140    -0.176633
-0.003698  0.999784  0.020444     0.538851
-0.008066 -0.020474  0.999758     1.093998
>structures/PheRS-Aα_AF_Euk_Plasmodium_falciparum_3D7_gene813233.pdb
-0.623786 -0.755604  0.199884    -5.418929
-0.749961  0.506615 -0.425323    -4.424978
 0.220112 -0.415216 -0.882693    -5.108319
>structures/PheRS-Aα_AF_Euk_Saccharomyces_cerevisiae_S288C_gene850522.pdb
-0.148068 -0.893491  0.423970     1.061970
-0.906158 -0.049161 -0.420073    -8.151641
 0.396174 -0.446383 -0.802364     1.770728
>structures/PheRS-Aα_AF_Euk_Schizosaccharomyces_pombe_gene2543647.pdb
-0.892275  0.430140  0.137204    -7.441698
 0.414659  0.660504  0.625934     2.464183
 0.178615  0.615398 -0.767712    -4.718844
>structures/PheRS-Aα_PDB_Euk.B_H_sapiens_3L4G.C.pdb
 0.036714  0.993925 -0.103751  -127.800293
 0.345258  0.084812  0.934668    12.702838
 0.937789 -0.070136 -0.340047   -34.774842
