>../../../../class2/gly1//data/domains/Catalytic_domain/structures/GlyRS-A_AF_Arch_Candidatus_Nitrosopumilus_sediminis_gene13697160.pdb
 0.611121  0.036916  0.790676    11.771995
-0.143070 -0.977307  0.156211    -0.216620
 0.778500 -0.208586 -0.591971    -1.206405
>../../../../class2/gly1//data/domains/Catalytic_domain/structures/GlyRS-A_AF_Arch_Candidatus_Woesearchaeota_archaeon_proteinMBT4248212.1.pdb
-0.758139  0.397247 -0.517127    11.741037
-0.028144  0.772354  0.634569    -1.521874
 0.651485  0.495646 -0.574371    -2.896339
>../../../../class2/gly1//data/domains/Catalytic_domain/structures/GlyRS-A_AF_Arch_Sulfolobus_islandicus_YN1551_gene7810979.pdb
 0.419954 -0.818772  0.391472    13.699558
 0.772001  0.549068  0.320218     1.189371
-0.477130  0.167740  0.862676    -0.793564
>../../../../class2/gly1//data/domains/Catalytic_domain/structures/GlyRS-A_AF_Arch_Thermoplasma_acidophilum_DSM_1728_gene1455843.pdb
 0.654553 -0.229207  0.720434    11.845942
-0.364172 -0.930682  0.034772     0.109770
 0.662525 -0.285122 -0.692651    -1.257991
>../../../../class2/gly1//data/domains/Catalytic_domain/structures/GlyRS-A_AF_Bact_Capnocytophaga_ochracea_DSM_7271_gene29675716.pdb
 0.794695 -0.494801  0.351613    11.237693
 0.495045  0.863515  0.096295     0.312925
-0.351270  0.097539  0.931180    -2.543853
>../../../../class2/gly1//data/domains/Catalytic_domain/structures/GlyRS-A_AF_Bact_Corynebacterium_ulcerans_809_gene75260805.pdb
-0.371940 -0.927217 -0.043920    15.888954
-0.925886  0.373954 -0.053790     0.007118
 0.066299  0.020658 -0.997586    -3.220834
>../../../../class2/gly1//data/domains/Catalytic_domain/structures/GlyRS-A_AF_Bact_Treponema_denticola_ATCC_35405_gene2741635.pdb
-0.393868 -0.608678 -0.688752    13.940536
 0.875202 -0.477320 -0.078664    -0.886721
-0.280874 -0.633780  0.720717    -4.538633
>../../../../class2/gly1//data/domains/Catalytic_domain/structures/GlyRS-A_PDB_Bact_T_thermophilus_1ati.pdb
-0.565851  0.549373  0.614818   -12.698010
-0.326180  0.535691 -0.778872    14.646146
-0.757244 -0.641267 -0.123927    44.464491
>../../../../class2/thr//data/domains/Catalytic_domain/structures/ThrRS_AF_Arch_Candidatus_Methanomethylophilus_alvus_Mx1201_gene15140074.pdb
-0.481021  0.462968  0.744499     5.003031
-0.528131  0.524805 -0.667576     0.942539
-0.699783 -0.714311 -0.007935    -3.620497
>../../../../class2/thr//data/domains/Catalytic_domain/structures/ThrRS_AF_Arch_Candidatus_Nitrosopumilus_koreensis_AR1_gene13725077.pdb
 0.492942  0.555168  0.669923    11.654624
 0.042373 -0.784376  0.618836     2.185087
 0.869030 -0.276663 -0.410176     2.484785
>../../../../class2/thr//data/domains/Catalytic_domain/structures/ThrRS_AF_Arch_Pyrococcus_furiosus_DSM_3638_gene1469226.pdb
 0.277056  0.783289  0.556505    10.396139
 0.038551 -0.587773  0.808107     0.348793
 0.960080 -0.202437 -0.193042     2.385681
>../../../../class2/thr//data/domains/Catalytic_domain/structures/ThrRS_AF_Arch_Sulfolobus_islandicus_M164_gene7940156.pdb
-0.750967 -0.364447 -0.550661    11.455645
 0.547989 -0.809243 -0.211737    -0.182748
-0.368452 -0.460764  0.807428    -5.796277
>../../../../class2/thr//data/domains/Catalytic_domain/structures/ThrRS_AF_Bact_Bifidobacterium_longum_subsp_longum_JCM_1217_gene69578309.pdb
-0.630179  0.189227  0.753039     2.150131
 0.594429 -0.506374  0.624691     0.455055
 0.499528  0.841296  0.206624    -0.445448
>../../../../class2/thr//data/domains/Catalytic_domain/structures/ThrRS_AF_Bact_Brachyspira_pilosicoli_95_1000_gene56439092.pdb
-0.284766 -0.944520  0.163678     2.214723
 0.932698 -0.233581  0.274799     1.130752
-0.221321  0.230915  0.947468    -3.442415
>../../../../class2/thr//data/domains/Catalytic_domain/structures/ThrRS_AF_Bact_Brucella_abortus_2308_gene3787745.pdb
 0.665189 -0.506100 -0.548987     1.924896
-0.743140 -0.520194 -0.420880     0.940928
-0.072573  0.687939 -0.722131    -2.749789
>../../../../class2/thr//data/domains/Catalytic_domain/structures/ThrRS_AF_Bact_Lactobacillus_acidophilus_La-14_gene56943112.pdb
 0.282456  0.749538 -0.598675    -1.434072
 0.477089  0.431668  0.765538     2.313851
 0.832228 -0.501853 -0.235669    -0.370763
>../../../../class2/thr//data/domains/Catalytic_domain/structures/ThrRS_AF_Bact_Mycoplasma_hyopneumoniae_168-L_gene57101460.pdb
-0.158861  0.800132  0.578405     5.301384
-0.133778  0.562997 -0.815560    -0.951298
-0.978196 -0.206938  0.017602    -3.354249
>../../../../class2/thr//data/domains/Catalytic_domain/structures/ThrRS_AF_Bact_Porphyromonas_gingivalis_ATCC_33277_gene29256174.pdb
-0.010096 -0.742813  0.669423     2.693681
 0.787199  0.406915  0.463398    -0.512780
-0.616616  0.531648  0.580633    -0.801260
>../../../../class2/thr//data/domains/Catalytic_domain/structures/ThrRS_AF_Bact_Prochlorococcus_marinus_subsp_marinus_str_CCMP1375_gene54200406.pdb
-0.140350 -0.406913  0.902621     1.397345
-0.777752 -0.518840 -0.354834     2.540955
 0.612702 -0.751816 -0.243658     0.426724
>../../../../class2/thr//data/domains/Catalytic_domain/structures/ThrRS_AF_Bact_Streptobacillus_moniliformis_DSM_12112_gene29674242.pdb
 0.478891  0.861017  0.171212     1.849981
 0.164459 -0.279569  0.945936     1.236957
 0.862332 -0.424843 -0.275485    -1.941935
>../../../../class2/thr//data/domains/Catalytic_domain/structures/ThrRS_AF_Euk_Arabidopsis_thaliana_gene832741.pdb
-0.633502  0.661113  0.402001     1.608478
 0.472553 -0.080815  0.877589    -1.017142
 0.612673  0.745921 -0.261215     0.857046
>../../../../class2/thr//data/domains/Catalytic_domain/structures/ThrRS_AF_Euk_Cercospora_beticola_gene35433465.pdb
-0.870137 -0.015645 -0.492562     0.975528
-0.315461  0.785564  0.532328    -0.218927
 0.378611  0.618583 -0.688483    -1.134640
>../../../../class2/thr//data/domains/Catalytic_domain/structures/ThrRS_AF_Euk_Cryptococcus_gattii_WM276_gene10188143.pdb
-0.415315  0.451737  0.789587    -0.376731
 0.465479 -0.640211  0.611113    -0.208898
 0.781565  0.621340  0.055615    -0.930181
>../../../../class2/thr//data/domains/Catalytic_domain/structures/ThrRS_AF_Euk_Cyanidioschyzon_merolae_strain_10D_gene16997242.pdb
 0.693398 -0.715021 -0.089132    -0.011120
-0.699493 -0.638270 -0.321436     1.146196
 0.172943  0.285231 -0.942727    -1.053572
>../../../../class2/thr//data/domains/Catalytic_domain/structures/ThrRS_AF_Mito_Cyanidioschyzon_merolae_strain_10D_gene16995590.pdb
 0.484857  0.283483  0.827376     2.185093
-0.197389 -0.886134  0.419289     1.472867
 0.852028 -0.366611 -0.373692    -1.823749
>../../../../class2/thr//data/domains/Catalytic_domain/structures/ThrRS_AF_Mito_Oryza_sativa_Japonica_Group_gene4345200.pdb
 1.000000 -0.000000  0.000000     0.000000
 0.000000  1.000000  0.000000     0.000000
-0.000000  0.000000  1.000000     0.000000
>../../../../class2/thr//data/domains/Catalytic_domain/structures/ThrRS_PDB_Bact_E_coli_1evk.pdb
-0.714384 -0.697879  0.051201    72.235884
-0.699158  0.714881 -0.011075   -17.743171
-0.028874 -0.043709 -0.998627    16.484628
>../../../../class2/thr//data/domains/Catalytic_domain/structures/ThrRS_PDB_Bact_S_aureus_1nyr.pdb
 0.225095  0.569046  0.790898   -68.400340
 0.689825  0.480182 -0.541818    -4.472445
-0.688094  0.667542 -0.284455   -10.733313
