>../../../../class1/met//data/domains/Catalytic_domain/structures/MetRS_AF_Arch_Aciduliprofundum_boonei_T469_gene8827030.pdb
-0.562204 -0.056268 -0.825082    -0.806778
 0.202202  0.958050 -0.203114     2.175930
 0.801899 -0.281025 -0.527241    -1.817298
>../../../../class1/met//data/domains/Catalytic_domain/structures/MetRS_AF_Arch_Candidatus_Korarchaeum_cryptofilum_OPF8_gene6093355.pdb
 0.869830 -0.107371  0.481527    -4.664836
 0.179256 -0.840541 -0.511233     2.518849
 0.459634  0.531002 -0.711880    -2.327742
>../../../../class1/met//data/domains/Catalytic_domain/structures/MetRS_AF_Arch_Candidatus_Nitrosopumilus_sediminis_gene13696902.pdb
-0.268614  0.919243  0.287818    -3.906210
-0.946262 -0.195957 -0.257271    -0.728183
-0.180095 -0.341458  0.922481    -1.648778
>../../../../class1/met//data/domains/Catalytic_domain/structures/MetRS_AF_Arch_Halalkalicoccus_jeotgali_B3_gene9420443.pdb
-0.467719  0.084447 -0.879834    -2.929198
 0.341149  0.935539 -0.091561    -0.114431
 0.815387 -0.342979 -0.466379     0.394759
>../../../../class1/met//data/domains/Catalytic_domain/structures/MetRS_AF_Bact_Bacillus_anthracis_str_Ames_Ancestor_gene45024892.pdb
 0.001419 -0.944530  0.328423    -3.507210
-0.083498  0.327164  0.941271     0.663150
-0.996507 -0.028759 -0.078402    -0.482634
>../../../../class1/met//data/domains/Catalytic_domain/structures/MetRS_AF_Bact_Brucella_suis_1330_gene45052047.pdb
 0.857452  0.033859  0.513449    -5.563595
 0.307062 -0.834362 -0.457768    -1.367973
 0.412903  0.550175 -0.725823    -2.382345
>../../../../class1/met//data/domains/Catalytic_domain/structures/MetRS_AF_Bact_Chlamydia_psittaci_6BC_gene12243105.pdb
-0.440019  0.627602 -0.642261    -6.023483
 0.845556  0.530388 -0.061016    -4.255824
 0.302354 -0.569916 -0.764054     0.965894
>../../../../class1/met//data/domains/Catalytic_domain/structures/MetRS_AF_Bact_Mycoplasma_hyopneumoniae_168-L_gene57101263.pdb
-0.590389  0.577298 -0.564064    -3.736999
 0.632886  0.764833  0.120356    -3.214091
 0.500896 -0.285931 -0.816913    -0.600681
>../../../../class1/met//data/domains/Catalytic_domain/structures/MetRS_AF_Bact_Nocardia_farcinica_IFM_10152_gene61135500.pdb
 0.610953  0.734335  0.295785    -6.786745
 0.781787 -0.618480 -0.079326    -2.530696
 0.124685  0.279705 -0.951955    -2.741163
>../../../../class1/met//data/domains/Catalytic_domain/structures/MetRS_AF_Bact_Prochlorococcus_marinus_subsp_marinus_str_CCMP1375_gene54200313.pdb
 0.308113  0.629573  0.713235    -5.135905
-0.882589  0.469005 -0.032718    -2.237283
-0.355109 -0.619413  0.700161    -2.211698
>../../../../class1/met//data/domains/Catalytic_domain/structures/MetRS_AF_Bact_Streptobacillus_moniliformis_DSM_12112_gene29673607.pdb
-0.400995 -0.529580 -0.747495    -1.977615
-0.138433 -0.771570  0.620899    -1.662217
-0.905560  0.352456  0.236084    -3.310671
>../../../../class1/met//data/domains/Catalytic_domain/structures/MetRS_AF_Bact_Treponema_denticola_ATCC_35405_gene2740824.pdb
 0.204879  0.931807  0.299599    -6.447958
-0.953125  0.259563 -0.155501     0.543839
-0.222662 -0.253697  0.941307    -2.538189
>../../../../class1/met//data/domains/Catalytic_domain/structures/MetRS_AF_Euk_Drosophila_melanogaster_gene37177.pdb
-0.590148 -0.419907 -0.689495    -4.741036
 0.186734  0.759916 -0.622622    -8.876089
 0.785401 -0.496192 -0.370052     2.306559
>../../../../class1/met//data/domains/Catalytic_domain/structures/MetRS_AF_Euk_Oryza_sativa_Japonica_Group_gene4341140.pdb
-0.187908 -0.801755 -0.567345    -0.876088
-0.156612  0.594702 -0.788545    -4.841310
 0.969620 -0.059321 -0.237314     2.270545
>../../../../class1/met//data/domains/Catalytic_domain/structures/MetRS_AF_Euk_Scheffersomyces_stipitis_CBS_6054_gene4836672.pdb
-0.471702  0.870535  0.140234    -7.232605
-0.857806 -0.416231 -0.301530    -5.039432
-0.204123 -0.262526  0.943087    -8.307853
>../../../../class1/met//data/domains/Catalytic_domain/structures/MetRS_AF_Euk_Trypanosoma_brucei_brucei_TREU927_gene3662741.pdb
-0.579653 -0.583720 -0.568571    -5.633545
-0.026163 -0.684059  0.728958    -4.276935
-0.814443  0.437418  0.381245    -4.264317
>../../../../class1/met//data/domains/Catalytic_domain/structures/MetRS_AF_Mito_Arvicanthis_niloticus_gene117706247.pdb
-0.792005  0.335895 -0.509807    -3.557110
-0.401580 -0.915592  0.020617    -3.927366
-0.459849  0.221057  0.860042    -3.599874
>../../../../class1/met//data/domains/Catalytic_domain/structures/MetRS_AF_Mito_Brachypodium_distachyon_gene100843706.pdb
-0.633925  0.174880 -0.753363    -3.406222
 0.335002  0.940063 -0.063672    -2.345005
 0.697074 -0.292741 -0.654515    -2.128819
>../../../../class1/met//data/domains/Catalytic_domain/structures/MetRS_AF_Vir_Megavirus_chiliensis_gene11256705.pdb
-0.308640  0.934543  0.177120    -3.385500
-0.927143 -0.253982 -0.275499     0.742912
-0.212481 -0.249245  0.944843    -0.517605
>../../../../class1/met//data/domains/Catalytic_domain/structures/MetRS_PDB_Arch_P_abyssi_1RQG.pdb
-0.408687 -0.734361 -0.541930    73.372696
-0.123801 -0.543688  0.830106   -62.289298
-0.904239  0.406346  0.131284    -7.485674
>../../../../class1/met//data/domains/Catalytic_domain/structures/MetRS_PDB_Bact_E_coli_1PFV.pdb
 0.640673  0.750975  0.159920   -20.255904
 0.723342 -0.520474 -0.453743    12.138369
-0.257516  0.406378 -0.876665    24.839619
>../../../../class1/met//data/domains/Catalytic_domain/structures/MetRS_PDB_Bact_T_therm_1WOY.pdb
 0.962524  0.108356  0.248609   -34.470446
-0.072682 -0.780108  0.621409   -96.326468
 0.261275 -0.616190 -0.742997    78.419654
>../../../../class1/tyr//data/domains/Catalytic_domain/structures/TyrRS_AF_Arch_Candidatus_Korarchaeum_cryptofilum_OPF8_gene6094625.pdb
-0.110427 -0.148833 -0.982677     1.553937
 0.602605 -0.796285  0.052886     4.318413
-0.790362 -0.586327  0.177619    -0.613887
>../../../../class1/tyr//data/domains/Catalytic_domain/structures/TyrRS_AF_Arch_Desulfurococcus_amylolyticus_1221n_gene7171652.pdb
-0.220185  0.407877 -0.886090     1.069565
-0.156677 -0.911377 -0.380584     3.275585
-0.962793  0.055031  0.264576     0.367667
>../../../../class1/tyr//data/domains/Catalytic_domain/structures/TyrRS_AF_Arch_Methanothermococcus_okinawensis_IH1_gene10772133.pdb
 1.000000  0.000000  0.000000     0.000000
 0.000000  1.000000  0.000000     0.000000
 0.000000  0.000000  1.000000     0.000000
>../../../../class1/tyr//data/domains/Catalytic_domain/structures/TyrRS_AF_Arch_Thermoplasma_acidophilum_DSM_1728_gene1456112.pdb
 0.175392  0.421598  0.889659     1.496061
 0.616343 -0.751688  0.234706     8.696614
 0.767697  0.507169 -0.391689     2.595038
>../../../../class1/tyr//data/domains/Catalytic_domain/structures/TyrRS_AF_Bact_Bifidobacterium_animalis_subsp_lactis_BLC1_gene66533077.pdb
-0.377448  0.694928 -0.612052     0.886889
-0.101687 -0.688048 -0.718505     5.415458
-0.920431 -0.208961  0.330368    -5.774116
>../../../../class1/tyr//data/domains/Catalytic_domain/structures/TyrRS_AF_Bact_Brachyspira_pilosicoli_95_1000_gene56440491.pdb
 0.240474  0.051340  0.969297     4.948208
 0.086993 -0.995722  0.031157     5.833250
 0.966749  0.076830 -0.243912     2.153247
>../../../../class1/tyr//data/domains/Catalytic_domain/structures/TyrRS_AF_Bact_Chlamydia_psittaci_6BC_gene12242888.pdb
-0.254006  0.783531 -0.567063     1.405582
-0.263026 -0.620154 -0.739071     5.396580
-0.930751 -0.038577  0.363612    -0.513619
>../../../../class1/tyr//data/domains/Catalytic_domain/structures/TyrRS_AF_Bact_Lactococcus_lactis_subsp_cremoris_KW2_gene61108704.pdb
-0.231692  0.792301 -0.564428     2.401071
-0.228005 -0.608283 -0.760267     5.231279
-0.945691 -0.047456  0.321583    -5.417470
>../../../../class1/tyr//data/domains/Catalytic_domain/structures/TyrRS_AF_Bact_Porphyromonas_gingivalis_ATCC_33277_gene29255602.pdb
 0.117186  0.503314  0.856120     3.269018
 0.179294 -0.858617  0.480240     9.227503
 0.976791  0.097220 -0.190859    -1.410812
>../../../../class1/tyr//data/domains/Catalytic_domain/structures/TyrRS_AF_Bact_Prochlorococcus_marinus_subsp_marinus_str_CCMP1375_gene54200747.pdb
 0.645957  0.642326  0.412500     0.263697
-0.437800  0.754384 -0.489117     4.632987
-0.625357  0.135356  0.768510    -0.888230
>../../../../class1/tyr//data/domains/Catalytic_domain/structures/TyrRS_AF_Bact_Serratia_plymuthica_AS9_gene57666950.pdb
 0.787381  0.614199  0.052825     0.073230
-0.325189  0.486618 -0.810836     5.824655
-0.523721  0.621259  0.582884    -6.661868
>../../../../class1/tyr//data/domains/Catalytic_domain/structures/TyrRS_AF_Bact_Streptobacillus_moniliformis_DSM_12112_gene29673957.pdb
 0.584228  0.806144 -0.093857     1.953342
-0.430181  0.209527 -0.878090    -1.873477
-0.688202  0.553381  0.469199    -4.744639
>../../../../class1/tyr//data/domains/Catalytic_domain/structures/TyrRS_AF_Euk_Cryptococcus_neoformans_var_neoformans_JEC21_gene3254328.pdb
-0.091420  0.947224 -0.307261     0.378064
-0.467457 -0.313265 -0.826649     5.179992
-0.879276  0.068059  0.471425    -4.827793
>../../../../class1/tyr//data/domains/Catalytic_domain/structures/TyrRS_AF_Euk_Drosophila_melanogaster_gene39829.pdb
 0.852382 -0.323254  0.411037     8.199529
 0.269175 -0.402672 -0.874872     9.741338
 0.448319  0.856366 -0.256219     1.837125
>../../../../class1/tyr//data/domains/Catalytic_domain/structures/TyrRS_AF_Euk_Plasmodium_falciparum_3D7_gene2655248.pdb
 0.081373 -0.113106 -0.990245    -1.305392
 0.020948 -0.993126  0.115157     3.064626
-0.996464 -0.030115 -0.078445     0.280056
>../../../../class1/tyr//data/domains/Catalytic_domain/structures/TyrRS_AF_Euk_Seriola_dumerili_gene111223086.pdb
 0.805340 -0.581298 -0.116276     9.596893
 0.401400  0.679050 -0.614629     9.174950
 0.436240  0.448312  0.780199     3.577117
>../../../../class1/tyr//data/domains/Catalytic_domain/structures/TyrRS_AF_Mito_Aspergillus_fumigatus_Af293_gene3509181.pdb
-0.762574 -0.448727 -0.465966    -8.650271
 0.353631  0.313991 -0.881110     3.087804
 0.541687 -0.836692 -0.080758     4.273954
>../../../../class1/tyr//data/domains/Catalytic_domain/structures/TyrRS_AF_Mito_Cyanidioschyzon_merolae_strain_10D_gene16996209.pdb
-0.176584  0.957153 -0.229512    -0.354232
-0.387367 -0.281938 -0.877757     3.995714
-0.904856 -0.066093  0.420555    -4.337430
>../../../../class1/tyr//data/domains/Catalytic_domain/structures/TyrRS_AF_Vir_Megavirus_chiliensis_gene11257765.pdb
 0.861323 -0.467411 -0.199121    -3.752942
 0.436915  0.881471 -0.179206     0.415750
 0.259282  0.067355  0.963450     2.811237
>../../../../class1/tyr//data/domains/Catalytic_domain/structures/TyrRS_PDB_Arch_M_jannashii_1U7D.pdb
 0.828033 -0.189628  0.527638    -2.392479
-0.540416 -0.520638  0.660974    16.122843
 0.149369 -0.832452 -0.533584    49.322252
>../../../../class1/tyr//data/domains/Catalytic_domain/structures/TyrRS_PDB_E_coli_Bact_1WQ4.pdb
-0.880426  0.454598 -0.134875    26.680561
 0.394657  0.544824 -0.739873    26.515467
-0.262861 -0.704633 -0.659088    51.820425
>../../../../class1/tyr//data/domains/Catalytic_domain/structures/TyrRS_PDB_Vir_Acanthamoeba_polyphaga_mimivirus_2J5B.pdb
 0.263667  0.962863 -0.058091   -80.661797
 0.407801 -0.165841 -0.897884    37.003265
-0.874173  0.213052 -0.436383    52.497831
