>../../../../class2/asn//data/domains/Catalytic_domain/structures/AsnRS_AF_Arch_Candidatus_Korarchaeum_cryptofilum_OPF8_gene6094562.pdb
-0.612069  0.705974  0.356332    -1.429595
 0.751450  0.378844  0.540185     1.620628
 0.246362  0.598397 -0.762383    -1.556390
>../../../../class2/asn//data/domains/Catalytic_domain/structures/AsnRS_AF_Arch_Candidatus_Nitrososphaera_gargensis_Ga92_gene13796664.pdb
 1.000000  0.000000  0.000000     0.000000
 0.000000  1.000000  0.000000     0.000000
 0.000000  0.000000  1.000000     0.000000
>../../../../class2/asn//data/domains/Catalytic_domain/structures/AsnRS_AF_Arch_Ferroplasma_acidarmanus_Fer1_gene16025664.pdb
 0.299446 -0.742270 -0.599473     1.978789
 0.624249 -0.322742  0.711443     8.854215
-0.721558 -0.587259  0.366717    -0.357987
>../../../../class2/asn//data/domains/Catalytic_domain/structures/AsnRS_AF_Arch_Pyrococcus_sp_ST04_gene13021535.pdb
 0.352474 -0.721671 -0.595780     2.564803
 0.664718 -0.255055  0.702209     8.051836
-0.658720 -0.643536  0.389807     0.128140
>../../../../class2/asn//data/domains/Catalytic_domain/structures/AsnRS_AF_Bact_Clostridium_acetobutylicum_DSM_1731_gene44999755.pdb
 0.995396  0.082355 -0.049036    -1.913400
-0.079994  0.995624  0.048312    -0.021525
 0.052800 -0.044167  0.997628    -0.114576
>../../../../class2/asn//data/domains/Catalytic_domain/structures/AsnRS_AF_Bact_Mycoplasma_hyopneumoniae_168-L_gene57101291.pdb
 0.598521 -0.686852 -0.412320     3.930407
 0.658811  0.129180  0.741134     7.490652
-0.455786 -0.715225  0.529822     0.462349
>../../../../class2/asn//data/domains/Catalytic_domain/structures/AsnRS_AF_Bact_Porphyromonas_gingivalis_ATCC_33277_gene29256423.pdb
 0.470229 -0.674270 -0.569425     2.439849
 0.644864 -0.177987  0.743284     6.351356
-0.602524 -0.716715  0.351118    -0.355803
>../../../../class2/asn//data/domains/Catalytic_domain/structures/AsnRS_AF_Bact_Streptobacillus_moniliformis_DSM_12112_gene29673200.pdb
 0.983692  0.175922 -0.037429    -1.471761
-0.175070  0.984239  0.024971     0.002570
 0.041232 -0.018011  0.998987    -0.231005
>../../../../class2/asn//data/domains/Catalytic_domain/structures/AsnRS_AF_Bact_Thermus_thermophilus_HB8_gene3168522.pdb
 0.657991 -0.694234 -0.291698     4.434458
 0.609522  0.263548  0.747680     7.518077
-0.442188 -0.669763  0.596563     1.210421
>../../../../class2/asn//data/domains/Catalytic_domain/structures/AsnRS_AF_Bact_Treponema_pallidum_subsp_pertenue_str_SamoaD_gene57879132.pdb
 0.999857 -0.004869 -0.016194    -1.084614
 0.006161  0.996722  0.080667    -0.582616
 0.015748 -0.080755  0.996610    -0.059014
>../../../../class2/asn//data/domains/Catalytic_domain/structures/AsnRS_AF_Bact_unclassified_Blastocatellia_proteinRPI49177.1.pdb
 0.804001 -0.571392 -0.164598     4.555657
 0.517424  0.535876  0.667165     5.643712
-0.293009 -0.621569  0.726497     1.831351
>../../../../class2/asn//data/domains/Catalytic_domain/structures/AsnRS_AF_Euk_Candida_albicans_SC5314_gene3646227.pdb
 0.382278 -0.767885 -0.514019     1.260936
 0.741603 -0.076903  0.666417     7.142550
-0.551261 -0.635955  0.540067     4.542839
>../../../../class2/asn//data/domains/Catalytic_domain/structures/AsnRS_AF_Euk_Cryptococcus_gattii_WM276_gene10190222.pdb
 0.357769 -0.785833 -0.504448    -0.025381
 0.814734 -0.001284  0.579833     4.908056
-0.456300 -0.618437  0.639786     6.795474
>../../../../class2/asn//data/domains/Catalytic_domain/structures/AsnRS_AF_Euk_Encephalitozoon_intestinalis_ATCC_50506_gene9698489.pdb
 0.386752 -0.634372 -0.669324     1.743618
 0.645892 -0.331709  0.687599     7.989392
-0.658214 -0.698242  0.281447    -1.209206
>../../../../class2/asn//data/domains/Catalytic_domain/structures/AsnRS_AF_Euk_Vitis_vinifera_gene100257593.pdb
 0.965952  0.228743  0.120885    -1.996264
-0.248506  0.950305  0.187526    -3.029679
-0.071982 -0.211182  0.974793    -1.896510
>../../../../class2/asn//data/domains/Catalytic_domain/structures/AsnRS_AF_Mito_Homo_sapiens_gene79731.pdb
-0.320008  0.553578  0.768860    -0.118603
 0.788196 -0.294730  0.540261     2.488383
 0.525682  0.778901 -0.342012     1.075009
>../../../../class2/asn//data/domains/Catalytic_domain/structures/AsnRS_AF_Mito_Zeugodacus_cucurbitae_gene105213230.pdb
-0.425773 -0.794327  0.433315     0.613548
-0.632324 -0.081338 -0.770423    -1.876606
 0.647213 -0.602020 -0.467640     2.562076
>../../../../class2/asn//data/domains/Catalytic_domain/structures/AsnRS_PDB_Arch_P_horikoshii_1X54.pdb
 0.765954  0.452608  0.456575   -10.033166
 0.421866 -0.889748  0.174291     2.164958
 0.485123  0.059115 -0.872446    29.458153
>../../../../class2/asn//data/domains/Catalytic_domain/structures/AsnRS_PDB_Bact_E_anophelis_6pqh.pdb
 0.781678  0.449112 -0.432756   -14.422851
-0.597475  0.340208 -0.726141   -47.151306
-0.178891  0.826170  0.534267    28.404745
>../../../../class2/sep//data/domains/Catalytic_domain/structures/SepRS_AF_Arch_Methanothrix_thermoacetophila_PT_gene4462697.pdb
 0.764064 -0.645004 -0.013233    -4.785135
 0.430294  0.494224  0.755374    -0.106048
-0.480679 -0.582848  0.655160     8.526936
>../../../../class2/sep//data/domains/Catalytic_domain/structures/SepRS_AF_Arch_unclassified_Candidatus_Bathyarchaeota_proteinUCD26266.1.pdb
-0.870313 -0.366102 -0.329430    -5.720584
-0.462283  0.837947  0.290068    -9.046118
 0.169850  0.404740 -0.898519     6.850291
>../../../../class2/sep//data/domains/Catalytic_domain/structures/SepRS_AF_Arch_unclassified_Lokiarchaeota_proteinTFF69421.1.pdb
 0.231823 -0.820708  0.522204    -2.180055
-0.449174 -0.566484 -0.690897    -9.807598
 0.862845 -0.074394 -0.499964     9.987862
>../../../../class2/sep//data/domains/Catalytic_domain/structures/SepRS_AF_Arch_unclassified_Thermoprotei_proteinRLF12424.1.pdb
-0.637186  0.691586  0.340151    -8.812207
 0.702073  0.338778  0.626357    -5.456788
 0.317944  0.637917 -0.701409     5.464954
>../../../../class2/sep//data/domains/Catalytic_domain/structures/SepRS_PDB_Arch_2DU4_A_fulgidus.pdb
 0.271052  0.498906 -0.823179   -59.647190
 0.960459 -0.083644  0.265560   -20.372553
 0.063636 -0.862610 -0.501851    52.439480
>../../../../class2/sep//data/domains/Catalytic_domain/structures/SepRS_PDB_Arch_2ODR_M_maripadulis.pdb
 0.778085 -0.256487  0.573409   -72.828528
-0.557358 -0.702911  0.441891    30.222233
 0.289716 -0.663423 -0.689880    15.892595
