>structures/ProRS-B_AF_Bact_Acinetobacter_baylyi_ADP1_gene45233245.pdb
 0.790928 -0.460793 -0.402621    29.053824
 0.534125  0.840935  0.086824   -10.551425
 0.298570 -0.283721  0.911240    11.106512
>structures/ProRS-B_AF_Bact_Brachyspira_pilosicoli_95_1000_gene56438966.pdb
 0.140218 -0.163685 -0.976497    28.354269
 0.934050 -0.305310  0.185301   -10.991027
-0.328465 -0.938080  0.110080    12.627005
>structures/ProRS-B_AF_Bact_Chlamydia_psittaci_6BC_gene12242703.pdb
-0.775934 -0.554410  0.300925    31.614858
-0.519111  0.832228  0.194734   -13.374896
-0.358400 -0.005113 -0.933554    13.118500
>structures/ProRS-B_AF_Bact_Clostridium_acetobutylicum_DSM_1731_gene44999665.pdb
 0.669861 -0.478479 -0.567754    29.205187
 0.665461  0.726046  0.173259   -10.971598
 0.329315 -0.493878  0.804759    12.214217
>structures/ProRS-B_AF_Bact_Corynebacterium_ulcerans_809_gene75260584.pdb
-0.903168 -0.429160 -0.010419    30.315302
-0.202500  0.404511  0.891832   -11.478590
-0.378524  0.807585 -0.452246    12.246541
>structures/ProRS-B_AF_Bact_Escherichia_coli_O157:H7_str._Sakai_gene913939.pdb
 0.050995  0.638378 -0.768032    29.477005
 0.669427 -0.592541 -0.448065   -10.494727
-0.741126 -0.491292 -0.457564    13.121405
>structures/ProRS-B_AF_Bact_Prochlorococcus_marinus_subsp_marinus_str_CCMP1375_gene54199876.pdb
 0.734155 -0.521820 -0.434419    29.526153
 0.602603  0.795570  0.062749   -11.199293
 0.312868 -0.307849  0.898522    10.812468
>structures/ProRS-B_AF_Bact_Streptobacillus_moniliformis_DSM_12112_gene29673723.pdb
 0.982980 -0.157478 -0.094612    28.023184
 0.105647  0.905871 -0.410166   -10.677550
 0.150299  0.393189  0.907090    12.644701
>structures/ProRS-B_PDB_Bact_R_palustris_2I4O.pdb
 0.930290  0.299014  0.212489    47.823891
-0.237630  0.932527 -0.271891    19.500412
-0.279450  0.202443  0.938576    40.733170
>structures/ProRS-B_PDB_Bact_S_aureus_5znj.pdb
 0.955932  0.013025 -0.293300    33.037647
 0.200406  0.701116  0.684305   -25.406007
 0.214551 -0.712928  0.667609    -2.641750
>structures/ProRS-M_AF_Euk_Candida_albicans_SC5314_gene3640100.pdb
 0.757808 -0.517419 -0.397497    28.040643
 0.420647  0.853134 -0.308576   -13.393235
 0.498781  0.066635  0.864163    14.750699
>structures/ProRS-M_AF_Mito_Acanthaster_planci_gene110989971.pdb
-0.436089  0.553086  0.709875    23.761228
-0.518182 -0.799266  0.304404   -13.426322
 0.735741 -0.235097  0.635150    19.208011
>structures/ProRS-M_AF_Mito_Drosophila_melanogaster_gene38331.pdb
 0.167581 -0.160864  0.972645    22.743438
-0.976658 -0.161561  0.141552   -14.194180
 0.134371 -0.973664 -0.184184    18.574261
>structures/ProRS-M_AF_Mito_Homo_sapiens_gene25973.pdb
 0.167535 -0.273944  0.947041    22.590684
-0.975056 -0.187910  0.118135   -12.883642
 0.145596 -0.943210 -0.298593    18.337236
>structures/ProRS-M_AF_Mito_Mauremys_reevesii_gene120369760.pdb
 0.725170  0.673371 -0.143876    24.825113
 0.233319 -0.436885 -0.868731   -13.585483
-0.647836  0.596409 -0.473926    13.772055
>structures/ProRS-M_AF_Mito_Patella_vulgata_gene126818129.pdb
 0.120878 -0.188643  0.974578    22.063329
-0.980060 -0.178654  0.086977   -12.951437
 0.157704 -0.965659 -0.206477    18.468686
>structures/ProRS-M_AF_Mito_Priapulus_caudatus_gene106814725.pdb
 0.791727  0.610796  0.009875    24.548313
 0.183372 -0.222210 -0.957600   -12.175828
-0.582704  0.759968 -0.287932    19.752313
>structures/ProRS-M_AF_Mito_Saccoglossus_kowalevskii_gene100368006.pdb
 0.985752  0.152213  0.071589    23.820719
 0.048790  0.148567 -0.987698   -11.765080
-0.160976  0.977118  0.139024    18.833475
>structures/ProRS-M_AF_Mito_Schizosaccharomyces_pombe_gene2540642.pdb
 0.451560 -0.587385 -0.671619    24.489764
 0.514759  0.786334 -0.341616   -13.904160
 0.728777 -0.191462  0.657439    17.512327
>structures/ProRS_PDB_Bact_E_faecalis_2J3M.pdb
 0.999872  0.014709  0.006351     0.084033
-0.014689  0.999887 -0.003183     0.561075
-0.006398  0.003089  0.999975     0.102036
