>structures/ProRS-B_AF_Bact_Acinetobacter_baylyi_ADP1_gene45233245.pdb
 0.514016  0.812766 -0.274223     0.998096
-0.569795  0.084559 -0.817425     1.173083
-0.641187  0.576421  0.506575    -0.744645
>structures/ProRS-B_AF_Bact_Brachyspira_pilosicoli_95_1000_gene56438966.pdb
 0.999997 -0.001019 -0.002001    -0.026047
 0.001016  0.999998 -0.001855     0.018175
 0.002003  0.001853  0.999996     0.029507
>structures/ProRS-B_AF_Bact_Chlamydia_psittaci_6BC_gene12242703.pdb
-0.479586  0.697255  0.532759    -1.923393
 0.620856 -0.159428  0.767542    -0.262599
 0.620110  0.698869 -0.356435    -3.626640
>structures/ProRS-B_AF_Bact_Clostridium_acetobutylicum_DSM_1731_gene44999665.pdb
 0.608527  0.771539 -0.185533     0.259419
-0.621495  0.318014 -0.715969     0.252129
-0.493396  0.550994  0.673027    -0.864351
>structures/ProRS-B_AF_Bact_Corynebacterium_ulcerans_809_gene75260584.pdb
-0.187802  0.052473  0.980804    -0.019689
 0.561255 -0.813751  0.151004     0.212531
 0.806054  0.578840  0.123373    -2.055294
>structures/ProRS-B_AF_Bact_Prochlorococcus_marinus_subsp_marinus_str_CCMP1375_gene54199876.pdb
 0.566404  0.768568 -0.297472     0.546504
-0.595263  0.131900 -0.792631     1.590075
-0.569955  0.626023  0.532209    -1.362645
>structures/ProRS-B_AF_Bact_Streptobacillus_moniliformis_DSM_12112_gene29673723.pdb
 0.186296  0.694530 -0.694926     0.246070
-0.331601 -0.621357 -0.709898    -0.035273
-0.924843  0.362690  0.114551     0.362193
>structures/ProRS-B_PDB_Bact_S_aureus_5znj.pdb
 0.256355  0.890118  0.376792    -7.764069
-0.420113  0.453680 -0.785926    17.939447
-0.870510  0.043181  0.490253    -9.001657
>structures/ProRS_PDB_Bact_E_faecalis_2J3M.pdb
 0.131117  0.934200 -0.331782    10.864702
-0.149829 -0.312153 -0.938143    12.783196
-0.979979  0.172717  0.099041    28.458193
