>structures/ProRS-B_AF_Bact_Acinetobacter_baylyi_ADP1_gene45233245.pdb
 0.995624  0.085125  0.038567     0.188000
-0.085263  0.996357  0.001930     0.712167
-0.038262 -0.005209  0.999254     0.439390
>structures/ProRS-B_AF_Bact_Brachyspira_pilosicoli_95_1000_gene56438966.pdb
 0.567003 -0.593971 -0.570706    -0.107847
 0.768015  0.130761  0.626940     0.254007
-0.297758 -0.793788  0.530321     2.131433
>structures/ProRS-B_AF_Bact_Chlamydia_psittaci_6BC_gene12242703.pdb
-0.994357  0.094890  0.047436     0.937414
 0.104497  0.953192  0.283733    -3.603861
-0.018292  0.287089 -0.957729     1.009055
>structures/ProRS-B_AF_Bact_Clostridium_acetobutylicum_DSM_1731_gene44999665.pdb
 0.996151 -0.063811 -0.060088     0.360713
 0.074087  0.979330  0.188213    -0.063449
 0.046836 -0.191940  0.980288     1.424891
>structures/ProRS-B_AF_Bact_Corynebacterium_ulcerans_809_gene75260584.pdb
-0.904818  0.176615  0.387443     0.977237
 0.424273  0.296998  0.855444    -1.143522
 0.036014  0.938402 -0.343662     0.853593
>structures/ProRS-B_AF_Bact_Escherichia_coli_O157:H7_str._Sakai_gene913939.pdb
 0.213079 -0.044937 -0.976001     1.132620
 0.730343 -0.656223  0.189661    -0.124938
-0.648997 -0.753228 -0.107008     2.112981
>structures/ProRS-B_AF_Bact_Prochlorococcus_marinus_subsp_marinus_str_CCMP1375_gene54199876.pdb
 1.000000  0.000000  0.000000     0.000000
 0.000000  1.000000  0.000000     0.000000
 0.000000  0.000000  1.000000     0.000000
>structures/ProRS-B_AF_Bact_Streptobacillus_moniliformis_DSM_12112_gene29673723.pdb
 0.831551  0.554336 -0.035128    -0.156394
-0.476737  0.679832 -0.557271     0.620658
-0.285034  0.480146  0.829587     2.336348
>structures/ProRS-B_PDB_Bact_R_palustris_2I4O.pdb
 0.429402  0.848524  0.309227    41.758546
-0.594701  0.523354 -0.610272     5.635786
-0.679665  0.078155  0.729347    19.578584
>structures/ProRS-B_PDB_Bact_S_aureus_5znj.pdb
 0.889036  0.202915  0.410415   -10.335031
-0.404207  0.768856  0.495457    -9.027850
-0.215014 -0.606372  0.765560   -14.291031
>structures/ProRS_PDB_Bact_E_faecalis_2J3M.pdb
 0.726341  0.612694  0.311504   -17.901766
-0.531179  0.787989 -0.311323    27.956413
-0.436207  0.060663  0.897799     3.711769
