>structures/LeuRS-B_AF_Bact_Bifidobacterium_longum_subsp_longum_JCM_1217_gene69578373.pdb
-0.401793  0.735798  0.545127    -0.152142
 0.499393 -0.322916  0.803948    -1.591589
 0.767573  0.595253 -0.237707     1.923791
>structures/LeuRS-B_AF_Bact_Brachyspira_pilosicoli_95_1000_gene56439070.pdb
-0.913094  0.349146  0.210608     1.870281
 0.401679  0.681437  0.611799    -1.378881
 0.070091  0.643227 -0.762461    -0.611525
>structures/LeuRS-B_AF_Bact_Chlamydia_psittaci_6BC_gene12243068.pdb
 0.987695  0.148891 -0.047855     1.354553
-0.155387  0.968915 -0.192505    -1.033014
 0.017705  0.197573  0.980128    -0.506324
>structures/LeuRS-B_AF_Bact_Clostridium_botulinum_A_str_ATCC_3502_gene5187707.pdb
-0.020436  0.108174 -0.993922     1.976705
 0.349937 -0.930473 -0.108463     1.300668
-0.936550 -0.350026 -0.018839     3.094159
>structures/LeuRS-B_AF_Bact_Escherichia_coli_O157_H7_str._Sakai_gene917041.pdb
-0.795093  0.550103  0.255369     3.303624
 0.423996  0.203104  0.882596     1.218792
 0.433653  0.810022 -0.394728    -0.189444
>structures/LeuRS-B_AF_Bact_Mycoplasma_hyopneumoniae_168-L_gene57101518.pdb
-0.401823 -0.798427  0.448389     1.110015
-0.890707  0.227127 -0.393769    -1.572382
 0.212555 -0.557609 -0.802430     2.137088
>structures/LeuRS-B_AF_Bact_Orientia_tsutsugamushi_str_Ikeda_gene66652454.pdb
 0.999999  0.001591  0.000511     0.006445
-0.001593  0.999990  0.004285    -0.080507
-0.000504 -0.004286  0.999991    -0.028066
>structures/LeuRS-B_AF_Bact_Porphyromonas_gingivalis_ATCC_33277_gene29256038.pdb
-0.832690  0.540647  0.119699    -0.282528
 0.415720  0.467566  0.780102    -1.593270
 0.365793  0.699345 -0.614095    -0.442073
>structures/LeuRS-B_AF_Bact_Thermus_thermophilus_HB8_gene3168656.pdb
 0.000977  0.039841 -0.999206    -1.642806
 0.455778 -0.889405 -0.035017     4.383486
-0.890093 -0.455381 -0.019027    -2.246750
>structures/LeuRS-B_AF_Euk_Bathycoccus_prasinos_gene19015540.pdb
 0.989700  0.052796 -0.133068     0.117241
-0.100789  0.917077 -0.385762    -1.337773
 0.101667  0.395200  0.912952     0.707279
>structures/LeuRS-B_AF_Euk_Klebsormidium_nitens_protein971510658.pdb
-0.265428 -0.836338  0.479673    -0.118222
-0.891682  0.023729 -0.452040    -0.582198
 0.366677 -0.547700 -0.752046     0.749565
>structures/LeuRS-B_AF_Euk_Plasmodium_falciparum_3D7_gene2655460.pdb
-0.405825  0.588260  0.699468    -0.082242
 0.525990 -0.475548  0.705116     4.376283
 0.747422  0.654067 -0.116429    -0.396812
>structures/LeuRS-B_AF_Euk_Thalassiosira_pseudonana_CCMP1335_gene7441753.pdb
-0.936671  0.283313  0.205866    -2.863668
 0.336124  0.562236  0.755587     1.689909
 0.098322  0.776933 -0.621858    -1.106240
>structures/LeuRS-B_AF_Mito_Drosophila_melanogaster_gene38581.pdb
-0.481624 -0.833840  0.269721     3.971356
-0.875584  0.470928 -0.107606    -0.608919
-0.037293 -0.287989 -0.956907     0.169930
>structures/LeuRS-B_AF_Mito_Homo_sapiens_gene23395.pdb
 0.975417  0.160901  0.150572     0.880654
-0.102653  0.936386 -0.335625    -1.502398
-0.194996  0.311917  0.929884     0.443371
>structures/LeuRS-B_PDB_Bact_T_therm_2V0C.pdb
-0.290849 -0.929131  0.228302   -30.473223
 0.435783 -0.341077 -0.832923    -3.717435
 0.851763 -0.142764  0.504101   -32.591286
