>structures/LeuRS-B_AF_Bact_Bifidobacterium_longum_subsp_longum_JCM_1217_gene69578373.pdb
-0.403553  0.736111  0.543402    -0.132251
 0.496478 -0.322696  0.805839    -1.549399
 0.768541  0.594986 -0.235238     1.922366
>structures/LeuRS-B_AF_Bact_Brachyspira_pilosicoli_95_1000_gene56439070.pdb
-0.909345  0.359993  0.208561     1.754097
 0.408432  0.676985  0.612270    -1.369396
 0.079221  0.641948 -0.762645    -0.650534
>structures/LeuRS-B_AF_Bact_Chlamydia_psittaci_6BC_gene12243068.pdb
 0.988048  0.146420 -0.048194     1.375912
-0.153078  0.968768 -0.195079    -0.981776
 0.018126  0.200125  0.979603    -0.505146
>structures/LeuRS-B_AF_Bact_Clostridium_botulinum_A_str_ATCC_3502_gene5187707.pdb
-0.017515  0.111053 -0.993660     2.004165
 0.351196 -0.929805 -0.110107     1.329997
-0.936138 -0.350898 -0.022716     3.115933
>structures/LeuRS-B_AF_Bact_Mycoplasma_hyopneumoniae_168-L_gene57101518.pdb
-0.399859 -0.798560  0.449906     1.129339
-0.892213  0.226693 -0.390597    -1.526876
 0.209924 -0.557596 -0.803131     2.136591
>structures/LeuRS-B_AF_Bact_Orientia_tsutsugamushi_str_Ikeda_gene66652454.pdb
 0.999991 -0.002871 -0.003185     0.053958
 0.002877  0.999994  0.001867    -0.033828
 0.003180 -0.001877  0.999993    -0.017392
>structures/LeuRS-B_AF_Bact_Porphyromonas_gingivalis_ATCC_33277_gene29256038.pdb
-0.834000  0.538926  0.118335    -0.259356
 0.412808  0.467144  0.781899    -1.546891
 0.366105  0.700953 -0.612071    -0.443637
>structures/LeuRS-B_AF_Bact_Thermus_thermophilus_HB8_gene3168656.pdb
 0.000602  0.042306 -0.999105    -1.633265
 0.458002 -0.888167 -0.037332     4.431790
-0.888951 -0.457569 -0.019911    -2.234411
>structures/LeuRS-B_AF_Euk_Bathycoccus_prasinos_gene19015540.pdb
 0.989855  0.050318 -0.132870     0.137862
-0.098707  0.916195 -0.388387    -1.292162
 0.102192  0.397562  0.911867     0.706694
>structures/LeuRS-B_AF_Euk_Klebsormidium_nitens_protein971510658.pdb
-0.263588 -0.835943  0.481373    -0.098861
-0.893225  0.023086 -0.449017    -0.537979
 0.364240 -0.548330 -0.752771     0.750659
>structures/LeuRS-B_AF_Euk_Plasmodium_falciparum_3D7_gene2655460.pdb
-0.402085  0.590926  0.699381    -0.151833
 0.524233 -0.477672  0.704989     4.426373
 0.750671  0.650104 -0.117718    -0.369802
>structures/LeuRS-B_AF_Euk_Thalassiosira_pseudonana_CCMP1335_gene7441753.pdb
-0.937518  0.281432  0.204587    -2.849230
 0.333707  0.560870  0.757671     1.734310
 0.098486  0.778602 -0.619741    -1.101238
>structures/LeuRS-B_AF_Mito_Drosophila_melanogaster_gene38581.pdb
-0.479450 -0.834675  0.271009     3.996855
-0.876765  0.468816 -0.107215    -0.597336
-0.037564 -0.289015 -0.956587     0.155272
>structures/LeuRS-B_AF_Mito_Homo_sapiens_gene23395.pdb
 0.976665  0.156665  0.146907     0.966733
-0.099258  0.935851 -0.338129    -1.447160
-0.190456  0.315657  0.929563     0.458752
>structures/LeuRS-B_PDB_Bact_T_therm_2V0C.pdb
-0.292537 -0.928212  0.229879   -30.421240
 0.432972 -0.342912 -0.833635    -3.661652
 0.852618 -0.144338  0.502204   -32.621482
