>../../../../class2/gly2//data/domains/Catalytic_domain/structures/GlyRS-Bα_AF_Bact_Brachyspira_pilosicoli_95_1000_gene56440230.pdb
-0.716327 -0.222701 -0.661271   -10.013261
 0.515396  0.469973 -0.716584    14.013288
 0.470363 -0.854125 -0.221875     3.186840
>../../../../class2/gly2//data/domains/Catalytic_domain/structures/GlyRS-Bα_AF_Bact_Chlamydia_pneumoniae_TW-183_gene45051002.pdb
 0.004320  0.856463  0.516190    10.578991
-0.867062  0.260370 -0.424749    15.997981
-0.498182 -0.445734  0.743731    -3.876423
>../../../../class2/gly2//data/domains/Catalytic_domain/structures/GlyRS-Bα_AF_Bact_Lacticaseibacillus_paracasei_gene61269714.pdb
-0.558904  0.345503 -0.753826    -9.926907
-0.827723 -0.287269  0.482028    12.458816
-0.050009  0.893367  0.446537     3.900741
>../../../../class2/gly2//data/domains/Catalytic_domain/structures/GlyRS-Bα_AF_Bact_Prochlorococcus_marinus_subsp_marinus_str_CCMP1375_gene54200602.pdb
-0.585225 -0.301349 -0.752796   -10.237859
-0.386223 -0.712712  0.585554    12.358647
-0.712982  0.633427  0.300709     4.440287
>../../../../class2/gly2//data/domains/Catalytic_domain/structures/GlyRS-Bα_AF_Bact_Salmonella_enterica_subsp_enterica_serovar_Typhimurium_str_LT2_gene1255180.pdb
-0.009393 -0.998457 -0.054726    -8.486863
-0.415808 -0.045872  0.908295    12.136311
-0.909404  0.031287 -0.414736     4.802625
>../../../../class2/gly2//data/domains/Catalytic_domain/structures/GlyRS-Bα_AF_Bact_Streptobacillus_moniliformis_DSM_12112_gene29673275.pdb
-0.658593  0.001838 -0.752497    -9.856545
-0.507873 -0.738980  0.442690    12.651561
-0.555267  0.673725  0.487620     4.253737
>../../../../class2/gly2//data/domains/Catalytic_domain/structures/GlyRS-Bα_AF_Euk_Ostreococcus_tauri_gene9837276.pdb
 0.701923 -0.041994  0.711014     9.318943
-0.275043  0.904846  0.324969    15.331655
-0.657005 -0.423663  0.623582    -3.939542
>../../../../class2/gly2//data/domains/Catalytic_domain/structures/GlyRS-Bα_AF_Mito_Nymphaea_colorata_gene116265348.pdb
-0.152079  0.971750  0.180480    11.026667
-0.689065  0.026666 -0.724209    17.665397
-0.708563 -0.234499  0.665544    -3.036099
>../../../../class2/gly2//data/domains/Catalytic_domain/structures/GlyRS-Bα_PDB_Bact_A_aeolicus_5f5w.pdb
 0.299357  0.913243 -0.276355    -6.308700
-0.562780  0.402892  0.721773   -17.931892
 0.770496 -0.060541  0.634564    43.424495
>../../../../class2/gly2//data/domains/Catalytic_domain/structures/GlyRS-Bα_PDB_Bact_C_jejuni_3ufg.pdb
 0.279682 -0.173579  0.944272   -11.538884
-0.917827  0.240267  0.316015    29.013305
-0.281731 -0.955061 -0.092117    38.384167
>../../../../class2/gly2//data/domains/Catalytic_domain/structures/GlyRS-Bα_PDB_Bact_T_maritima_1j5w.pdb
 0.050495 -0.521464 -0.851778    25.503660
-0.798100 -0.533788  0.279475    73.715315
-0.600405  0.665692 -0.443134    -6.329935
>../../../../class2/thr//data/domains/Catalytic_domain/structures/ThrRS_AF_Arch_Candidatus_Methanomethylophilus_alvus_Mx1201_gene15140074.pdb
-0.360449 -0.336594 -0.869931    -3.095042
-0.412654 -0.778856  0.472335    -2.380547
-0.836536  0.529233  0.141841     1.803077
>../../../../class2/thr//data/domains/Catalytic_domain/structures/ThrRS_AF_Arch_Candidatus_Nitrosopumilus_koreensis_AR1_gene13725077.pdb
 0.150184 -0.954671 -0.256999    -3.436789
 0.798387  0.270429 -0.538003     3.473716
 0.583115 -0.124385  0.802811     8.768713
>../../../../class2/thr//data/domains/Catalytic_domain/structures/ThrRS_AF_Arch_Pyrococcus_furiosus_DSM_3638_gene1469226.pdb
 0.330057 -0.943462  0.030695    -3.807024
 0.836960  0.277452 -0.471718     4.072356
 0.436532  0.181384  0.881215     6.691933
>../../../../class2/thr//data/domains/Catalytic_domain/structures/ThrRS_AF_Arch_Sulfolobus_islandicus_M164_gene7940156.pdb
 0.614995 -0.482205  0.623907    -8.930251
-0.728974 -0.046022  0.682992    -2.426470
-0.300629 -0.874849 -0.379818     5.487998
>../../../../class2/thr//data/domains/Catalytic_domain/structures/ThrRS_AF_Bact_Bifidobacterium_longum_subsp_longum_JCM_1217_gene69578309.pdb
 1.000000 -0.000000  0.000000     0.000000
 0.000000  1.000000  0.000000     0.000000
-0.000000  0.000000  1.000000     0.000000
>../../../../class2/thr//data/domains/Catalytic_domain/structures/ThrRS_AF_Bact_Brachyspira_pilosicoli_95_1000_gene56439092.pdb
 0.623966  0.569775  0.534811    -1.180031
-0.712896  0.134726  0.688206    -2.834437
 0.320070 -0.810682  0.490255    -0.203138
>../../../../class2/thr//data/domains/Catalytic_domain/structures/ThrRS_AF_Bact_Brucella_abortus_2308_gene3787745.pdb
-0.897480  0.358331 -0.257154    -0.605729
 0.440891  0.744759 -0.500949    -2.261818
 0.012012 -0.562968 -0.826391    -0.242000
>../../../../class2/thr//data/domains/Catalytic_domain/structures/ThrRS_AF_Bact_Lactobacillus_acidophilus_La-14_gene56943112.pdb
 0.524805 -0.467282  0.711496     3.281097
 0.507127 -0.499688 -0.702235    -1.498389
 0.683669  0.729355 -0.025267    -1.624960
>../../../../class2/thr//data/domains/Catalytic_domain/structures/ThrRS_AF_Bact_Mycoplasma_hyopneumoniae_168-L_gene57101460.pdb
-0.470583 -0.273999 -0.838735    -4.370138
-0.783737 -0.306886  0.539980    -1.153442
-0.405349  0.911453 -0.070328     0.868334
>../../../../class2/thr//data/domains/Catalytic_domain/structures/ThrRS_AF_Bact_Porphyromonas_gingivalis_ATCC_33277_gene29256174.pdb
 0.161615  0.976228  0.144428    -1.153455
-0.919923  0.096052  0.380152     0.291602
 0.357242 -0.194301  0.913578    -0.284679
>../../../../class2/thr//data/domains/Catalytic_domain/structures/ThrRS_AF_Bact_Prochlorococcus_marinus_subsp_marinus_str_CCMP1375_gene54200406.pdb
-0.067419 -0.427732 -0.901388     2.141004
 0.882521 -0.447002  0.146106    -0.469407
-0.465416 -0.785643  0.407619     0.922399
>../../../../class2/thr//data/domains/Catalytic_domain/structures/ThrRS_AF_Bact_Streptobacillus_moniliformis_DSM_12112_gene29674242.pdb
 0.227533 -0.920383  0.317999    -0.112334
 0.733364 -0.052877 -0.677776    -1.717060
 0.640629  0.387426  0.662945    -0.051944
>../../../../class2/thr//data/domains/Catalytic_domain/structures/ThrRS_AF_Euk_Arabidopsis_thaliana_gene832741.pdb
 0.986293 -0.090123  0.138221     0.070010
 0.155059  0.792663 -0.589612     1.754817
-0.056425  0.602962  0.795772    -1.102562
>../../../../class2/thr//data/domains/Catalytic_domain/structures/ThrRS_AF_Euk_Cercospora_beticola_gene35433465.pdb
 0.550426  0.785968  0.281576    -0.048754
 0.312209  0.119019 -0.942529    -0.452315
-0.774311  0.606703 -0.179875    -1.463828
>../../../../class2/thr//data/domains/Catalytic_domain/structures/ThrRS_AF_Euk_Cryptococcus_gattii_WM276_gene10188143.pdb
 0.928223 -0.355860 -0.108473     0.952115
 0.343848  0.931953 -0.115033    -0.550414
 0.142027  0.069478  0.987421    -2.418710
>../../../../class2/thr//data/domains/Catalytic_domain/structures/ThrRS_AF_Euk_Cyanidioschyzon_merolae_strain_10D_gene16997242.pdb
-0.766447  0.213851 -0.605662     1.473157
 0.630891  0.427647 -0.647376    -1.271262
 0.120568 -0.878286 -0.462685    -1.310451
>../../../../class2/thr//data/domains/Catalytic_domain/structures/ThrRS_AF_Mito_Cyanidioschyzon_merolae_strain_10D_gene16995590.pdb
 0.002037 -0.887553 -0.460702    -0.087347
 0.908887  0.193773 -0.369291    -1.682299
 0.417037 -0.417974  0.807080     0.386666
>../../../../class2/thr//data/domains/Catalytic_domain/structures/ThrRS_AF_Mito_Oryza_sativa_Japonica_Group_gene4345200.pdb
-0.630179  0.594429  0.499528     1.306984
 0.189227 -0.506374  0.841296     0.198319
 0.753039  0.624691  0.206624    -1.811361
>../../../../class2/thr//data/domains/Catalytic_domain/structures/ThrRS_PDB_Bact_E_coli_1evk.pdb
 0.026267  0.843261 -0.536862   -46.701899
 0.197285 -0.530858 -0.824178    36.662670
-0.979994 -0.084266 -0.180307    44.754882
>../../../../class2/thr//data/domains/Catalytic_domain/structures/ThrRS_PDB_Bact_S_aureus_1nyr.pdb
-0.075000  0.261226 -0.962359    36.289718
-0.886106  0.425189  0.184472   -19.437869
 0.457373  0.866588  0.199585   -58.478266
