>structures/AspRS-E_AF_Euk_Caenorhabditis_elegans_gene176334.pdb
-0.251338  0.633235  0.732013    -2.097181
 0.058656 -0.744935  0.664553    14.724208
 0.966120  0.209965  0.150088    52.282074
>structures/AspRS-E_AF_Euk_Cryptococcus_neoformans_var_neoformans_JEC21_gene3258977.pdb
-0.533117 -0.365996  0.762780   -11.218887
-0.817547 -0.009160 -0.575789    22.666708
 0.217723 -0.930572 -0.294335    49.635700
>structures/AspRS-E_AF_Euk_Homo_sapiens_gene1615.pdb
-0.278422 -0.644703  0.711926     1.895246
-0.957048  0.123814 -0.262163     7.393639
 0.080871 -0.754339 -0.651484    54.562765
>structures/AspRS-E_AF_Euk_Thalassiosira_pseudonana_CCMP1335_gene7443135.pdb
-0.211445  0.549321  0.808417    -2.849325
-0.022130 -0.829597  0.557924    13.336482
 0.977139  0.100080  0.187570    54.012283
>structures/AspRS-E_AF_Euk_Theileria_orientalis_strain_Shintoku_gene20715543.pdb
-0.285013  0.704249  0.650231    -1.597011
 0.151044 -0.636894  0.756011    14.911460
 0.946548  0.313686  0.075151    51.486121
>structures/AspRS-E_PDB_Euk_S_cerevisiae_1EOV.pdb
 0.999984  0.004346  0.003629    -0.199983
-0.004355  0.999988  0.002352    -0.173029
-0.003619 -0.002368  0.999991    -0.023049
>structures/AsxRS_AF_Arch_Candidatus_Korarchaeum_cryptofilum_OPF8_gene6094477.pdb
-0.175860  0.109393  0.978318    -3.899474
-0.278129 -0.958838  0.057219    11.595935
 0.944308 -0.262036  0.199047    56.015692
>structures/AsxRS_AF_Arch_Candidatus_Methanomassiliicoccus_intestinalis_Issoire-Mx1_gene16154831.pdb
-0.134549  0.021257  0.990679    -3.184184
-0.435113 -0.899496 -0.039794    12.262215
 0.890266 -0.436411  0.130275    54.957834
>structures/AsxRS_AF_Arch_Candidatus_Nitrosopumilus_koreensis_AR1_gene13725312.pdb
-0.091239 -0.316680  0.944134    -0.740776
-0.840245 -0.484371 -0.243666     8.879569
 0.534476 -0.815535 -0.221895    59.021738
>structures/AsxRS_AF_Arch_Methanobacterium_lacus_gene10277817.pdb
-0.301791 -0.630093  0.715476    -0.413083
-0.953374  0.199991 -0.226012     7.141753
-0.000680 -0.750324 -0.661069    55.965444
>structures/AsxRS_AF_Bact_Clostridium_acetobutylicum_DSM_1731_gene45000055.pdb
-0.282864  0.587210  0.758401    -3.932052
 0.042368 -0.782272  0.621494    13.207093
 0.958224  0.207930  0.196398    54.184999
>structures/AsxRS_AF_Bact_Spirochaetes_bacterium_GWE1_32_154_proteinOHD39701.1.pdb
-0.240197 -0.655779  0.715723    -3.096408
-0.915978 -0.090992 -0.390774    12.329819
 0.321386 -0.749450 -0.578823    55.928743
>structures/AsxRS_AF_Bact_Tropheryma_whipplei_TW08_27_gene67388547.pdb
 0.958611 -0.089767 -0.270197    -3.111469
-0.024355  0.919665 -0.391948    12.355038
 0.283675  0.382306  0.879415    55.488001
>structures/AsxRS_PDB_Arch_T_kodarensis_1b8a.pdb
-0.100892 -0.658202 -0.746051    32.295348
 0.966420  0.113293 -0.230646   -13.924490
 0.236334 -0.744268  0.624668    35.091730
>structures/AsxRS_PDB_Bact_T_thermophilus_1n9w.pdb
-0.269515 -0.161007 -0.949441    66.287090
 0.801576  0.508900 -0.313841     5.463038
 0.533701 -0.845634 -0.008097    34.429154
