>structures/AspRS-E_AF_Euk_Caenorhabditis_elegans_gene176334.pdb
-0.254263  0.635004  0.729466    -2.156650
 0.059792 -0.742490  0.667183    14.723204
 0.965285  0.213256  0.150820    52.282272
>structures/AspRS-E_AF_Euk_Cryptococcus_neoformans_var_neoformans_JEC21_gene3258977.pdb
-0.533642 -0.360838  0.764867   -11.200592
-0.819115 -0.004495 -0.573612    22.673247
 0.210419 -0.932618 -0.293169    49.748347
>structures/AspRS-E_AF_Euk_Thalassiosira_pseudonana_CCMP1335_gene7443135.pdb
-0.212343  0.551394  0.806768    -2.877939
-0.021672 -0.828050  0.560235    13.310902
 0.976955  0.101478  0.187780    54.032335
>structures/AspRS-E_AF_Euk_Theileria_orientalis_strain_Shintoku_gene20715543.pdb
-0.289324  0.705610  0.646843    -1.681690
 0.151202 -0.633572  0.758765    14.958970
 0.945214  0.317333  0.076618    51.533220
>structures/AspRS-E_PDB_Euk_S_cerevisiae_1EOV.pdb
 1.000000  0.000000  0.000000     0.000000
 0.000000  1.000000  0.000000     0.000000
 0.000000  0.000000  1.000000     0.000000
>structures/AsxRS_AF_Arch_Candidatus_Korarchaeum_cryptofilum_OPF8_gene6094477.pdb
-0.170834  0.107506  0.979417    -3.911289
-0.280195 -0.958290  0.056315    11.614987
 0.944620 -0.264807  0.193831    55.960388
>structures/AsxRS_AF_Arch_Candidatus_Methanomassiliicoccus_intestinalis_Issoire-Mx1_gene16154831.pdb
-0.129574  0.016262  0.991436    -3.154211
-0.439404 -0.897274 -0.042710    12.237030
 0.888895 -0.441175  0.123409    54.975659
>structures/AsxRS_AF_Arch_Candidatus_Nitrosopumilus_koreensis_AR1_gene13725312.pdb
-0.086397 -0.323622  0.942234    -0.657173
-0.840923 -0.483451 -0.243154     8.856500
 0.534214 -0.813354 -0.230372    58.911380
>structures/AsxRS_AF_Arch_Methanobacterium_lacus_gene10277817.pdb
-0.303249 -0.635215  0.710311    -0.374407
-0.952909  0.203581 -0.224763     7.103207
-0.001833 -0.745021 -0.667038    55.897475
>structures/AsxRS_AF_Bact_Clostridium_acetobutylicum_DSM_1731_gene45000055.pdb
-0.287348  0.586013  0.757641    -3.908973
 0.046510 -0.781531  0.622131    13.164852
 0.956696  0.214006  0.197315    54.128198
>structures/AsxRS_AF_Bact_Spirochaetes_bacterium_GWE1_32_154_proteinOHD39701.1.pdb
-0.242749 -0.656793  0.713929    -3.109306
-0.914859 -0.089782 -0.393666    12.281878
 0.322655 -0.748707 -0.579079    55.871447
>structures/AsxRS_AF_Bact_Tropheryma_whipplei_TW08_27_gene67388547.pdb
 0.958518 -0.088486 -0.270951    -3.095167
-0.025011  0.920816 -0.389194    12.322747
 0.283934  0.379826  0.880406    55.401356
>structures/AsxRS_PDB_Arch_T_kodarensis_1b8a.pdb
-0.098192 -0.662714 -0.742407    32.148819
 0.965105  0.118563 -0.233483   -13.857300
 0.242754 -0.739427  0.627947    34.739081
>structures/AsxRS_PDB_Bact_T_thermophilus_1n9w.pdb
-0.262922 -0.169489 -0.949814    66.071449
 0.790433  0.526671 -0.312784     5.931534
 0.553252 -0.833002 -0.004504    33.812271
