>../../../../class2/asp2//data/domains/Catalytic_domain/structures/AspRS-E_AF_Euk_Caenorhabditis_elegans_gene176334.pdb
 0.485829  0.685456 -0.542328    -8.291402
-0.734852 -0.015627 -0.678047     3.106686
-0.473246  0.727947  0.496117    -1.172152
>../../../../class2/asp2//data/domains/Catalytic_domain/structures/AspRS-E_AF_Euk_Cryptococcus_neoformans_var_neoformans_JEC21_gene3258977.pdb
 0.849948 -0.458474  0.259597   -15.605458
 0.392568  0.879707  0.268338     4.269128
-0.351395 -0.126164  0.927687   -11.184098
>../../../../class2/asp2//data/domains/Catalytic_domain/structures/AspRS-E_AF_Euk_Thalassiosira_pseudonana_CCMP1335_gene7443135.pdb
 0.556816  0.703932 -0.440948    -6.164107
-0.718600  0.141975 -0.680777     2.597183
-0.416617  0.695933  0.584900    -1.970870
>../../../../class2/asp2//data/domains/Catalytic_domain/structures/AspRS-E_AF_Euk_Theileria_orientalis_strain_Shintoku_gene20715543.pdb
 0.401087  0.645617 -0.649852    -8.905679
-0.751558 -0.173668 -0.636396     3.439173
-0.523726  0.743652  0.415563    -0.511699
>../../../../class2/asp2//data/domains/Catalytic_domain/structures/AspRS-E_PDB_Euk_S_cerevisiae_1EOV.pdb
-0.086397 -0.840923  0.534214   -24.080423
-0.323622 -0.483451 -0.813354    51.984794
 0.942234 -0.243154 -0.230372    16.344254
>../../../../class2/asp2//data/domains/Catalytic_domain/structures/AsxRS_AF_Arch_Candidatus_Korarchaeum_cryptofilum_OPF8_gene6094477.pdb
 0.754387  0.655793 -0.028922    -3.592974
-0.578941  0.643921 -0.500193     2.134152
-0.309400  0.394083  0.865431    -2.972120
>../../../../class2/asp2//data/domains/Catalytic_domain/structures/AsxRS_AF_Arch_Candidatus_Methanomassiliicoccus_intestinalis_Issoire-Mx1_gene16154831.pdb
 0.853938  0.520256  0.011134    -4.804053
-0.472244  0.783764 -0.403361     2.448086
-0.218577  0.339187  0.914973    -2.231445
>../../../../class2/asp2//data/domains/Catalytic_domain/structures/AsxRS_AF_Arch_Candidatus_Nitrosopumilus_koreensis_AR1_gene13725312.pdb
 1.000000  0.000000  0.000000     0.000000
 0.000000  1.000000  0.000000     0.000000
 0.000000  0.000000  1.000000     0.000000
>../../../../class2/asp2//data/domains/Catalytic_domain/structures/AsxRS_AF_Arch_Methanobacterium_lacus_gene10277817.pdb
 0.827454 -0.512032 -0.230527    -0.229634
 0.559214  0.714120  0.421085     3.247882
-0.050985 -0.477342  0.877237     1.412799
>../../../../class2/asp2//data/domains/Catalytic_domain/structures/AsxRS_AF_Bact_Clostridium_acetobutylicum_DSM_1731_gene45000055.pdb
 0.502015  0.715918 -0.485224    -5.940411
-0.709599  0.020224 -0.704316     2.871409
-0.494419  0.697892  0.518167    -3.005293
>../../../../class2/asp2//data/domains/Catalytic_domain/structures/AsxRS_AF_Bact_Spirochaetes_bacterium_GWE1_32_154_proteinOHD39701.1.pdb
 0.962043 -0.269402 -0.043550    -4.208917
 0.261354  0.863609  0.431130     1.588810
-0.078537 -0.426147  0.901238    -2.384249
>../../../../class2/asp2//data/domains/Catalytic_domain/structures/AsxRS_AF_Bact_Tropheryma_whipplei_TW08_27_gene67388547.pdb
 0.085793 -0.563883  0.821386    -4.597510
-0.523870 -0.726790 -0.444225     2.036989
 0.847467 -0.392188 -0.357755    -2.231444
>../../../../class2/asp2//data/domains/Catalytic_domain/structures/AsxRS_PDB_Arch_T_kodarensis_1b8a.pdb
-0.675684 -0.432765  0.596796     3.259844
-0.629158  0.760443 -0.160890    20.101572
-0.384202 -0.484190 -0.786097    42.047701
>../../../../class2/asp2//data/domains/Catalytic_domain/structures/AsxRS_PDB_Bact_T_thermophilus_1n9w.pdb
-0.372180 -0.862003  0.344142   -15.989312
-0.726546  0.501304  0.469921    -0.544344
-0.577593 -0.075140 -0.812859    69.614515
>../../../../class2/phe5//data/domains/Catalytic_domain/structures/PheRS-M_AF_Mito_Arabidopsis_thaliana_gene824983.pdb
-0.937595  0.175761  0.300038    -8.204164
 0.093547 -0.703549  0.704463     5.296314
 0.334909  0.688568  0.643203   -10.017543
>../../../../class2/phe5//data/domains/Catalytic_domain/structures/PheRS-M_AF_Mito_Babesia_bovis_T2Bo_gene5478469.pdb
-0.049673 -0.864233  0.500634    -2.730066
-0.834308 -0.239651 -0.496485     3.955167
 0.549056 -0.442345 -0.709132    -6.735199
>../../../../class2/phe5//data/domains/Catalytic_domain/structures/PheRS-M_AF_Mito_Candida_albicans_SC5314_gene3638806.pdb
-0.494354 -0.790843 -0.360805    -2.526528
 0.792805 -0.580416  0.185950     7.065594
-0.356475 -0.194123  0.913916    -9.798390
>../../../../class2/phe5//data/domains/Catalytic_domain/structures/PheRS-M_AF_Mito_Crassostrea_gigas_gene105329377.pdb
 0.967530  0.048688 -0.248021     2.261161
-0.237192 -0.164110 -0.957501    -0.788614
-0.087322  0.985240 -0.147233   -14.812229
>../../../../class2/phe5//data/domains/Catalytic_domain/structures/PheRS-M_AF_Mito_Drosophila_melanogaster_gene36547.pdb
 0.562165 -0.353235 -0.747794    -3.314788
 0.806943  0.036234  0.589516     6.448094
-0.181143 -0.934833  0.305410    -5.395701
>../../../../class2/phe5//data/domains/Catalytic_domain/structures/PheRS-M_AF_Mito_Syngnathus_acus_gene119139175.pdb
 0.436796  0.736716 -0.516197    -1.066257
 0.830895 -0.550307 -0.082310     2.760439
-0.344706 -0.392953 -0.852506   -11.867107
>../../../../class2/phe5//data/domains/Catalytic_domain/structures/PheRS-M_PDB_Mito.H_sapiens_3CMQ.pdb
 0.035874 -0.890242 -0.454072    26.351393
 0.035781 -0.452929  0.890828     0.696675
-0.998716 -0.048204  0.015606    -9.015637
