>../../../../class2/phe3//data/domains/Catalytic_domain/structures/PheRS-Aα_AF_Arch_Candidatus_Nitrosopumilus_koreensis_AR1_gene13724458.pdb
-0.359569 -0.905261  0.226302    -8.901718
-0.932733  0.355662 -0.059276     5.606678
-0.026827 -0.232393 -0.972252     8.207789
>../../../../class2/phe3//data/domains/Catalytic_domain/structures/PheRS-Aα_AF_Arch_Haloterrigena_turkmenica_DSM_5511_gene8744248.pdb
 0.213302 -0.204565  0.955330    -1.501100
-0.220381 -0.962706 -0.156939     1.101113
 0.951806 -0.177062 -0.250430    -0.089360
>../../../../class2/phe3//data/domains/Catalytic_domain/structures/PheRS-Aα_AF_Arch_Thermoplasma_volcanium_GSS1_gene1441177.pdb
 1.000000  0.000000  0.000000     0.000000
 0.000000  1.000000  0.000000     0.000000
 0.000000  0.000000  1.000000     0.000000
>../../../../class2/phe3//data/domains/Catalytic_domain/structures/PheRS-Aα_AF_Arch_Thermosphaera_aggregans_DSM_11486_gene9165306.pdb
-0.467632 -0.854597  0.225798     1.342572
-0.794706  0.294644 -0.530686    -1.937775
 0.386992 -0.427609 -0.816938    -5.786715
>../../../../class2/phe3//data/domains/Catalytic_domain/structures/PheRS-Aα_AF_Euk_Cyanidioschyzon_merolae_strain_10D_gene16993638.pdb
 0.320509 -0.758867 -0.566917     0.580243
 0.867932 -0.004462  0.496662     9.454462
-0.379431 -0.651230  0.657215    -2.989146
>../../../../class2/phe3//data/domains/Catalytic_domain/structures/PheRS-Aα_AF_Euk_Megalobrama_amblycephala_gene125266654.pdb
 0.413253  0.897588 -0.153485    -1.472352
-0.639409  0.166014 -0.750730    -0.659500
-0.648366  0.408381  0.642531    -7.268634
>../../../../class2/phe3//data/domains/Catalytic_domain/structures/PheRS-Aα_AF_Euk_Plasmodium_falciparum_3D7_gene813233.pdb
-0.948805  0.257842 -0.182446    -5.289407
 0.118516  0.826022  0.551037     4.875598
 0.292785  0.501204 -0.814292    -9.619241
>../../../../class2/phe3//data/domains/Catalytic_domain/structures/PheRS-Aα_AF_Euk_Schizosaccharomyces_pombe_gene2543647.pdb
 0.012058  0.636056  0.771549    -1.198164
 0.485063 -0.678458  0.551732     8.519452
 0.874396  0.367597 -0.316708    -3.202188
>../../../../class2/phe3//data/domains/Catalytic_domain/structures/PheRS-Aα_PDB_Euk.B_H_sapiens_3L4G.C.pdb
 0.133697  0.568984  0.811407   -45.993237
-0.580682 -0.618506  0.529396   113.705011
 0.803078 -0.541948  0.247707    41.039217
>../../../../class2/phe5//data/domains/Catalytic_domain/structures/PheRS-M_AF_Mito_Arabidopsis_thaliana_gene824983.pdb
 0.759952  0.180870  0.624306    -6.025164
-0.509984  0.761419  0.400197    -4.720656
-0.402975 -0.622516  0.670883     1.941042
>../../../../class2/phe5//data/domains/Catalytic_domain/structures/PheRS-M_AF_Mito_Babesia_bovis_T2Bo_gene5478469.pdb
 0.091656 -0.019221 -0.995605    -6.782524
 0.563344 -0.823439  0.067759     1.995101
-0.821123 -0.567079 -0.064644     2.674201
>../../../../class2/phe5//data/domains/Catalytic_domain/structures/PheRS-M_AF_Mito_Candida_albicans_SC5314_gene3638806.pdb
 0.312272 -0.007394  0.949964    -7.926954
-0.803140 -0.536146  0.259835    -0.635524
 0.507398 -0.844093 -0.173362     5.826647
>../../../../class2/phe5//data/domains/Catalytic_domain/structures/PheRS-M_AF_Mito_Crassostrea_gigas_gene105329377.pdb
-0.642847  0.676383 -0.359519   -17.210028
 0.718824  0.694846  0.021940     1.845354
 0.264650 -0.244327 -0.932880     2.124315
>../../../../class2/phe5//data/domains/Catalytic_domain/structures/PheRS-M_AF_Mito_Drosophila_melanogaster_gene36547.pdb
-0.106266 -0.541087  0.834226    -4.360134
 0.058224 -0.840923 -0.538014     1.405529
 0.992632 -0.008601  0.120866     4.598604
>../../../../class2/phe5//data/domains/Catalytic_domain/structures/PheRS-M_AF_Mito_Syngnathus_acus_gene119139175.pdb
-0.160556 -0.885417 -0.436187   -11.874830
-0.147054  0.458446 -0.876471     0.148436
 0.976011 -0.076580 -0.203810     3.246218
>../../../../class2/phe5//data/domains/Catalytic_domain/structures/PheRS-M_PDB_Mito.H_sapiens_3CMQ.pdb
-0.782931  0.228740  0.578529   -24.016849
-0.597301 -0.536383 -0.596259    22.586782
 0.173925 -0.812386  0.556578    14.200342
