>../../../../class2/asp1//data/domains/Catalytic_domain/structures/AspRS_AF_Arch_Candidatus_Methanomassiliicoccus_intestinalis_Issoire-Mx1_gene16154434.pdb
 0.591337 -0.743690 -0.311843     4.987063
 0.806421  0.544101  0.231604     0.839767
-0.002567 -0.388433  0.921474     4.461951
>../../../../class2/asp1//data/domains/Catalytic_domain/structures/AspRS_AF_Arch_unclassified_Euryarchaeota_proteinHHT76046.1.pdb
 0.703107 -0.498616 -0.506975     0.807075
 0.699689  0.612250  0.368221    -1.358119
 0.126795 -0.613623  0.779352    -0.527172
>../../../../class2/asp1//data/domains/Catalytic_domain/structures/AspRS_AF_Bact_Bacillus_anthracis_str_Ames_Ancestor_gene45024275.pdb
-0.447286  0.477892  0.756012    -0.305314
 0.551802 -0.517783  0.653770     4.321305
 0.703882  0.709591 -0.032105     3.178989
>../../../../class2/asp1//data/domains/Catalytic_domain/structures/AspRS_AF_Bact_Brachyspira_pilosicoli_95_1000_gene56440011.pdb
 0.624086 -0.423906 -0.656369     1.972046
 0.779822  0.390532  0.489247    -1.878116
 0.048938 -0.817183  0.574296     1.038292
>../../../../class2/asp1//data/domains/Catalytic_domain/structures/AspRS_AF_Bact_Chlamydia_muridarum_str_Nigg_gene1246197.pdb
 0.151511 -0.346147 -0.925865     2.456572
 0.930029 -0.267341  0.252141    -2.031373
-0.334800 -0.899283  0.281422     0.705808
>../../../../class2/asp1//data/domains/Catalytic_domain/structures/AspRS_AF_Bact_Mycoplasma_hyopneumoniae_168-L_gene57101115.pdb
 0.847743 -0.530381 -0.005345     7.507823
 0.529155  0.846390 -0.060153    -1.851463
 0.036427  0.048166  0.998175     4.179542
>../../../../class2/asp1//data/domains/Catalytic_domain/structures/AspRS_AF_Bact_Nocardia_cyriacigeorgica_GUH-2_gene45501717.pdb
 0.719220  0.588315 -0.369606     2.429369
-0.524643  0.111118 -0.844039    -5.760285
-0.455491  0.800961  0.388574    -1.351774
>../../../../class2/asp1//data/domains/Catalytic_domain/structures/AspRS_AF_Bact_Porphyromonas_gingivalis_ATCC_33277_gene29255515.pdb
 0.490302 -0.238995  0.838144     0.844747
-0.430927 -0.902372 -0.005224    -2.054210
 0.757566 -0.358617 -0.545424     2.699428
>../../../../class2/asp1//data/domains/Catalytic_domain/structures/AspRS_AF_Bact_Prochlorococcus_marinus_subsp_marinus_str_CCMP1375_gene54201182.pdb
 0.161244 -0.521389 -0.837946     1.382464
 0.896957 -0.276740  0.344794     4.013979
-0.411665 -0.807198  0.423041     2.324571
>../../../../class2/asp1//data/domains/Catalytic_domain/structures/AspRS_AF_Bact_Xylella_fastidiosa_Temecula1_gene58016479.pdb
 0.693141  0.623087 -0.362379    -0.794409
-0.486233  0.033056 -0.873204    -1.182760
-0.532103  0.781454  0.325878     0.496407
>../../../../class2/asp1//data/domains/Catalytic_domain/structures/AspRS_AF_Mito_Oryza_sativa_Japonica_Group_gene4324505.pdb
-0.604355 -0.644112  0.468908     0.668095
-0.796680  0.494132 -0.348045    -7.538376
-0.007522 -0.583912 -0.811782     0.654183
>../../../../class2/asp1//data/domains/Catalytic_domain/structures/AspRS_AF_Mito_Oryzias_melastigma_gene112147132.pdb
 1.000000 -0.000000  0.000000     0.000000
 0.000000  1.000000  0.000000     0.000000
-0.000000  0.000000  1.000000     0.000000
>../../../../class2/asp1//data/domains/Catalytic_domain/structures/AspRS_PDB_Bact_E_coli_1c0a.pdb
 0.456640 -0.614580 -0.643251    -5.741854
 0.154807  0.766897 -0.622819   -42.766371
 0.876079  0.184825  0.445337   -54.574177
>../../../../class2/ser2//data/domains/Catalytic_domain/structures/SerRS-A_AF_Arch_Conexivisphaera_calida_protein1635512986.pdb
 0.700839 -0.202404  0.684001    -1.498663
-0.340521 -0.937516  0.071482     6.057443
 0.626794 -0.283014 -0.725970   -12.388884
>../../../../class2/ser2//data/domains/Catalytic_domain/structures/SerRS-A_AF_Arch_Ignisphaera_aggregans_protein304378874.pdb
 0.175883 -0.943171  0.281947     0.807908
-0.906806 -0.266693 -0.326463     6.065062
 0.383104 -0.198252 -0.902179   -12.372492
>../../../../class2/ser2//data/domains/Catalytic_domain/structures/SerRS-A_AF_Arch_Methanosarcina_barkeri_protein805401349.pdb
-0.093406  0.878385  0.468737    -1.232063
 0.408752 -0.395458  0.822518     4.939001
 0.907853  0.268425 -0.322103   -14.402279
>../../../../class2/ser2//data/domains/Catalytic_domain/structures/SerRS-A_AF_Arch_Unclassified_Thermoplasmata_protein1635512986.pdb
 0.722857  0.080066  0.686343    -2.009324
-0.105043 -0.968988  0.223670     6.710912
 0.682967 -0.233777 -0.692029   -15.213245
>../../../../class2/ser2//data/domains/Catalytic_domain/structures/SerRS-A_PDB_Arch_M_barkeri_2cjb.pdb
-0.258124  0.315922 -0.912998    87.909093
-0.074220 -0.948715 -0.307298    33.478333
-0.963257 -0.011558  0.268334     9.985014
