>../../../../class1/leu2//data/domains/Catalytic_domain/structures/LeuRS-A_AF_Arch_Aciduliprofundum_boonei_T469_gene8828435.pdb
 0.421665  0.288797 -0.859532    -0.867650
-0.233104  0.950591  0.205037     2.840703
 0.876277  0.113904  0.468150    -0.178440
>../../../../class1/leu2//data/domains/Catalytic_domain/structures/LeuRS-A_AF_Arch_Candidatus_Korarchaeum_cryptofilum_OPF8_gene6093520.pdb
-0.857947 -0.146401  0.492437    -1.073076
-0.163264 -0.831146 -0.531546     7.288986
 0.487106 -0.536435  0.689177     1.390228
>../../../../class1/leu2//data/domains/Catalytic_domain/structures/LeuRS-A_AF_Arch_Candidatus_Nitrosopumilus_koreensis_AR1_gene13725794.pdb
 0.674668 -0.172776 -0.717615    -2.129534
-0.317990 -0.945406 -0.071340     6.329368
-0.666112  0.276325 -0.692776     0.301384
>../../../../class1/leu2//data/domains/Catalytic_domain/structures/LeuRS-A_AF_Arch_Methanobrevibacter_smithii_ATCC_35061_gene5216355.pdb
 0.646080 -0.138234 -0.750648    -2.773158
-0.390758 -0.904712 -0.169718     5.535869
-0.655660  0.402973 -0.638532     1.341244
>../../../../class1/leu2//data/domains/Catalytic_domain/structures/LeuRS-A_AF_Euk_Arabidopsis_thaliana_gene837489.pdb
-0.343058 -0.367101  0.864609    -1.743033
 0.731064  0.473612  0.491159     5.268686
-0.589794  0.800580  0.105898     3.182015
>../../../../class1/leu2//data/domains/Catalytic_domain/structures/LeuRS-A_AF_Euk_Drosophila_melanogaster_gene326262.pdb
 0.724135 -0.075963 -0.685462    -3.323206
-0.335839 -0.906948 -0.254278     5.315697
-0.602363  0.414336 -0.682264     2.929506
>../../../../class1/leu2//data/domains/Catalytic_domain/structures/LeuRS-A_AF_Euk_Leishmania_major_strain_Friedlin_gene5650139.pdb
 0.756137 -0.159615 -0.634649     0.482364
-0.303463 -0.944747 -0.123948     4.176335
-0.579799  0.286314 -0.762796     1.327661
>../../../../class1/leu2//data/domains/Catalytic_domain/structures/LeuRS-A_AF_Euk_Neurospora_crassa_OR74A_gene3879366.pdb
 0.636611 -0.072715 -0.767749    -0.356113
-0.445545 -0.847263 -0.289196     5.688332
-0.629457  0.526172 -0.571775     0.665694
>../../../../class1/leu2//data/domains/Catalytic_domain/structures/LeuRS-A_PDB_Arch_P_hori_1WKB.pdb
 0.166955  0.981151 -0.097304   -54.565133
 0.981048 -0.175154 -0.082855  -116.200689
-0.098336 -0.081627 -0.991800    16.978347
>../../../../class1/trp//data/domains/Catalytic_domain/structures/TrpRS_AF_Arch_Natrialba_magadii_ATCC_43099_gene8824932.pdb
-0.968394  0.239440 -0.069871    -2.830114
 0.135120  0.739059  0.659950     2.194931
 0.209658  0.629651 -0.748053    -1.567255
>../../../../class1/trp//data/domains/Catalytic_domain/structures/TrpRS_AF_Arch_Nitrosopumilus_maritimus_SCM1_gene5773245.pdb
-0.985435  0.084899 -0.147343    -3.371682
-0.006395  0.847342  0.531009     1.712362
 0.169932  0.524217 -0.834457     0.463150
>../../../../class1/trp//data/domains/Catalytic_domain/structures/TrpRS_AF_Arch_Sulfolobus_islandicus_M1627_gene7814138.pdb
 1.000000  0.000000  0.000000     0.000000
 0.000000  1.000000  0.000000     0.000000
 0.000000  0.000000  1.000000     0.000000
>../../../../class1/trp//data/domains/Catalytic_domain/structures/TrpRS_AF_Arch_Thermoplasma_acidophilum_DSM_1728_gene1456706.pdb
 0.078308 -0.544265  0.835251    -0.526410
-0.972179 -0.227221 -0.056916     6.162835
 0.220764 -0.807556 -0.546916    -2.683085
>../../../../class1/trp//data/domains/Catalytic_domain/structures/TrpRS_AF_Bact_Anoxybacillus_flavithermus_WK1_gene7038388.pdb
 0.917611 -0.343509 -0.199982     2.687156
 0.379406  0.906945  0.183036    -2.113151
 0.118498 -0.243830  0.962551    -1.302342
>../../../../class1/trp//data/domains/Catalytic_domain/structures/TrpRS_AF_Bact_Brachyspira_pilosicoli_95_1000_gene56440833.pdb
-0.078217 -0.102527  0.991650    -1.983349
-0.087817 -0.990123 -0.109296    -1.176715
 0.993061 -0.095632  0.068440    -4.755222
>../../../../class1/trp//data/domains/Catalytic_domain/structures/TrpRS_AF_Bact_Helicobacter_cinaedi_PAGU611_gene66538868.pdb
 0.981942 -0.181878 -0.052067     2.690733
 0.178375  0.981781 -0.065491    -3.200123
 0.063030  0.055021  0.996494    -1.613728
>../../../../class1/trp//data/domains/Catalytic_domain/structures/TrpRS_AF_Bact_Mycoplasma_hyopneumoniae_168-L_gene57101461.pdb
 0.997079  0.026950 -0.071465     1.064528
-0.039140  0.983774 -0.175092    -4.520305
 0.065586  0.177378  0.981955    -2.362839
>../../../../class1/trp//data/domains/Catalytic_domain/structures/TrpRS_AF_Bact_Porphyromonas_gingivalis_ATCC_33277_gene29255389.pdb
-0.011102  0.781151 -0.624243    -2.726893
-0.200307 -0.613365 -0.763977    -1.705611
-0.979670  0.116558  0.163280    -3.670862
>../../../../class1/trp//data/domains/Catalytic_domain/structures/TrpRS_AF_Bact_Prochlorococcus_marinus_subsp_marinus_str_CCMP1375_gene54200405.pdb
-0.992710 -0.114785  0.036769    -6.426361
-0.090258  0.910124  0.404385    -2.971325
-0.079882  0.398119 -0.913849    -7.987901
>../../../../class1/trp//data/domains/Catalytic_domain/structures/TrpRS_AF_Bact_Streptomyces_albidoflavus_gene15147734.pdb
 0.276591  0.901492 -0.332881    -1.153248
-0.502384 -0.159646 -0.849778    -1.234313
-0.819211  0.402275  0.408739    -4.316559
>../../../../class1/trp//data/domains/Catalytic_domain/structures/TrpRS_AF_Bact_Thermus_thermophilus_HB8_gene3168998.pdb
-0.789257 -0.613183 -0.032870    -2.006261
-0.611821  0.789818 -0.043166    -1.082074
 0.052430 -0.013958 -0.998527    -3.891496
>../../../../class1/trp//data/domains/Catalytic_domain/structures/TrpRS_AF_Euk_Cryptococcus_neoformans_var_neoformans_JEC21_gene3254069.pdb
 0.316996 -0.753987  0.575340    -3.754655
-0.673596 -0.606032 -0.423076     1.684389
 0.667669 -0.253433 -0.699993    -1.753559
>../../../../class1/trp//data/domains/Catalytic_domain/structures/TrpRS_AF_Euk_Cyanidioschyzon_merolae_strain_10D_gene16993299.pdb
-0.797609 -0.574594 -0.183472    -3.983415
-0.580793  0.813712 -0.023483     1.249363
 0.162787  0.087829 -0.982744    -0.402862
>../../../../class1/trp//data/domains/Catalytic_domain/structures/TrpRS_AF_Euk_Drosophila_melanogaster_gene45399.pdb
-0.957200 -0.267594 -0.110280    -8.271679
-0.278363  0.955506  0.097579    -0.839110
 0.079261  0.124100 -0.989099    -3.566899
>../../../../class1/trp//data/domains/Catalytic_domain/structures/TrpRS_AF_Euk_Saccharomyces_cerevisiae_S288C_gene854056.pdb
 0.135622  0.477951  0.867854    -3.948646
 0.233054 -0.866758  0.440927     1.993473
 0.962960  0.142457 -0.228939    -2.283308
>../../../../class1/trp//data/domains/Catalytic_domain/structures/TrpRS_AF_Mito_Bufo_gargarizans_gene122922343.pdb
-0.326731 -0.884146  0.333966    -2.965498
-0.856733  0.127865 -0.499659    -1.287247
 0.399068 -0.449374 -0.799254    -3.711755
>../../../../class1/trp//data/domains/Catalytic_domain/structures/TrpRS_AF_Mito_Cyanidioschyzon_merolae_strain_10D_gene16992222.pdb
-0.007402 -0.059987  0.998172     0.729040
-0.275000 -0.959589 -0.059707    -0.313781
 0.961416 -0.274939 -0.009393     1.018871
>../../../../class1/trp//data/domains/Catalytic_domain/structures/TrpRS_AF_Vir_Megavirus_chiliensis_gene11257301.pdb
-0.943111 -0.056205 -0.327692    -2.493074
-0.195021  0.891761  0.408326     1.751981
 0.269273  0.449004 -0.851990    -1.242164
>../../../../class1/trp//data/domains/Catalytic_domain/structures/TrpRS_PDB_Arch_P_hori_3JXE.pdb
 0.938110 -0.120287  0.324778    35.888461
 0.308993 -0.132891 -0.941734    25.167701
 0.156439  0.983804 -0.087498   -22.237640
>../../../../class1/trp//data/domains/Catalytic_domain/structures/TrpRS_PDB_Bact_G_stearo_1I6M.pdb
-0.600922  0.028134  0.798812    -1.581839
 0.595462  0.682439  0.423913   -65.172091
-0.533214  0.730401 -0.426845    27.904375
>../../../../class1/trp//data/domains/Catalytic_domain/structures/TrpRS_PDB_Bact_Y_pestis_3N9I.pdb
-0.421440 -0.414188  0.806745    28.813608
-0.406094 -0.709230 -0.576265    72.923145
 0.810849 -0.570475  0.130699     7.918178
>../../../../class1/trp//data/domains/Catalytic_domain/structures/TrpRS_PDB_Euk_S_Cerevisiae_3KT3.pdb
-0.205491 -0.857385 -0.471873   -21.188822
-0.878726 -0.050617  0.474636  -122.508244
-0.430831  0.512180 -0.743005   -99.824989
