>structures/TyrRS_AF_Arch_Candidatus_Korarchaeum_cryptofilum_OPF8_gene6094625.pdb
 0.636735  0.771078 -0.002716    -3.774178
-0.488949  0.401031 -0.774663    -1.394292
-0.596236  0.494583  0.632368     1.533474
>structures/TyrRS_AF_Arch_Desulfurococcus_amylolyticus_1221n_gene7171652.pdb
 0.995320  0.060721  0.075176    -4.673882
-0.014644  0.863721 -0.503757     0.888067
-0.095520  0.500298  0.860568     3.279291
>structures/TyrRS_AF_Arch_Methanothermococcus_okinawensis_IH1_gene10772133.pdb
-0.212923 -0.231012 -0.949367    -3.046459
 0.788807 -0.614025 -0.027500     0.961613
-0.576582 -0.754723  0.312964     6.162498
>structures/TyrRS_AF_Arch_Thermoplasma_acidophilum_DSM_1728_gene1456112.pdb
-0.916705 -0.392404  0.075310    -7.993724
-0.266402  0.740713  0.616746    -2.451702
-0.297796  0.545311 -0.783552    -0.020600
>structures/TyrRS_AF_Bact_Bifidobacterium_animalis_subsp_lactis_BLC1_gene66533077.pdb
 0.986112  0.166078  0.001063     0.529890
-0.165592  0.983678 -0.070408    -0.521191
-0.012739  0.069254  0.997518     0.483584
>structures/TyrRS_AF_Bact_Brachyspira_pilosicoli_95_1000_gene56440491.pdb
-0.999390  0.030469  0.017038    -7.265648
 0.032227  0.617644  0.785797     2.624280
 0.013419  0.785867 -0.618250     1.164704
>structures/TyrRS_AF_Bact_Chlamydia_psittaci_6BC_gene12242888.pdb
 0.998975 -0.035773 -0.027735    -4.942000
 0.035654  0.999353 -0.004773    -0.671592
 0.027888  0.003779  0.999604     1.505136
>structures/TyrRS_AF_Bact_Lactococcus_lactis_subsp_cremoris_KW2_gene61108704.pdb
 0.999951 -0.009414 -0.003033    -0.049940
 0.009390  0.999925 -0.007804     0.250604
 0.003106  0.007775  0.999965     0.140698
>structures/TyrRS_AF_Bact_Porphyromonas_gingivalis_ATCC_33277_gene29255602.pdb
-0.991738 -0.047503 -0.119157    -4.425997
-0.087731  0.928865  0.359880    -2.110541
 0.093586  0.367360 -0.925358    -2.250222
>structures/TyrRS_AF_Bact_Prochlorococcus_marinus_subsp_marinus_str_CCMP1375_gene54200747.pdb
 0.537118 -0.417043 -0.733198    -3.614470
 0.822151  0.064479  0.565607    -0.847106
-0.188606 -0.906597  0.377505     3.066874
>structures/TyrRS_AF_Bact_Serratia_plymuthica_AS9_gene57666950.pdb
 0.375310 -0.845916 -0.378904     1.400795
 0.855472  0.158764  0.492911    -1.885076
-0.356805 -0.509136  0.783244     0.360908
>structures/TyrRS_AF_Bact_Streptobacillus_moniliformis_DSM_12112_gene29673957.pdb
 0.568747 -0.750391 -0.336809     0.419200
 0.812960  0.450623  0.368829     5.905289
-0.124992 -0.483583  0.866328     7.732233
>structures/TyrRS_AF_Euk_Cryptococcus_neoformans_var_neoformans_JEC21_gene3254328.pdb
 0.950171 -0.247829 -0.189094    -0.313390
 0.285425  0.935538  0.208091    -0.702882
 0.125333 -0.251694  0.959657     1.325851
>structures/TyrRS_AF_Euk_Drosophila_melanogaster_gene39829.pdb
-0.641755 -0.651157  0.405147    -8.519140
 0.503650  0.040549  0.862956    -0.059222
-0.578348  0.757859  0.301933    -6.029226
>structures/TyrRS_AF_Euk_Plasmodium_falciparum_3D7_gene2655248.pdb
 0.911752  0.322374  0.254526    -3.351797
 0.080198  0.468026 -0.880068    -1.854347
-0.402836  0.822816  0.400870     4.897589
>structures/TyrRS_AF_Euk_Seriola_dumerili_gene111223086.pdb
-0.662116 -0.498789 -0.559297   -10.394969
 0.382435 -0.866722  0.320215     1.667431
-0.644474 -0.001875  0.764624    -5.847435
>structures/TyrRS_AF_Mito_Aspergillus_fumigatus_Af293_gene3509181.pdb
-0.411156  0.833492  0.369110    -6.179121
-0.853791 -0.493976  0.164405    -7.620662
 0.319361 -0.247546  0.914729    10.939040
>structures/TyrRS_AF_Mito_Cyanidioschyzon_merolae_strain_10D_gene16996209.pdb
 0.979392 -0.129091 -0.155330    -0.407309
 0.174103  0.929435  0.325329    -0.981498
 0.102373 -0.345668  0.932756     2.606626
>structures/TyrRS_AF_Vir_Megavirus_chiliensis_gene11257765.pdb
-0.537346 -0.203908 -0.818341    -4.334648
 0.466225 -0.880401 -0.086765    -2.451886
-0.702776 -0.428153  0.568147     9.055897
>structures/TyrRS_PDB_Arch_M_jannashii_1U7D.pdb
-0.224257  0.934498  0.276447   -52.491223
 0.969776  0.241982 -0.031298   -13.775850
-0.096143  0.261073 -0.960519     9.876174
>structures/TyrRS_PDB_E_coli_Bact_1WQ4.pdb
 0.385606  0.418336  0.822376   -65.315223
-0.917540  0.080061  0.389501     2.537231
 0.097102 -0.904757  0.414712   -10.545664
>structures/TyrRS_PDB_Vir_Acanthamoeba_polyphaga_mimivirus_2J5B.pdb
 0.751540 -0.431933  0.498619   -36.531313
 0.095320  0.819011  0.565804   -91.344735
-0.652764 -0.377696  0.656692    36.724582
