>structures/TyrRS_AF_Arch_Candidatus_Korarchaeum_cryptofilum_OPF8_gene6094625.pdb
-0.666489 -0.745356 -0.015400    -3.672986
-0.745515  0.666359  0.013168    -1.914978
 0.000447  0.020257 -0.999795    -3.263998
>structures/TyrRS_AF_Arch_Desulfurococcus_amylolyticus_1221n_gene7171652.pdb
-0.996768 -0.017317 -0.078447    -2.649705
-0.044740  0.930702  0.363032     0.838684
 0.066724  0.365368 -0.928469    -2.579258
>structures/TyrRS_AF_Arch_Methanothermococcus_okinawensis_IH1_gene10772133.pdb
 0.232531  0.192481  0.953352    -4.219218
 0.030891 -0.981188  0.190566     3.201649
 0.972098 -0.014863 -0.234103    -4.287600
>structures/TyrRS_AF_Arch_Thermoplasma_acidophilum_DSM_1728_gene1456112.pdb
 0.899766  0.431344 -0.066052     0.472888
-0.434516  0.871671 -0.226685    -3.950746
-0.040203  0.232664  0.971726    -3.200854
>structures/TyrRS_AF_Bact_Bifidobacterium_animalis_subsp_lactis_BLC1_gene66533077.pdb
-0.991905 -0.125414  0.019908    -8.000848
-0.070176  0.672047  0.737176    -1.962506
-0.105831  0.729811 -0.675407    -1.892388
>structures/TyrRS_AF_Bact_Brachyspira_pilosicoli_95_1000_gene56440491.pdb
 0.999928  0.011963 -0.000408    -0.074475
-0.011960  0.999895  0.008225     0.243926
 0.000507 -0.008220  0.999966     0.017546
>structures/TyrRS_AF_Bact_Chlamydia_psittaci_6BC_gene12242888.pdb
-0.995884  0.075485  0.050164    -2.501768
 0.086258  0.619510  0.780235    -1.544107
 0.027819  0.781351 -0.623472    -2.725813
>structures/TyrRS_AF_Bact_Lactococcus_lactis_subsp_cremoris_KW2_gene61108704.pdb
-0.998458  0.049120  0.025878    -7.390535
 0.050989  0.626866  0.777457    -1.778991
 0.021967  0.777577 -0.628404    -1.073493
>structures/TyrRS_AF_Bact_Porphyromonas_gingivalis_ATCC_33277_gene29255602.pdb
 0.989273  0.092399  0.113146    -3.148273
-0.022174  0.860550 -0.508882    -5.373193
-0.144388  0.500915  0.853368    -1.515034
>structures/TyrRS_AF_Bact_Prochlorococcus_marinus_subsp_marinus_str_CCMP1375_gene54200747.pdb
-0.509670  0.404096  0.759567    -3.776421
 0.383058 -0.683932  0.620889    -0.408182
 0.770391  0.607407  0.193788    -3.788948
>structures/TyrRS_AF_Bact_Serratia_plymuthica_AS9_gene57666950.pdb
-0.349414  0.839110  0.416898    -8.931247
 0.265726 -0.337930  0.902880    -2.890315
 0.898499  0.426259 -0.104896    -2.881155
>structures/TyrRS_AF_Bact_Streptobacillus_moniliformis_DSM_12112_gene29673957.pdb
-0.538544  0.758860  0.366200    -7.462832
 0.430362 -0.125916  0.893831     7.655741
 0.724403  0.638966 -0.258773    -1.338239
>structures/TyrRS_AF_Euk_Cryptococcus_neoformans_var_neoformans_JEC21_gene3254328.pdb
-0.935976  0.279694  0.213823    -7.084844
 0.311598  0.375406  0.872913    -1.537439
 0.163878  0.883652 -0.438523    -2.501654
>structures/TyrRS_AF_Euk_Drosophila_melanogaster_gene39829.pdb
 0.653322  0.674696 -0.343447     0.996839
-0.174888  0.575874  0.798614    -6.900175
 0.736603 -0.461687  0.494227     2.536702
>structures/TyrRS_AF_Euk_Homo_sapiens_gene8565.pdb
 0.748151  0.616325 -0.245790     1.473818
-0.058840  0.430594  0.900626    -5.215813
 0.660914 -0.659342  0.358414     3.081876
>structures/TyrRS_AF_Euk_Plasmodium_falciparum_3D7_gene2655248.pdb
-0.915434 -0.288477 -0.280645    -4.050357
-0.229916  0.947167 -0.223637     0.444493
 0.330332 -0.140201 -0.933394    -5.712507
>structures/TyrRS_AF_Euk_Seriola_dumerili_gene111223086.pdb
 0.664196  0.464337  0.585862     2.922788
-0.292439 -0.559858  0.775267    -6.041244
 0.687985 -0.686258 -0.236065     3.605230
>structures/TyrRS_AF_Mito_Aspergillus_fumigatus_Af293_gene3509181.pdb
 0.383945 -0.856569 -0.344785    -1.330417
-0.302143 -0.469395  0.829686     1.486000
-0.872523 -0.214380 -0.439028   -14.040932
>structures/TyrRS_AF_Mito_Cyanidioschyzon_merolae_strain_10D_gene16996209.pdb
-0.969641  0.159179  0.185632    -6.991225
 0.226524  0.298759  0.927054    -0.729034
 0.092109  0.940960 -0.325747    -3.537380
>structures/TyrRS_AF_Mito_Homo_sapiens_gene51067.pdb
-0.936347 -0.344430  0.067985   -11.310133
-0.265655  0.821714  0.504195    -4.855020
-0.229525  0.454041 -0.860909    -6.554910
>structures/TyrRS_AF_Vir_Megavirus_chiliensis_gene11257765.pdb
 0.541693  0.161153  0.824984    -3.009882
-0.281081 -0.890225  0.358458     3.293839
 0.792188 -0.426062 -0.436932    -8.782695
>structures/TyrRS_PDB_Arch_M_jannashii_1U7D.pdb
 0.259991 -0.919231 -0.295668    44.674996
 0.518776  0.391226 -0.760140    -4.988692
 0.814417  0.044244  0.578590   -19.052938
>structures/TyrRS_PDB_E_coli_Bact_1WQ4.pdb
-0.428754 -0.436420 -0.791017    57.703481
-0.476813 -0.634382  0.608448   -11.808576
-0.767346  0.638041  0.063903     5.979853
>structures/TyrRS_PDB_Vir_Acanthamoeba_polyphaga_mimivirus_2J5B.pdb
-0.764111  0.467536 -0.444460    24.904926
-0.402675  0.192581  0.894855   -32.362195
 0.503972  0.862741  0.041112   -96.053260
