>structures/TyrRS_AF_Arch_Candidatus_Korarchaeum_cryptofilum_OPF8_gene6094625.pdb
 0.997892  0.056690 -0.031597     0.842679
-0.056555  0.998386  0.005141    -0.740141
 0.031838 -0.003343  0.999487     0.341278
>structures/TyrRS_AF_Arch_Desulfurococcus_amylolyticus_1221n_gene7171652.pdb
 0.738499 -0.633089 -0.231984    -1.799947
 0.673496  0.676319  0.298321     0.494104
-0.031968 -0.376550  0.925844    -0.411490
>structures/TyrRS_AF_Arch_Methanothermococcus_okinawensis_IH1_gene10772133.pdb
-0.153972  0.556757 -0.816280    -2.421132
-0.127799 -0.830414 -0.542291     3.250612
-0.979775  0.020822  0.199014     1.316963
>structures/TyrRS_AF_Arch_Thermoplasma_acidophilum_DSM_1728_gene1456112.pdb
-0.330456 -0.912993  0.239255    -0.644591
-0.943703  0.315600 -0.099104    -5.110202
 0.014973 -0.258535 -0.965886     0.164648
>structures/TyrRS_AF_Bact_Bifidobacterium_animalis_subsp_lactis_BLC1_gene66533077.pdb
 0.749996 -0.361415 -0.553973     3.996628
 0.646749  0.576252  0.499650     2.242701
 0.138647 -0.733016  0.665931    -0.918352
>structures/TyrRS_AF_Bact_Brachyspira_pilosicoli_95_1000_gene56440491.pdb
-0.701311 -0.712393  0.025675    -3.117316
-0.712100  0.701771  0.020756    -1.743243
-0.032805 -0.003727 -0.999455    -3.107581
>structures/TyrRS_AF_Bact_Chlamydia_psittaci_6BC_gene12242888.pdb
 0.646666 -0.465731 -0.604084    -0.231745
 0.762766  0.398181  0.509549    -1.340110
 0.003222 -0.790283  0.612734    -0.271279
>structures/TyrRS_AF_Bact_Lactococcus_lactis_subsp_cremoris_KW2_gene61108704.pdb
 0.673190 -0.452215 -0.585079     3.454865
 0.739407  0.421915  0.524657     1.957795
 0.009596 -0.785805  0.618400    -1.761914
>structures/TyrRS_AF_Bact_Porphyromonas_gingivalis_ATCC_33277_gene29255602.pdb
-0.690406 -0.656419  0.304061     2.953114
-0.714536  0.553090 -0.428405    -3.581747
 0.113040 -0.513036 -0.850891    -1.422952
>structures/TyrRS_AF_Bact_Prochlorococcus_marinus_subsp_marinus_str_CCMP1375_gene54200747.pdb
 0.118660  0.214283 -0.969537    -0.123969
 0.641903 -0.761516 -0.089745     0.332694
-0.757549 -0.611700 -0.227910     0.852405
>structures/TyrRS_AF_Bact_Serratia_plymuthica_AS9_gene57666950.pdb
 0.088156 -0.344234 -0.934736     5.268255
 0.447825 -0.824513  0.345878     2.230930
-0.889765 -0.449089  0.081471     0.102140
>structures/TyrRS_AF_Bact_Streptobacillus_moniliformis_DSM_12112_gene29673957.pdb
 0.088197 -0.421976 -0.902307    -3.577063
 0.705200 -0.613299  0.355749     8.925367
-0.703502 -0.667683  0.243486    -1.306856
>structures/TyrRS_AF_Euk_Cryptococcus_neoformans_var_neoformans_JEC21_gene3254328.pdb
 0.449716 -0.435530 -0.779788     3.023005
 0.882571  0.082578  0.462870     1.893931
-0.137200 -0.896378  0.421523    -0.347408
>structures/TyrRS_AF_Euk_Drosophila_melanogaster_gene39829.pdb
-0.314079 -0.899251 -0.304469     1.260491
-0.574261 -0.075436  0.815189    -7.494531
-0.756028  0.430879 -0.492712    -5.550108
>structures/TyrRS_AF_Euk_Homo_sapiens_gene8565.pdb
-0.465618 -0.761976 -0.450103    -0.247994
-0.560168 -0.139990  0.816465    -6.630802
-0.685136  0.632294 -0.361653    -6.133268
>structures/TyrRS_AF_Euk_Plasmodium_falciparum_3D7_gene2655248.pdb
 0.828166 -0.459357  0.321141    -0.461975
 0.478161  0.877977  0.022756     1.008392
-0.292407  0.134712  0.946758     2.812988
>structures/TyrRS_AF_Euk_Saccharomyces_cerevisiae_S288C_gene853097.pdb
 0.856485 -0.476340 -0.198833    -0.750016
 0.512847  0.828955  0.223208    -0.421574
 0.058501 -0.293145  0.954277     1.142399
>structures/TyrRS_AF_Euk_Seriola_dumerili_gene111223086.pdb
-0.240059  0.044900 -0.969719    -0.680792
-0.665919 -0.734460  0.130844    -8.215255
-0.706346  0.677165  0.206214    -6.698395
>structures/TyrRS_AF_Mito_Aspergillus_fumigatus_Af293_gene3509181.pdb
-0.087608  0.931574 -0.352837    -3.535967
-0.497544  0.265935  0.825668    -0.184524
 0.863003  0.247887  0.440202    10.972421
>structures/TyrRS_AF_Mito_Cyanidioschyzon_merolae_strain_10D_gene16996209.pdb
 0.530846 -0.294937 -0.794490     2.342827
 0.845067  0.113689  0.522434     2.393275
-0.063761 -0.948729  0.309593     0.667110
>structures/TyrRS_AF_Mito_Homo_sapiens_gene51067.pdb
 0.844300 -0.320295 -0.429614     8.230103
 0.467238  0.832567  0.297525     2.454564
 0.262387 -0.451933  0.852590     3.874070
>structures/TyrRS_AF_Vir_Megavirus_chiliensis_gene11257765.pdb
-0.158050  0.501127 -0.850818    -3.492121
-0.569741 -0.750032 -0.335928     2.394249
-0.806483  0.431652  0.404056     5.764815
>structures/TyrRS_PDB_Arch_M_jannashii_1U7D.pdb
-0.523311  0.374801  0.765291   -31.684444
 0.195621  0.926933 -0.320199   -37.312206
-0.829384 -0.017856 -0.558393    14.509438
>structures/TyrRS_PDB_E_coli_Bact_1WQ4.pdb
 0.616625  0.775692  0.134445   -35.446418
-0.047749 -0.133612  0.989883   -50.893603
 0.785808 -0.616806 -0.045350   -10.781450
>structures/TyrRS_PDB_Vir_Acanthamoeba_polyphaga_mimivirus_2J5B.pdb
 0.849172 -0.430238 -0.306272    -2.143391
 0.252314 -0.178954  0.950954   -43.746847
-0.463945 -0.884800 -0.043408    92.685563
