>structures/PylRS_AF_Arch_Candidatus_Methanomassiliicoccus_intestinalis_Issoire-Mx1_gene16153983.pdb
-0.271794 -0.900989  0.338152     0.429478
-0.823889  0.036263 -0.565590    -1.527150
 0.497328 -0.432323 -0.752171     1.221964
>structures/PylRS_AF_Arch_Methanosalsum_zhilinae_DSM_4017_gene10822650.pdb
-0.107872  0.339993  0.934221    -0.547201
 0.288722 -0.888489  0.356688     2.067229
 0.951316  0.308207 -0.002320     5.502219
>structures/PylRS_AF_Arch_Unclassified_Candidatus_Bathyarchaeota_proteinUCH69683.1.pdb
 0.999996 -0.001517  0.002516    -0.004020
 0.001527  0.999991 -0.004012     0.079978
-0.002510  0.004016  0.999989     0.052186
>structures/PylRS_AF_Bact_Unclassified_Actinobacteria_proteinMBU2601214.1.pdb
 0.999622  0.009943  0.025619     0.682558
-0.009160  0.999492 -0.030537     0.277712
-0.025910  0.030291  0.999205    -0.261279
>structures/PylRS_AF_Bact_Unclassified_Aerophobetes_proteinMCD6471581.1.pdb
 0.982468 -0.170795 -0.074741     0.428440
 0.175547  0.982491  0.062401    -0.543635
 0.062775 -0.074427  0.995249    -0.581548
>structures/PylRS_AF_Bact_unclassified_Desulfosarcina_proteinMBC2741817.pdb
 0.897719 -0.440119  0.019889    -4.868536
 0.408041  0.847618  0.339184     0.401868
-0.166140 -0.296377  0.940510     5.140955
>structures/PylRS_AF_Bact_unclassified_Lachnospiraceae_proteinHCE77498.1.pdb
-0.455014  0.708648  0.539240    -1.899779
 0.576693 -0.226912  0.784816     4.487290
 0.678519  0.668078 -0.305424     0.689733
>structures/PylRS_PDB_Arch_M_mazei_2Q7E.pdb
 0.343779 -0.554572 -0.757803    38.846803
-0.774833 -0.623430  0.104732    32.867025
-0.530519  0.551166 -0.644023     6.776337
>structures/PylRS_PDB_Bact_D_hafniense_2ZNJ.pdb
 0.944272  0.071876  0.321224   -31.896154
 0.217893 -0.867945 -0.446311   -18.466426
 0.246726  0.491431 -0.835237   -40.309173
