>../../../../class2/pro2//data/domains/Catalytic_domain/structures/ProRS-B_AF_Bact_Acinetobacter_baylyi_ADP1_gene45233245.pdb
 0.983218  0.159549  0.088470    -0.141593
-0.140275  0.971209 -0.192551     0.979694
-0.116645  0.176909  0.977291    -0.818306
>../../../../class2/pro2//data/domains/Catalytic_domain/structures/ProRS-B_AF_Bact_Brachyspira_pilosicoli_95_1000_gene56438966.pdb
 0.606751 -0.621148 -0.496012    -0.451791
 0.773471  0.317466  0.548597     0.204129
-0.183293 -0.716513  0.673062     0.827940
>../../../../class2/pro2//data/domains/Catalytic_domain/structures/ProRS-B_AF_Bact_Chlamydia_psittaci_6BC_gene12242703.pdb
-0.983615  0.178852  0.022648     0.355021
 0.169096  0.871727  0.459890    -3.372482
 0.062510  0.456184 -0.887687    -1.091500
>../../../../class2/pro2//data/domains/Catalytic_domain/structures/ProRS-B_AF_Bact_Clostridium_acetobutylicum_DSM_1731_gene44999665.pdb
 1.000000  0.000000  0.000000     0.000000
 0.000000  1.000000  0.000000     0.000000
 0.000000  0.000000  1.000000     0.000000
>../../../../class2/pro2//data/domains/Catalytic_domain/structures/ProRS-B_AF_Bact_Corynebacterium_ulcerans_809_gene75260584.pdb
-0.867120  0.247670  0.432161     0.422935
 0.467225  0.103721  0.878033    -0.948722
 0.172638  0.963276 -0.205656    -0.771082
>../../../../class2/pro2//data/domains/Catalytic_domain/structures/ProRS-B_AF_Bact_Prochlorococcus_marinus_subsp_marinus_str_CCMP1375_gene54199876.pdb
 0.996151  0.074087  0.046836    -0.421360
-0.063811  0.979330 -0.191940     0.358649
-0.060088  0.188213  0.980288    -1.363188
>../../../../class2/pro2//data/domains/Catalytic_domain/structures/ProRS-B_AF_Bact_Streptobacillus_moniliformis_DSM_12112_gene29673723.pdb
 0.778258  0.626810 -0.037717    -0.451008
-0.467848  0.538728 -0.700635     0.564258
-0.418846  0.562921  0.712522     1.096343
>../../../../class2/pro2//data/domains/Catalytic_domain/structures/ProRS-B_PDB_Bact_S_aureus_5znj.pdb
 0.846337  0.229893  0.480482   -11.958815
-0.410927  0.855750  0.314375    -5.178691
-0.338900 -0.463511  0.818721   -16.537602
>../../../../class2/pro2//data/domains/Catalytic_domain/structures/ProRS_PDB_Bact_E_faecalis_2J3M.pdb
 0.659310  0.675447  0.330276   -15.866970
-0.485531  0.717882 -0.498905    28.270996
-0.574082  0.168574  0.801257     8.772327
>../../../../class2/pro3//data/domains/Catalytic_domain/structures/ProRS-M_AF_Euk_Candida_albicans_SC5314_gene3640100.pdb
 0.953427  0.242510 -0.179347    -1.501842
-0.298808  0.840461 -0.452038    -2.508746
 0.041111  0.484576  0.873783     2.157503
>../../../../class2/pro3//data/domains/Catalytic_domain/structures/ProRS-M_AF_Mito_Drosophila_melanogaster_gene38331.pdb
-0.490619 -0.546214  0.678928    -4.304889
-0.861579  0.420582 -0.284241    -2.350318
-0.130289 -0.724404 -0.676952     8.094628
>../../../../class2/pro3//data/domains/Catalytic_domain/structures/ProRS-M_AF_Mito_Mauremys_reevesii_gene120369760.pdb
 0.419053  0.362491 -0.832463    -4.132678
 0.119093 -0.930871 -0.345392    -0.692539
-0.900117  0.045597 -0.433255     3.081043
>../../../../class2/pro3//data/domains/Catalytic_domain/structures/ProRS-M_AF_Mito_Schizosaccharomyces_pombe_gene2540642.pdb
 0.892518  0.063705 -0.446490    -3.308870
-0.184572  0.954871 -0.232711    -2.534653
 0.411515  0.290109  0.863998     6.319070
