>structures/GlyRS-A_AF_Arch_Candidatus_Nitrosopumilus_sediminis_gene13697160.pdb
 0.003029  0.886771 -0.462199     1.474736
-0.629132 -0.357577 -0.690168     3.309062
-0.777293  0.292875  0.556813    -2.656542
>structures/GlyRS-A_AF_Arch_Candidatus_Woesearchaeota_archaeon_proteinMBT4248212.1.pdb
 0.315283 -0.795506 -0.517461     3.460996
 0.703047 -0.170460  0.690411     2.954749
-0.637433 -0.581475  0.505535     0.414439
>structures/GlyRS-A_AF_Arch_Sulfolobus_islandicus_YN1551_gene7810979.pdb
-0.955093 -0.110299 -0.275011     1.975525
-0.068002  0.984955 -0.158871     1.575052
 0.288397 -0.133035 -0.948224    -1.673200
>structures/GlyRS-A_AF_Arch_Thermoplasma_acidophilum_DSM_1728_gene1455843.pdb
 0.158831  0.950942 -0.265483     0.670450
-0.658885 -0.098165 -0.745811     6.009708
-0.735284  0.293381  0.610970    -2.554362
>structures/GlyRS-A_AF_Bact_Capnocytophaga_ochracea_DSM_7271_gene29675716.pdb
-0.726334 -0.669975 -0.153531     0.574041
-0.588000  0.721330 -0.365977     4.130527
 0.355942 -0.175545 -0.917872    -1.481729
>structures/GlyRS-A_AF_Bact_Corynebacterium_ulcerans_809_gene75260805.pdb
 1.000000  0.000000  0.000000     0.000000
 0.000000  1.000000  0.000000     0.000000
 0.000000  0.000000  1.000000     0.000000
>structures/GlyRS-A_AF_Bact_Treponema_denticola_ATCC_35405_gene2741635.pdb
-0.718763  0.600489  0.350418     1.693871
 0.662784  0.439566  0.606218     0.551101
 0.209995  0.667978 -0.713938     1.938925
>structures/GlyRS-A_PDB_Bact_T_thermophilus_1ati.pdb
 0.262597 -0.796564  0.544544     7.999640
 0.552780 -0.338370 -0.761538    24.956918
 0.790871  0.500991  0.351470   -48.827115
