>structures/PheRS-Bβ_AF_Bact_Brachyspira_pilosicoli_95_1000_gene56440382.pdb
-0.442886 -0.810271 -0.383814   -23.213484
-0.184520  0.501297 -0.845372    -5.406387
 0.877385 -0.303582 -0.371529    42.544877
>structures/PheRS-Bβ_AF_Bact_Chlamydia_psittaci_6BC_gene12242429.pdb
 0.799475  0.281816  0.530490   -30.360900
 0.506672 -0.790753 -0.343502    -2.810829
 0.322682  0.543405 -0.774975    40.602661
>structures/PheRS-Bβ_AF_Bact_Ferrimonas_balearica_DSM_9799_gene67181907.pdb
-0.405841  0.874192 -0.266609   -19.857776
 0.900197  0.432756  0.048667   -10.256475
 0.157921 -0.220250 -0.962575    45.242117
>structures/PheRS-Bβ_AF_Bact_Lacticaseibacillus_paracasei_gene61269867.pdb
-0.241644 -0.929942 -0.277157   -24.545400
-0.368251  0.352138 -0.860459    -3.790794
 0.897775 -0.105861 -0.427544    38.154117
>structures/PheRS-Bβ_AF_Bact_Mycobacterium_intracellulare_ATCC_13950_gene11909688.pdb
 0.356353  0.916228  0.183135   -25.461732
 0.930279 -0.366198  0.021914    -8.880655
 0.087142  0.162557 -0.982844    43.632338
>structures/PheRS-Bβ_AF_Bact_Mycoplasma_hyopneumoniae_168-L_gene57101148.pdb
 0.349780 -0.910228  0.221671    -9.702710
-0.229052 -0.312528 -0.921879   -16.834021
 0.908399  0.271681 -0.317805    41.277912
>structures/PheRS-Bβ_AF_Bact_Porphyromonas_gingivalis_ATCC_33277_gene29257179.pdb
 0.700141 -0.283999  0.655093   -29.047635
-0.378125  0.630788  0.677590    -8.409447
-0.605660 -0.722115  0.334253    47.418178
>structures/PheRS-Bβ_AF_Bact_Prochlorococcus_marinus_subsp_marinus_str_CCMP1375_gene54200309.pdb
 0.760728  0.133087  0.635280   -28.618925
 0.405952 -0.861254 -0.305687    -6.575367
 0.506455  0.490438 -0.709207    41.828944
>structures/PheRS-Bβ_AF_Euk_Didymosphenia_geminata_gene19740299.pdb
 0.715251 -0.656162  0.240557   -37.975477
-0.106007 -0.442090 -0.890685    -3.234117
 0.690781  0.611562 -0.385763    45.258532
>structures/PheRS-Bβ_AF_Euk_Gracilariopsis_tenuifrons_gene68635617.pdb
-0.284939 -0.431657 -0.855852   -18.131746
-0.277330 -0.817554  0.504672    -9.056844
-0.917550  0.381154  0.113242    46.803513
>structures/PheRS-Bβ_PDB_Bact.B_E_coli_3PCO.pdb
 0.999994 -0.002083 -0.002925     0.341314
 0.002092  0.999993  0.003080    -0.208977
 0.002918 -0.003086  0.999991     0.117664
>structures/PheRS-Bβ_PDB_Bact.B_T_thermophilus_1PYS.pdb
 0.247374 -0.125448  0.960765   -35.862477
-0.465964 -0.884793  0.004446    50.189944
 0.849520 -0.448781 -0.277329    75.080470
