>structures/HisRS_AF_Arch_Candidatus_Methanomassiliicoccus_intestinalis_Issoire-Mx1_gene16154026.pdb
-0.965055  0.215425  0.149203    -4.168008
 0.260155  0.719302  0.644146     0.288840
 0.031443  0.660452 -0.750209     1.183551
>structures/HisRS_AF_Arch_Candidatus_Nitrosopumilus_koreensis_AR1_gene13725657.pdb
 0.882311  0.404222 -0.241106    -0.822191
-0.459051  0.625945 -0.630448    -1.198162
-0.103922  0.666931  0.737837     0.230572
>structures/HisRS_AF_Arch_Desulfurococcus_amylolyticus_1221n_gene7171287.pdb
 0.544558 -0.486254 -0.683384     0.951236
 0.826339  0.171549  0.536409     0.098768
-0.143597 -0.856812  0.495230     1.346488
>structures/HisRS_AF_Arch_Methanoregula_formicica_SMSP_gene14310605.pdb
-0.806096  0.481779  0.343653    -3.209924
 0.525995  0.317195  0.789124     2.750920
 0.271179  0.816870 -0.509103     1.208290
>structures/HisRS_AF_Bact_Chlamydia_muridarum_str_Nigg_gene1246198.pdb
 0.616702  0.764698 -0.186859    -1.101243
-0.295766  0.005104 -0.955247    -1.636786
-0.729521  0.644369  0.229319     2.841956
>structures/HisRS_AF_Bact_Lacticaseibacillus_paracasei_gene61269730.pdb
 0.988543 -0.109797 -0.103576     3.617579
 0.099205  0.989783 -0.102408    -1.082749
 0.113762  0.090960  0.989335     4.796756
>structures/HisRS_AF_Bact_Paracoccus_denitrificans_PD1222_gene75501415.pdb
 0.418227 -0.242586 -0.875350    -0.889363
 0.858144 -0.210403  0.468315    -0.762997
-0.297783 -0.947039  0.120177     1.015428
>structures/HisRS_AF_Bact_Prochlorococcus_marinus_subsp_marinus_str_CCMP1375_gene54200127.pdb
 0.293828 -0.552206 -0.780214    -0.014841
 0.843097 -0.234885  0.483753     6.178544
-0.450392 -0.799936  0.396547     2.475421
>structures/HisRS_AF_Bact_Streptobacillus_moniliformis_DSM_12112_gene29674169.pdb
 0.989395 -0.115840 -0.087627     4.830048
 0.096566  0.975246 -0.198922    -1.939678
 0.108501  0.188351  0.976090     3.123129
>structures/HisRS_AF_Bact_Streptomyces_albidoflavus_gene15149169.pdb
 0.980463  0.174686  0.090432    -1.144306
-0.159635  0.975235 -0.153077     0.129904
-0.114933  0.135650  0.984068     2.014661
>structures/HisRS_AF_Bact_Thermus_thermophilus_HB8_gene3168691.pdb
 0.929148 -0.285689 -0.234661     2.414179
 0.291538  0.956506 -0.010147    -0.823343
 0.227353 -0.058984  0.972024     5.207586
>structures/HisRS_AF_Bact_Treponema_denticola_ATCC_35405_gene2741405.pdb
 0.186379  0.498166 -0.846814    -2.311254
-0.357451 -0.768464 -0.530747     0.656163
-0.915146  0.401614  0.034844     3.434077
>structures/HisRS_AF_Euk_Arabidopsis_thaliana_gene823753.pdb
 0.978236  0.206353 -0.021722    -0.795481
-0.207468  0.971110 -0.117912    -0.484517
-0.003237  0.119852  0.992786     1.479922
>structures/HisRS_AF_Euk_Cryptococcus_gattii_WM276_gene10186972.pdb
-0.032319 -0.734195  0.678169     0.720274
-0.816825 -0.371618 -0.441245     0.018620
 0.575980 -0.568206 -0.587698     1.068046
>structures/HisRS_AF_Euk_Homo_sapiens_gene3035.pdb
 0.968183 -0.180004 -0.173838     4.698540
 0.190400  0.980676  0.044964    -2.334668
 0.162386 -0.076632  0.983747     7.120968
>structures/HisRS_AF_Euk_Plasmodium_falciparum_3D7_gene812010.pdb
 0.654892  0.012648 -0.755617   -13.007931
-0.509883  0.745388 -0.429438    -3.400836
 0.557796  0.666511  0.494598    -6.254039
>structures/HisRS_AF_Euk_Platysiphonia_delicata_gene33353157.pdb
 0.991500 -0.091218 -0.092773     5.750716
 0.080143  0.989916 -0.116808    -1.348210
 0.102492  0.108380  0.988812     4.485787
>structures/HisRS_AF_Mito_Homo_sapiens_gene23438.pdb
 1.000000  0.000000  0.000000     0.000000
 0.000000  1.000000  0.000000     0.000000
 0.000000  0.000000  1.000000     0.000000
>structures/HisRS_AF_Mito_Selaginella_moellendorffii_gene112349720.pdb
-0.967690 -0.208304  0.142079    -3.223718
-0.179736  0.965052  0.190708    -2.289895
-0.176838  0.159009 -0.971311     0.068968
>structures/HisRS_PDB_Arch_T_acidophilum_1WU7.pdb
 0.119680 -0.965116 -0.232868    61.143390
-0.815565  0.038185 -0.577405    46.795327
 0.566155  0.259022 -0.782545    39.712160
>structures/HisRS_PDB_Bact_B_thailandensis_4e51.pdb
-0.604973 -0.405113  0.685486   -28.766979
 0.021652  0.852209  0.522754   -24.365238
-0.795951  0.331094 -0.506792    29.017634
>structures/HisRS_PDB_Bact_E_coli_1HTT.pdb
-0.387008  0.921534 -0.031619   -19.976445
-0.605401 -0.279811 -0.745115    13.738656
-0.695496 -0.269223  0.666187   -19.524795
