>structures/HisRS_AF_Arch_Candidatus_Methanomassiliicoccus_intestinalis_Issoire-Mx1_gene16154026.pdb
-0.184329  0.536006  0.823845    -0.340760
 0.170947 -0.807948  0.563912     0.282287
 0.967884  0.244779  0.057299     3.580815
>structures/HisRS_AF_Arch_Candidatus_Nitrosopumilus_koreensis_AR1_gene13725657.pdb
-0.035720  0.531372 -0.846385    -0.079180
-0.052996 -0.846741 -0.529359     0.528735
-0.997956  0.025947  0.058407    -0.094651
>structures/HisRS_AF_Arch_Desulfurococcus_amylolyticus_1221n_gene7171287.pdb
 0.982465  0.178942  0.052362     1.560184
-0.144928  0.909633 -0.389311    -1.120782
-0.117294  0.374896  0.919617    -0.935130
>structures/HisRS_AF_Arch_Methanoregula_formicica_SMSP_gene14310605.pdb
 0.037669  0.250501  0.967383     2.121846
-0.165307 -0.953171  0.253258    -0.408243
 0.985523 -0.169455  0.005505     3.756679
>structures/HisRS_AF_Bact_Chlamydia_muridarum_str_Nigg_gene1246198.pdb
 0.195657  0.134092 -0.971462    -1.380674
 0.579957 -0.814636  0.004361    -1.735520
-0.790802 -0.564259 -0.237157     0.332650
>structures/HisRS_AF_Bact_Lacticaseibacillus_paracasei_gene61269730.pdb
 0.469109  0.789141 -0.396475     0.764884
-0.389089 -0.218340 -0.894951    -5.029317
-0.792809  0.574094  0.204621    -3.136097
>structures/HisRS_AF_Bact_Paracoccus_denitrificans_PD1222_gene75501415.pdb
 0.999997 -0.000103 -0.002632    -0.056295
 0.000096  0.999996 -0.002988    -0.015427
 0.002633  0.002987  0.999992    -0.001587
>structures/HisRS_AF_Bact_Prochlorococcus_marinus_subsp_marinus_str_CCMP1375_gene54200127.pdb
 0.976980 -0.213326 -0.001461     6.034565
 0.205634  0.943528 -0.259749    -3.009837
 0.056790  0.253469  0.965675     2.835953
>structures/HisRS_AF_Bact_Streptobacillus_moniliformis_DSM_12112_gene29674169.pdb
 0.458442  0.746376 -0.482445     0.689094
-0.392353 -0.317110 -0.863424    -3.570922
-0.797427  0.585119  0.147466    -4.850819
>structures/HisRS_AF_Bact_Streptomyces_albidoflavus_gene15149169.pdb
 0.298467  0.883639 -0.360694     0.508662
-0.129519 -0.336924 -0.932581    -1.295855
-0.945591  0.325061  0.013888     1.125540
>structures/HisRS_AF_Bact_Thermus_thermophilus_HB8_gene3168691.pdb
 0.576392  0.731362 -0.364530     0.210006
-0.511587 -0.024898 -0.858870    -5.048341
-0.637221  0.681535  0.359804    -1.808922
>structures/HisRS_AF_Bact_Treponema_denticola_ATCC_35405_gene2741405.pdb
 0.008694 -0.580226 -0.814409     0.074759
 0.876226 -0.388009  0.285791    -2.401872
-0.481821 -0.716091  0.505036     2.634376
>structures/HisRS_AF_Euk_Arabidopsis_thaliana_gene823753.pdb
 0.212614  0.904717 -0.369164     0.214681
-0.209645 -0.326768 -0.921559    -0.717847
-0.954382  0.273330  0.120194     0.428494
>structures/HisRS_AF_Euk_Cryptococcus_gattii_WM276_gene10186972.pdb
-0.883352 -0.466428  0.046204     1.283568
-0.395329  0.794381  0.461165    -0.821956
-0.251804  0.389105 -0.886111    -0.662700
>structures/HisRS_AF_Euk_Homo_sapiens_gene3035.pdb
 0.510545  0.807982 -0.294122    -0.828677
-0.441246 -0.047398 -0.896134    -7.223124
-0.738001  0.587297  0.332320    -4.195568
>structures/HisRS_AF_Euk_Plasmodium_falciparum_3D7_gene812010.pdb
-0.330545  0.475453 -0.815282    -5.267601
-0.614089 -0.764318 -0.196758    10.337533
-0.716683  0.435618  0.544612     8.571813
>structures/HisRS_AF_Euk_Platysiphonia_delicata_gene33353157.pdb
 0.448967  0.794872 -0.408175     1.310302
-0.376041 -0.246303 -0.893268    -5.180208
-0.810569  0.554539  0.188323    -5.204173
>structures/HisRS_AF_Euk_Saccharomyces_cerevisiae_S288C_gene856145.pdb
 0.352275  0.880440 -0.317375     1.066273
-0.198911 -0.260932 -0.944642     0.804529
-0.914515  0.395903  0.083210    -1.236147
>structures/HisRS_AF_Mito_Homo_sapiens_gene23438.pdb
 0.399926  0.876362 -0.268418     1.248354
-0.263392 -0.170615 -0.949482     0.373558
-0.877886  0.450422  0.162593    -0.170360
>structures/HisRS_AF_Mito_Selaginella_moellendorffii_gene112349720.pdb
-0.509833  0.711693  0.483284    -1.956144
 0.432955 -0.273177  0.859025     1.574189
 0.743384  0.647200 -0.168856     1.389144
>structures/HisRS_PDB_Arch_T_acidophilum_1WU7.pdb
-0.818098 -0.436412 -0.374513    55.722534
-0.404469 -0.026291  0.914174   -60.816243
-0.408802  0.899363 -0.155007   -28.242871
>structures/HisRS_PDB_Bact_B_thailandensis_4e51.pdb
-0.024346  0.494778  0.868678   -39.368399
 0.924676 -0.319127  0.207682   -15.619297
 0.379975  0.808303 -0.449740    18.866548
>structures/HisRS_PDB_Bact_E_coli_1HTT.pdb
-0.494612  0.222204 -0.840229    10.185021
 0.868236  0.082887 -0.489179    21.355210
-0.039053 -0.971471 -0.233922    20.803654
