>structures/HisRS_AF_Arch_Candidatus_Methanomassiliicoccus_intestinalis_Issoire-Mx1_gene16154026.pdb
-0.333620 -0.203199 -0.920548     8.090077
 0.940906 -0.011428 -0.338475    51.512226
 0.058257 -0.979071  0.195004    72.004360
>structures/HisRS_AF_Arch_Candidatus_Nitrosopumilus_koreensis_AR1_gene13725657.pdb
 0.470315 -0.093531  0.877528     9.301597
-0.872695 -0.197094  0.446718    48.108259
 0.131174 -0.975913 -0.174320    72.747592
>structures/HisRS_AF_Arch_Desulfurococcus_amylolyticus_1221n_gene7171287.pdb
-0.681708 -0.678661 -0.273301     9.055321
-0.552019  0.231962  0.800917    46.655915
-0.480156  0.696859 -0.532764    70.783426
>structures/HisRS_AF_Arch_Methanoregula_formicica_SMSP_gene14310605.pdb
-0.379361  0.261973 -0.887387     6.290829
 0.863532 -0.244164 -0.441245    50.545985
-0.332262 -0.933678 -0.133596    70.389283
>structures/HisRS_AF_Bact_Chlamydia_muridarum_str_Nigg_gene1246198.pdb
-0.057360  0.459068  0.886547    11.036282
-0.803548 -0.548215  0.231885    49.103326
 0.592470 -0.699082  0.400329    71.000412
>structures/HisRS_AF_Bact_Lacticaseibacillus_paracasei_gene61269730.pdb
 0.109840 -0.791032  0.601834    12.175985
-0.909162  0.164748  0.382469    45.188693
-0.401696 -0.589174 -0.701080    67.950149
>structures/HisRS_AF_Bact_Paracoccus_denitrificans_PD1222_gene75501415.pdb
-0.811217 -0.403449 -0.423268     9.507231
-0.455166 -0.018735  0.890209    48.192670
-0.367084  0.914810 -0.168438    72.103994
>structures/HisRS_AF_Bact_Prochlorococcus_marinus_subsp_marinus_str_CCMP1375_gene54200127.pdb
-0.901136 -0.316535 -0.296242     4.543143
-0.389528  0.291182  0.873774    48.187440
-0.190319  0.902784 -0.385694    66.778500
>structures/HisRS_AF_Bact_Streptobacillus_moniliformis_DSM_12112_gene29674169.pdb
 0.124899 -0.719313  0.683366    12.382240
-0.912524  0.187099  0.363723    43.563384
-0.389488 -0.669016 -0.633022    69.610231
>structures/HisRS_AF_Bact_Streptomyces_albidoflavus_gene15149169.pdb
 0.207768 -0.710654  0.672163     9.122893
-0.975713 -0.101814  0.193952    48.969238
-0.069397 -0.696136 -0.714548    70.753978
>structures/HisRS_AF_Bact_Thermus_thermophilus_HB8_gene3168691.pdb
 0.014456 -0.867037  0.498034    12.144577
-0.817548  0.276518  0.505126    46.590280
-0.575679 -0.414469 -0.704847    67.906959
>structures/HisRS_AF_Bact_Treponema_denticola_ATCC_35405_gene2741405.pdb
-0.161038  0.929556  0.331652     9.201261
-0.442623 -0.368370  0.817550    50.430756
 0.882129 -0.015140  0.470764    69.513996
>structures/HisRS_AF_Euk_Arabidopsis_thaliana_gene823753.pdb
 0.314418 -0.712693  0.627064     9.381231
-0.941502 -0.149708  0.301930    48.546141
-0.121307 -0.685314 -0.718073    71.436944
>structures/HisRS_AF_Euk_Cryptococcus_gattii_WM276_gene10186972.pdb
 0.982245 -0.114372  0.148706     9.056314
 0.187176  0.544124 -0.817860    47.096471
 0.012625  0.831173  0.555871    71.082537
>structures/HisRS_AF_Euk_Plasmodium_falciparum_3D7_gene812010.pdb
 0.818246 -0.266551  0.509337     5.957165
-0.472502  0.192819  0.859978    58.031973
-0.327438 -0.944336  0.031827    82.174992
>structures/HisRS_AF_Euk_Platysiphonia_delicata_gene33353157.pdb
 0.132453 -0.774467  0.618592    12.705918
-0.916916  0.141297  0.373231    43.078499
-0.376460 -0.616632 -0.691406    67.928740
>structures/HisRS_PDB_Arch_T_acidophilum_1WU7.pdb
 0.999328  0.026920 -0.024876     0.484115
-0.026646  0.999581  0.011267    -0.858515
 0.025169 -0.010597  0.999627     0.539067
>structures/HisRS_PDB_Bact_B_thailandensis_4e51.pdb
-0.516397 -0.594930 -0.615948    40.432814
 0.336907  0.520125 -0.784833    82.255506
 0.787291 -0.612803 -0.068155    70.067990
>structures/HisRS_PDB_Bact_E_coli_1HTT.pdb
 0.059629  0.192527  0.979478   -16.302765
 0.166376 -0.969416  0.180421    61.668636
 0.984258  0.152204 -0.089838    84.449440
