>../../../../class2/gly2//data/domains/Catalytic_domain/structures/GlyRS-Bα_AF_Bact_Brachyspira_pilosicoli_95_1000_gene56440230.pdb
-0.154250 -0.987415  0.034905   -50.181287
-0.486141  0.045093 -0.872716    11.963978
 0.860159 -0.151585 -0.486979    -1.557238
>../../../../class2/gly2//data/domains/Catalytic_domain/structures/GlyRS-Bα_AF_Bact_Chlamydia_pneumoniae_TW-183_gene45051002.pdb
 0.114705 -0.227540  0.966989   -50.378510
-0.300224  0.919956  0.252086    32.120763
-0.946947 -0.319229  0.037211   -10.008866
>../../../../class2/gly2//data/domains/Catalytic_domain/structures/GlyRS-Bα_AF_Bact_Lacticaseibacillus_paracasei_gene61269714.pdb
 0.269672  0.950338 -0.155356   -48.611221
-0.830512  0.147883 -0.537010    11.168424
-0.487367  0.273842  0.829147    -2.172739
>../../../../class2/gly2//data/domains/Catalytic_domain/structures/GlyRS-Bα_AF_Bact_Prochlorococcus_marinus_subsp_marinus_str_CCMP1375_gene54200602.pdb
-0.506650  0.794613 -0.334508   -48.340913
-0.634388 -0.606338 -0.479485    11.023473
-0.583831 -0.030723  0.811294    -1.864760
>../../../../class2/gly2//data/domains/Catalytic_domain/structures/GlyRS-Bα_AF_Bact_Salmonella_enterica_subsp_enterica_serovar_Typhimurium_str_LT2_gene1255180.pdb
-0.461293 -0.258271 -0.848826   -47.407056
-0.106661 -0.933615  0.342034    12.491661
-0.880813  0.248315  0.403123    -2.311628
>../../../../class2/gly2//data/domains/Catalytic_domain/structures/GlyRS-Bα_AF_Bact_Streptobacillus_moniliformis_DSM_12112_gene29673275.pdb
-0.336450  0.935747 -0.105731   -48.511240
-0.762527 -0.336596 -0.552499    11.496497
-0.552588 -0.105265  0.826780    -1.905016
>../../../../class2/gly2//data/domains/Catalytic_domain/structures/GlyRS-Bα_AF_Euk_Ostreococcus_tauri_gene9837276.pdb
-0.160047 -0.862166  0.480682   -51.126166
 0.596774  0.303378  0.742848    30.399671
-0.786286  0.405749  0.465963    -9.656034
>../../../../class2/gly2//data/domains/Catalytic_domain/structures/GlyRS-Bα_AF_Mito_Nymphaea_colorata_gene116265348.pdb
-0.178864  0.073952  0.981091   -51.076349
-0.367454  0.919994 -0.136338    32.816485
-0.912680 -0.384892 -0.137380    -8.546047
>../../../../class2/gly2//data/domains/Catalytic_domain/structures/GlyRS-Bα_PDB_Bact_A_aeolicus_5f5w.pdb
 1.000000  0.000000  0.000000     0.000000
 0.000000  1.000000  0.000000     0.000000
 0.000000  0.000000  1.000000     0.000000
>../../../../class2/gly2//data/domains/Catalytic_domain/structures/GlyRS-Bα_PDB_Bact_C_jejuni_3ufg.pdb
 0.387904 -0.921452  0.021370   -32.053279
-0.072998 -0.007601  0.997303    13.934547
-0.918804 -0.388418 -0.070213    32.107529
>../../../../class2/gly2//data/domains/Catalytic_domain/structures/GlyRS-Bα_PDB_Bact_T_maritima_1j5w.pdb
 0.007193  0.654532 -0.756000   -80.596440
-0.231982 -0.734302 -0.637953    68.809543
-0.972693  0.179968  0.146558    25.868828
>../../../../class2/ser1//data/domains/Catalytic_domain/structures/SerRS_AF_Arch_Candidatus_Methanomassiliicoccus_intestinalis_Issoire-Mx1_gene16154337.pdb
-0.320513  0.787855  0.525885   -50.151512
 0.939390  0.193029  0.283347    15.712252
 0.121725  0.584828 -0.801972    -2.709209
>../../../../class2/ser1//data/domains/Catalytic_domain/structures/SerRS_AF_Arch_Methanospirillum_hungatei_JF-1_gene3924775.pdb
-0.144234 -0.736507  0.660874   -46.615389
-0.340089 -0.590280 -0.732058    18.230847
 0.929266 -0.330343 -0.165339     0.290097
>../../../../class2/ser1//data/domains/Catalytic_domain/structures/SerRS_AF_Arch_Nitrosopumilus_maritimus_SCM1_gene5773574.pdb
-0.000938 -0.415609 -0.909543   -49.251242
 0.153454 -0.898830  0.410556    20.482053
-0.988155 -0.139188  0.064620    -4.425159
>../../../../class2/ser1//data/domains/Catalytic_domain/structures/SerRS_AF_Arch_Thermoproteus_uzoniensis_768-20_gene10361450.pdb
-0.183500 -0.075060 -0.980150   -49.682410
-0.236464 -0.964433  0.118126    19.014795
-0.954155  0.253447  0.159225    -6.628788
>../../../../class2/ser1//data/domains/Catalytic_domain/structures/SerRS_AF_Bact_Bifidobacterium_longum_subsp_longum_JCM_1217_gene69578844.pdb
-0.996412  0.052808 -0.066140   -47.254133
 0.077151  0.888027 -0.453273    14.813239
 0.034798 -0.456749 -0.888915    -0.121242
>../../../../class2/ser1//data/domains/Catalytic_domain/structures/SerRS_AF_Bact_Brucella_suis_1330_gene45051948.pdb
-0.204180  0.132158 -0.969971   -48.663099
-0.622870 -0.781939  0.024576    19.257257
-0.755211  0.609184  0.241974    -1.251270
>../../../../class2/ser1//data/domains/Catalytic_domain/structures/SerRS_AF_Bact_Chlamydia_psittaci_6BC_gene12242544.pdb
 0.179937 -0.107928  0.977739   -48.418267
 0.312117 -0.936337 -0.160797    18.163462
 0.932848  0.334103 -0.134795    -2.716222
>../../../../class2/ser1//data/domains/Catalytic_domain/structures/SerRS_AF_Bact_Clostridium_acetobutylicum_DSM_1731_gene44996495.pdb
-0.123571 -0.501477 -0.856301   -46.443276
 0.020751 -0.864032  0.503010    19.384728
-0.992119  0.044388  0.117176     0.600069
>../../../../class2/ser1//data/domains/Catalytic_domain/structures/SerRS_AF_Bact_Mycoplasma_hyopneumoniae_168-L_gene57101125.pdb
 0.091157 -0.608231  0.788508   -49.521022
 0.102185 -0.781912 -0.614957    16.925069
 0.990580  0.136631 -0.009125    -0.806565
>../../../../class2/ser1//data/domains/Catalytic_domain/structures/SerRS_AF_Bact_Prochlorococcus_marinus_subsp_marinus_str_CCMP1375_gene54200639.pdb
-0.118974  0.545387 -0.829698   -51.876953
-0.665382 -0.664029 -0.341075    14.335466
-0.736961  0.511486  0.441893    -3.584472
>../../../../class2/ser1//data/domains/Catalytic_domain/structures/SerRS_AF_Bact_Streptobacillus_moniliformis_DSM_12112_gene29673293.pdb
-0.209295  0.060359 -0.975988   -47.890577
-0.498920 -0.864996  0.053496    19.435409
-0.840996  0.498136  0.211153    -0.868586
>../../../../class2/ser1//data/domains/Catalytic_domain/structures/SerRS_AF_Bact_Treponema_pallidum_subsp_pertenue_str_SamoaD_gene57879171.pdb
 0.029801 -0.633593  0.773092   -47.051630
-0.251411 -0.753322 -0.607699    19.121437
 0.967422 -0.176253 -0.181742    -1.402507
>../../../../class2/ser1//data/domains/Catalytic_domain/structures/SerRS_AF_Euk_Cyanidioschyzon_merolae_strain_10D_gene16995416.pdb
-0.591505 -0.752627  0.289267   -46.054684
-0.517402  0.079148 -0.852075    17.221952
 0.618399 -0.653673 -0.436226     0.242080
>../../../../class2/ser1//data/domains/Catalytic_domain/structures/SerRS_AF_Euk_Thunnus_albacares_gene122982782.pdb
-0.997091 -0.074366 -0.016703   -48.692514
-0.056315  0.866486 -0.496015    15.522045
 0.051360 -0.493632 -0.868153     1.467917
>../../../../class2/ser1//data/domains/Catalytic_domain/structures/SerRS_AF_Euk_Trichomonas_vaginalis_G3_gene4762654.pdb
-0.249163 -0.523612  0.814707   -47.896892
 0.181708 -0.851575 -0.491735    16.733732
 0.951262  0.025517  0.307326    -1.040474
>../../../../class2/ser1//data/domains/Catalytic_domain/structures/SerRS_AF_Euk_Vitis_vinifera_gene100261399.pdb
-0.930422 -0.366460 -0.004643   -46.780441
-0.261645  0.673067 -0.691754    15.961031
 0.256626 -0.642408 -0.722119     0.560290
>../../../../class2/ser1//data/domains/Catalytic_domain/structures/SerRS_AF_Mito_Cervus_elaphus_gene122688911.pdb
-0.107443  0.538630 -0.835663   -52.963966
-0.742681 -0.602281 -0.292715    13.230315
-0.660969  0.589181  0.464742    -4.326431
>../../../../class2/ser1//data/domains/Catalytic_domain/structures/SerRS_AF_Mito_Drechmeria_coniospora_gene63718051.pdb
 0.068511 -0.403773  0.912290   -50.364098
 0.373935 -0.837383 -0.398702    16.301728
 0.924921  0.368453  0.093615    -0.655222
>../../../../class2/ser1//data/domains/Catalytic_domain/structures/SerRS_PDB_Bact_K_pneumoniae_6h9x.pdb
 0.800440  0.598517  0.032757   -20.290828
 0.571179 -0.745023 -0.344522    -3.634402
-0.181798  0.294479 -0.938207    -1.768008
>../../../../class2/ser1//data/domains/Catalytic_domain/structures/SerRS_PDB_Bact_T_thermophilus_1ser.pdb
 0.404969 -0.062985 -0.912158   -52.911547
 0.287078  0.955935  0.061445   -78.826410
 0.868094 -0.286744  0.405206  -112.427486
>../../../../class2/ser1//data/domains/Catalytic_domain/structures/SerRS_PDB_Mito_B_taurus_1wle.pdb
 0.550598 -0.833383  0.048110   -61.714275
 0.794066  0.505103 -0.338127   -34.899679
 0.257489  0.224375  0.939870   -95.435013
