>../../../../class2/asp1//data/domains/Catalytic_domain/structures/AspRS_AF_Arch_Candidatus_Methanomassiliicoccus_intestinalis_Issoire-Mx1_gene16154434.pdb
-0.272290 -0.590114 -0.760016   -12.511111
 0.908667  0.102123 -0.404840    11.149073
 0.316517 -0.800835  0.508410    80.024007
>../../../../class2/asp1//data/domains/Catalytic_domain/structures/AspRS_AF_Arch_unclassified_Euryarchaeota_proteinHHT76046.1.pdb
-0.213003 -0.400843 -0.891041   -10.645070
 0.845235  0.381866 -0.373839     9.410089
 0.490109 -0.832768  0.257468    73.866639
>../../../../class2/asp1//data/domains/Catalytic_domain/structures/AspRS_AF_Bact_Bacillus_anthracis_str_Ames_Ancestor_gene45024275.pdb
-0.950722  0.308583 -0.030078   -16.988254
-0.156845 -0.394998  0.905194    10.911203
 0.267447  0.865305  0.423933    75.344067
>../../../../class2/asp1//data/domains/Catalytic_domain/structures/AspRS_AF_Bact_Brachyspira_pilosicoli_95_1000_gene56440011.pdb
-0.263697 -0.116985 -0.957486   -10.579777
 0.881639  0.373514 -0.288444     9.172397
 0.391378 -0.920218  0.004644    75.622234
>../../../../class2/asp1//data/domains/Catalytic_domain/structures/AspRS_AF_Bact_Chlamydia_muridarum_str_Nigg_gene1246197.pdb
-0.426032  0.436090 -0.792668   -10.042528
 0.883222  0.010666 -0.468834     8.998373
-0.195999 -0.899840 -0.389709    75.339002
>../../../../class2/asp1//data/domains/Catalytic_domain/structures/AspRS_AF_Bact_Mycoplasma_hyopneumoniae_168-L_gene57101115.pdb
 0.070689 -0.906209 -0.416880    -8.925912
 0.831664  0.284297 -0.476980    10.332677
 0.550761 -0.312987  0.773758    81.038418
>../../../../class2/asp1//data/domains/Catalytic_domain/structures/AspRS_AF_Bact_Nocardia_cyriacigeorgica_GUH-2_gene45501717.pdb
 0.966315 -0.118472  0.228474    -6.198103
 0.237886  0.072367 -0.968594     7.202736
 0.098217  0.990317  0.098112    73.769985
>../../../../class2/asp1//data/domains/Catalytic_domain/structures/AspRS_AF_Bact_Porphyromonas_gingivalis_ATCC_33277_gene29255515.pdb
 0.191659  0.674779  0.712700   -12.167649
-0.377996 -0.619396  0.688090     6.975775
 0.905752 -0.401276  0.136350    75.811987
>../../../../class2/asp1//data/domains/Catalytic_domain/structures/AspRS_AF_Bact_Prochlorococcus_marinus_subsp_marinus_str_CCMP1375_gene54201182.pdb
-0.371117  0.247104 -0.895104   -15.295223
 0.892339 -0.171791 -0.417395    12.284684
-0.256911 -0.953639 -0.156746    75.682956
>../../../../class2/asp1//data/domains/Catalytic_domain/structures/AspRS_AF_Bact_Xylella_fastidiosa_Temecula1_gene58016479.pdb
 0.962787 -0.032628  0.268285   -12.345322
 0.269542  0.043516 -0.962005     7.851518
 0.019713  0.998520  0.050691    73.131859
>../../../../class2/asp1//data/domains/Catalytic_domain/structures/AspRS_AF_Mito_Oryza_sativa_Japonica_Group_gene4324505.pdb
 0.271566 -0.418946  0.866450    -6.765061
-0.895265  0.220435  0.387182     4.473104
-0.353204 -0.880848 -0.315204    74.612558
>../../../../class2/asp1//data/domains/Catalytic_domain/structures/AspRS_AF_Mito_Oryzias_melastigma_gene112147132.pdb
 0.538422 -0.723364 -0.432258   -12.106464
 0.577035  0.690317 -0.436455     9.566881
 0.614111 -0.014430  0.789088    73.041352
>../../../../class2/asp1//data/domains/Catalytic_domain/structures/AspRS_PDB_Bact_E_coli_1c0a.pdb
-0.249205 -0.961805 -0.113259    38.898405
 0.004593  0.115773 -0.993265    -1.540385
 0.968440 -0.248047 -0.024433    27.408244
>../../../../class2/phe2//data/domains/Catalytic_domain/structures/PheRS-Bβ_AF_Bact_Brachyspira_pilosicoli_95_1000_gene56440382.pdb
-0.516324 -0.807017 -0.286589   -16.869751
-0.142725  0.411054 -0.900369    -8.083799
 0.844416 -0.423979 -0.327418    45.417567
>../../../../class2/phe2//data/domains/Catalytic_domain/structures/PheRS-Bβ_AF_Bact_Chlamydia_psittaci_6BC_gene12242429.pdb
 0.731101  0.191232  0.654921   -21.467440
 0.558720 -0.718722 -0.413848    -7.008567
 0.391566  0.668482 -0.632304    43.503878
>../../../../class2/phe2//data/domains/Catalytic_domain/structures/PheRS-Bβ_AF_Bact_Ferrimonas_balearica_DSM_9799_gene67181907.pdb
-0.379164  0.891732 -0.247080   -20.513394
 0.913701  0.403004  0.052324   -10.725443
 0.146233 -0.205918 -0.967581    44.656294
>../../../../class2/phe2//data/domains/Catalytic_domain/structures/PheRS-Bβ_AF_Bact_Lacticaseibacillus_paracasei_gene61269867.pdb
-0.307828 -0.938905 -0.153948   -15.990265
-0.309140  0.251727 -0.917097    -6.835808
 0.899819 -0.234716 -0.367741    40.646661
>../../../../class2/phe2//data/domains/Catalytic_domain/structures/PheRS-Bβ_AF_Bact_Mycobacterium_intracellulare_ATCC_13950_gene11909688.pdb
 0.303417  0.917596  0.256818   -20.201550
 0.949183 -0.314710  0.003028    -9.573836
 0.083602  0.242849 -0.966455    43.553354
>../../../../class2/phe2//data/domains/Catalytic_domain/structures/PheRS-Bβ_AF_Bact_Mycoplasma_hyopneumoniae_168-L_gene57101148.pdb
 0.358165 -0.917665  0.172074   -14.596554
-0.212206 -0.259488 -0.942144   -16.147995
 0.909223  0.300928 -0.287673    41.561810
>../../../../class2/phe2//data/domains/Catalytic_domain/structures/PheRS-Bβ_AF_Bact_Porphyromonas_gingivalis_ATCC_33277_gene29257179.pdb
 0.822784 -0.194829  0.533918   -17.858529
-0.365903  0.537256  0.759915    -9.824672
-0.434904 -0.820608  0.370757    48.090595
>../../../../class2/phe2//data/domains/Catalytic_domain/structures/PheRS-Bβ_AF_Bact_Prochlorococcus_marinus_subsp_marinus_str_CCMP1375_gene54200309.pdb
 0.693254  0.153976  0.704053   -21.975958
 0.488857 -0.818274 -0.302402    -8.751233
 0.529545  0.553823 -0.642544    43.625906
>../../../../class2/phe2//data/domains/Catalytic_domain/structures/PheRS-Bβ_AF_Euk_Didymosphenia_geminata_gene19740299.pdb
 0.403006 -0.829903  0.385807   -20.071703
 0.058747 -0.397229 -0.915837    -7.701538
 0.913310  0.391753 -0.111331    47.607945
>../../../../class2/phe2//data/domains/Catalytic_domain/structures/PheRS-Bβ_AF_Euk_Gracilariopsis_tenuifrons_gene68635617.pdb
-0.094744 -0.676556 -0.730271   -15.387199
-0.417823 -0.638806  0.646027   -15.363107
-0.903575  0.366331 -0.222157    55.200304
>../../../../class2/phe2//data/domains/Catalytic_domain/structures/PheRS-Bβ_PDB_Bact.B_E_coli_3PCO.pdb
 1.000000  0.000000  0.000000     0.000000
 0.000000  1.000000  0.000000     0.000000
 0.000000  0.000000  1.000000     0.000000
>../../../../class2/phe2//data/domains/Catalytic_domain/structures/PheRS-Bβ_PDB_Bact.B_T_thermophilus_1PYS.pdb
 0.240708 -0.116322  0.963602   -35.186882
-0.516359 -0.855988  0.025655    51.938294
 0.821847 -0.503740 -0.266107    75.587454
