>structures/LeuRS-A_AF_Arch_Aciduliprofundum_boonei_T469_gene8828435.pdb
-0.148961 -0.117251 -0.981867     5.269405
 0.602493 -0.798115  0.003902     2.520572
-0.784100 -0.590987  0.189530     2.890681
>structures/LeuRS-A_AF_Arch_Candidatus_Korarchaeum_cryptofilum_OPF8_gene6093520.pdb
-0.903441  0.425058  0.055857     1.803648
 0.328792  0.603358  0.726536    -2.654794
 0.275119  0.674747 -0.684855    -0.691748
>structures/LeuRS-A_AF_Arch_Candidatus_Nitrosopumilus_koreensis_AR1_gene13725794.pdb
 0.995752  0.025388 -0.088502     2.342026
-0.041042  0.982841 -0.179828    -2.207974
 0.082418  0.182697  0.979709     1.177647
>structures/LeuRS-A_AF_Arch_Methanobrevibacter_smithii_ATCC_35061_gene5216355.pdb
 0.993303 -0.091902 -0.070018     0.743742
 0.086242  0.993059 -0.079975    -0.748903
 0.076882  0.073401  0.994335     0.406130
>structures/LeuRS-A_AF_Euk_Arabidopsis_thaliana_gene837489.pdb
-0.095134 -0.920604  0.378732     0.068654
-0.883834 -0.096940 -0.457647     0.000818
 0.458025 -0.378274 -0.804439    -1.640110
>structures/LeuRS-A_AF_Euk_Drosophila_melanogaster_gene326262.pdb
 1.000000  0.000000  0.000000     0.000000
 0.000000  1.000000  0.000000     0.000000
 0.000000  0.000000  1.000000     0.000000
>structures/LeuRS-A_AF_Euk_Homo_sapiens_gene51520.pdb
-0.058130  0.024078 -0.998019    -3.559079
 0.459014 -0.887124 -0.048139     3.751287
-0.886525 -0.460903  0.040517    -3.899901
>structures/LeuRS-A_AF_Euk_Leishmania_major_strain_Friedlin_gene5650139.pdb
 0.998433  0.006759  0.055551     3.762623
 0.002439  0.986478 -0.163875     0.179484
-0.055907  0.163754  0.984916    -1.529183
>structures/LeuRS-A_AF_Euk_Neurospora_crassa_OR74A_gene3879366.pdb
 0.985518 -0.151129 -0.076910     2.573999
 0.157015  0.984567  0.077289    -1.107705
 0.064043 -0.088246  0.994038    -1.162591
>structures/LeuRS-A_AF_Euk_Saccharomyces_cerevisiae_S288C_gene855943.pdb
 0.999132  0.004041  0.041460     1.626528
 0.000155  0.994917 -0.100699    -0.662808
-0.041657  0.100618  0.994053    -1.303860
>structures/LeuRS-A_PDB_Arch_P_hori_1WKB.pdb
-0.051644  0.799939  0.597855   -17.715025
-0.951206  0.142955 -0.273443   118.313958
-0.304204 -0.582805  0.753524    57.929922
