>structures/LeuRS-A_AF_Arch_Aciduliprofundum_boonei_T469_gene8828435.pdb
-0.873191  0.453130  0.179472    -0.677123
 0.383298  0.411021  0.827130    -6.583124
 0.301031  0.791034 -0.532583    -2.643774
>structures/LeuRS-A_AF_Arch_Candidatus_Korarchaeum_cryptofilum_OPF8_gene6093520.pdb
-0.088210 -0.271260 -0.958456     2.884915
 0.698352 -0.702970  0.134681    -1.770514
-0.710299 -0.657459  0.251444     1.175769
>structures/LeuRS-A_AF_Arch_Candidatus_Nitrosopumilus_koreensis_AR1_gene13725794.pdb
-0.023180 -0.793733  0.607824     3.070347
-0.944255 -0.182334 -0.274112    -2.942734
 0.328399 -0.580295 -0.745260    -0.276752
>structures/LeuRS-A_AF_Arch_Methanobrevibacter_smithii_ATCC_35061_gene5216355.pdb
-0.134192 -0.836087  0.531932     1.503213
-0.949793 -0.044585 -0.309686    -1.254826
 0.282641 -0.546783 -0.788126    -0.924148
>structures/LeuRS-A_AF_Euk_Arabidopsis_thaliana_gene837489.pdb
 1.000000  0.000000  0.000000     0.000000
 0.000000  1.000000  0.000000     0.000000
 0.000000  0.000000  1.000000     0.000000
>structures/LeuRS-A_AF_Euk_Drosophila_melanogaster_gene326262.pdb
-0.095134 -0.883834  0.458025     0.758467
-0.920604 -0.096940 -0.378274    -0.557130
 0.378732 -0.457647 -0.804439    -1.344995
>structures/LeuRS-A_AF_Euk_Homo_sapiens_gene51520.pdb
-0.806153  0.570803  0.155886    -3.999550
 0.344493  0.238566  0.907971     3.836294
 0.481084  0.785665 -0.388958    -1.263982
>structures/LeuRS-A_AF_Euk_Leishmania_major_strain_Friedlin_gene5650139.pdb
-0.129151 -0.799352  0.586819    -0.541226
-0.896858 -0.158302 -0.413021    -3.352469
 0.423044 -0.579635 -0.696460     1.260680
>structures/LeuRS-A_AF_Euk_Neurospora_crassa_OR74A_gene3879366.pdb
-0.215127 -0.895457  0.389714     0.835995
-0.944048  0.088532 -0.317704    -2.233717
 0.249988 -0.436256 -0.864400     1.083542
>structures/LeuRS-A_PDB_Arch_P_hori_1WKB.pdb
 0.713961 -0.461215  0.526821   -76.681867
 0.263197 -0.520443 -0.812322   -18.856154
 0.648835  0.718624 -0.250185  -107.391542
