>../../../../class2/gly2//data/domains/Catalytic_domain/structures/GlyRS-Bα_AF_Bact_Brachyspira_pilosicoli_95_1000_gene56440230.pdb
-0.730276  0.130892  0.670495    40.082927
 0.409071 -0.702276  0.582640    56.775202
 0.547135  0.699768  0.459311     9.292079
>../../../../class2/gly2//data/domains/Catalytic_domain/structures/GlyRS-Bα_AF_Bact_Chlamydia_pneumoniae_TW-183_gene45051002.pdb
 0.991033  0.102771 -0.085395    43.788281
 0.130347 -0.884147  0.448657    40.274040
-0.029393 -0.455765 -0.889615    -4.500616
>../../../../class2/gly2//data/domains/Catalytic_domain/structures/GlyRS-Bα_AF_Bact_Lacticaseibacillus_paracasei_gene61269714.pdb
 0.660826 -0.294563 -0.690320    40.864332
 0.706587  0.554295  0.439877    58.310990
 0.253070 -0.778453  0.574427     8.541784
>../../../../class2/gly2//data/domains/Catalytic_domain/structures/GlyRS-Bα_AF_Bact_Prochlorococcus_marinus_subsp_marinus_str_CCMP1375_gene54200602.pdb
 0.709867  0.172282 -0.682941    40.624649
 0.034667  0.959902  0.278184    58.589177
 0.703482 -0.221149  0.675430     8.418275
>../../../../class2/gly2//data/domains/Catalytic_domain/structures/GlyRS-Bα_AF_Bact_Salmonella_enterica_subsp_enterica_serovar_Typhimurium_str_LT2_gene1255180.pdb
 0.879160 -0.034345 -0.475288    40.720225
-0.375327  0.564639 -0.735060    58.058717
 0.293612  0.824623  0.483517     6.733451
>../../../../class2/gly2//data/domains/Catalytic_domain/structures/GlyRS-Bα_AF_Bact_Streptobacillus_moniliformis_DSM_12112_gene29673275.pdb
 0.705303  0.184671 -0.684430    40.532610
 0.249925  0.838708  0.483845    58.167008
 0.663389 -0.512313  0.545390     8.286514
>../../../../class2/gly2//data/domains/Catalytic_domain/structures/GlyRS-Bα_AF_Euk_Ostreococcus_tauri_gene9837276.pdb
 0.630070 -0.467695 -0.619898    43.821904
-0.682421 -0.714422 -0.154608    41.145599
-0.370559  0.520445 -0.769300    -2.885327
>../../../../class2/gly2//data/domains/Catalytic_domain/structures/GlyRS-Bα_AF_Mito_Nymphaea_colorata_gene116265348.pdb
 0.971326  0.166658  0.169560    42.177656
-0.005336 -0.697722  0.716349    39.577180
 0.237691 -0.696713 -0.676826    -4.338064
>../../../../class2/gly2//data/domains/Catalytic_domain/structures/GlyRS-Bα_PDB_Bact_A_aeolicus_5f5w.pdb
 0.007193 -0.231982 -0.972693    41.704771
 0.654532 -0.734302  0.179968    98.624389
-0.756000 -0.637953  0.146558   -20.824928
>../../../../class2/gly2//data/domains/Catalytic_domain/structures/GlyRS-Bα_PDB_Bact_C_jejuni_3ufg.pdb
 0.914790  0.373661 -0.153418     6.994910
 0.144806 -0.657939 -0.739018    73.026500
-0.377082  0.653830 -0.655984    -1.065007
>../../../../class2/gly2//data/domains/Catalytic_domain/structures/GlyRS-Bα_PDB_Bact_T_maritima_1j5w.pdb
 1.000000  0.000000  0.000000     0.000000
 0.000000  1.000000  0.000000     0.000000
 0.000000  0.000000  1.000000     0.000000
>../../../../class2/phe5//data/domains/Catalytic_domain/structures/PheRS-M_AF_Mito_Arabidopsis_thaliana_gene824983.pdb
 0.566994  0.596935 -0.567614    48.316840
 0.572150  0.210331  0.792720    62.187921
 0.592589 -0.774228 -0.222280    12.575446
>../../../../class2/phe5//data/domains/Catalytic_domain/structures/PheRS-M_AF_Mito_Babesia_bovis_T2Bo_gene5478469.pdb
 0.788830  0.603029 -0.118755    47.032126
 0.066494 -0.275820 -0.958906    62.838927
-0.611004  0.748518 -0.257673     5.898931
>../../../../class2/phe5//data/domains/Catalytic_domain/structures/PheRS-M_AF_Mito_Candida_albicans_SC5314_gene3638806.pdb
-0.380950  0.864907  0.326824    43.952338
 0.230399 -0.253527  0.939489    61.726248
 0.895429  0.433198 -0.102693     8.782694
>../../../../class2/phe5//data/domains/Catalytic_domain/structures/PheRS-M_AF_Mito_Crassostrea_gigas_gene105329377.pdb
-0.424250  0.321828  0.846427    45.599168
-0.431282  0.750085 -0.501366    52.558701
-0.796246 -0.577754 -0.179425     4.050835
>../../../../class2/phe5//data/domains/Catalytic_domain/structures/PheRS-M_AF_Mito_Drosophila_melanogaster_gene36547.pdb
-0.996442 -0.045997  0.070628    45.583310
 0.082798 -0.690935  0.718160    65.334149
 0.015766  0.721452  0.692285     7.243861
>../../../../class2/phe5//data/domains/Catalytic_domain/structures/PheRS-M_AF_Mito_Syngnathus_acus_gene119139175.pdb
-0.974535 -0.128489  0.183770    45.648369
-0.016863 -0.775231 -0.631453    57.559638
 0.223599 -0.618472  0.753323     6.751765
>../../../../class2/phe5//data/domains/Catalytic_domain/structures/PheRS-M_PDB_Mito.H_sapiens_3CMQ.pdb
-0.286318  0.871649 -0.397807    31.197528
-0.840596 -0.029272  0.540872    52.156110
 0.459806  0.489256  0.741085   -16.177624
