>../../../../class2/pro1//data/domains/Catalytic_domain/structures/ProRS-A_AF_Arch_Candidatus_Nitrosopumilus_sediminis_gene13697692.pdb
-0.336877  0.742333  0.579185    -8.345363
 0.552792 -0.342025  0.759895     1.452908
 0.762191  0.576160 -0.295136    -2.080493
>../../../../class2/pro1//data/domains/Catalytic_domain/structures/ProRS-A_AF_Arch_Halogeometricum_borinquense_DSM_11551_gene9994169.pdb
-0.056905 -0.480636 -0.875072    -9.115860
 0.728459 -0.619361  0.292815     1.199098
-0.682722 -0.620791  0.385369    -1.972571
>../../../../class2/pro1//data/domains/Catalytic_domain/structures/ProRS-A_AF_Arch_Picrophilus_torridus_DSM_9790_gene2845069.pdb
 0.289696 -0.690361 -0.662931    -9.377628
 0.822527 -0.174599  0.541262     0.943476
-0.489413 -0.702080  0.517261    -4.087926
>../../../../class2/pro1//data/domains/Catalytic_domain/structures/ProRS-A_AF_Arch_Sulfurisphaera_tokodaii_str_7_gene1459472.pdb
-0.821209  0.570603  0.005315    -8.578357
 0.354769  0.503243  0.787962     1.434498
 0.446939  0.648967 -0.615700    -2.706017
>../../../../class2/pro1//data/domains/Catalytic_domain/structures/ProRS-A_AF_Bact_Bacillus_anthracis_str_Ames_Ancestor_gene45020455.pdb
 0.368594  0.922874  0.111545    -9.075371
-0.575798  0.320864 -0.751999     1.152525
-0.729791  0.212955  0.649657    -2.805712
>../../../../class2/pro1//data/domains/Catalytic_domain/structures/ProRS-A_AF_Bact_Mycoplasma_hyopneumoniae_168-L_gene57101275.pdb
-0.319461  0.168437 -0.932509    -7.107485
 0.305071 -0.913402 -0.269497     2.416858
-0.897149 -0.370576  0.240411    -2.179497
>../../../../class2/pro1//data/domains/Catalytic_domain/structures/ProRS-A_AF_Bact_Porphyromonas_gingivalis_ATCC_33277_gene29256199.pdb
 0.008466 -0.480074 -0.877187    -7.757493
 0.783151 -0.542268  0.304336     1.001332
-0.621774 -0.689546  0.371379    -3.175633
>../../../../class2/pro1//data/domains/Catalytic_domain/structures/ProRS-A_AF_Bact_Thermus_thermophilus_HB8_gene3169620.pdb
-0.230766 -0.136019 -0.963455    -7.793211
 0.563920 -0.825622 -0.018509     2.235984
-0.792932 -0.547583  0.267229    -2.892118
>../../../../class2/pro1//data/domains/Catalytic_domain/structures/ProRS-A_AF_Euk_Cryptococcus_gattii_WM276_gene10188341.pdb
-0.372560 -0.314108 -0.873233    -8.454181
 0.567269 -0.821788  0.053581     4.241365
-0.734442 -0.475396  0.484349    -0.841954
>../../../../class2/pro1//data/domains/Catalytic_domain/structures/ProRS-A_AF_Euk_Ostreococcus_tauri_gene9837972.pdb
-0.321519  0.098916 -0.941722   -13.094869
 0.219981 -0.959516 -0.175890     5.867969
-0.920996 -0.263714  0.286743    -4.480351
>../../../../class2/pro1//data/domains/Catalytic_domain/structures/ProRS-A_AF_Euk_Plasmodium_yoelii_gene3807174.pdb
 0.602365  0.790192 -0.112928    -9.214172
-0.499605  0.262891 -0.825399    -1.703382
-0.622536  0.553611  0.553141    -1.292865
>../../../../class2/pro1//data/domains/Catalytic_domain/structures/ProRS-A_AF_Euk_Scheffersomyces_stipitis_CBS_6054_gene4840393.pdb
-0.003402 -0.740755 -0.671766    -5.955926
 0.809121 -0.396795  0.433448     5.843640
-0.587632 -0.542065  0.600711    -1.668452
>../../../../class2/pro1//data/domains/Catalytic_domain/structures/ProRS-A_AF_Mito_Oryza_sativa_Japonica_Group_gene4342480.pdb
-0.306369 -0.200519 -0.930554   -11.901729
 0.456244 -0.888895  0.041331     6.842700
-0.835452 -0.411897  0.363815    -3.726331
>../../../../class2/pro1//data/domains/Catalytic_domain/structures/ProRS-A_PDB_Arch_M_janacshii_1nj8.pdb
 0.097922 -0.449275  0.888011   -34.021198
-0.434460  0.783481  0.444298   -11.693644
-0.895352 -0.429312 -0.118472   108.597961
>../../../../class2/thr//data/domains/Catalytic_domain/structures/ThrRS_AF_Arch_Candidatus_Methanomethylophilus_alvus_Mx1201_gene15140074.pdb
 0.320996 -0.837240 -0.442708    -4.772911
-0.840206 -0.036033 -0.541068    -0.664584
 0.437052  0.545647 -0.715021     0.327669
>../../../../class2/thr//data/domains/Catalytic_domain/structures/ThrRS_AF_Arch_Candidatus_Nitrosopumilus_koreensis_AR1_gene13725077.pdb
-0.111693 -0.330216 -0.937274    -8.816587
 0.560609 -0.799699  0.214939     4.085547
-0.820513 -0.501437  0.274443    -6.469281
>../../../../class2/thr//data/domains/Catalytic_domain/structures/ThrRS_AF_Arch_Pyrococcus_furiosus_DSM_3638_gene1469226.pdb
 0.116007 -0.563875 -0.817672    -7.216317
 0.609865 -0.609336  0.506729     2.657182
-0.783968 -0.557454  0.273201    -6.708816
>../../../../class2/thr//data/domains/Catalytic_domain/structures/ThrRS_AF_Arch_Sulfolobus_islandicus_M164_gene7940156.pdb
 0.345628  0.398223  0.849682   -10.840916
 0.212648 -0.915168  0.342415    -3.037167
 0.913960  0.062335 -0.400989    -1.907089
>../../../../class2/thr//data/domains/Catalytic_domain/structures/ThrRS_AF_Bact_Bifidobacterium_longum_subsp_longum_JCM_1217_gene69578309.pdb
 0.550426  0.312209 -0.774311    -0.965405
 0.785968  0.119019  0.606703     0.980262
 0.281576 -0.942529 -0.179875    -0.675898
>../../../../class2/thr//data/domains/Catalytic_domain/structures/ThrRS_AF_Bact_Brachyspira_pilosicoli_95_1000_gene56439092.pdb
-0.128760  0.983167  0.129628    -2.380915
 0.599802 -0.026885  0.799697    -0.393386
 0.789721  0.180720 -0.586243     1.690158
>../../../../class2/thr//data/domains/Catalytic_domain/structures/ThrRS_AF_Bact_Brucella_abortus_2308_gene3787745.pdb
-0.370551  0.864804  0.338830    -1.833079
-0.641275  0.025691 -0.766881    -0.019312
-0.671907 -0.501451  0.545057     1.270585
>../../../../class2/thr//data/domains/Catalytic_domain/structures/ThrRS_AF_Bact_Lactobacillus_acidophilus_La-14_gene56943112.pdb
-0.083295 -0.978424  0.189075     1.513626
 0.883444  0.015284  0.468288     2.652359
-0.461074  0.206043  0.863109     2.023665
>../../../../class2/thr//data/domains/Catalytic_domain/structures/ThrRS_AF_Bact_Mycoplasma_hyopneumoniae_168-L_gene57101460.pdb
-0.189185 -0.952005 -0.240617    -4.408403
-0.705785  0.302200 -0.640736    -1.918968
 0.682698  0.048606 -0.729082    -0.984714
>../../../../class2/thr//data/domains/Catalytic_domain/structures/ThrRS_AF_Bact_Porphyromonas_gingivalis_ATCC_33277_gene29256174.pdb
-0.473706  0.719983 -0.507176    -1.340206
 0.237595  0.659014  0.713617    -0.046858
 0.848028  0.217542 -0.483243    -1.227714
>../../../../class2/thr//data/domains/Catalytic_domain/structures/ThrRS_AF_Bact_Prochlorococcus_marinus_subsp_marinus_str_CCMP1375_gene54200406.pdb
 0.598210  0.233711 -0.766501    -0.636313
-0.232145 -0.864965 -0.444909     3.219326
-0.766977  0.444088 -0.463176     0.170254
>../../../../class2/thr//data/domains/Catalytic_domain/structures/ThrRS_AF_Bact_Streptobacillus_moniliformis_DSM_12112_gene29674242.pdb
-0.142975 -0.822310 -0.550786    -1.521613
 0.653152 -0.496508  0.571727     0.712320
-0.743606 -0.278004  0.608081     0.887722
>../../../../class2/thr//data/domains/Catalytic_domain/structures/ThrRS_AF_Euk_Arabidopsis_thaliana_gene832741.pdb
 0.635120 -0.269407 -0.723908     0.481414
 0.759449  0.388796  0.521609     0.574962
 0.140927 -0.881055  0.451532    -2.128212
>../../../../class2/thr//data/domains/Catalytic_domain/structures/ThrRS_AF_Euk_Cercospora_beticola_gene35433465.pdb
 1.000000 -0.000000  0.000000     0.000000
 0.000000  1.000000  0.000000     0.000000
-0.000000  0.000000  1.000000     0.000000
>../../../../class2/thr//data/domains/Catalytic_domain/structures/ThrRS_AF_Euk_Cryptococcus_gattii_WM276_gene10188143.pdb
 0.510903  0.040776 -0.858671     1.297891
 0.855163 -0.125905  0.502837     0.146167
-0.087607 -0.991204 -0.099196     0.507238
>../../../../class2/thr//data/domains/Catalytic_domain/structures/ThrRS_AF_Euk_Cyanidioschyzon_merolae_strain_10D_gene16997242.pdb
-0.312877  0.933787 -0.173634     0.460586
-0.462934 -0.309556 -0.830582     1.276904
-0.829337 -0.179489  0.529135     1.197414
>../../../../class2/thr//data/domains/Catalytic_domain/structures/ThrRS_AF_Mito_Cyanidioschyzon_merolae_strain_10D_gene16995590.pdb
-0.039878 -0.107820 -0.993370    -1.824579
 0.366178 -0.926574  0.085870     0.858578
-0.929690 -0.360326  0.076431     0.749522
>../../../../class2/thr//data/domains/Catalytic_domain/structures/ThrRS_AF_Mito_Oryza_sativa_Japonica_Group_gene4345200.pdb
-0.870137 -0.315461  0.378611     1.209367
-0.015645  0.785564  0.618583     0.889112
-0.492562  0.532328 -0.688483    -0.184132
>../../../../class2/thr//data/domains/Catalytic_domain/structures/ThrRS_PDB_Bact_E_coli_1evk.pdb
 0.832558  0.364328 -0.417268   -49.836476
-0.553938  0.547104 -0.627559    -4.081923
-0.000348  0.753620  0.657310   -56.515630
>../../../../class2/thr//data/domains/Catalytic_domain/structures/ThrRS_PDB_Bact_S_aureus_1nyr.pdb
-0.674278 -0.393941 -0.624628    58.031218
 0.114559  0.779794 -0.615465    -7.986547
 0.729538 -0.486551 -0.480668    38.573251
