>../../../../class2/ser1//data/domains/Catalytic_domain/structures/SerRS_AF_Arch_Candidatus_Methanomassiliicoccus_intestinalis_Issoire-Mx1_gene16154337.pdb
-0.340567 -0.916432  0.210160    -6.142312
-0.859444  0.394073  0.325672   -12.065007
-0.381274 -0.069707 -0.921830    10.769821
>../../../../class2/ser1//data/domains/Catalytic_domain/structures/SerRS_AF_Arch_Methanospirillum_hungatei_JF-1_gene3924775.pdb
-0.474151  0.873616  0.109432   -11.192623
-0.017119 -0.133416  0.990912   -11.348344
 0.880277  0.467969  0.078215     9.665686
>../../../../class2/ser1//data/domains/Catalytic_domain/structures/SerRS_AF_Arch_Nitrosopumilus_maritimus_SCM1_gene5773574.pdb
 0.658581  0.719487  0.220477    -7.609988
 0.041175  0.258095 -0.965242   -14.111708
-0.751383  0.644768  0.140351     6.029927
>../../../../class2/ser1//data/domains/Catalytic_domain/structures/SerRS_AF_Arch_Thermoproteus_uzoniensis_768-20_gene10361450.pdb
 0.911997  0.261434  0.316091    -4.883412
 0.138247  0.529604 -0.836904   -13.239698
-0.386198  0.806952  0.446854     6.051389
>../../../../class2/ser1//data/domains/Catalytic_domain/structures/SerRS_AF_Bact_Bifidobacterium_longum_subsp_longum_JCM_1217_gene69578844.pdb
 0.445608 -0.072888  0.892256    -9.111394
-0.801688 -0.476049  0.361488    -9.552235
 0.398410 -0.876393 -0.270565    12.004460
>../../../../class2/ser1//data/domains/Catalytic_domain/structures/SerRS_AF_Bact_Brucella_suis_1330_gene45051948.pdb
 0.942079 -0.156829  0.296467    -9.614379
 0.334203  0.513318 -0.790451   -13.448178
-0.028216  0.843747  0.535999     8.809794
>../../../../class2/ser1//data/domains/Catalytic_domain/structures/SerRS_AF_Bact_Chlamydia_psittaci_6BC_gene12242544.pdb
-0.918270  0.230988 -0.321596    -8.124148
-0.181929  0.475262  0.860830   -12.289375
 0.351684  0.848982 -0.394395     8.410071
>../../../../class2/ser1//data/domains/Catalytic_domain/structures/SerRS_AF_Bact_Clostridium_acetobutylicum_DSM_1731_gene44996495.pdb
 0.790185  0.601450  0.117751   -12.067448
 0.019628  0.167197 -0.985728   -11.975313
-0.612554  0.781219  0.120311     9.196624
>../../../../class2/ser1//data/domains/Catalytic_domain/structures/SerRS_AF_Bact_Mycoplasma_hyopneumoniae_168-L_gene57101125.pdb
-0.826766  0.550019 -0.118052    -8.379366
-0.126990  0.021956  0.991661   -12.649989
 0.548025  0.834863  0.051694    11.063799
>../../../../class2/ser1//data/domains/Catalytic_domain/structures/SerRS_AF_Bact_Prochlorococcus_marinus_subsp_marinus_str_CCMP1375_gene54200639.pdb
 0.901800 -0.354859  0.246640    -3.960422
 0.431506  0.770597 -0.469023   -12.367440
-0.023623  0.529392  0.848048    11.722015
>../../../../class2/ser1//data/domains/Catalytic_domain/structures/SerRS_AF_Bact_Streptobacillus_moniliformis_DSM_12112_gene29673293.pdb
 0.953345 -0.012067  0.301641   -10.377031
 0.264208  0.516723 -0.814366   -12.971740
-0.146037  0.856068  0.495804     8.384510
>../../../../class2/ser1//data/domains/Catalytic_domain/structures/SerRS_AF_Bact_Treponema_pallidum_subsp_pertenue_str_SamoaD_gene57879171.pdb
-0.627880  0.778227  0.011352   -10.102651
 0.059438  0.033403  0.997673   -12.109152
 0.776037  0.627094 -0.067229     8.317293
>../../../../class2/ser1//data/domains/Catalytic_domain/structures/SerRS_AF_Euk_Cyanidioschyzon_merolae_strain_10D_gene16995416.pdb
 0.070421  0.830302  0.552847   -11.080822
-0.210717 -0.529334  0.821830   -10.361572
 0.975007 -0.174369  0.137683     9.847681
>../../../../class2/ser1//data/domains/Catalytic_domain/structures/SerRS_AF_Euk_Thunnus_albacares_gene122982782.pdb
 0.487896  0.017980  0.872716    -9.947835
-0.729167 -0.541226  0.418795   -11.399931
 0.479867 -0.840685 -0.250952    13.006935
>../../../../class2/ser1//data/domains/Catalytic_domain/structures/SerRS_AF_Euk_Trichomonas_vaginalis_G3_gene4762654.pdb
-0.663554  0.620452 -0.418013    -8.956938
-0.421396  0.151704  0.894098   -11.180386
 0.618159  0.769432  0.160792    10.330171
>../../../../class2/ser1//data/domains/Catalytic_domain/structures/SerRS_AF_Euk_Vitis_vinifera_gene100261399.pdb
 0.401389  0.366103  0.839557   -10.264193
-0.574020 -0.613731  0.542065   -10.127238
 0.713714 -0.699502 -0.036195    11.308904
>../../../../class2/ser1//data/domains/Catalytic_domain/structures/SerRS_AF_Mito_Cervus_elaphus_gene122688911.pdb
 0.872182 -0.447250  0.198156    -2.517559
 0.482076  0.717053 -0.503425   -12.468132
 0.083069  0.534605  0.841010    12.655902
>../../../../class2/ser1//data/domains/Catalytic_domain/structures/SerRS_AF_Mito_Drechmeria_coniospora_gene63718051.pdb
-0.895771  0.279042 -0.346021    -8.155871
-0.295453  0.207844  0.932474   -12.692725
 0.332118  0.937516 -0.103737    12.236534
>../../../../class2/ser1//data/domains/Catalytic_domain/structures/SerRS_PDB_Bact_K_pneumoniae_6h9x.pdb
-0.532334 -0.181797  0.826783   -13.113466
 0.274190  0.886990  0.371576    22.790620
-0.800899  0.424498 -0.422328    11.459929
>../../../../class2/ser1//data/domains/Catalytic_domain/structures/SerRS_PDB_Bact_T_thermophilus_1ser.pdb
-0.977634 -0.176653  0.114126   119.393551
 0.020360 -0.619599 -0.784654    59.248042
 0.209324 -0.764782  0.609338     0.888000
>../../../../class2/ser1//data/domains/Catalytic_domain/structures/SerRS_PDB_Mito_B_taurus_1wle.pdb
-0.815473  0.027327 -0.578150    91.002280
-0.127322 -0.982886  0.133129    23.557582
-0.564617  0.182174  0.804997   -12.763329
>../../../../class2/thr//data/domains/Catalytic_domain/structures/ThrRS_AF_Arch_Candidatus_Methanomethylophilus_alvus_Mx1201_gene15140074.pdb
 1.000000  0.000000  0.000000     0.000000
 0.000000  1.000000  0.000000     0.000000
 0.000000  0.000000  1.000000     0.000000
>../../../../class2/thr//data/domains/Catalytic_domain/structures/ThrRS_AF_Arch_Candidatus_Nitrosopumilus_koreensis_AR1_gene13725077.pdb
-0.870727  0.339133 -0.356124    -8.146698
-0.364653  0.040614  0.930257    -0.715291
 0.329944  0.939861  0.088302     3.978017
>../../../../class2/thr//data/domains/Catalytic_domain/structures/ThrRS_AF_Arch_Pyrococcus_furiosus_DSM_3638_gene1469226.pdb
-0.828643  0.076610 -0.554511    -6.531299
-0.532865  0.195503  0.823306    -2.177252
 0.171482  0.977706 -0.121180     4.269115
>../../../../class2/thr//data/domains/Catalytic_domain/structures/ThrRS_AF_Arch_Sulfolobus_islandicus_M164_gene7940156.pdb
 0.330253  0.924573 -0.189995    -0.964458
 0.201827 -0.265804 -0.942663     3.945158
-0.922062  0.272972 -0.274386     5.562504
>../../../../class2/thr//data/domains/Catalytic_domain/structures/ThrRS_AF_Bact_Bifidobacterium_longum_subsp_longum_JCM_1217_gene69578309.pdb
-0.360449 -0.412654 -0.836536    -0.589608
-0.336594 -0.778856  0.529233    -3.850125
-0.869931  0.472335  0.141841    -1.823808
>../../../../class2/thr//data/domains/Catalytic_domain/structures/ThrRS_AF_Bact_Brachyspira_pilosicoli_95_1000_gene56439092.pdb
-0.199603  0.415843 -0.887261     1.141495
 0.514600 -0.726078 -0.456067    -1.360567
-0.833874 -0.547617 -0.069066    -2.210060
>../../../../class2/thr//data/domains/Catalytic_domain/structures/ThrRS_AF_Bact_Brucella_abortus_2308_gene3787745.pdb
 0.124020  0.035118  0.991658     0.868903
-0.032939 -0.998677  0.039486    -2.008610
 0.991733 -0.037561 -0.122700    -2.291030
>../../../../class2/thr//data/domains/Catalytic_domain/structures/ThrRS_AF_Bact_Lactobacillus_acidophilus_La-14_gene56943112.pdb
-0.970975 -0.234207  0.048534     0.062386
-0.210446  0.932978  0.292002    -4.626151
-0.113670  0.273313 -0.955185    -5.749336
>../../../../class2/thr//data/domains/Catalytic_domain/structures/ThrRS_AF_Bact_Mycoplasma_hyopneumoniae_168-L_gene57101460.pdb
 0.832195 -0.535985  0.142031     0.663315
 0.554002  0.814403 -0.172709    -1.057512
-0.023101  0.222413  0.974679     1.459846
>../../../../class2/thr//data/domains/Catalytic_domain/structures/ThrRS_AF_Bact_Porphyromonas_gingivalis_ATCC_33277_gene29256174.pdb
 0.020622 -0.229953 -0.972983    -0.096476
 0.848815 -0.510206  0.138572    -3.851708
-0.528287 -0.828741  0.184666    -0.775156
>../../../../class2/thr//data/domains/Catalytic_domain/structures/ThrRS_AF_Bact_Prochlorococcus_marinus_subsp_marinus_str_CCMP1375_gene54200406.pdb
 0.049359  0.995852 -0.076431    -1.939005
-0.910859  0.076276  0.405609    -3.720509
 0.409756  0.049597  0.910846    -3.781277
>../../../../class2/thr//data/domains/Catalytic_domain/structures/ThrRS_AF_Bact_Streptobacillus_moniliformis_DSM_12112_gene29674242.pdb
-0.920654  0.030928 -0.389153     0.185640
-0.307868  0.555403  0.772493    -2.505585
 0.240028  0.831006 -0.501812    -2.558856
>../../../../class2/thr//data/domains/Catalytic_domain/structures/ThrRS_AF_Euk_Arabidopsis_thaliana_gene832741.pdb
-0.373610 -0.797275 -0.474097    -0.465358
-0.482979 -0.269155  0.833239    -5.799428
-0.791926  0.540285 -0.284509    -1.254282
>../../../../class2/thr//data/domains/Catalytic_domain/structures/ThrRS_AF_Euk_Cercospora_beticola_gene35433465.pdb
 0.320996 -0.840206  0.437052     0.830490
-0.837240 -0.036033  0.545647    -4.198812
-0.442708 -0.541068 -0.715021    -2.238299
>../../../../class2/thr//data/domains/Catalytic_domain/structures/ThrRS_AF_Euk_Cryptococcus_gattii_WM276_gene10188143.pdb
-0.594845 -0.316164 -0.739053     1.344523
-0.504554 -0.568876  0.649466    -5.040486
-0.625767  0.759224  0.178871    -3.267957
>../../../../class2/thr//data/domains/Catalytic_domain/structures/ThrRS_AF_Euk_Cyanidioschyzon_merolae_strain_10D_gene16997242.pdb
-0.085242  0.479863  0.873192     0.509715
-0.168845 -0.870664  0.461991    -4.060255
 0.981950 -0.108053  0.155239    -3.891129
>../../../../class2/thr//data/domains/Catalytic_domain/structures/ThrRS_AF_Mito_Cyanidioschyzon_merolae_strain_10D_gene16995590.pdb
-0.724448  0.589552 -0.357215    -0.190625
-0.488337 -0.073186  0.869581    -2.298513
 0.486520  0.804408  0.340920    -2.483290
>../../../../class2/thr//data/domains/Catalytic_domain/structures/ThrRS_AF_Mito_Oryza_sativa_Japonica_Group_gene4345200.pdb
-0.481021 -0.528131 -0.699783     0.370784
 0.462968  0.524805 -0.714311    -5.397054
 0.744499 -0.667576 -0.007935    -3.124264
>../../../../class2/thr//data/domains/Catalytic_domain/structures/ThrRS_PDB_Bact_E_coli_1evk.pdb
 0.727901 -0.012150  0.685575   -36.429612
-0.682228  0.087411  0.725896     6.916313
-0.068747 -0.996098  0.055338    62.431455
>../../../../class2/thr//data/domains/Catalytic_domain/structures/ThrRS_PDB_Bact_S_aureus_1nyr.pdb
 0.011110 -0.993995  0.108859    42.884529
 0.956957  0.042144  0.287153   -32.089442
-0.290016  0.100984  0.951679   -51.073600
