>structures/PheRS-Aβ_AF_Arch_Candidatus_Nitrosopumilus_koreensis_AR1_gene13724457.pdb
 0.973763  0.226366  0.023309    -3.151195
-0.222185  0.967888 -0.117590     4.015886
-0.049179  0.109326  0.992789     1.884915
>structures/PheRS-Aβ_AF_Arch_Halalkalicoccus_jeotgali_B3_gene9420006.pdb
-0.172658  0.081207 -0.981629    -1.534948
-0.166118 -0.984721 -0.052244     6.020047
-0.970873  0.154045  0.183510     1.055805
>structures/PheRS-Aβ_AF_Arch_Sulfolobus_islandicus_YG5714_gene7807969.pdb
 0.967277  0.217789 -0.130166    -2.931881
-0.245140  0.934508 -0.258072    -0.100227
 0.065436  0.281536  0.957317     0.591367
>structures/PheRS-Aβ_AF_Arch_Thermoplasma_volcanium_GSS1_gene1441711.pdb
-0.250462 -0.611134  0.750855    -1.183373
-0.666906 -0.453296 -0.591404     5.242454
 0.701787 -0.648874 -0.294036     4.086347
>structures/PheRS-Aβ_AF_Euk_Astyanax_mexicanus_gene103044481.pdb
-0.923701 -0.373362  0.085893    -8.370630
-0.378528  0.854825 -0.354952    -0.285898
 0.059102 -0.360383 -0.930930    -3.220718
>structures/PheRS-Aβ_AF_Euk_Drosophila_melanogaster_gene42888.pdb
 0.610906  0.509786 -0.605733    -5.821931
-0.485659 -0.362928 -0.795248     0.299185
-0.625244  0.780001  0.025867    -4.506533
>structures/PheRS-Aβ_AF_Euk_Plasmodium_falciparum_3D7_gene810604.pdb
 1.000000  0.000000  0.000000     0.000000
 0.000000  1.000000  0.000000     0.000000
 0.000000  0.000000  1.000000     0.000000
>structures/PheRS-Aβ_AF_Euk_Saccharomyces_cerevisiae_S288C_gene850749.pdb
 0.209763 -0.632914 -0.745265    -0.253457
 0.571683 -0.538967  0.618622     4.814911
-0.793208 -0.555819  0.248771     1.310175
>structures/PheRS-Aβ_PDB_Euk.B_H_sapiens_3L4G.pdb
-0.076497  0.299309 -0.951085   -13.538062
 0.809428  0.575637  0.116052   -92.899669
 0.582215 -0.760957 -0.286303    46.982313
