>structures/LysRS-II_AF_Arch_Aciduliprofundum_boonei_T469_gene8827564.pdb
 0.379324  0.698138 -0.607220    -7.472678
-0.766717 -0.130192 -0.628645     5.576162
-0.517936  0.704026  0.485890    -3.052154
>structures/LysRS-II_AF_Arch_Archaeoglobus_sulfaticallidus_PM70-1_gene15393615.pdb
 0.958695  0.277692 -0.061578    -3.389624
-0.284158  0.944641 -0.164037     0.671098
 0.012617  0.174760  0.984530    -0.229308
>structures/LysRS-II_AF_Arch_Candidatus_Woesearchaeota_archaeon_proteinMBS3172198.1.pdb
 0.835788 -0.495359 -0.236807    -4.525100
 0.549050  0.755283  0.357900     0.877591
 0.001567 -0.429147  0.903233    -2.432669
>structures/LysRS-II_AF_Arch_Thermogladius_calderae_1633_gene13013549.pdb
 0.051191  0.511069 -0.858014    -5.459596
-0.490149 -0.735691 -0.467453     5.580118
-0.870134  0.444484  0.212840    -3.677063
>structures/LysRS-II_AF_Bact_Chlamydia_muridarum_str_Nigg_gene1245697.pdb
-0.047906  0.503775 -0.862506    -5.446993
-0.516041 -0.751814 -0.410459     6.074916
-0.855223  0.425425  0.295985    -1.084729
>structures/LysRS-II_AF_Bact_Cupriavidus_taiwanensis_LMG_19424_gene29762375.pdb
 0.981771  0.188112 -0.027199     0.089823
-0.189919  0.976575 -0.101157    -0.279300
 0.007533  0.104479  0.994499    -0.404261
>structures/LysRS-II_AF_Bact_Leuconostoc_gelidum_JB7_gene61037106.pdb
 0.941667  0.330203  0.065025    -3.050933
-0.326827  0.943340 -0.057393     4.078207
-0.080292  0.032793  0.996232    -3.396023
>structures/LysRS-II_AF_Bact_Mycobacterium_intracellulare_ATCC_13950_gene11907187.pdb
 0.921117  0.389256  0.004764    -0.738670
-0.370833  0.881114 -0.293464    -0.908486
-0.118431  0.268548  0.955958    -1.036254
>structures/LysRS-II_AF_Bact_Mycoplasma_hyopneumoniae_168-L_gene57101062.pdb
 0.940079  0.340852 -0.008515    -5.112263
-0.340919  0.939300 -0.038607     4.782412
-0.005161  0.039197  0.999218    -4.979961
>structures/LysRS-II_AF_Bact_Porphyromonas_gingivalis_ATCC_33277_gene29256363.pdb
 0.381313  0.819353 -0.428090    -8.378270
-0.624848 -0.112842 -0.772549     5.673402
-0.681296  0.562075  0.468943    -3.408613
>structures/LysRS-II_AF_Bact_Prochlorococcus_marinus_subsp_marinus_str_CCMP1375_gene54201108.pdb
 0.887180  0.458651  0.050515    -3.606152
-0.428909  0.860075 -0.276241     4.445379
-0.170145  0.223409  0.959760    -3.376008
>structures/LysRS-II_AF_Bact_Streptobacillus_moniliformis_DSM_12112_gene29673899.pdb
 0.829796  0.551653 -0.084360    -1.521203
-0.515756  0.700335 -0.493484    -1.969624
-0.213152  0.453000  0.865654    -2.898020
>structures/LysRS-II_AF_Euk_Ostreococcus_tauri_gene9837657.pdb
 0.989023  0.146776 -0.017011    -1.501597
-0.147754  0.981509 -0.121694    -1.075046
-0.001165  0.122872  0.992422    -0.036325
>structures/LysRS-II_AF_Euk_Solanum_lycopersicum_gene778357.pdb
-0.514388 -0.689440  0.509978    -2.410199
-0.771986  0.113327 -0.625456     3.644068
 0.373420 -0.715423 -0.590532    -1.689878
>structures/LysRS-II_AF_Euk_Theileria_annulata_gene3864794.pdb
-0.836750 -0.530477  0.135809     0.853638
-0.535279  0.740107 -0.407084     0.237311
 0.115435 -0.413323 -0.903238    -2.894494
>structures/LysRS-II_AF_Euk_Zootoca_vivipara_gene118086243.pdb
 0.663772 -0.582510 -0.469137    -2.156587
 0.713929  0.306475  0.629586     6.773591
-0.222961 -0.752832  0.619300    -1.676866
>structures/LysRS-II_AF_Mito_Malus_domestica_gene103446975.pdb
 0.999999  0.000413  0.001424     0.105183
-0.000420  0.999988  0.004861     0.148784
-0.001422 -0.004862  0.999987     0.149830
>structures/LysRS-II_AF_Mito_Scheffersomyces_stipitis_CBS_6054_gene4837999.pdb
 0.981184  0.184921  0.055522     0.543776
-0.185248  0.982692  0.000749     0.408975
-0.054422 -0.011020  0.998457    -0.047101
>structures/LysRS-II_PDB_Bact_G_stearothermophilus_3E9H.pdb
 0.389260  0.258680 -0.884060    18.942207
 0.717983  0.516034  0.467129   -10.442167
 0.577042 -0.816574  0.015143  -108.807022
