>../../../../class1/cys//data/domains/Catalytic_domain/structures/CysRS_AF_Arch_Aciduliprofundum_boonei_T469_gene8827372.pdb
-0.764301 -0.627798  0.147360    -6.924819
-0.643432  0.757631 -0.109506    -2.379851
-0.042897 -0.178511 -0.983002    -4.490936
>../../../../class1/cys//data/domains/Catalytic_domain/structures/CysRS_AF_Arch_Candidatus_Nitrosopumilus_sediminis_gene13696907.pdb
-0.653281 -0.622711  0.430645    -0.411089
-0.756575  0.558414 -0.340248     1.399678
-0.028602 -0.548092 -0.835929    -1.933597
>../../../../class1/cys//data/domains/Catalytic_domain/structures/CysRS_AF_Arch_Methanospirillum_hungatei_JF-1_gene3922979.pdb
 0.055505  0.054567  0.996966    -8.915198
 0.070134 -0.996252  0.050624     1.497309
 0.995992  0.067112 -0.059124    -0.922222
>../../../../class1/cys//data/domains/Catalytic_domain/structures/CysRS_AF_Arch_Pyrobaculum_ferrireducens_gene11593896.pdb
-0.243030  0.345597  0.906366    -3.500870
 0.319184 -0.853855  0.411160     2.868700
 0.916001  0.389222  0.097203    -3.392415
>../../../../class1/cys//data/domains/Catalytic_domain/structures/CysRS_AF_Bact_Bordetella_avium_197N_gene41394405.pdb
-0.215401 -0.316324  0.923873    -3.845973
-0.136569 -0.927026 -0.349245     2.115276
 0.966929 -0.201400  0.156482    -2.314778
>../../../../class1/cys//data/domains/Catalytic_domain/structures/CysRS_AF_Bact_Lactobacillus_amylovorus_GRL1118_gene66523130.pdb
-0.053678  0.041399  0.997700    -5.048867
 0.076463 -0.996036  0.045444     2.423592
 0.995626  0.078726  0.050300    -3.294400
>../../../../class1/cys//data/domains/Catalytic_domain/structures/CysRS_AF_Bact_Mycobacterium_canettii_CIPT_140010059_gene45427568.pdb
 0.567767 -0.464976 -0.679292    -4.602517
 0.782711  0.049354  0.620425     0.919530
-0.254957 -0.883946  0.391964    -2.450914
>../../../../class1/cys//data/domains/Catalytic_domain/structures/CysRS_AF_Bact_Mycoplasma_hyopneumoniae_168-L_gene57101512.pdb
-0.171495  0.150694  0.973592    -5.587036
 0.271454 -0.942751  0.193736     1.699175
 0.947049  0.297510  0.120770    -0.993597
>../../../../class1/cys//data/domains/Catalytic_domain/structures/CysRS_AF_Bact_Porphyromonas_gingivalis_ATCC_33277_gene29256960.pdb
-0.579635 -0.759931  0.294157    -4.661309
-0.791900  0.440193 -0.423231    -3.361328
 0.192140 -0.478263 -0.856940    -1.890502
>../../../../class1/cys//data/domains/Catalytic_domain/structures/CysRS_AF_Bact_Prochlorococcus_marinus_subsp_marinus_str_CCMP1375_gene54200571.pdb
-0.586549  0.471749  0.658341    -6.008298
 0.572728 -0.333146  0.748997     0.712080
 0.572662  0.816374 -0.074777    -1.798445
>../../../../class1/cys//data/domains/Catalytic_domain/structures/CysRS_AF_Bact_Streptobacillus_moniliformis_DSM_12112_gene29673427.pdb
-0.948384 -0.317090  0.004678    -9.405305
-0.314175  0.941466  0.122210    -1.060391
-0.043156  0.114433 -0.992493    -5.860904
>../../../../class1/cys//data/domains/Catalytic_domain/structures/CysRS_AF_Bact_Treponema_pallidum_subsp_pertenue_str_SamoaD_gene57878631.pdb
-0.604638 -0.729872  0.318905    -7.037968
-0.794812  0.526829 -0.301207    -2.900231
 0.051834 -0.435590 -0.898651    -1.583778
>../../../../class1/cys//data/domains/Catalytic_domain/structures/CysRS_AF_Euk_Arabidopsis_thaliana_gene833874.pdb
-0.217426  0.017629  0.975918    -1.453100
 0.280031 -0.956679  0.079670     1.684815
 0.935045  0.290609  0.203070    -4.572502
>../../../../class1/cys//data/domains/Catalytic_domain/structures/CysRS_AF_Euk_Cyanidioschyzon_merolae_strain_10D_gene16993418.pdb
-0.750102  0.413164  0.516375     2.774308
 0.500652 -0.155383  0.851589     4.530388
 0.432082  0.897302 -0.090298    -7.999200
>../../../../class1/cys//data/domains/Catalytic_domain/structures/CysRS_AF_Euk_Drosophila_melanogaster_gene36784.pdb
-0.890193  0.411075  0.196403     1.131594
 0.381910  0.438284  0.813665    -0.813548
 0.248397  0.799327 -0.547151    -3.348835
>../../../../class1/cys//data/domains/Catalytic_domain/structures/CysRS_AF_Euk_Micromonas_commoda_gene8246535.pdb
 0.885235 -0.462795 -0.046683    -0.587273
 0.407964  0.724285  0.555857     1.682378
-0.223436 -0.511109  0.829966    -4.205809
>../../../../class1/cys//data/domains/Catalytic_domain/structures/CysRS_AF_Mito_Morone_saxatilis_gene118339815.pdb
-0.421918 -0.863950  0.274908    -5.577287
-0.823153  0.237944 -0.515560     4.415655
 0.380006 -0.443816 -0.811556    -3.897051
>../../../../class1/cys//data/domains/Catalytic_domain/structures/CysRS_AF_Mito_Saccharomyces_cerevisiae_S288C_gene855474.pdb
-0.715532 -0.653643 -0.246507    -0.130774
-0.564659  0.748917 -0.346819    -0.673609
 0.411309 -0.108968 -0.904959    -3.606691
>../../../../class1/cys//data/domains/Catalytic_domain/structures/CysRS_AF_Vir_Megavirus_chiliensis_gene11257271.pdb
 1.000000  0.000000  0.000000     0.000000
 0.000000  1.000000  0.000000     0.000000
 0.000000  0.000000  1.000000     0.000000
>../../../../class1/cys//data/domains/Catalytic_domain/structures/CysRS_PDB_Bact_E_coli_1LI5.pdb
 0.789509  0.563998  0.242038  -134.254741
-0.164907 -0.184921  0.968819   -21.772382
 0.591170 -0.804805 -0.052990    25.329261
>../../../../class1/cys//data/domains/Catalytic_domain/structures/CysRS_PDB_Bact_M_smegmatis_3C8Z.pdb
 0.747211  0.220709 -0.626868   -55.676562
-0.182070 -0.839174 -0.512481    -4.458412
-0.639160  0.497065 -0.586856    -2.369669
>../../../../class1/glu3//data/domains/Catalytic_domain/structures/GluRS-E_AF_Euk_Cyathus_striatus_proteinKAF9013924.1.pdb
 0.727705  0.358485 -0.584751     9.190407
-0.596202  0.752097 -0.280880    -8.549597
 0.339098  0.553028  0.761034     4.076923
>../../../../class1/glu3//data/domains/Catalytic_domain/structures/GluRS-E_AF_Euk_Lichtheimia_hyalospora_proteinKAI7879902.1.pdb
 0.915211  0.129591 -0.381570     5.727739
 0.113419  0.825766  0.552492    -5.019736
 0.386686 -0.548924  0.741051    -6.731506
>../../../../class1/glu3//data/domains/Catalytic_domain/structures/GluRS-E_AF_Euk_Medicago_truncatula_gene11407510.pdb
 0.867943  0.194540 -0.456978    10.838202
-0.230497  0.972785 -0.023662    -1.383220
 0.439938  0.125870  0.889163     3.146535
>../../../../class1/glu3//data/domains/Catalytic_domain/structures/GluRS-E_AF_Euk_Xylariaceae_sp_FL0804_proteinKAI0483267.1.pdb
-0.918326  0.001293  0.395824     2.388172
-0.005798  0.999843 -0.016718    -6.890707
-0.395784 -0.017648 -0.918174    -9.328313
>../../../../class1/glu3//data/domains/Catalytic_domain/structures/GluRS-E_PDB_Euk_Gallus_gallus_7WRU.pdb
-0.607673 -0.098315 -0.788078    81.061667
 0.754034 -0.382952 -0.533648    34.253766
-0.249330 -0.918522  0.306843   -41.313612
