>structures/PheRS-Aα_AF_Arch_Candidatus_Nitrosopumilus_koreensis_AR1_gene13724458.pdb
 0.418098  0.715566  0.559606    37.419682
 0.264035  0.493711 -0.828574    29.355361
-0.869183  0.494181  0.017485   -53.610438
>structures/PheRS-Aα_AF_Arch_Haloterrigena_turkmenica_DSM_5511_gene8744248.pdb
-0.480012 -0.827633  0.290881   -10.724057
-0.809595  0.290229 -0.510219    -2.312315
 0.337852 -0.480407 -0.809361    -1.323332
>structures/PheRS-Aα_AF_Arch_Thermoplasma_volcanium_GSS1_gene1441177.pdb
 0.438761  0.866697 -0.237330   -12.155018
-0.690437  0.156109 -0.706348    -3.306651
-0.575140  0.473779  0.666894    -3.620207
>structures/PheRS-Aα_AF_Arch_Thermosphaera_aggregans_DSM_11486_gene9165306.pdb
-0.978513  0.206172 -0.002275   -10.500391
 0.182881  0.872959  0.452214     5.055687
 0.095220  0.442082 -0.891906    -9.443810
>structures/PheRS-Aα_AF_Euk_Cyanidioschyzon_merolae_strain_10D_gene16993638.pdb
 1.000000  0.000000  0.000000     0.000000
 0.000000  1.000000  0.000000     0.000000
 0.000000  0.000000  1.000000     0.000000
>structures/PheRS-Aα_AF_Euk_Megalobrama_amblycephala_gene125266654.pdb
-0.105772  0.206280 -0.972760    -7.991355
 0.195378 -0.954868 -0.223730     5.201765
-0.975008 -0.213720  0.060696    -7.994764
>structures/PheRS-Aα_AF_Euk_Plasmodium_falciparum_3D7_gene813233.pdb
-0.324858  0.552587  0.767538    -3.801824
 0.565852 -0.536713  0.625900    10.556692
 0.757812  0.637642 -0.138327    -4.003632
>structures/PheRS-Aα_AF_Euk_Schizosaccharomyces_pombe_gene2543647.pdb
 0.018021 -0.507260  0.861605    -1.871548
-0.624387 -0.678761 -0.386553     1.741699
 0.780907 -0.531009 -0.328959    -1.073033
>structures/PheRS-Aα_PDB_Euk.B_H_sapiens_3L4G.C.pdb
-0.835765 -0.019207  0.548751    41.724555
-0.545574  0.141913 -0.825960   -25.693516
-0.062011 -0.989693 -0.129085   111.719169
