>../../../../class1/arg//data/domains/Catalytic_domain/structures/ArgRS_AF_Arch_Candidatus_Korarchaeum_cryptofilum_OPF8_gene6093502.pdb
 0.990451 -0.116915  0.073058    -0.445960
 0.112039  0.991400  0.067621    -1.960767
-0.080336 -0.058790  0.995033    -0.606877
>../../../../class1/arg//data/domains/Catalytic_domain/structures/ArgRS_AF_Arch_Candidatus_Nitrosopumilus_sediminis_gene13697696.pdb
 0.841338 -0.399016 -0.364604    -0.732967
 0.530728  0.737600  0.417461    -1.313058
 0.102358 -0.544732  0.832340     1.656701
>../../../../class1/arg//data/domains/Catalytic_domain/structures/ArgRS_AF_Arch_Desulfurococcus_mucosus_DSM_2162_gene10153309.pdb
 0.944208 -0.248114  0.216590     0.152261
 0.186247  0.944624  0.270182     3.561995
-0.271632 -0.214768  0.938131    -4.168360
>../../../../class1/arg//data/domains/Catalytic_domain/structures/ArgRS_AF_Arch_Methanothermococcus_okinawensis_IH1_gene10773248.pdb
 0.931450  0.220493  0.289455    -0.399741
-0.085637  0.905983 -0.414561    -0.486327
-0.353649  0.361355  0.862760     2.802390
>../../../../class1/arg//data/domains/Catalytic_domain/structures/ArgRS_AF_Bact_Anoxybacillus_flavithermus_WK1_gene7039015.pdb
 0.324612 -0.756703 -0.567475     0.346432
 0.892705  0.046834  0.448202    -2.990994
-0.312579 -0.652079  0.690715     3.758919
>../../../../class1/arg//data/domains/Catalytic_domain/structures/ArgRS_AF_Bact_Brachyspira_pilosicoli_95_1000_gene56439668.pdb
 0.803141  0.591128  0.074383    -4.043598
-0.540430  0.775370 -0.326707    -0.864955
-0.250800  0.222192  0.942194     3.027360
>../../../../class1/arg//data/domains/Catalytic_domain/structures/ArgRS_AF_Bact_Chlamydia_psittaci_6BC_gene12242456.pdb
 0.990603  0.135624  0.017678    -1.942150
-0.136457  0.988793  0.060559    -2.113048
-0.009267 -0.062402  0.998008     1.097679
>../../../../class1/arg//data/domains/Catalytic_domain/structures/ArgRS_AF_Bact_Corynebacterium_ulcerans_809_gene75260071.pdb
 0.883976  0.464869  0.049828    -3.381089
-0.439240  0.862266 -0.252121    -0.621205
-0.160168  0.200983  0.966412     2.374704
>../../../../class1/arg//data/domains/Catalytic_domain/structures/ArgRS_AF_Bact_Cupriavidus_taiwanensis_LMG_19424_gene29762022.pdb
 0.987656  0.134623  0.080077    -1.587233
-0.126901  0.987377 -0.094775     0.106605
-0.091825  0.083443  0.992273     2.411156
>../../../../class1/arg//data/domains/Catalytic_domain/structures/ArgRS_AF_Bact_Mycoplasma_hyopneumoniae_168-L_gene57100855.pdb
 1.000000  0.000000  0.000000     0.000000
 0.000000  1.000000  0.000000     0.000000
 0.000000  0.000000  1.000000     0.000000
>../../../../class1/arg//data/domains/Catalytic_domain/structures/ArgRS_AF_Bact_Prochlorococcus_marinus_subsp_marinus_str_CCMP1375_gene54199571.pdb
 0.202723 -0.487339 -0.849355    -1.413938
 0.795522 -0.423812  0.433046     3.626031
-0.571007 -0.763469  0.301772     1.981079
>../../../../class1/arg//data/domains/Catalytic_domain/structures/ArgRS_AF_Bact_Streptobacillus_moniliformis_DSM_12112_gene29674021.pdb
-0.047740 -0.799692  0.598510    -2.225255
-0.686140 -0.409197 -0.601474    -0.585213
 0.725902 -0.439376 -0.529165     2.788196
>../../../../class1/arg//data/domains/Catalytic_domain/structures/ArgRS_AF_Euk_Micromonas_commoda_gene8250062.pdb
-0.978270 -0.169358  0.119604    -0.532455
-0.179337  0.980673 -0.078226    -4.039093
-0.104045 -0.097976 -0.989735     2.041459
>../../../../class1/arg//data/domains/Catalytic_domain/structures/ArgRS_AF_Euk_Paulinella_chromatophora_gene6481434.pdb
 0.138061 -0.287613 -0.947744    -2.789887
 0.645513 -0.699617  0.306348     3.460674
-0.751167 -0.654075  0.089068    -0.701271
>../../../../class1/arg//data/domains/Catalytic_domain/structures/ArgRS_AF_Euk_Polyodon_spathula_gene121324634.pdb
 0.773913  0.624834 -0.103158     0.048641
-0.398117  0.353341 -0.846554    -8.340463
-0.492506  0.696228  0.522212    -0.059802
>../../../../class1/arg//data/domains/Catalytic_domain/structures/ArgRS_AF_Euk_Thalassiosira_pseudonana_CCMP1335_gene7449555.pdb
 0.028104 -0.562815  0.826105     2.787995
-0.619896 -0.658140 -0.427294    -3.703188
 0.784180 -0.500091 -0.367384     5.861197
>../../../../class1/arg//data/domains/Catalytic_domain/structures/ArgRS_AF_Mito_Caenorhabditis_elegans_gene174023.pdb
-0.005250 -0.070711 -0.997483     2.639489
 0.218858 -0.973395  0.067852     2.393766
-0.975743 -0.217951  0.020586    -0.667658
>../../../../class1/arg//data/domains/Catalytic_domain/structures/ArgRS_AF_Mito_Saccharomyces_cerevisiae_S288C_gene851942.pdb
-0.586148  0.574873  0.570922    -3.122644
 0.496814 -0.301611  0.813761    -2.415935
 0.640006  0.760626 -0.108816     3.245702
>../../../../class1/arg//data/domains/Catalytic_domain/structures/ArgRS_AF_Vir_Megavirus_chiliensis_gene11257368.pdb
-0.017392  0.101629  0.994670    -0.749734
-0.043062 -0.993974  0.100804    -0.179980
 0.998921 -0.041079  0.021663     7.196166
>../../../../class1/arg//data/domains/Catalytic_domain/structures/ArgRS_PDB_Arch_2ZUF.pdb
 0.333823  0.733160  0.592485   -24.077044
 0.522207  0.379440 -0.763758    11.567226
-0.784769  0.564359 -0.256195    26.940847
>../../../../class1/arg//data/domains/Catalytic_domain/structures/ArgRS_PDB_Bact_1IQ0.pdb
-0.889505 -0.313616  0.332304    29.088883
 0.064972 -0.806683 -0.587402    54.494946
 0.452283 -0.500906  0.737925    32.110937
>../../../../class1/arg//data/domains/Catalytic_domain/structures/ArgRS_PDB_Euk_S_cerevisiae_1BS2.pdb
-0.632091 -0.074282 -0.771325    14.915099
 0.605890 -0.667911 -0.432196    16.010271
-0.483072 -0.740525  0.467188    87.086580
>../../../../class1/leu2//data/domains/Catalytic_domain/structures/LeuRS-A_AF_Arch_Aciduliprofundum_boonei_T469_gene8828435.pdb
-0.349974 -0.511677 -0.784669     2.937813
 0.372615 -0.844563  0.384541     1.116276
-0.859463 -0.157800  0.486234   -10.051315
>../../../../class1/leu2//data/domains/Catalytic_domain/structures/LeuRS-A_AF_Arch_Candidatus_Korarchaeum_cryptofilum_OPF8_gene6093520.pdb
-0.592931  0.805237  0.005060    -0.685430
 0.688348  0.503580  0.522096    -1.783810
 0.417863  0.313050 -0.852872   -10.238149
>../../../../class1/leu2//data/domains/Catalytic_domain/structures/LeuRS-A_AF_Arch_Candidatus_Nitrosopumilus_koreensis_AR1_gene13725794.pdb
 0.923989  0.272851  0.267948     0.193802
-0.300780  0.951225  0.068574    -0.878759
-0.236169 -0.143955  0.960990    -8.825177
>../../../../class1/leu2//data/domains/Catalytic_domain/structures/LeuRS-A_AF_Arch_Methanobrevibacter_smithii_ATCC_35061_gene5216355.pdb
 0.945194  0.180373  0.272165    -0.231543
-0.234046  0.955498  0.179570     0.430826
-0.227664 -0.233428  0.945347    -8.995395
>../../../../class1/leu2//data/domains/Catalytic_domain/structures/LeuRS-A_AF_Euk_Arabidopsis_thaliana_gene837489.pdb
-0.158334 -0.987176 -0.020349    -0.762418
-0.709396  0.128068 -0.693077     1.181077
 0.686795 -0.095303 -0.720576   -11.109207
>../../../../class1/leu2//data/domains/Catalytic_domain/structures/LeuRS-A_AF_Euk_Drosophila_melanogaster_gene326262.pdb
 0.915178  0.200383  0.349710    -1.424468
-0.279241  0.940906  0.191628     1.546141
-0.290645 -0.273027  0.917051    -9.619388
>../../../../class1/leu2//data/domains/Catalytic_domain/structures/LeuRS-A_AF_Euk_Leishmania_major_strain_Friedlin_gene5650139.pdb
 0.889681  0.281209  0.359707     1.872427
-0.309464  0.950652  0.022218     0.346633
-0.335708 -0.131084  0.932801   -12.052515
>../../../../class1/leu2//data/domains/Catalytic_domain/structures/LeuRS-A_AF_Euk_Neurospora_crassa_OR74A_gene3879366.pdb
 0.953240  0.064601  0.295228     0.891464
-0.153558  0.944919  0.289046    -0.662348
-0.260294 -0.320864  0.910655   -10.561327
>../../../../class1/leu2//data/domains/Catalytic_domain/structures/LeuRS-A_PDB_Arch_P_hori_1WKB.pdb
-0.439235  0.550944  0.709601    39.418740
-0.897901 -0.294793 -0.326910   125.999452
 0.029076 -0.780742  0.624176    10.939638
