>structures/GlnRS_AF_Bact_Anaerostipes_hadrus_gene15230984.pdb
-0.976769  0.176670  0.121283     4.302568
 0.213813  0.841354  0.496394     3.050573
-0.014344  0.510794 -0.859584    -4.250436
>structures/GlnRS_AF_Bact_Cutibacterium_avidum_44067_gene29843447.pdb
-0.867287  0.377476  0.324537     4.796972
 0.451995  0.323940  0.831121     2.555746
 0.208598  0.867510 -0.451567    -4.429429
>structures/GlnRS_AF_Bact_Pasteurella_multocida_subsp_multocida_str_Pm70_gene1243875.pdb
-0.700175  0.394250  0.595250     4.256484
 0.713752  0.407187  0.569874     0.873405
-0.017705  0.823873 -0.566499    -5.336731
>structures/GlnRS_AF_Bact_Porphyromonas_gingivalis_ATCC_33277_gene29257033.pdb
-0.998336  0.004109  0.057527     3.680330
 0.014084  0.984627  0.174100     2.509794
-0.055927  0.174621 -0.983046    -4.070273
>structures/GlnRS_AF_Bact_Thermus_thermophilus_HB8_gene3168786.pdb
 0.901382 -0.354647 -0.248469     3.536455
 0.389600  0.413750  0.822814     3.090076
-0.189004 -0.838473  0.511117    -2.901360
>structures/GlnRS_AF_Euk_Candida_dubliniensis_CD36_gene8049124.pdb
-0.938442  0.036939  0.343455     2.663816
 0.262023  0.724022  0.638072     0.650126
-0.225100  0.688787 -0.689132    -0.991364
>structures/GlnRS_AF_Euk_Dictyostelium_discoideum_AX4_gene8627167.pdb
 1.000000  0.000000  0.000000     0.000000
 0.000000  1.000000  0.000000     0.000000
 0.000000  0.000000  1.000000     0.000000
>structures/GlnRS_AF_Euk_Encephalitozoon_romaleae_SJ-2008_gene20564565.pdb
 0.961429  0.078324 -0.263665     2.543025
 0.041605  0.906156  0.420893     0.536487
 0.271887 -0.415629  0.867946    -1.812933
>structures/GlnRS_AF_Euk_Myodes_glareolus_gene125393344.pdb
-0.310691 -0.024462  0.950196    -0.385025
-0.259183 -0.959606 -0.109451     0.647265
 0.914492 -0.280280  0.291801    -9.189807
>structures/GlnRS_AF_Mito_Cyanidioschyzon_merolae_strain_10D_gene16997184.pdb
 0.918935 -0.330458 -0.215306     4.630067
 0.385018  0.633182  0.671448     0.573150
-0.085557 -0.699914  0.709085     0.418216
>structures/GlnRS_Bact_D_radio_2HZ7.pdb
 0.622394 -0.714715 -0.319075    42.422403
-0.594524 -0.166543 -0.786642    81.182488
 0.509085  0.679298 -0.528570    -9.736074
>structures/GlnRS_Bact_E_coli_1QTQ.pdb
-0.215924 -0.837435  0.502075    19.262238
 0.957815 -0.281540 -0.057673   -31.203990
 0.189652  0.468441  0.862899   -31.930667
>structures/GlnRS_PDB_Euk_T_gondii_4P2B.pdb
 0.858916 -0.508577 -0.060106   -43.318751
 0.204936  0.448901 -0.869764     7.010084
 0.469323  0.734736  0.489794  -113.357367
