>../../../../class1/arg//data/domains/Catalytic_domain/structures/ArgRS_AF_Arch_Candidatus_Korarchaeum_cryptofilum_OPF8_gene6093502.pdb
 0.990451 -0.116915  0.073058    -0.445960
 0.112039  0.991400  0.067621    -1.960767
-0.080336 -0.058790  0.995033    -0.606877
>../../../../class1/arg//data/domains/Catalytic_domain/structures/ArgRS_AF_Arch_Candidatus_Nitrosopumilus_sediminis_gene13697696.pdb
 0.841338 -0.399016 -0.364604    -0.732967
 0.530728  0.737600  0.417461    -1.313058
 0.102358 -0.544732  0.832340     1.656701
>../../../../class1/arg//data/domains/Catalytic_domain/structures/ArgRS_AF_Arch_Desulfurococcus_mucosus_DSM_2162_gene10153309.pdb
 0.947432 -0.232650  0.219650     0.256817
 0.170449  0.947975  0.268869     3.713976
-0.270775 -0.217296  0.937797    -4.140445
>../../../../class1/arg//data/domains/Catalytic_domain/structures/ArgRS_AF_Arch_Methanothermococcus_okinawensis_IH1_gene10773248.pdb
 0.931450  0.220493  0.289455    -0.399741
-0.085637  0.905983 -0.414561    -0.486327
-0.353649  0.361355  0.862760     2.802390
>../../../../class1/arg//data/domains/Catalytic_domain/structures/ArgRS_AF_Bact_Anoxybacillus_flavithermus_WK1_gene7039015.pdb
 0.324612 -0.756703 -0.567475     0.346432
 0.892705  0.046834  0.448202    -2.990994
-0.312579 -0.652079  0.690715     3.758919
>../../../../class1/arg//data/domains/Catalytic_domain/structures/ArgRS_AF_Bact_Brachyspira_pilosicoli_95_1000_gene56439668.pdb
 0.803141  0.591128  0.074383    -4.043598
-0.540430  0.775370 -0.326707    -0.864955
-0.250800  0.222192  0.942194     3.027360
>../../../../class1/arg//data/domains/Catalytic_domain/structures/ArgRS_AF_Bact_Chlamydia_psittaci_6BC_gene12242456.pdb
 0.988248  0.151967  0.016490    -1.942680
-0.152638  0.986863  0.052953    -1.874318
-0.008226 -0.054848  0.998461     1.168066
>../../../../class1/arg//data/domains/Catalytic_domain/structures/ArgRS_AF_Bact_Corynebacterium_ulcerans_809_gene75260071.pdb
 0.883976  0.464869  0.049828    -3.381089
-0.439240  0.862266 -0.252121    -0.621205
-0.160168  0.200983  0.966412     2.374704
>../../../../class1/arg//data/domains/Catalytic_domain/structures/ArgRS_AF_Bact_Cupriavidus_taiwanensis_LMG_19424_gene29762022.pdb
 0.987656  0.134623  0.080077    -1.587233
-0.126901  0.987377 -0.094775     0.106605
-0.091825  0.083443  0.992273     2.411156
>../../../../class1/arg//data/domains/Catalytic_domain/structures/ArgRS_AF_Bact_Mycoplasma_hyopneumoniae_168-L_gene57100855.pdb
 1.000000  0.000000  0.000000     0.000000
 0.000000  1.000000  0.000000     0.000000
 0.000000  0.000000  1.000000     0.000000
>../../../../class1/arg//data/domains/Catalytic_domain/structures/ArgRS_AF_Bact_Prochlorococcus_marinus_subsp_marinus_str_CCMP1375_gene54199571.pdb
 0.202723 -0.487339 -0.849355    -1.413938
 0.795522 -0.423812  0.433046     3.626031
-0.571007 -0.763469  0.301772     1.981079
>../../../../class1/arg//data/domains/Catalytic_domain/structures/ArgRS_AF_Bact_Streptobacillus_moniliformis_DSM_12112_gene29674021.pdb
-0.047740 -0.799692  0.598510    -2.225255
-0.686140 -0.409197 -0.601474    -0.585213
 0.725902 -0.439376 -0.529165     2.788196
>../../../../class1/arg//data/domains/Catalytic_domain/structures/ArgRS_AF_Euk_Micromonas_commoda_gene8250062.pdb
-0.978270 -0.169358  0.119604    -0.532455
-0.179337  0.980673 -0.078226    -4.039093
-0.104045 -0.097976 -0.989735     2.041459
>../../../../class1/arg//data/domains/Catalytic_domain/structures/ArgRS_AF_Euk_Paulinella_chromatophora_gene6481434.pdb
 0.138061 -0.287613 -0.947744    -2.789887
 0.645513 -0.699617  0.306348     3.460674
-0.751167 -0.654075  0.089068    -0.701271
>../../../../class1/arg//data/domains/Catalytic_domain/structures/ArgRS_AF_Euk_Polyodon_spathula_gene121324634.pdb
 0.773913  0.624834 -0.103158     0.048641
-0.398117  0.353341 -0.846554    -8.340463
-0.492506  0.696228  0.522212    -0.059802
>../../../../class1/arg//data/domains/Catalytic_domain/structures/ArgRS_AF_Euk_Thalassiosira_pseudonana_CCMP1335_gene7449555.pdb
 0.028104 -0.562815  0.826105     2.787995
-0.619896 -0.658140 -0.427294    -3.703188
 0.784180 -0.500091 -0.367384     5.861197
>../../../../class1/arg//data/domains/Catalytic_domain/structures/ArgRS_AF_Mito_Caenorhabditis_elegans_gene174023.pdb
-0.005250 -0.070711 -0.997483     2.639489
 0.218858 -0.973395  0.067852     2.393766
-0.975743 -0.217951  0.020586    -0.667658
>../../../../class1/arg//data/domains/Catalytic_domain/structures/ArgRS_AF_Mito_Saccharomyces_cerevisiae_S288C_gene851942.pdb
-0.584742  0.577329  0.569885    -3.073577
 0.493049 -0.304928  0.814814    -2.456613
 0.644189  0.757437 -0.106347     3.350892
>../../../../class1/arg//data/domains/Catalytic_domain/structures/ArgRS_AF_Vir_Megavirus_chiliensis_gene11257368.pdb
-0.017392  0.101629  0.994670    -0.749734
-0.043062 -0.993974  0.100804    -0.179980
 0.998921 -0.041079  0.021663     7.196166
>../../../../class1/arg//data/domains/Catalytic_domain/structures/ArgRS_PDB_Arch_2ZUF.pdb
 0.333823  0.733160  0.592485   -24.077044
 0.522207  0.379440 -0.763758    11.567226
-0.784769  0.564359 -0.256195    26.940847
>../../../../class1/arg//data/domains/Catalytic_domain/structures/ArgRS_PDB_Bact_1IQ0.pdb
-0.889505 -0.313616  0.332304    29.088883
 0.064972 -0.806683 -0.587402    54.494946
 0.452283 -0.500906  0.737925    32.110937
>../../../../class1/arg//data/domains/Catalytic_domain/structures/ArgRS_PDB_Euk_S_cerevisiae_1BS2.pdb
-0.631899 -0.072021 -0.771698    14.712905
 0.607519 -0.664297 -0.435465    15.555132
-0.481274 -0.743991  0.463522    87.252662
>../../../../class1/met//data/domains/Catalytic_domain/structures/MetRS_AF_Arch_Aciduliprofundum_boonei_T469_gene8827030.pdb
 0.679132  0.676129  0.285709     2.586263
-0.663793  0.731865 -0.154116     5.538321
-0.313303 -0.084986  0.945843    -4.358663
>../../../../class1/met//data/domains/Catalytic_domain/structures/MetRS_AF_Arch_Candidatus_Korarchaeum_cryptofilum_OPF8_gene6093355.pdb
-0.335757 -0.418491 -0.843879     5.166274
 0.182243 -0.907820  0.377690     4.119226
-0.924151 -0.026979  0.381074    -1.618519
>../../../../class1/met//data/domains/Catalytic_domain/structures/MetRS_AF_Arch_Candidatus_Nitrosopumilus_sediminis_gene13696902.pdb
-0.558912 -0.815066 -0.152590     2.329823
-0.565600  0.509279 -0.648638     2.105326
 0.606394 -0.276227 -0.745644    -1.822576
>../../../../class1/met//data/domains/Catalytic_domain/structures/MetRS_AF_Arch_Halalkalicoccus_jeotgali_B3_gene9420443.pdb
 0.734436  0.542801  0.407394     2.740721
-0.539168  0.831225 -0.135509     1.836803
-0.412191 -0.120131  0.903143    -3.942420
>../../../../class1/met//data/domains/Catalytic_domain/structures/MetRS_AF_Bact_Bacillus_anthracis_str_Ames_Ancestor_gene45024892.pdb
-0.287958  0.838918  0.461841     3.441497
 0.618373 -0.205357  0.758580     2.414431
 0.731228  0.504029 -0.459630    -3.404862
>../../../../class1/met//data/domains/Catalytic_domain/structures/MetRS_AF_Bact_Brucella_suis_1330_gene45052047.pdb
-0.257766 -0.498588 -0.827627     3.010021
 0.290008 -0.857002  0.425961     1.424170
-0.921657 -0.130221  0.365500     0.072708
>../../../../class1/met//data/domains/Catalytic_domain/structures/MetRS_AF_Bact_Chlamydia_psittaci_6BC_gene12243105.pdb
 0.972045 -0.153283  0.177854     1.789821
 0.115058  0.971283  0.208257    -2.710514
-0.204669 -0.181971  0.961768    -1.225880
>../../../../class1/met//data/domains/Catalytic_domain/structures/MetRS_AF_Bact_Mycoplasma_hyopneumoniae_168-L_gene57101263.pdb
 0.955125  0.099786  0.278891     1.023737
-0.203723  0.904791  0.373966     0.005423
-0.215021 -0.414000  0.884517    -1.799307
>../../../../class1/met//data/domains/Catalytic_domain/structures/MetRS_AF_Bact_Nocardia_farcinica_IFM_10152_gene61135500.pdb
 0.192282 -0.865375 -0.462768     2.747613
 0.657715 -0.236337  0.715232     0.521160
-0.728312 -0.441896  0.523726     1.339681
>../../../../class1/met//data/domains/Catalytic_domain/structures/MetRS_AF_Bact_Prochlorococcus_marinus_subsp_marinus_str_CCMP1375_gene54200313.pdb
-0.915218 -0.224294 -0.334766     2.185939
-0.175845  0.969799 -0.169025     0.802229
 0.362566 -0.095828 -0.927018     0.038569
>../../../../class1/met//data/domains/Catalytic_domain/structures/MetRS_AF_Bact_Streptobacillus_moniliformis_DSM_12112_gene29673607.pdb
-0.035602 -0.119715  0.992170     0.234306
 0.335816 -0.936503 -0.100948     3.426793
 0.941255  0.329593  0.073543    -1.439647
>../../../../class1/met//data/domains/Catalytic_domain/structures/MetRS_AF_Bact_Treponema_denticola_ATCC_35405_gene2740824.pdb
-0.873399 -0.479761 -0.083691     4.701859
-0.341218  0.725454 -0.597734     2.468850
 0.347484 -0.493503 -0.797314     0.104867
>../../../../class1/met//data/domains/Catalytic_domain/structures/MetRS_AF_Euk_Drosophila_melanogaster_gene37177.pdb
 0.697001  0.711646 -0.088027    -2.039655
-0.669144  0.601371 -0.436576    -5.774288
-0.257750  0.363197  0.895351    -1.271731
>../../../../class1/met//data/domains/Catalytic_domain/structures/MetRS_AF_Euk_Oryza_sativa_Japonica_Group_gene4341140.pdb
 0.244197  0.937734 -0.247027    -1.449034
-0.822510  0.065358 -0.564983    -1.864507
-0.513659  0.341150  0.787255    -4.885405
>../../../../class1/met//data/domains/Catalytic_domain/structures/MetRS_AF_Euk_Scheffersomyces_stipitis_CBS_6054_gene4836672.pdb
-0.361429 -0.927703 -0.093473    -0.006438
-0.585238  0.303757 -0.751816     2.579245
 0.725855 -0.217024 -0.652714     6.592836
>../../../../class1/met//data/domains/Catalytic_domain/structures/MetRS_AF_Euk_Trypanosoma_brucei_brucei_TREU927_gene3662741.pdb
 0.193227 -0.012034  0.981080     0.521879
 0.252097 -0.965746 -0.061497     0.931237
 0.948214  0.259210 -0.183575     2.381263
>../../../../class1/met//data/domains/Catalytic_domain/structures/MetRS_AF_Mito_Arvicanthis_niloticus_gene117706247.pdb
 0.132110 -0.831894  0.538979    -0.405924
-0.282062 -0.552816 -0.784115     1.832738
 0.950257 -0.048436 -0.307678     0.481830
>../../../../class1/met//data/domains/Catalytic_domain/structures/MetRS_AF_Mito_Brachypodium_distachyon_gene100843706.pdb
 0.817117  0.496758  0.292492     0.806504
-0.536575  0.840870  0.070891     1.595016
-0.210732 -0.214870  0.953637    -1.187648
>../../../../class1/met//data/domains/Catalytic_domain/structures/MetRS_AF_Vir_Megavirus_chiliensis_gene11256705.pdb
-0.502325 -0.858824 -0.100457     3.613943
-0.565263  0.414075 -0.713456     2.369814
 0.654330 -0.301602 -0.693462    -3.123887
>../../../../class1/met//data/domains/Catalytic_domain/structures/MetRS_PDB_Arch_P_abyssi_1RQG.pdb
-0.036063  0.172056  0.984427   -93.680780
 0.354003 -0.918993  0.173588     2.991445
 0.934549  0.354751 -0.027767   -25.771035
>../../../../class1/met//data/domains/Catalytic_domain/structures/MetRS_PDB_Bact_E_coli_1PFV.pdb
 0.038892 -0.764454 -0.643504    28.775936
 0.887301 -0.269748  0.374075   -14.826063
-0.459547 -0.585531  0.667810   -14.550014
>../../../../class1/met//data/domains/Catalytic_domain/structures/MetRS_PDB_Bact_T_therm_1WOY.pdb
-0.609624 -0.785058  0.109739   -27.812127
 0.179530 -0.001898  0.983751  -122.736656
-0.772093  0.619419  0.142099    -5.311419
