>../../../../class1/ile//data/domains/Catalytic_domain/structures/IleRS_AF_Arch_Candidatus_Korarchaeum_cryptofilum_OPF8_gene6094904.pdb
-0.138693  0.096541  0.985619     1.679371
 0.613403 -0.772970  0.162029     4.023346
 0.777496  0.627054  0.047987    -2.888339
>../../../../class1/ile//data/domains/Catalytic_domain/structures/IleRS_AF_Arch_Candidatus_Nitrosopumilus_sediminis_gene13697091.pdb
 1.000000  0.000000  0.000000     0.000000
 0.000000  1.000000  0.000000     0.000000
 0.000000  0.000000  1.000000     0.000000
>../../../../class1/ile//data/domains/Catalytic_domain/structures/IleRS_AF_Arch_Pyrobaculum_aerophilum_str_IM2_gene1465853.pdb
 0.401206  0.659859 -0.635311    -2.125687
-0.843209 -0.004879 -0.537564     5.368466
-0.357816  0.751374  0.554441    -5.501048
>../../../../class1/ile//data/domains/Catalytic_domain/structures/IleRS_AF_Arch_Thermoplasma_acidophilum_DSM_1728_gene1456418.pdb
-0.777853  0.626529  0.049052     2.184759
 0.393447  0.424637  0.815404     2.632206
 0.490044  0.653564 -0.576811    -2.361868
>../../../../class1/ile//data/domains/Catalytic_domain/structures/IleRS_AF_Bact_Chlamydia_muridarum_str_Nigg_gene1246458.pdb
-0.556850 -0.693593  0.456998     1.821776
-0.652152  0.024345 -0.757697     5.470001
 0.514408 -0.719956 -0.465884     0.685555
>../../../../class1/ile//data/domains/Catalytic_domain/structures/IleRS_AF_Bact_Lactobacillus_acidophilus_La-14_gene56942445.pdb
 0.051235  0.558532 -0.827899    -0.208203
-0.725957 -0.548462 -0.414940     6.336840
-0.685829  0.622279  0.377369    -2.403763
>../../../../class1/ile//data/domains/Catalytic_domain/structures/IleRS_AF_Bact_Mycoplasma_hyopneumoniae_168-L_gene57100872.pdb
 0.019840  0.491156 -0.870846     1.512297
-0.721050 -0.596355 -0.352771     6.383122
-0.692599  0.634922  0.342317    -4.606936
>../../../../class1/ile//data/domains/Catalytic_domain/structures/IleRS_AF_Bact_Orientia_tsutsugamushi_str_Ikeda_gene66653313.pdb
 0.430281 -0.478394 -0.765505     2.445773
 0.713909 -0.338641  0.612909     3.261195
-0.552443 -0.810223  0.195819    -2.812695
>../../../../class1/ile//data/domains/Catalytic_domain/structures/IleRS_AF_Bact_Porphyromonas_gingivalis_ATCC_33277_gene29255747.pdb
 0.390836 -0.523815 -0.756879     4.365588
 0.675128 -0.395790  0.622537     2.749774
-0.625660 -0.754299  0.198953    -5.189841
>../../../../class1/ile//data/domains/Catalytic_domain/structures/IleRS_AF_Bact_Streptobacillus_moniliformis_DSM_12112_gene29674186.pdb
 0.060134  0.563432 -0.823971    -2.028039
-0.660212 -0.596670 -0.456185     3.233330
-0.748668  0.571428  0.336105    -7.394622
>../../../../class1/ile//data/domains/Catalytic_domain/structures/IleRS_AF_Bact_Thermus_thermophilus_HB8_gene3168241.pdb
-0.431095 -0.694266  0.576326     4.187143
-0.656239 -0.197134 -0.728347     4.483325
 0.619280 -0.692194 -0.370621    -1.220764
>../../../../class1/ile//data/domains/Catalytic_domain/structures/IleRS_AF_Bact_Treponema_pallidum_subsp_pertenue_str_SamoaD_gene57878975.pdb
 0.117465 -0.133569  0.984054     2.520163
-0.020922 -0.991027 -0.132018     4.715422
 0.992857 -0.005081 -0.119206    -1.518705
>../../../../class1/ile//data/domains/Catalytic_domain/structures/IleRS_AF_Euk_Cyanidioschyzon_merolae_strain_10D_gene16992835.pdb
-0.914143 -0.402103 -0.051538     1.441560
-0.374582  0.886429 -0.271905     5.061654
 0.155019 -0.229255 -0.960943    -2.647682
>../../../../class1/ile//data/domains/Catalytic_domain/structures/IleRS_AF_Euk_Ostreococcus_lucimarinus_CCE9901_gene5000489.pdb
 0.143949  0.136977  0.980059    -0.147753
 0.305807 -0.948056  0.087588     7.106316
 0.941149  0.287101 -0.178361     0.178323
>../../../../class1/ile//data/domains/Catalytic_domain/structures/IleRS_AF_Euk_Trypanosoma_brucei_brucei_TREU927_gene3663037.pdb
 0.041242  0.401302  0.915017     0.004638
 0.548358 -0.774639  0.315021     5.673328
 0.835226  0.488764 -0.252005    -1.789232
>../../../../class1/ile//data/domains/Catalytic_domain/structures/IleRS_AF_Euk_Ustilago_maydis_521_gene23568123.pdb
-0.135677  0.054375 -0.989260     2.630950
-0.386360 -0.922345  0.002292     7.073006
-0.912314  0.382522  0.146149    -3.974903
>../../../../class1/ile//data/domains/Catalytic_domain/structures/IleRS_AF_Mito_Drosophila_melanogaster_gene39762.pdb
 0.814159 -0.478980 -0.328212     4.051864
 0.502458  0.297891  0.811663     4.100851
-0.290999 -0.825736  0.483198    -6.362581
>../../../../class1/ile//data/domains/Catalytic_domain/structures/IleRS_AF_Mito_Homo_sapiens_gene55699.pdb
 0.009071  0.543359 -0.839451     1.065112
-0.748665 -0.552816 -0.365917     6.243197
-0.662886  0.631787  0.401780    -3.750826
>../../../../class1/ile//data/domains/Catalytic_domain/structures/IleRS_AF_Vir_Megavirus_chiliensis_gene11256744.pdb
 0.310966 -0.371519 -0.874799     2.993740
 0.574974 -0.659357  0.484410     3.381743
-0.756773 -0.653622  0.008577    -2.664576
>../../../../class1/ile//data/domains/Catalytic_domain/structures/IleRS_PDB_Bact_S_aureus_1QU2.pdb
-0.080659  0.106158 -0.991072    74.901425
-0.996644 -0.022512  0.078701    23.137271
-0.013956  0.994094  0.107618   -97.185999
>../../../../class1/ile//data/domains/Catalytic_domain/structures/IleRS_PDB_Bact_T_therm_1ILE.pdb
-0.219606 -0.370771  0.902387    24.118958
-0.732259 -0.548553 -0.403592   -26.632600
 0.644647 -0.749412 -0.151035     8.996484
>../../../../class1/ile//data/domains/Catalytic_domain/structures/IleRS_PDB_Euk_S_cere_7D5C.pdb
-0.033456 -0.985953  0.163640     2.885129
-0.406544  0.162998  0.898974   -29.343324
-0.913019 -0.036451 -0.406286    16.114874
>../../../../class1/leu2//data/domains/Catalytic_domain/structures/LeuRS-A_AF_Arch_Aciduliprofundum_boonei_T469_gene8828435.pdb
 0.339900  0.715124 -0.610791     3.630308
-0.924357  0.134360 -0.357086     4.321641
-0.173295  0.685963  0.706699    -5.943569
>../../../../class1/leu2//data/domains/Catalytic_domain/structures/LeuRS-A_AF_Arch_Candidatus_Korarchaeum_cryptofilum_OPF8_gene6093520.pdb
-0.763730 -0.591124  0.259399     6.081403
-0.506903  0.300354 -0.807983     3.937333
 0.399707 -0.748572 -0.529032    -1.961023
>../../../../class1/leu2//data/domains/Catalytic_domain/structures/LeuRS-A_AF_Arch_Candidatus_Nitrosopumilus_koreensis_AR1_gene13725794.pdb
 0.333075 -0.590701 -0.734938     4.579763
 0.571747 -0.493273  0.655581     4.471580
-0.749778 -0.638556  0.173435    -2.768962
>../../../../class1/leu2//data/domains/Catalytic_domain/structures/LeuRS-A_AF_Arch_Methanobrevibacter_smithii_ATCC_35061_gene5216355.pdb
 0.298048 -0.515320 -0.803500     3.627676
 0.514495 -0.622297  0.589951     3.610944
-0.804029 -0.589230  0.079655    -2.416614
>../../../../class1/leu2//data/domains/Catalytic_domain/structures/LeuRS-A_AF_Euk_Arabidopsis_thaliana_gene837489.pdb
-0.009811  0.044522  0.998960     5.357036
 0.731443 -0.680869  0.037529     1.331790
 0.681832  0.731051 -0.025885    -3.563313
>../../../../class1/leu2//data/domains/Catalytic_domain/structures/LeuRS-A_AF_Euk_Drosophila_melanogaster_gene326262.pdb
 0.361671 -0.471560 -0.804255     3.789965
 0.524308 -0.610432  0.593695     1.480510
-0.770905 -0.636400  0.026467    -2.737339
>../../../../class1/leu2//data/domains/Catalytic_domain/structures/LeuRS-A_AF_Euk_Leishmania_major_strain_Friedlin_gene5650139.pdb
 0.407117 -0.577544 -0.707601     6.246798
 0.510523 -0.498508  0.700611     2.994160
-0.757379 -0.646477  0.091898    -5.987165
>../../../../class1/leu2//data/domains/Catalytic_domain/structures/LeuRS-A_AF_Euk_Neurospora_crassa_OR74A_gene3879366.pdb
 0.235211 -0.435769 -0.868781     5.937292
 0.489487 -0.719120  0.493223     3.716559
-0.839690 -0.541268  0.044158    -4.195748
>../../../../class1/leu2//data/domains/Catalytic_domain/structures/LeuRS-A_PDB_Arch_P_hori_1WKB.pdb
 0.599065  0.761488 -0.247502   -97.301197
 0.346467  0.032147  0.937511   -42.682060
 0.721860 -0.647381 -0.244572   -76.110767
