>../../../../class1/lys//data/domains/Catalytic_domain/structures/LysRS-I_AF_Arch_Candidatus_Bathyarchaeota_archaeon_proteinRJS75864.1.pdb
 0.454267 -0.525580  0.719310    -0.019614
-0.137783 -0.839163 -0.526139     5.842157
 0.880146  0.139899 -0.453620    -5.446144
>../../../../class1/lys//data/domains/Catalytic_domain/structures/LysRS-I_AF_Arch_Candidatus_Nitrosopumilus_koreensis_AR1_gene13726042.pdb
-0.878770  0.362747 -0.310126    -0.884979
 0.311944  0.928382  0.201986     2.534088
 0.361186  0.080757 -0.928990    -2.521382
>../../../../class1/lys//data/domains/Catalytic_domain/structures/LysRS-I_AF_Arch_Ferroplasma_acidarmanus_Fer1_gene16025146.pdb
 0.347024 -0.603275  0.718076     3.677650
-0.150607 -0.791567 -0.592233     3.545102
 0.925685  0.097371 -0.365550    -3.386826
>../../../../class1/lys//data/domains/Catalytic_domain/structures/LysRS-I_AF_Arch_Halorubrum_lacusprofundi_ATCC_49239_gene7400505.pdb
 0.278264 -0.900132 -0.335158     1.761703
 0.545876 -0.138906  0.826271     7.386819
-0.790309 -0.412876  0.452708    -6.723278
>../../../../class1/lys//data/domains/Catalytic_domain/structures/LysRS-I_AF_Bact_Cereibacter_sphaeroides_KD131_gene67447319.pdb
-0.337182 -0.091888 -0.936944     1.072320
-0.028835 -0.993750  0.107836     0.983572
-0.940998  0.063377  0.332426    -6.269474
>../../../../class1/lys//data/domains/Catalytic_domain/structures/LysRS-I_AF_Bact_Cyanobacteria_bacterium_J007_proteinRMH73500.1.pdb
 0.536177  0.031905  0.843502    -0.462122
 0.225052 -0.968517 -0.106422     7.184339
 0.813551  0.246893 -0.526477    -5.569803
>../../../../class1/lys//data/domains/Catalytic_domain/structures/LysRS-I_AF_Bact_Streptomyces_albidoflavus_gene15147364.pdb
-0.779660  0.387026 -0.492282    -1.460801
 0.276892  0.918180  0.283330     4.381184
 0.561660  0.084592 -0.823032    -7.039393
>../../../../class1/lys//data/domains/Catalytic_domain/structures/LysRS-I_AF_Bact_Treponema_denticola_ATCC_35405_gene2739918.pdb
-0.733278  0.401894 -0.548439    -1.552697
 0.308085  0.915448  0.258918     4.326634
 0.606125  0.020893 -0.795095    -6.856238
>../../../../class1/lys//data/domains/Catalytic_domain/structures/LysRS-I_PDB_Arch_P_hori_1IRX.pdb
 0.577350 -0.589395 -0.565049    35.857346
 0.758264  0.643708  0.103327   -61.148785
 0.302826 -0.488112  0.818562   -59.523770
>../../../../class1/tyr//data/domains/Catalytic_domain/structures/TyrRS_AF_Arch_Candidatus_Korarchaeum_cryptofilum_OPF8_gene6094625.pdb
-0.110427 -0.148833 -0.982677     1.553937
 0.602605 -0.796285  0.052886     4.318413
-0.790362 -0.586327  0.177619    -0.613887
>../../../../class1/tyr//data/domains/Catalytic_domain/structures/TyrRS_AF_Arch_Desulfurococcus_amylolyticus_1221n_gene7171652.pdb
-0.220185  0.407877 -0.886090     1.069565
-0.156677 -0.911377 -0.380584     3.275585
-0.962793  0.055031  0.264576     0.367667
>../../../../class1/tyr//data/domains/Catalytic_domain/structures/TyrRS_AF_Arch_Methanothermococcus_okinawensis_IH1_gene10772133.pdb
 1.000000  0.000000  0.000000     0.000000
 0.000000  1.000000  0.000000     0.000000
 0.000000  0.000000  1.000000     0.000000
>../../../../class1/tyr//data/domains/Catalytic_domain/structures/TyrRS_AF_Arch_Thermoplasma_acidophilum_DSM_1728_gene1456112.pdb
 0.175392  0.421598  0.889659     1.496061
 0.616343 -0.751688  0.234706     8.696614
 0.767697  0.507169 -0.391689     2.595038
>../../../../class1/tyr//data/domains/Catalytic_domain/structures/TyrRS_AF_Bact_Bifidobacterium_animalis_subsp_lactis_BLC1_gene66533077.pdb
-0.377448  0.694928 -0.612052     0.886889
-0.101687 -0.688048 -0.718505     5.415458
-0.920431 -0.208961  0.330368    -5.774116
>../../../../class1/tyr//data/domains/Catalytic_domain/structures/TyrRS_AF_Bact_Brachyspira_pilosicoli_95_1000_gene56440491.pdb
 0.240474  0.051340  0.969297     4.948208
 0.086993 -0.995722  0.031157     5.833250
 0.966749  0.076830 -0.243912     2.153247
>../../../../class1/tyr//data/domains/Catalytic_domain/structures/TyrRS_AF_Bact_Chlamydia_psittaci_6BC_gene12242888.pdb
-0.254006  0.783531 -0.567063     1.405582
-0.263026 -0.620154 -0.739071     5.396580
-0.930751 -0.038577  0.363612    -0.513619
>../../../../class1/tyr//data/domains/Catalytic_domain/structures/TyrRS_AF_Bact_Lactococcus_lactis_subsp_cremoris_KW2_gene61108704.pdb
-0.231692  0.792301 -0.564428     2.401071
-0.228005 -0.608283 -0.760267     5.231279
-0.945691 -0.047456  0.321583    -5.417470
>../../../../class1/tyr//data/domains/Catalytic_domain/structures/TyrRS_AF_Bact_Porphyromonas_gingivalis_ATCC_33277_gene29255602.pdb
 0.120896  0.504875  0.854684     3.155639
 0.181411 -0.857737  0.481017     9.249405
 0.975948  0.096896 -0.195287    -1.406914
>../../../../class1/tyr//data/domains/Catalytic_domain/structures/TyrRS_AF_Bact_Prochlorococcus_marinus_subsp_marinus_str_CCMP1375_gene54200747.pdb
 0.645957  0.642326  0.412500     0.263697
-0.437800  0.754384 -0.489117     4.632987
-0.625357  0.135356  0.768510    -0.888230
>../../../../class1/tyr//data/domains/Catalytic_domain/structures/TyrRS_AF_Bact_Serratia_plymuthica_AS9_gene57666950.pdb
 0.787381  0.614199  0.052825     0.073230
-0.325189  0.486618 -0.810836     5.824655
-0.523721  0.621259  0.582884    -6.661868
>../../../../class1/tyr//data/domains/Catalytic_domain/structures/TyrRS_AF_Bact_Streptobacillus_moniliformis_DSM_12112_gene29673957.pdb
 0.584228  0.806144 -0.093857     1.953342
-0.430181  0.209527 -0.878090    -1.873477
-0.688202  0.553381  0.469199    -4.744639
>../../../../class1/tyr//data/domains/Catalytic_domain/structures/TyrRS_AF_Euk_Cryptococcus_neoformans_var_neoformans_JEC21_gene3254328.pdb
-0.091420  0.947224 -0.307261     0.378064
-0.467457 -0.313265 -0.826649     5.179992
-0.879276  0.068059  0.471425    -4.827793
>../../../../class1/tyr//data/domains/Catalytic_domain/structures/TyrRS_AF_Euk_Drosophila_melanogaster_gene39829.pdb
 0.852382 -0.323254  0.411037     8.199529
 0.269175 -0.402672 -0.874872     9.741338
 0.448319  0.856366 -0.256219     1.837125
>../../../../class1/tyr//data/domains/Catalytic_domain/structures/TyrRS_AF_Euk_Plasmodium_falciparum_3D7_gene2655248.pdb
 0.081373 -0.113106 -0.990245    -1.305392
 0.020948 -0.993126  0.115157     3.064626
-0.996464 -0.030115 -0.078445     0.280056
>../../../../class1/tyr//data/domains/Catalytic_domain/structures/TyrRS_AF_Euk_Seriola_dumerili_gene111223086.pdb
 0.805340 -0.581298 -0.116276     9.596893
 0.401400  0.679050 -0.614629     9.174950
 0.436240  0.448312  0.780199     3.577117
>../../../../class1/tyr//data/domains/Catalytic_domain/structures/TyrRS_AF_Mito_Aspergillus_fumigatus_Af293_gene3509181.pdb
-0.762574 -0.448727 -0.465966    -8.650271
 0.353631  0.313991 -0.881110     3.087804
 0.541687 -0.836692 -0.080758     4.273954
>../../../../class1/tyr//data/domains/Catalytic_domain/structures/TyrRS_AF_Mito_Cyanidioschyzon_merolae_strain_10D_gene16996209.pdb
-0.176584  0.957153 -0.229512    -0.354232
-0.387367 -0.281938 -0.877757     3.995714
-0.904856 -0.066093  0.420555    -4.337430
>../../../../class1/tyr//data/domains/Catalytic_domain/structures/TyrRS_AF_Vir_Megavirus_chiliensis_gene11257765.pdb
 0.861323 -0.467411 -0.199121    -3.752942
 0.436915  0.881471 -0.179206     0.415750
 0.259282  0.067355  0.963450     2.811237
>../../../../class1/tyr//data/domains/Catalytic_domain/structures/TyrRS_PDB_Arch_M_jannashii_1U7D.pdb
 0.828033 -0.189628  0.527638    -2.392479
-0.540416 -0.520638  0.660974    16.122843
 0.149369 -0.832452 -0.533584    49.322252
>../../../../class1/tyr//data/domains/Catalytic_domain/structures/TyrRS_PDB_E_coli_Bact_1WQ4.pdb
-0.880426  0.454598 -0.134875    26.680561
 0.394657  0.544824 -0.739873    26.515467
-0.262861 -0.704633 -0.659088    51.820425
>../../../../class1/tyr//data/domains/Catalytic_domain/structures/TyrRS_PDB_Vir_Acanthamoeba_polyphaga_mimivirus_2J5B.pdb
 0.263667  0.962863 -0.058091   -80.661797
 0.407801 -0.165841 -0.897884    37.003265
-0.874173  0.213052 -0.436383    52.497831
