>../../../../class2/lys//data/domains/Catalytic_domain/structures/LysRS-II_AF_Arch_Aciduliprofundum_boonei_T469_gene8827564.pdb
 0.580460  0.711835 -0.395420    -5.013504
-0.710924  0.206230 -0.672351     3.096305
-0.397055  0.671386  0.625769    -3.172619
>../../../../class2/lys//data/domains/Catalytic_domain/structures/LysRS-II_AF_Arch_Archaeoglobus_sulfaticallidus_PM70-1_gene15393615.pdb
 1.000000  0.000000  0.000000     0.000000
 0.000000  1.000000  0.000000     0.000000
 0.000000  0.000000  1.000000     0.000000
>../../../../class2/lys//data/domains/Catalytic_domain/structures/LysRS-II_AF_Arch_Candidatus_Woesearchaeota_archaeon_proteinMBS3172198.1.pdb
 0.691938 -0.670667 -0.267259    -1.688594
 0.705360  0.549087  0.448297     0.524880
-0.153910 -0.498708  0.852996    -1.875700
>../../../../class2/lys//data/domains/Catalytic_domain/structures/LysRS-II_AF_Arch_Thermogladius_calderae_1633_gene13013549.pdb
 0.160908  0.696417 -0.699366    -3.283630
-0.625616 -0.476086 -0.618018     4.196916
-0.763357  0.536978  0.359083    -3.715158
>../../../../class2/lys//data/domains/Catalytic_domain/structures/LysRS-II_AF_Bact_Chlamydia_muridarum_str_Nigg_gene1245697.pdb
 0.132349  0.669994 -0.730473    -4.671092
-0.657594 -0.492069 -0.570473     4.547581
-0.741657  0.555856  0.375459    -2.412543
>../../../../class2/lys//data/domains/Catalytic_domain/structures/LysRS-II_AF_Bact_Cupriavidus_taiwanensis_LMG_19424_gene29762375.pdb
 0.997572 -0.067039  0.018867     3.232579
 0.065585  0.995436  0.069318     0.530184
-0.023427 -0.067912  0.997416    -0.160475
>../../../../class2/lys//data/domains/Catalytic_domain/structures/LysRS-II_AF_Bact_Leuconostoc_gelidum_JB7_gene61037106.pdb
 0.993311  0.084438  0.078759    -1.290700
-0.097271  0.979443  0.176720     3.440971
-0.062218 -0.183198  0.981105    -3.368542
>../../../../class2/lys//data/domains/Catalytic_domain/structures/LysRS-II_AF_Bact_Mycobacterium_intracellulare_ATCC_13950_gene11907187.pdb
 0.992838  0.108517  0.049965     2.368186
-0.104877  0.991985 -0.070474    -0.349841
-0.057212  0.064729  0.996261    -0.554119
>../../../../class2/lys//data/domains/Catalytic_domain/structures/LysRS-II_AF_Bact_Mycoplasma_hyopneumoniae_168-L_gene57101062.pdb
 0.997187  0.074874  0.003453    -3.083917
-0.074211  0.979787  0.185771     3.380906
 0.010527 -0.185505  0.982587    -4.533000
>../../../../class2/lys//data/domains/Catalytic_domain/structures/LysRS-II_AF_Bact_Porphyromonas_gingivalis_ATCC_33277_gene29256363.pdb
 0.559198  0.805423 -0.196450    -6.366942
-0.609091  0.238387 -0.756426     2.625286
-0.562411  0.542647  0.623881    -3.685995
>../../../../class2/lys//data/domains/Catalytic_domain/structures/LysRS-II_AF_Bact_Prochlorococcus_marinus_subsp_marinus_str_CCMP1375_gene54201108.pdb
 0.954895  0.271960  0.119221    -2.324553
-0.266093  0.961890 -0.062948     4.110511
-0.131797  0.028385  0.990870    -3.403172
>../../../../class2/lys//data/domains/Catalytic_domain/structures/LysRS-II_AF_Bact_Streptobacillus_moniliformis_DSM_12112_gene29673899.pdb
 0.925003  0.376298  0.052618     1.732971
-0.341807  0.884587 -0.317292    -1.476850
-0.165942  0.275511  0.946867    -1.896822
>../../../../class2/lys//data/domains/Catalytic_domain/structures/LysRS-II_AF_Euk_Ostreococcus_tauri_gene9837657.pdb
 0.995469 -0.094394  0.011441     1.568613
 0.093093  0.992034  0.084861    -0.089513
-0.019360 -0.083411  0.996327     0.741499
>../../../../class2/lys//data/domains/Catalytic_domain/structures/LysRS-II_AF_Euk_Solanum_lycopersicum_gene778357.pdb
-0.288963 -0.684316  0.669487    -0.198321
-0.778242 -0.239355 -0.580560     3.726320
 0.557531 -0.688782 -0.463399    -1.490472
>../../../../class2/lys//data/domains/Catalytic_domain/structures/LysRS-II_AF_Euk_Theileria_annulata_gene3864794.pdb
-0.681304 -0.681686  0.266700     3.054918
-0.683398  0.461801 -0.565426     1.692233
 0.262281 -0.567489 -0.780490    -2.258879
>../../../../class2/lys//data/domains/Catalytic_domain/structures/LysRS-II_AF_Euk_Zootoca_vivipara_gene118086243.pdb
 0.454463 -0.640565 -0.618982    -0.685670
 0.794065 -0.023545  0.607377     6.715560
-0.403638 -0.767543  0.497950    -2.312280
>../../../../class2/lys//data/domains/Catalytic_domain/structures/LysRS-II_AF_Mito_Malus_domestica_gene103446975.pdb
 0.969939 -0.242294  0.022609     2.967794
 0.232888  0.951181  0.202529     1.290510
-0.070577 -0.191175  0.979015     0.564803
>../../../../class2/lys//data/domains/Catalytic_domain/structures/LysRS-II_AF_Mito_Scheffersomyces_stipitis_CBS_6054_gene4837999.pdb
 0.994247 -0.105085  0.020746     3.343613
 0.096568  0.963193  0.250867     1.755532
-0.046344 -0.247421  0.967799     0.624830
>../../../../class2/lys//data/domains/Catalytic_domain/structures/LysRS-II_PDB_Bact_G_stearothermophilus_3E9H.pdb
 0.139559  0.111327 -0.983936    27.345851
 0.906903  0.384569  0.172145   -26.593737
 0.397556 -0.916358 -0.047293  -104.378403
>../../../../class2/phe4//data/domains/Catalytic_domain/structures/PheRS-Aβ_AF_Arch_Candidatus_Nitrosopumilus_koreensis_AR1_gene13724457.pdb
 0.511950  0.288295 -0.809193   -29.569087
-0.378619  0.921293  0.088693    20.147232
 0.771074  0.260969  0.580810   -12.821068
>../../../../class2/phe4//data/domains/Catalytic_domain/structures/PheRS-Aβ_AF_Arch_Halalkalicoccus_jeotgali_B3_gene9420006.pdb
 0.636497 -0.338545 -0.693007   -27.574443
-0.340446 -0.929567  0.141423    21.974987
-0.692075  0.145916 -0.706923   -12.035018
>../../../../class2/phe4//data/domains/Catalytic_domain/structures/PheRS-Aβ_AF_Arch_Sulfolobus_islandicus_YG5714_gene7807969.pdb
 0.373649  0.145528 -0.916083   -29.269852
-0.347064  0.937812  0.007420    16.550737
 0.860193  0.315167  0.400920   -14.554903
>../../../../class2/phe4//data/domains/Catalytic_domain/structures/PheRS-Aβ_AF_Arch_Thermoplasma_volcanium_GSS1_gene1441711.pdb
-0.879840  0.102476  0.464090   -30.000492
-0.449543 -0.496352 -0.742662    21.882744
 0.154247 -0.862052  0.482777   -11.724225
>../../../../class2/phe4//data/domains/Catalytic_domain/structures/PheRS-Aβ_AF_Euk_Astyanax_mexicanus_gene103044481.pdb
-0.680632  0.302511  0.667254   -29.673207
-0.175684  0.816802 -0.549517    16.998836
-0.711249 -0.491245 -0.502795   -18.327327
>../../../../class2/phe4//data/domains/Catalytic_domain/structures/PheRS-Aβ_AF_Euk_Drosophila_melanogaster_gene42888.pdb
 0.705748 -0.400758 -0.584220   -26.971105
-0.702195 -0.286241 -0.651911    16.415841
 0.094031  0.870321 -0.483424   -16.888503
>../../../../class2/phe4//data/domains/Catalytic_domain/structures/PheRS-Aβ_AF_Euk_Plasmodium_falciparum_3D7_gene810604.pdb
 0.539463  0.267844 -0.798273   -27.374022
-0.147736  0.963459  0.223430    15.831640
 0.828947 -0.002599  0.559321   -11.328294
>../../../../class2/phe4//data/domains/Catalytic_domain/structures/PheRS-Aβ_AF_Euk_Saccharomyces_cerevisiae_S288C_gene850749.pdb
 0.889205 -0.090941 -0.448380   -27.078292
 0.352646 -0.488134  0.798352    21.230118
-0.291473 -0.868018 -0.401981    -8.561542
>../../../../class2/phe4//data/domains/Catalytic_domain/structures/PheRS-Aβ_PDB_Euk.B_H_sapiens_3L4G.pdb
-0.295380  0.910834 -0.288326   -95.164982
 0.906349  0.362594  0.216925   -63.234554
 0.302128 -0.197248 -0.932637     4.889365
