>../../../../class2/phe1//data/domains/Catalytic_domain/structures/PheRS-Bα_AF_Bact_Brachyspira_pilosicoli_95_1000_gene56440383.pdb
 0.376107 -0.781453  0.497870     0.471864
 0.060928 -0.515301 -0.854840    13.796317
 0.924571  0.351846 -0.146196     0.347685
>../../../../class2/phe1//data/domains/Catalytic_domain/structures/PheRS-Bα_AF_Bact_Chlamydia_psittaci_6BC_gene12243227.pdb
-0.353298 -0.893408 -0.277493     2.260274
-0.548683  0.438133 -0.712030    11.360869
 0.757712 -0.099303 -0.644990     2.160222
>../../../../class2/phe1//data/domains/Catalytic_domain/structures/PheRS-Bα_AF_Bact_Ferrimonas_balearica_DSM_9799_gene67181906.pdb
-0.130362 -0.227784 -0.964946     0.677233
 0.321679 -0.930319  0.176152     8.983213
-0.937832 -0.287439  0.194552     3.370799
>../../../../class2/phe1//data/domains/Catalytic_domain/structures/PheRS-Bα_AF_Bact_Mycobacterium_intracellulare_ATCC_13950_gene11909689.pdb
 0.394509  0.918823 -0.011257    -0.723871
-0.632384  0.262594 -0.728790     2.180115
-0.666673  0.294633  0.684645     5.071403
>../../../../class2/phe1//data/domains/Catalytic_domain/structures/PheRS-Bα_AF_Bact_Mycoplasma_capricolum_subsp_capricolum_ATCC_27343_gene23778662.pdb
-0.133366 -0.569931 -0.810797    -0.766253
 0.570092 -0.713320  0.407639    12.344567
-0.810684 -0.407864  0.420046     3.246418
>../../../../class2/phe1//data/domains/Catalytic_domain/structures/PheRS-Bα_AF_Bact_Porphyromonas_gingivalis_ATCC_33277_gene29256875.pdb
-0.138939 -0.966941  0.213826     1.494890
-0.110869 -0.199375 -0.973631    11.677605
 0.984075 -0.158982 -0.079502    -2.336600
>../../../../class2/phe1//data/domains/Catalytic_domain/structures/PheRS-Bα_AF_Bact_Prochlorococcus_marinus_subsp_marinus_str_CCMP1375_gene54200681.pdb
 0.878305 -0.433237  0.202203     0.625915
 0.402147  0.898179  0.177629     4.021308
-0.258570 -0.074697  0.963100     7.711749
>../../../../class2/phe1//data/domains/Catalytic_domain/structures/PheRS-Bα_AF_Bact_Staphylococcus_argenteus_gene66839332.pdb
 0.515536 -0.822851 -0.239037     4.350459
 0.775184  0.329004  0.539302    10.680181
-0.365121 -0.463327  0.807474     6.026705
>../../../../class2/phe1//data/domains/Catalytic_domain/structures/PheRS-Bα_PDB_Bact.A_E_coli_3PCO.pdb
 0.421880 -0.520571  0.742309   -32.590064
 0.825338  0.559396 -0.076772    36.222305
-0.375279  0.645045  0.665645   -48.503466
>../../../../class2/phe1//data/domains/Catalytic_domain/structures/PheRS-Bα_PDB_Bact.A_T_thermophilus_1PYS.pdb
 0.972319 -0.051025  0.228018   -15.021010
-0.219412 -0.534921  0.815915    32.856551
 0.080340 -0.843360 -0.531309    49.802197
>../../../../class2/pro1//data/domains/Catalytic_domain/structures/ProRS-A_AF_Arch_Candidatus_Nitrosopumilus_sediminis_gene13697692.pdb
-0.472978 -0.843851  0.253391    -4.739441
-0.766109  0.251844 -0.591313     4.109006
 0.435165 -0.473803 -0.765599    -3.017869
>../../../../class2/pro1//data/domains/Catalytic_domain/structures/ProRS-A_AF_Arch_Halogeometricum_borinquense_DSM_11551_gene9994169.pdb
 0.806807  0.590686 -0.012322    -4.656233
-0.525222  0.707527 -0.472808     4.206273
-0.270563  0.387937  0.881079    -2.241108
>../../../../class2/pro1//data/domains/Catalytic_domain/structures/ProRS-A_AF_Arch_Picrophilus_torridus_DSM_9790_gene2845069.pdb
 0.536465  0.831042 -0.146886    -2.695450
-0.631532  0.279872 -0.723076     5.062270
-0.559797  0.480668  0.674970    -2.463839
>../../../../class2/pro1//data/domains/Catalytic_domain/structures/ProRS-A_AF_Arch_Sulfurisphaera_tokodaii_str_7_gene1459472.pdb
-0.071320 -0.670718  0.738275    -4.080870
-0.542663 -0.594943 -0.592925     4.238531
 0.836917 -0.442922 -0.321543    -2.979560
>../../../../class2/pro1//data/domains/Catalytic_domain/structures/ProRS-A_AF_Bact_Bacillus_anthracis_str_Ames_Ancestor_gene45020455.pdb
 0.427490 -0.424178 -0.798327    -3.889793
 0.782547 -0.268515  0.561712     4.517127
-0.452629 -0.864854  0.217152    -2.421600
>../../../../class2/pro1//data/domains/Catalytic_domain/structures/ProRS-A_AF_Bact_Mycoplasma_hyopneumoniae_168-L_gene57101275.pdb
 0.995610  0.092230  0.015946    -4.838699
-0.093317  0.991315  0.092660     3.363893
-0.007261 -0.093741  0.995570    -4.421092
>../../../../class2/pro1//data/domains/Catalytic_domain/structures/ProRS-A_AF_Bact_Porphyromonas_gingivalis_ATCC_33277_gene29256199.pdb
 0.741251  0.671194  0.006731    -4.030694
-0.586379  0.652398 -0.480142     4.900322
-0.326659  0.351959  0.877165    -3.784621
>../../../../class2/pro1//data/domains/Catalytic_domain/structures/ProRS-A_AF_Bact_Thermus_thermophilus_HB8_gene3169620.pdb
 0.928493  0.366362  0.060653    -4.025416
-0.354323  0.922915 -0.150606     3.612089
-0.111153  0.118346  0.986732    -3.871789
>../../../../class2/pro1//data/domains/Catalytic_domain/structures/ProRS-A_AF_Euk_Cryptococcus_gattii_WM276_gene10188341.pdb
 0.922016  0.356309 -0.151428    -5.152505
-0.385279  0.882880 -0.268483     1.062517
 0.038030  0.305888  0.951308    -3.004567
>../../../../class2/pro1//data/domains/Catalytic_domain/structures/ProRS-A_AF_Euk_Ostreococcus_tauri_gene9837972.pdb
 1.000000  0.000000  0.000000     0.000000
 0.000000  1.000000  0.000000     0.000000
 0.000000  0.000000  1.000000     0.000000
>../../../../class2/pro1//data/domains/Catalytic_domain/structures/ProRS-A_AF_Euk_Plasmodium_yoelii_gene3807174.pdb
 0.263905 -0.709810 -0.653088    -5.788736
 0.703806 -0.321284  0.633588     6.769061
-0.659553 -0.626855  0.414780    -1.292016
>../../../../class2/pro1//data/domains/Catalytic_domain/structures/ProRS-A_AF_Euk_Scheffersomyces_stipitis_CBS_6054_gene4840393.pdb
 0.716951  0.654685 -0.239518    -4.893795
-0.625385  0.452209 -0.635925     0.007898
-0.308018  0.605718  0.733642    -5.729874
>../../../../class2/pro1//data/domains/Catalytic_domain/structures/ProRS-A_AF_Mito_Oryza_sativa_Japonica_Group_gene4342480.pdb
 0.967909  0.250031 -0.025236    -0.919339
-0.248893  0.939919 -0.233676    -0.957548
-0.034706  0.232458  0.971987    -1.102229
>../../../../class2/pro1//data/domains/Catalytic_domain/structures/ProRS-A_PDB_Arch_M_janacshii_1nj8.pdb
 0.700973  0.708861 -0.078448  -101.534359
 0.660825 -0.686934 -0.302377   -14.806507
-0.268232  0.160118 -0.949955    54.981729
