>structures/GlyRS-Bα_AF_Bact_Brachyspira_pilosicoli_95_1000_gene56440230.pdb
 1.000000  0.000000  0.000000    -0.000000
 0.000000  1.000000  0.000000    -0.000000
 0.000000  0.000000  1.000000     0.000000
>structures/GlyRS-Bα_AF_Bact_Chlamydia_pneumoniae_TW-183_gene45051002.pdb
-0.685602 -0.688147 -0.237495   -17.057689
 0.016958  0.311054 -0.950241     2.290917
 0.727780 -0.655514 -0.201590   -13.441077
>structures/GlyRS-Bα_AF_Bact_Lacticaseibacillus_paracasei_gene61269714.pdb
-0.054244  0.014984  0.998415    -0.314205
-0.226482 -0.974013  0.002313    -1.493603
 0.972504 -0.225998  0.056228     0.971667
>structures/GlyRS-Bα_AF_Bact_Prochlorococcus_marinus_subsp_marinus_str_CCMP1375_gene54200602.pdb
-0.109978  0.142149  0.983717    -0.018581
 0.561398 -0.807844  0.179499    -1.892786
 0.820205  0.571998  0.009043     0.996005
>structures/GlyRS-Bα_AF_Bact_Salmonella_enterica_subsp_enterica_serovar_Typhimurium_str_LT2_gene1255180.pdb
-0.636951  0.701670  0.319301    -1.327186
 0.588150  0.174545  0.789692    -2.638463
 0.498371  0.690792 -0.523863     0.020917
>structures/GlyRS-Bα_AF_Bact_Streptobacillus_moniliformis_DSM_12112_gene29673275.pdb
-0.049419 -0.070194  0.996308    -0.282477
 0.385564 -0.921544 -0.045802    -1.620715
 0.921357  0.381877  0.072606     0.543203
>structures/GlyRS-Bα_AF_Euk_Ostreococcus_tauri_gene9837276.pdb
-0.941108  0.335550 -0.041508   -15.728838
 0.307406  0.798062 -0.518265     3.062370
-0.140778 -0.500503 -0.854212   -12.198772
>structures/GlyRS-Bα_AF_Euk_Vulpes_lagopus_gene121489478.pdb
-0.841609  0.388344 -0.375343     3.265638
 0.515412  0.369841 -0.773025    -2.026180
-0.161382 -0.844042 -0.511419     2.035888
>structures/GlyRS-Bα_AF_Mito_Nymphaea_colorata_gene116265348.pdb
-0.569855 -0.794697 -0.209098   -16.032957
 0.299632  0.035991 -0.953376     3.130500
 0.765171 -0.605938  0.217607   -14.666602
>structures/GlyRS-Bα_PDB_Bact_A_aeolicus_5f5w.pdb
-0.155946 -0.499504  0.852160    -0.474329
-0.987489  0.058428 -0.146463   -50.536959
 0.023369 -0.864339 -0.502367    10.839196
>structures/GlyRS-Bα_PDB_Bact_C_jejuni_3ufg.pdb
-0.816515 -0.184198 -0.547151    25.191329
-0.238714  0.970643  0.029468   -23.198664
 0.525660  0.154674 -0.836515   -17.267594
>structures/GlyRS-Bα_PDB_Bact_T_maritima_1j5w.pdb
-0.724626  0.404632  0.557844     1.052331
 0.135725 -0.709827  0.691176    28.352441
 0.675645  0.576557  0.459441   -64.065999
