>../../../../class2/gly1//data/domains/Catalytic_domain/structures/GlyRS-A_AF_Arch_Candidatus_Nitrosopumilus_sediminis_gene13697160.pdb
 0.489629  0.802858 -0.340122    -0.806463
-0.240084 -0.250863 -0.937778     6.177489
-0.838226  0.540821  0.069923   -12.070775
>../../../../class2/gly1//data/domains/Catalytic_domain/structures/GlyRS-A_AF_Arch_Candidatus_Woesearchaeota_archaeon_proteinMBT4248212.1.pdb
 0.267221 -0.471666 -0.840312    -0.381656
 0.945433 -0.040365  0.323306     5.402297
-0.186412 -0.880853  0.435142   -10.085229
>../../../../class2/gly1//data/domains/Catalytic_domain/structures/GlyRS-A_AF_Arch_Sulfolobus_islandicus_YN1551_gene7810979.pdb
-0.857804 -0.510342  0.061012    -1.826034
-0.507523  0.859797  0.056304     4.340611
-0.081192  0.017333 -0.996548   -13.140853
>../../../../class2/gly1//data/domains/Catalytic_domain/structures/GlyRS-A_AF_Arch_Thermoplasma_acidophilum_DSM_1728_gene1455843.pdb
 0.649082  0.706457 -0.282154    -1.083250
-0.352463 -0.049403 -0.934521     6.081022
-0.674138  0.706030  0.216933   -12.152831
>../../../../class2/gly1//data/domains/Catalytic_domain/structures/GlyRS-A_AF_Bact_Capnocytophaga_ochracea_DSM_7271_gene29675716.pdb
-0.556098 -0.768767  0.315836    -1.953047
-0.792955  0.604591  0.075447     6.265485
-0.248952 -0.208488 -0.945810   -10.848775
>../../../../class2/gly1//data/domains/Catalytic_domain/structures/GlyRS-A_AF_Bact_Corynebacterium_ulcerans_809_gene75260805.pdb
 0.853318 -0.410323 -0.321688    -1.646045
 0.267076  0.873880 -0.406208     1.130233
 0.447793  0.260709  0.855285   -11.570165
>../../../../class2/gly1//data/domains/Catalytic_domain/structures/GlyRS-A_AF_Bact_Treponema_denticola_ATCC_35405_gene2741635.pdb
-0.934310  0.133721  0.330429    -1.530690
 0.353229  0.222773  0.908626     2.793391
 0.047892  0.965656 -0.255373    -9.974455
>../../../../class2/gly1//data/domains/Catalytic_domain/structures/GlyRS-A_PDB_Bact_T_thermophilus_1ati.pdb
-0.042676 -0.719101  0.693594     2.932644
 0.155506 -0.690546 -0.706374    49.152059
 0.986913  0.077713  0.141295   -44.544540
>../../../../class2/phe3//data/domains/Catalytic_domain/structures/PheRS-Aα_AF_Arch_Candidatus_Nitrosopumilus_koreensis_AR1_gene13724458.pdb
 0.900496  0.052472 -0.431686     4.217279
 0.041409  0.977836  0.205237     5.010394
 0.432888 -0.202691  0.878365   -17.724030
>../../../../class2/phe3//data/domains/Catalytic_domain/structures/PheRS-Aα_AF_Arch_Haloterrigena_turkmenica_DSM_5511_gene8744248.pdb
 0.440024  0.794672 -0.418181     1.165125
-0.655900 -0.033646 -0.754098     0.979828
-0.613330  0.606106  0.506420    -6.869341
>../../../../class2/phe3//data/domains/Catalytic_domain/structures/PheRS-Aα_AF_Arch_Thermoplasma_volcanium_GSS1_gene1441177.pdb
-0.467632 -0.794706  0.386992     1.327283
-0.854597  0.294644 -0.427609    -0.756140
 0.225798 -0.530686 -0.816938    -6.058887
>../../../../class2/phe3//data/domains/Catalytic_domain/structures/PheRS-Aα_AF_Arch_Thermosphaera_aggregans_DSM_11486_gene9165306.pdb
 1.000000  0.000000  0.000000     0.000000
 0.000000  1.000000  0.000000     0.000000
 0.000000  0.000000  1.000000     0.000000
>../../../../class2/phe3//data/domains/Catalytic_domain/structures/PheRS-Aα_AF_Euk_Cyanidioschyzon_merolae_strain_10D_gene16993638.pdb
-0.986159  0.114323  0.120088    -7.566252
 0.149891  0.924316  0.350960     2.856670
-0.070876  0.364103 -0.928658    -8.370269
>../../../../class2/phe3//data/domains/Catalytic_domain/structures/PheRS-Aα_AF_Euk_Megalobrama_amblycephala_gene125266654.pdb
 0.068244 -0.395024  0.916133    -0.156745
-0.263643 -0.892771 -0.365311     3.435035
 0.962203 -0.216602 -0.165072    -0.041524
>../../../../class2/phe3//data/domains/Catalytic_domain/structures/PheRS-Aα_AF_Euk_Plasmodium_falciparum_3D7_gene813233.pdb
 0.463889 -0.585003 -0.665266    -3.747075
 0.720185 -0.188278  0.667746     9.289459
-0.515889 -0.788874  0.333970    -1.920914
>../../../../class2/phe3//data/domains/Catalytic_domain/structures/PheRS-Aα_AF_Euk_Schizosaccharomyces_pombe_gene2543647.pdb
-0.061315  0.383475 -0.921513    -6.018030
-0.239540 -0.901922 -0.359384     4.146518
-0.968948  0.198704  0.147159    -8.106819
>../../../../class2/phe3//data/domains/Catalytic_domain/structures/PheRS-Aα_PDB_Euk.B_H_sapiens_3L4G.C.pdb
 0.705444  0.015866 -0.708588   -51.600840
-0.633279 -0.434849 -0.640206    54.604794
-0.318286  0.900364 -0.296714  -110.223899
