>../../../../class2/his//data/domains/Catalytic_domain/structures/HisRS_AF_Arch_Candidatus_Methanomassiliicoccus_intestinalis_Issoire-Mx1_gene16154026.pdb
-0.330967  0.111142 -0.937074    22.571797
 0.201465  0.978466  0.044895    -3.069762
 0.921885 -0.173928 -0.346232   -23.859087
>../../../../class2/his//data/domains/Catalytic_domain/structures/HisRS_AF_Arch_Candidatus_Nitrosopumilus_koreensis_AR1_gene13725657.pdb
 0.381346  0.225587  0.896485    23.276198
-0.422907  0.904911 -0.047812    -4.705386
-0.822025 -0.360897  0.440487   -27.054713
>../../../../class2/his//data/domains/Catalytic_domain/structures/HisRS_AF_Arch_Desulfurococcus_amylolyticus_1221n_gene7171287.pdb
-0.508071 -0.859322 -0.058565    23.759178
 0.586876 -0.395151  0.706705    -3.085283
-0.630429  0.324686  0.705080   -29.270044
>../../../../class2/his//data/domains/Catalytic_domain/structures/HisRS_AF_Arch_Methanoregula_formicica_SMSP_gene14310605.pdb
-0.266839  0.526520 -0.807201    21.297394
 0.569388  0.761890  0.308741    -0.950734
 0.777557 -0.377226 -0.503096   -25.139959
>../../../../class2/his//data/domains/Catalytic_domain/structures/HisRS_AF_Bact_Chlamydia_muridarum_str_Nigg_gene1246198.pdb
-0.269032  0.639232  0.720420    25.525452
-0.649081  0.432284 -0.625959    -3.437948
-0.711559 -0.636014  0.298615   -26.644308
>../../../../class2/his//data/domains/Catalytic_domain/structures/HisRS_AF_Bact_Lacticaseibacillus_paracasei_gene61269730.pdb
 0.219565 -0.571926  0.790375    27.400128
 0.200620  0.819299  0.537123    -1.357286
-0.954748  0.040631  0.294629   -30.549136
>../../../../class2/his//data/domains/Catalytic_domain/structures/HisRS_AF_Bact_Paracoccus_denitrificans_PD1222_gene75501415.pdb
-0.633758 -0.698066 -0.333249    23.216053
 0.552196 -0.709973  0.437057    -4.553507
-0.541692  0.092970  0.835420   -27.179132
>../../../../class2/his//data/domains/Catalytic_domain/structures/HisRS_AF_Bact_Prochlorococcus_marinus_subsp_marinus_str_CCMP1375_gene54200127.pdb
-0.803124 -0.572114 -0.166367    20.529557
 0.383837 -0.710376  0.589945     2.704818
-0.455699  0.409941  0.790119   -28.051975
>../../../../class2/his//data/domains/Catalytic_domain/structures/HisRS_AF_Bact_Streptobacillus_moniliformis_DSM_12112_gene29674169.pdb
 0.227090 -0.480559  0.847050    27.002804
 0.181359  0.875427  0.448037    -3.094578
-0.956838  0.051875  0.285954   -31.758809
>../../../../class2/his//data/domains/Catalytic_domain/structures/HisRS_AF_Bact_Streptomyces_albidoflavus_gene15149169.pdb
 0.213223 -0.463896  0.859847    23.902658
-0.154837  0.852918  0.498554    -2.237243
-0.964656 -0.239439  0.110034   -26.431743
>../../../../class2/his//data/domains/Catalytic_domain/structures/HisRS_AF_Bact_Thermus_thermophilus_HB8_gene3168691.pdb
 0.194120 -0.684899  0.702304    27.594716
 0.402049  0.708579  0.579890    -1.244061
-0.894804  0.169793  0.412912   -29.165816
>../../../../class2/his//data/domains/Catalytic_domain/structures/HisRS_AF_Bact_Treponema_denticola_ATCC_35405_gene2741405.pdb
-0.448048  0.871005  0.201502    24.207910
-0.841836 -0.335173 -0.423050    -1.286135
-0.300941 -0.359179  0.883417   -25.867741
>../../../../class2/his//data/domains/Catalytic_domain/structures/HisRS_AF_Euk_Arabidopsis_thaliana_gene823753.pdb
 0.308168 -0.483571  0.819263    23.832967
-0.133044  0.830805  0.540428    -2.966470
-0.941983 -0.275541  0.191691   -27.364492
>../../../../class2/his//data/domains/Catalytic_domain/structures/HisRS_AF_Euk_Cryptococcus_gattii_WM276_gene10186972.pdb
 0.940244 -0.340304  0.011568    23.778758
-0.233705 -0.669677 -0.704922    -2.606818
 0.247635  0.660096 -0.709190   -28.450367
>../../../../class2/his//data/domains/Catalytic_domain/structures/HisRS_AF_Euk_Plasmodium_falciparum_3D7_gene812010.pdb
 0.862903  0.040583  0.503738    17.284535
-0.019955  0.998729 -0.046278   -10.602960
-0.504976  0.029882  0.862616   -16.001832
>../../../../class2/his//data/domains/Catalytic_domain/structures/HisRS_AF_Euk_Platysiphonia_delicata_gene33353157.pdb
 0.224303 -0.545875  0.807285    27.970973
 0.169679  0.837615  0.519239    -1.733264
-0.959634  0.020513  0.280503   -32.728271
>../../../../class2/his//data/domains/Catalytic_domain/structures/HisRS_PDB_Arch_T_acidophilum_1WU7.pdb
 0.944082  0.011415 -0.329512    37.455315
-0.324789  0.204223 -0.923475    55.860196
 0.056752  0.978858  0.196511   -88.349539
>../../../../class2/his//data/domains/Catalytic_domain/structures/HisRS_PDB_Bact_B_thailandensis_4e51.pdb
-0.729039 -0.366019 -0.578387    54.256506
-0.535608  0.831198  0.149113    -7.052728
 0.426176  0.418498 -0.802018     6.824379
>../../../../class2/his//data/domains/Catalytic_domain/structures/HisRS_PDB_Bact_E_coli_1HTT.pdb
-0.234731  0.129520  0.963393    -4.794333
-0.922677 -0.341562 -0.178891    -6.038217
 0.305889 -0.930892  0.199681   -12.913262
>../../../../class2/phe4//data/domains/Catalytic_domain/structures/PheRS-Aβ_AF_Arch_Candidatus_Nitrosopumilus_koreensis_AR1_gene13724457.pdb
 0.987281 -0.007252  0.158819    -0.022742
-0.015407  0.989893  0.140976     3.018526
-0.158236 -0.141630  0.977191     0.907616
>../../../../class2/phe4//data/domains/Catalytic_domain/structures/PheRS-Aβ_AF_Arch_Halalkalicoccus_jeotgali_B3_gene9420006.pdb
-0.235387  0.337244 -0.911515     1.021654
-0.442855 -0.872065 -0.208287     5.563700
-0.865143  0.354640  0.354623    -0.403008
>../../../../class2/phe4//data/domains/Catalytic_domain/structures/PheRS-Aβ_AF_Arch_Sulfolobus_islandicus_YG5714_gene7807969.pdb
 1.000000 -0.000000  0.000000     0.000000
 0.000000  1.000000  0.000000     0.000000
-0.000000  0.000000  1.000000     0.000000
>../../../../class2/phe4//data/domains/Catalytic_domain/structures/PheRS-Aβ_AF_Arch_Thermoplasma_volcanium_GSS1_gene1441711.pdb
-0.020354 -0.530885  0.847200     0.948292
-0.498439 -0.729172 -0.468900     5.759926
 0.866686 -0.431821 -0.249772     2.193141
>../../../../class2/phe4//data/domains/Catalytic_domain/structures/PheRS-Aβ_AF_Euk_Astyanax_mexicanus_gene103044481.pdb
-0.796327 -0.604544  0.019736    -3.429753
-0.502170  0.642584 -0.578715    -1.128414
 0.337177 -0.470757 -0.815291    -1.156456
>../../../../class2/phe4//data/domains/Catalytic_domain/structures/PheRS-Aβ_AF_Euk_Drosophila_melanogaster_gene42888.pdb
 0.604666  0.690382 -0.397180    -1.325567
-0.516024 -0.040289 -0.855626    -0.875311
-0.606711  0.722322  0.331892    -3.217083
>../../../../class2/phe4//data/domains/Catalytic_domain/structures/PheRS-Aβ_AF_Euk_Plasmodium_falciparum_3D7_gene810604.pdb
 0.966437 -0.239712  0.092398     3.495335
 0.206227  0.938359  0.277403     0.749118
-0.153199 -0.249037  0.956300    -0.635437
>../../../../class2/phe4//data/domains/Catalytic_domain/structures/PheRS-Aβ_AF_Euk_Saccharomyces_cerevisiae_S288C_gene850749.pdb
-0.035070 -0.571785 -0.819653     3.561850
 0.375730 -0.767531  0.519349     5.503829
-0.926065 -0.289755  0.241754     0.143555
>../../../../class2/phe4//data/domains/Catalytic_domain/structures/PheRS-Aβ_PDB_Euk.B_H_sapiens_3L4G.pdb
-0.174597  0.051519 -0.983291    19.328229
 0.900274  0.412796 -0.138228   -78.504023
 0.398777 -0.909365 -0.118454    67.419276
