>../../../../class2/gly1//data/domains/Catalytic_domain/structures/GlyRS-A_AF_Arch_Candidatus_Nitrosopumilus_sediminis_gene13697160.pdb
 0.869298  0.485836 -0.091018     1.724540
-0.492308  0.867475 -0.071553     3.056910
 0.044192  0.107010  0.993275   -10.264145
>../../../../class2/gly1//data/domains/Catalytic_domain/structures/GlyRS-A_AF_Arch_Candidatus_Woesearchaeota_archaeon_proteinMBT4248212.1.pdb
 0.073058  0.041513 -0.996463     1.342312
-0.070069 -0.996451 -0.046650     5.052382
-0.994863  0.073230 -0.069890    -9.321460
>../../../../class2/gly1//data/domains/Catalytic_domain/structures/GlyRS-A_AF_Arch_Sulfolobus_islandicus_YN1551_gene7810979.pdb
-0.564416 -0.610811  0.555288     2.071203
-0.507381 -0.273917 -0.817028     1.414686
 0.651152 -0.742886 -0.155311    -9.031636
>../../../../class2/gly1//data/domains/Catalytic_domain/structures/GlyRS-A_AF_Arch_Thermoplasma_acidophilum_DSM_1728_gene1455843.pdb
 0.957929  0.261282 -0.118762     1.474651
-0.249993  0.962868  0.101927     2.886485
 0.140984 -0.067949  0.987677   -10.212375
>../../../../class2/gly1//data/domains/Catalytic_domain/structures/GlyRS-A_AF_Bact_Capnocytophaga_ochracea_DSM_7271_gene29675716.pdb
-0.147028 -0.688203  0.710464     0.197483
-0.462658 -0.587005 -0.664358     3.619705
 0.874260 -0.426382 -0.232096    -9.944132
>../../../../class2/gly1//data/domains/Catalytic_domain/structures/GlyRS-A_AF_Bact_Corynebacterium_ulcerans_809_gene75260805.pdb
 0.430015 -0.648530 -0.628090     2.152405
 0.817893 -0.014740  0.575182     2.807357
-0.382281 -0.761047  0.524089    -5.806061
>../../../../class2/gly1//data/domains/Catalytic_domain/structures/GlyRS-A_AF_Bact_Treponema_denticola_ATCC_35405_gene2741635.pdb
-0.892045 -0.408631  0.193070     0.894440
-0.430878  0.897863 -0.090474     4.772144
-0.136380 -0.163897 -0.977005    -6.663182
>../../../../class2/gly1//data/domains/Catalytic_domain/structures/GlyRS-A_PDB_Bact_T_thermophilus_1ati.pdb
-0.547270 -0.471186  0.691722     9.724958
 0.835779 -0.263854  0.481512   -24.527033
-0.044368  0.841644  0.538207   -55.881804
>../../../../class2/phe1//data/domains/Catalytic_domain/structures/PheRS-Bα_AF_Bact_Brachyspira_pilosicoli_95_1000_gene56440383.pdb
 0.095707 -0.988353  0.118317     5.643925
-0.188800 -0.134729 -0.972730     9.453171
 0.977341  0.070759 -0.199496    -5.488436
>../../../../class2/phe1//data/domains/Catalytic_domain/structures/PheRS-Bα_AF_Bact_Chlamydia_psittaci_6BC_gene12243227.pdb
-0.739820 -0.567464 -0.361458     5.821204
-0.390616  0.799696 -0.455967     6.343291
 0.547801 -0.196142 -0.813291    -3.778763
>../../../../class2/phe1//data/domains/Catalytic_domain/structures/PheRS-Bα_AF_Bact_Ferrimonas_balearica_DSM_9799_gene67181906.pdb
 0.274817 -0.507124 -0.816885     3.116312
 0.411045 -0.706081  0.576621     4.960435
-0.869205 -0.494241  0.014407    -3.470411
>../../../../class2/phe1//data/domains/Catalytic_domain/structures/PheRS-Bα_AF_Bact_Mycobacterium_intracellulare_ATCC_13950_gene11909689.pdb
 0.255753  0.836900 -0.483931    -1.392220
-0.682913 -0.197913 -0.703179    -0.903873
-0.684267  0.510323  0.520913    -3.109076
>../../../../class2/phe1//data/domains/Catalytic_domain/structures/PheRS-Bα_AF_Bact_Mycoplasma_capricolum_subsp_capricolum_ATCC_27343_gene23778662.pdb
 0.332296 -0.682593 -0.650881     3.496088
 0.630971 -0.352047  0.691331     8.289002
-0.701039 -0.640413  0.313712    -3.147626
>../../../../class2/phe1//data/domains/Catalytic_domain/structures/PheRS-Bα_AF_Bact_Porphyromonas_gingivalis_ATCC_33277_gene29256875.pdb
-0.434653 -0.879972 -0.191641     6.325973
-0.114349  0.264995 -0.957446     7.294767
 0.893309 -0.394243 -0.215804    -8.283399
>../../../../class2/phe1//data/domains/Catalytic_domain/structures/PheRS-Bα_AF_Bact_Prochlorococcus_marinus_subsp_marinus_str_CCMP1375_gene54200681.pdb
 1.000000  0.000000  0.000000     0.000000
 0.000000  1.000000  0.000000     0.000000
 0.000000  0.000000  1.000000     0.000000
>../../../../class2/phe1//data/domains/Catalytic_domain/structures/PheRS-Bα_AF_Bact_Staphylococcus_argenteus_gene66839332.pdb
 0.856960 -0.470605 -0.210119     6.170441
 0.505159  0.686184  0.523418     4.390012
-0.102143 -0.554692  0.825763     0.259967
>../../../../class2/phe1//data/domains/Catalytic_domain/structures/PheRS-Bα_PDB_Bact.A_E_coli_3PCO.pdb
 0.801025 -0.414064  0.432331    -0.756274
 0.588438  0.677333 -0.441544    47.611679
-0.110004  0.608088  0.786211   -55.339842
>../../../../class2/phe1//data/domains/Catalytic_domain/structures/PheRS-Bα_PDB_Bact.A_T_thermophilus_1PYS.pdb
 0.726429 -0.022751  0.686865   -14.163254
-0.638820 -0.390868  0.662670    29.743653
 0.253398 -0.920165 -0.298471    41.815279
