>../../../../class1/gln//data/domains/Catalytic_domain/structures/GlnRS_AF_Bact_Anaerostipes_hadrus_gene15230984.pdb
-0.767012 -0.093378 -0.634802    26.321058
 0.629218  0.084221 -0.772653    44.509201
 0.125612 -0.992062 -0.005844    70.781826
>../../../../class1/gln//data/domains/Catalytic_domain/structures/GlnRS_AF_Bact_Cutibacterium_avidum_44067_gene29843447.pdb
-0.729168  0.508277 -0.458223    27.206994
 0.651093  0.309117 -0.693198    44.504323
-0.210692 -0.803804 -0.556334    70.930458
>../../../../class1/gln//data/domains/Catalytic_domain/structures/GlnRS_AF_Bact_Pasteurella_multocida_subsp_multocida_str_Pm70_gene1243875.pdb
-0.870529  0.443747 -0.212763    26.957044
 0.347045  0.247033 -0.904729    44.295613
-0.348911 -0.861431 -0.369049    72.647187
>../../../../class1/gln//data/domains/Catalytic_domain/structures/GlnRS_AF_Bact_Porphyromonas_gingivalis_ATCC_33277_gene29257033.pdb
-0.712605 -0.466841 -0.523692    27.038835
 0.613457 -0.052463 -0.787984    45.704142
 0.340389 -0.882784  0.323772    70.552446
>../../../../class1/gln//data/domains/Catalytic_domain/structures/GlnRS_AF_Bact_Thermus_thermophilus_HB8_gene3168786.pdb
 0.287961 -0.873018 -0.393596    26.838430
-0.797996 -0.445968  0.405357    46.313989
-0.529415  0.197361 -0.825087    69.310323
>../../../../class1/gln//data/domains/Catalytic_domain/structures/GlnRS_AF_Euk_Candida_dubliniensis_CD36_gene8049124.pdb
-0.874059 -0.075089 -0.479982    28.624199
 0.435950  0.314793 -0.843121    48.347890
 0.214405 -0.946185 -0.242413    71.133480
>../../../../class1/gln//data/domains/Catalytic_domain/structures/GlnRS_AF_Euk_Dictyostelium_discoideum_AX4_gene8627167.pdb
 0.666959 -0.546031  0.506968    27.355694
-0.677088 -0.160164  0.718262    51.205406
-0.310995 -0.822313 -0.476533    71.964660
>../../../../class1/gln//data/domains/Catalytic_domain/structures/GlnRS_AF_Euk_Encephalitozoon_romaleae_SJ-2008_gene20564565.pdb
 0.735691 -0.676390  0.035431    27.427528
-0.487098 -0.492006  0.721572    47.733667
-0.470631 -0.548112 -0.691433    71.604645
>../../../../class1/gln//data/domains/Catalytic_domain/structures/GlnRS_AF_Euk_Myodes_glareolus_gene125393344.pdb
 0.402405  0.399883  0.823507    21.950525
 0.900016 -0.008263 -0.435779    44.834438
-0.167456  0.916529 -0.363226    76.377915
>../../../../class1/gln//data/domains/Catalytic_domain/structures/GlnRS_AF_Mito_Cyanidioschyzon_merolae_strain_10D_gene16997184.pdb
 0.354992 -0.920578 -0.162841    30.422086
-0.751094 -0.384560  0.536630    48.180725
-0.556631 -0.068191 -0.827956    70.041888
>../../../../class1/gln//data/domains/Catalytic_domain/structures/GlnRS_Bact_D_radio_2HZ7.pdb
 1.000000 -0.000000  0.000000     0.000000
 0.000000  1.000000  0.000000     0.000000
-0.000000  0.000000  1.000000     0.000000
>../../../../class1/gln//data/domains/Catalytic_domain/structures/GlnRS_Bact_E_coli_1QTQ.pdb
-0.593388 -0.162313  0.788382    42.058628
 0.147513  0.940940  0.304750    19.448526
-0.791284  0.297131 -0.534399   105.215012
>../../../../class1/gln//data/domains/Catalytic_domain/structures/GlnRS_PDB_Euk_T_gondii_4P2B.pdb
 0.690903 -0.274224  0.668920   -56.941414
-0.211849  0.807855  0.549991    -8.368447
-0.691211 -0.521701  0.500055   133.479859
>../../../../class1/leu2//data/domains/Catalytic_domain/structures/LeuRS-A_AF_Arch_Aciduliprofundum_boonei_T469_gene8828435.pdb
 0.517024  0.388990  0.762478    25.513345
 0.299835  0.752036 -0.586976    59.146241
-0.801739  0.532099  0.272188    73.690331
>../../../../class1/leu2//data/domains/Catalytic_domain/structures/LeuRS-A_AF_Arch_Candidatus_Korarchaeum_cryptofilum_OPF8_gene6093520.pdb
 0.633787 -0.744993  0.208085    28.627334
-0.773258 -0.603397  0.194894    61.553643
-0.019637 -0.284425 -0.958497    76.171481
>../../../../class1/leu2//data/domains/Catalytic_domain/structures/LeuRS-A_AF_Arch_Candidatus_Nitrosopumilus_koreensis_AR1_gene13725794.pdb
-0.920288 -0.080354 -0.382901    27.717660
 0.345946 -0.624229 -0.700471    59.984316
-0.182732 -0.777098  0.602269    76.469043
>../../../../class1/leu2//data/domains/Catalytic_domain/structures/LeuRS-A_AF_Arch_Methanobrevibacter_smithii_ATCC_35061_gene5216355.pdb
-0.928801  0.025762 -0.369682    28.410492
 0.294514 -0.554166 -0.778564    59.005182
-0.224923 -0.832007  0.507123    75.680205
>../../../../class1/leu2//data/domains/Catalytic_domain/structures/LeuRS-A_AF_Euk_Arabidopsis_thaliana_gene837489.pdb
-0.069100  0.997586 -0.006929    29.410414
 0.055833  0.010802  0.998382    60.200716
 0.996046  0.068602 -0.056445    73.695037
>../../../../class1/leu2//data/domains/Catalytic_domain/structures/LeuRS-A_AF_Euk_Drosophila_melanogaster_gene326262.pdb
-0.900568  0.012059 -0.434547    29.883538
 0.365704 -0.519421 -0.772310    58.894635
-0.235026 -0.854433  0.463365    74.669943
>../../../../class1/leu2//data/domains/Catalytic_domain/structures/LeuRS-A_AF_Euk_Leishmania_major_strain_Friedlin_gene5650139.pdb
-0.877809 -0.085935 -0.471239    26.659013
 0.418319 -0.616809 -0.666750    61.349895
-0.233367 -0.782408  0.577389    73.018769
>../../../../class1/leu2//data/domains/Catalytic_domain/structures/LeuRS-A_AF_Euk_Neurospora_crassa_OR74A_gene3879366.pdb
-0.919227  0.155148 -0.361871    27.229353
 0.248278 -0.484916 -0.838579    61.156126
-0.305581 -0.860689  0.407228    75.029843
>../../../../class1/leu2//data/domains/Catalytic_domain/structures/LeuRS-A_PDB_Arch_P_hori_1WKB.pdb
 0.266341 -0.476865 -0.837653     8.937594
 0.657943  0.725036 -0.203553   -48.283286
 0.704396 -0.496913  0.506856    -0.583842
