>../../../../class1/glu3//data/domains/Catalytic_domain/structures/GluRS-E_AF_Euk_Cyathus_striatus_proteinKAF9013924.1.pdb
 0.683642 -0.401187  0.609658     1.743366
-0.399226 -0.904865 -0.147776   -10.861430
 0.610944 -0.142366 -0.778768    16.432601
>../../../../class1/glu3//data/domains/Catalytic_domain/structures/GluRS-E_AF_Euk_Lichtheimia_hyalospora_proteinKAI7879902.1.pdb
 0.067036 -0.987797 -0.140579    -6.606689
-0.823817  0.024688 -0.566317    -2.527468
 0.562877  0.153775 -0.812110    17.465012
>../../../../class1/glu3//data/domains/Catalytic_domain/structures/GluRS-E_AF_Euk_Medicago_truncatula_gene11407510.pdb
 0.400736 -0.805926  0.435768    -5.098361
-0.710344 -0.573697 -0.407778   -14.388016
 0.578638 -0.146134 -0.802386    16.291164
>../../../../class1/glu3//data/domains/Catalytic_domain/structures/GluRS-E_AF_Euk_Xylariaceae_sp_FL0804_proteinKAI0483267.1.pdb
-0.168217 -0.895186 -0.412730    -5.990328
 0.797606 -0.369640  0.476645     1.679006
-0.579248 -0.249016  0.776185    16.694076
>../../../../class1/glu3//data/domains/Catalytic_domain/structures/GluRS-E_PDB_Euk_Gallus_gallus_7WRU.pdb
-0.784254 -0.094850  0.613147   -57.175195
 0.203709  0.894095  0.398869   -31.761655
-0.586045  0.437718 -0.681876    88.033308
>../../../../class1/leu1//data/domains/Catalytic_domain/structures/LeuRS-B_AF_Bact_Bifidobacterium_longum_subsp_longum_JCM_1217_gene69578373.pdb
 0.664838 -0.685246 -0.297368    -3.630690
 0.739244  0.546396  0.393662     1.200460
-0.107275 -0.481549  0.869829    -3.601917
>../../../../class1/leu1//data/domains/Catalytic_domain/structures/LeuRS-B_AF_Bact_Brachyspira_pilosicoli_95_1000_gene56439070.pdb
 0.993640  0.062447 -0.093705    -6.094653
-0.077383  0.983196 -0.165338     0.461168
 0.081805  0.171538  0.981775    -1.828287
>../../../../class1/leu1//data/domains/Catalytic_domain/structures/LeuRS-B_AF_Bact_Chlamydia_psittaci_6BC_gene12243068.pdb
-0.961301  0.248915  0.118075    -4.921414
 0.267259  0.738513  0.619009     0.078964
 0.066881  0.626610 -0.776458    -1.309956
>../../../../class1/leu1//data/domains/Catalytic_domain/structures/LeuRS-B_AF_Bact_Clostridium_botulinum_A_str_ATCC_3502_gene5187707.pdb
 0.022404 -0.507950  0.861095    -4.084711
-0.570810 -0.713620 -0.406105     4.188301
 0.820776 -0.482424 -0.305932    -1.835189
>../../../../class1/leu1//data/domains/Catalytic_domain/structures/LeuRS-B_AF_Bact_Mycoplasma_hyopneumoniae_168-L_gene57101518.pdb
 0.102139  0.735793 -0.669460    -4.529762
-0.473005 -0.556111 -0.683379     1.580557
-0.875120  0.386457  0.291233    -3.892898
>../../../../class1/leu1//data/domains/Catalytic_domain/structures/LeuRS-B_AF_Bact_Orientia_tsutsugamushi_str_Ikeda_gene66652454.pdb
-0.900367  0.402485  0.165365    -3.595658
 0.378021  0.535295  0.755354     0.740473
 0.215500  0.742607 -0.634109    -1.715611
>../../../../class1/leu1//data/domains/Catalytic_domain/structures/LeuRS-B_AF_Bact_Porphyromonas_gingivalis_ATCC_33277_gene29256038.pdb
 0.972707 -0.220443  0.072433    -4.049326
 0.218545  0.975260  0.033268    -0.053166
-0.077975 -0.016530  0.996818    -2.318851
>../../../../class1/leu1//data/domains/Catalytic_domain/structures/LeuRS-B_AF_Bact_Thermus_thermophilus_HB8_gene3168656.pdb
 0.010252 -0.450656  0.892639    -1.050564
-0.464089 -0.792864 -0.394954     0.538577
 0.885729 -0.410215 -0.217273     3.221886
>../../../../class1/leu1//data/domains/Catalytic_domain/structures/LeuRS-B_AF_Euk_Bathycoccus_prasinos_gene19015540.pdb
-0.934785  0.334743  0.118845    -3.925155
 0.350454  0.814514  0.462329     0.397759
 0.057960  0.473828 -0.878708    -3.122106
>../../../../class1/leu1//data/domains/Catalytic_domain/structures/LeuRS-B_AF_Euk_Klebsormidium_nitens_protein971510658.pdb
-0.023404  0.681497 -0.731447    -3.513023
-0.289541 -0.704911 -0.647509     0.932279
-0.956880  0.196629  0.213819    -2.302054
>../../../../class1/leu1//data/domains/Catalytic_domain/structures/LeuRS-B_AF_Euk_Plasmodium_falciparum_3D7_gene2655460.pdb
 0.688901 -0.602623 -0.402818    -1.342300
 0.712792  0.462232  0.527513     2.575831
-0.131696 -0.650529  0.747976     2.511311
>../../../../class1/leu1//data/domains/Catalytic_domain/structures/LeuRS-B_AF_Euk_Thalassiosira_pseudonana_CCMP1335_gene7441753.pdb
 1.000000  0.000000  0.000000     0.000000
 0.000000  1.000000  0.000000     0.000000
 0.000000  0.000000  1.000000     0.000000
>../../../../class1/leu1//data/domains/Catalytic_domain/structures/LeuRS-B_AF_Mito_Drosophila_melanogaster_gene38581.pdb
 0.129250  0.883414 -0.450416    -8.027764
-0.668279 -0.257978 -0.697747     2.204324
-0.732597  0.391187  0.557023    -1.052656
>../../../../class1/leu1//data/domains/Catalytic_domain/structures/LeuRS-B_AF_Mito_Homo_sapiens_gene23395.pdb
-0.970876  0.239552  0.003911    -6.306599
 0.190613  0.762437  0.618349     1.500651
 0.145145  0.601086 -0.785894    -2.032201
>../../../../class1/leu1//data/domains/Catalytic_domain/structures/LeuRS-B_PDB_Bact_T_therm_2V0C.pdb
 0.577043  0.690863 -0.435579    17.048704
 0.781674 -0.621725  0.049435   -37.812248
-0.236658 -0.369007 -0.898792     9.208988
