>structures/PheRS-Bβ_AF_Bact_Brachyspira_pilosicoli_95_1000_gene56440382.pdb
-0.589654 -0.557797 -0.584098   -14.846551
 0.345470  0.479508 -0.806674    -5.947854
 0.730040 -0.677447 -0.090041    45.026024
>structures/PheRS-Bβ_AF_Bact_Chlamydia_psittaci_6BC_gene12242429.pdb
-0.242106 -0.129107  0.961621   -47.538566
-0.356318 -0.910022 -0.211889   -35.551525
 0.902453 -0.393943  0.174319    30.560136
>structures/PheRS-Bβ_AF_Bact_Ferrimonas_balearica_DSM_9799_gene67181907.pdb
-0.244422  0.946676 -0.209908   -20.483546
 0.957511  0.269807  0.101868    -9.949980
 0.153070 -0.176091 -0.972400    46.628841
>structures/PheRS-Bβ_AF_Bact_Lacticaseibacillus_paracasei_gene61269867.pdb
-0.159986 -0.983256 -0.087248   -16.911627
-0.151664  0.111822 -0.982087    -4.982273
 0.975399 -0.143888 -0.167014    41.327162
>structures/PheRS-Bβ_AF_Bact_Mycobacterium_intracellulare_ATCC_13950_gene11909688.pdb
 0.375569  0.907229  0.189428   -18.855624
 0.926506 -0.372622 -0.052336    -5.628611
 0.023105  0.195162 -0.980499    41.343341
>structures/PheRS-Bβ_AF_Bact_Mycoplasma_hyopneumoniae_168-L_gene57101148.pdb
 0.389775 -0.911664  0.130171   -16.179805
-0.363789 -0.282282 -0.887679   -15.070751
 0.846010  0.298641 -0.441679    42.025432
>structures/PheRS-Bβ_AF_Bact_Porphyromonas_gingivalis_ATCC_33277_gene29257179.pdb
 0.949621  0.275893  0.148672   -44.565092
-0.243864  0.352520  0.903471     0.529721
 0.196852 -0.894210  0.402041    49.806183
>structures/PheRS-Bβ_AF_Bact_Prochlorococcus_marinus_subsp_marinus_str_CCMP1375_gene54200309.pdb
 0.407849 -0.001501  0.913048   -27.197699
 0.567035 -0.783366 -0.254576    -5.560020
 0.715633  0.621559 -0.318644    44.947156
>structures/PheRS-Bβ_PDB_Bact.B_E_coli_3PCO.pdb
 0.999587 -0.002710 -0.028606     0.309397
 0.002790  0.999992  0.002732    -0.020685
 0.028598 -0.002811  0.999587     0.994811
>structures/PheRS-Bβ_PDB_Bact.B_T_thermophilus_1PYS.pdb
 0.434829 -0.192299  0.879741   -29.506187
-0.579678 -0.807382  0.110036    51.729382
 0.689127 -0.557814 -0.462545    83.834708
