>structures/IleRS_AF_Arch_Candidatus_Korarchaeum_cryptofilum_OPF8_gene6094904.pdb
-0.970252  0.153629  0.187110    -5.193501
 0.227484  0.842988  0.487465     3.320104
-0.082843  0.515528 -0.852859    -2.995099
>structures/IleRS_AF_Arch_Candidatus_Nitrosopumilus_sediminis_gene13697091.pdb
 0.315754 -0.723797 -0.613529    -3.267177
 0.527876 -0.403302  0.747459     6.255738
-0.788446 -0.559880  0.254731     2.357324
>structures/IleRS_AF_Arch_Pyrobaculum_aerophilum_str_IM2_gene1465853.pdb
 0.932424 -0.212635 -0.292184    -8.172975
 0.300745  0.904886  0.301219    -1.460433
 0.200344 -0.368737  0.907687    -2.700819
>structures/IleRS_AF_Arch_Thermoplasma_acidophilum_DSM_1728_gene1456418.pdb
-0.853861 -0.516205 -0.066732    -6.444587
-0.279969  0.563570 -0.777179     4.878598
 0.438792 -0.644920 -0.625732    -3.150740
>structures/IleRS_AF_Bact_Chlamydia_muridarum_str_Nigg_gene1246458.pdb
 0.013244  0.152348  0.988238    -5.816766
 0.396500 -0.908102  0.134680     6.722426
 0.917939  0.390053 -0.072433    -2.827276
>structures/IleRS_AF_Bact_Escherichia_coli_O157:H7_str._Sakai_gene913425.pdb
 0.731912  0.663149 -0.156645    -5.217995
-0.650475  0.611514 -0.450480     1.956885
-0.202945  0.431605  0.878937    -0.658656
>structures/IleRS_AF_Bact_Lactobacillus_acidophilus_La-14_gene56942445.pdb
 0.992938 -0.107107 -0.051016    -5.458878
 0.107968  0.994050  0.014426    -2.141857
 0.049167 -0.019832  0.998594     0.191169
>structures/IleRS_AF_Bact_Mycoplasma_hyopneumoniae_168-L_gene57100872.pdb
 0.999750  0.008836 -0.020525    -1.331694
-0.010250  0.997506 -0.069837    -1.781999
 0.019857  0.070030  0.997347    -0.680666
>structures/IleRS_AF_Bact_Orientia_tsutsugamushi_str_Ikeda_gene66653313.pdb
-0.029278  0.610451 -0.791513    -3.257325
-0.508010 -0.691048 -0.514177     4.723674
-0.860853  0.387043  0.330348    -2.391867
>structures/IleRS_AF_Bact_Porphyromonas_gingivalis_ATCC_33277_gene29255747.pdb
 0.080394  0.591273 -0.802454    -1.054445
-0.599637 -0.614400 -0.512784     5.603861
-0.796224  0.522406  0.305155    -5.611627
>structures/IleRS_AF_Bact_Streptobacillus_moniliformis_DSM_12112_gene29674186.pdb
 0.995340  0.053512  0.080212     3.085386
-0.056071  0.997976  0.029990    -3.069556
-0.078445 -0.034348  0.996327     2.140335
>structures/IleRS_AF_Bact_Thermus_thermophilus_HB8_gene3168241.pdb
-0.121831  0.374521  0.919180    -6.265979
 0.547311 -0.747212  0.376995     6.190248
 0.828014  0.549007 -0.113946    -5.044562
>structures/IleRS_AF_Bact_Treponema_pallidum_subsp_pertenue_str_SamoaD_gene57878975.pdb
-0.616632  0.635956  0.464032    -5.967162
 0.774231  0.383129  0.503765     4.056570
 0.142588  0.669905 -0.728626    -3.094250
>structures/IleRS_AF_Euk_Cyanidioschyzon_merolae_strain_10D_gene16992835.pdb
 0.132954 -0.386838  0.912513    -4.246244
-0.143133 -0.918529 -0.368534     0.176797
 0.980733 -0.081613 -0.177491    -0.595940
>structures/IleRS_AF_Euk_Homo_sapiens_gene3376.pdb
 0.046376 -0.228435 -0.972454    -4.312909
 0.032770 -0.972629  0.230039     5.112344
-0.998386 -0.042536 -0.037620    -1.247429
>structures/IleRS_AF_Euk_Ostreococcus_lucimarinus_CCE9901_gene5000489.pdb
-0.791844  0.557120  0.250200    -7.036796
 0.610707  0.725299  0.317770     3.627276
-0.004434  0.404424 -0.914561    -1.706849
>structures/IleRS_AF_Euk_Trypanosoma_brucei_brucei_TREU927_gene3663037.pdb
-0.919826  0.342514  0.191322    -6.067191
 0.369033  0.920892  0.125591     3.167952
-0.133170  0.186126 -0.973459    -1.877338
>structures/IleRS_AF_Euk_Ustilago_maydis_521_gene23568123.pdb
 0.934247  0.318986 -0.159468    -5.440711
-0.356216  0.856101 -0.374434     0.017509
 0.017081  0.406619  0.913438    -4.266130
>structures/IleRS_AF_Mito_Drosophila_melanogaster_gene39762.pdb
-0.163093  0.286596 -0.944068     3.561191
-0.036664 -0.957979 -0.284485     2.385053
-0.985929 -0.011785  0.166748    -3.183622
>structures/IleRS_AF_Mito_Homo_sapiens_gene55699.pdb
 0.995206 -0.094485 -0.025267    -2.310363
 0.094205  0.995480 -0.012041    -1.549186
 0.026291  0.009603  0.999608    -0.420587
>structures/IleRS_AF_Vir_Megavirus_chiliensis_gene11256744.pdb
 0.140587  0.783348 -0.605475    -2.608950
-0.676095 -0.370798 -0.636714     5.191971
-0.723278  0.498872  0.477488    -3.633531
>structures/IleRS_PDB_Bact_S_aureus_1QU2.pdb
 0.621378 -0.761044 -0.186283    60.942723
 0.578727  0.606081 -0.545656   -22.358708
 0.528171  0.231251  0.817042   -99.601986
>structures/IleRS_PDB_Bact_T_therm_1ILE.pdb
 0.003884  0.748196  0.663467    15.543346
 0.700375 -0.475601  0.532239    38.165751
 0.713764  0.462609 -0.525865    -1.275011
>structures/IleRS_PDB_Euk_S_cere_7D5C.pdb
 0.866196 -0.304412 -0.396281    12.733175
-0.496705 -0.611269 -0.616144    33.579144
-0.054672  0.730536 -0.680682    17.854401
