>structures/IleRS_AF_Arch_Candidatus_Korarchaeum_cryptofilum_OPF8_gene6094904.pdb
-0.987399 -0.008513  0.158018    -9.151782
 0.071004  0.868561  0.490470     5.594018
-0.141424  0.495510 -0.857012    -6.134919
>structures/IleRS_AF_Arch_Candidatus_Nitrosopumilus_sediminis_gene13697091.pdb
 0.257479 -0.640345 -0.723646    -6.911771
 0.548338 -0.519809  0.655075     9.128780
-0.795632 -0.565471  0.217286    -0.311319
>structures/IleRS_AF_Arch_Pyrobaculum_aerophilum_str_IM2_gene1465853.pdb
 0.879855 -0.334691 -0.337398    -9.697848
 0.426988  0.868427  0.252023     0.019326
 0.208656 -0.365808  0.906999    -4.545311
>structures/IleRS_AF_Arch_Thermoplasma_acidophilum_DSM_1728_gene1456418.pdb
-0.828523 -0.555834  0.067819    -9.972810
-0.384177  0.476139 -0.791012     7.191362
 0.407380 -0.681425 -0.608030    -6.033514
>structures/IleRS_AF_Bact_Chlamydia_muridarum_str_Nigg_gene1246458.pdb
-0.079189  0.258576  0.962740    -9.469940
 0.406578 -0.873416  0.268028     8.978667
 0.910178  0.412653 -0.035966    -5.683902
>structures/IleRS_AF_Bact_Escherichia_coli_O157:H7_str._Sakai_gene913425.pdb
 0.778896  0.601854 -0.176334    -7.538548
-0.607120  0.653101 -0.452618     5.723494
-0.157246  0.459599  0.874096    -3.696762
>structures/IleRS_AF_Bact_Lactobacillus_acidophilus_La-14_gene56942445.pdb
 0.974150 -0.197340 -0.109948    -8.125672
 0.201749  0.978965  0.030426     1.726886
 0.101631 -0.051821  0.993472    -3.214927
>structures/IleRS_AF_Bact_Mycoplasma_hyopneumoniae_168-L_gene57100872.pdb
 0.992104 -0.088695 -0.088679    -4.423710
 0.082926  0.994318 -0.066748     2.040009
 0.094095  0.058867  0.993821    -3.900163
>structures/IleRS_AF_Bact_Orientia_tsutsugamushi_str_Ikeda_gene66653313.pdb
 0.095278  0.680153 -0.726852    -7.361866
-0.510406 -0.593508 -0.622282     6.905441
-0.854639  0.430280  0.290606    -5.208793
>structures/IleRS_AF_Bact_Porphyromonas_gingivalis_ATCC_33277_gene29255747.pdb
 0.217963  0.649674 -0.728296    -5.255790
-0.588733 -0.507645 -0.629039     7.984589
-0.778386  0.565879  0.271837    -8.397082
>structures/IleRS_AF_Bact_Streptobacillus_moniliformis_DSM_12112_gene29674186.pdb
 0.999661 -0.025899  0.002671    -0.153399
 0.025804  0.999187  0.030962     0.834914
-0.003471 -0.030883  0.999517    -0.605101
>structures/IleRS_AF_Bact_Thermus_thermophilus_HB8_gene3168241.pdb
-0.234469  0.426000  0.873812    -9.971649
 0.542470 -0.688567  0.481250     8.787836
 0.806691  0.586855 -0.069644    -8.243982
>structures/IleRS_AF_Bact_Treponema_pallidum_subsp_pertenue_str_SamoaD_gene57878975.pdb
-0.735398  0.529321  0.423094   -10.028791
 0.671778  0.487555  0.557679     6.068221
 0.088910  0.694341 -0.714133    -6.200725
>structures/IleRS_AF_Euk_Cyanidioschyzon_merolae_strain_10D_gene16992835.pdb
 0.084821 -0.300119  0.950123    -7.140468
-0.150415 -0.946489 -0.285543     3.225161
 0.984978 -0.118693 -0.125424    -3.511642
>structures/IleRS_AF_Euk_Homo_sapiens_gene3376.pdb
-0.605196  0.643458  0.468721    -9.556847
 0.577831 -0.049937  0.814627     8.616038
 0.547585  0.763851 -0.341588    -3.571437
>structures/IleRS_AF_Euk_Ostreococcus_lucimarinus_CCE9901_gene5000489.pdb
-0.857504  0.445086  0.258042   -10.346263
 0.510400  0.798986  0.317982     6.482646
-0.064643  0.404376 -0.912306    -5.058274
>structures/IleRS_AF_Euk_Trypanosoma_brucei_brucei_TREU927_gene3663037.pdb
-0.948995  0.219131  0.226694    -9.341856
 0.252919  0.958391  0.132359     5.730935
-0.188257  0.182943 -0.964930    -4.928932
>structures/IleRS_AF_Euk_Ustilago_maydis_521_gene23568123.pdb
 0.958271  0.202248 -0.202022    -8.719366
-0.266967  0.885835 -0.379506     3.530695
 0.102204  0.417603  0.902863    -8.104125
>structures/IleRS_AF_Mito_Drosophila_melanogaster_gene39762.pdb
-0.057352  0.390228 -0.918930    -0.938415
-0.073929 -0.919578 -0.385889     6.796817
-0.995613  0.045804  0.081589    -6.662453
>structures/IleRS_AF_Mito_Homo_sapiens_gene55699.pdb
 0.980497 -0.162342 -0.110776    -5.391780
 0.161345  0.986734 -0.017967     2.198366
 0.112224 -0.000257  0.993683    -3.789552
>structures/IleRS_AF_Vir_Megavirus_chiliensis_gene11256744.pdb
 0.258067  0.799452 -0.542474    -5.948486
-0.669078 -0.257163 -0.697281     8.278533
-0.696947  0.542903  0.468531    -6.492082
>structures/IleRS_PDB_Bact_S_aureus_1QU2.pdb
 0.567282 -0.807723 -0.160546    62.816990
 0.634254  0.552868 -0.540425   -15.519188
 0.525274  0.204746  0.825933  -100.961074
>structures/IleRS_PDB_Bact_T_therm_1ILE.pdb
-0.130435  0.775042  0.618302     7.032032
 0.706215 -0.365081  0.606610    43.147858
 0.695878  0.515778 -0.499727    -4.047288
>structures/IleRS_PDB_Euk_S_cere_7D5C.pdb
 0.928594 -0.267700 -0.257002     2.774768
-0.370823 -0.642751 -0.670344    38.058003
 0.014263  0.717780 -0.696124    15.575553
