>structures/IleRS_AF_Arch_Candidatus_Korarchaeum_cryptofilum_OPF8_gene6094904.pdb
-0.966480  0.179238  0.183820    -4.428785
 0.248041  0.836664  0.488333     3.274293
-0.066268  0.517559 -0.853077    -2.498894
>structures/IleRS_AF_Arch_Candidatus_Nitrosopumilus_sediminis_gene13697091.pdb
 0.308728 -0.720952 -0.620416    -3.396973
 0.527845 -0.412754  0.742303     6.149424
-0.791243 -0.556653  0.253122     2.571155
>structures/IleRS_AF_Arch_Pyrobaculum_aerophilum_str_IM2_gene1465853.pdb
 0.948149 -0.195220 -0.250806    -6.811198
 0.265375  0.920527  0.286715    -1.838749
 0.174901 -0.338406  0.924603    -1.654982
>structures/IleRS_AF_Arch_Thermoplasma_acidophilum_DSM_1728_gene1456418.pdb
-0.858555 -0.500859 -0.109653    -5.287139
-0.243850  0.587009 -0.771983     5.344977
 0.451022 -0.636051 -0.626114    -2.714134
>structures/IleRS_AF_Bact_Chlamydia_muridarum_str_Nigg_gene1246458.pdb
 0.042321  0.140531  0.989171    -4.823974
 0.418529 -0.901497  0.110169     7.529638
 0.907217  0.409335 -0.096968    -3.007530
>structures/IleRS_AF_Bact_Lactobacillus_acidophilus_La-14_gene56942445.pdb
 0.998127 -0.061041  0.004155    -3.106828
 0.060868  0.997584  0.033492    -0.865111
-0.006189 -0.033177  0.999430     0.846339
>structures/IleRS_AF_Bact_Mycoplasma_hyopneumoniae_168-L_gene57100872.pdb
 0.999494  0.031396  0.005178    -0.174604
-0.031089  0.998194 -0.051395    -0.985935
-0.006782  0.051208  0.998665    -0.597978
>structures/IleRS_AF_Bact_Orientia_tsutsugamushi_str_Ikeda_gene66653313.pdb
-0.055450  0.588728 -0.806427    -2.439042
-0.472796 -0.726862 -0.498133     3.842749
-0.879426  0.353654  0.318652    -1.364031
>structures/IleRS_AF_Bact_Porphyromonas_gingivalis_ATCC_33277_gene29255747.pdb
 0.041804  0.585752 -0.809411     0.089337
-0.603060 -0.631113 -0.487868     5.774620
-0.796600  0.508519  0.326861    -5.281611
>structures/IleRS_AF_Bact_Streptobacillus_moniliformis_DSM_12112_gene29674186.pdb
 0.990054  0.089789  0.108306     4.441924
-0.092475  0.995514  0.020027    -3.070637
-0.106022 -0.029843  0.993916     2.480692
>structures/IleRS_AF_Bact_Thermus_thermophilus_HB8_gene3168241.pdb
-0.087689  0.344083  0.934836    -5.208609
 0.530344 -0.778269  0.336203     5.975587
 0.843236  0.525265 -0.114236    -4.280537
>structures/IleRS_AF_Bact_Treponema_pallidum_subsp_pertenue_str_SamoaD_gene57878975.pdb
-0.599766  0.654619  0.460168    -5.178996
 0.784205  0.366546  0.500666     3.949594
 0.159073  0.661149 -0.733197    -2.564349
>structures/IleRS_AF_Euk_Cyanidioschyzon_merolae_strain_10D_gene16992835.pdb
 0.147219 -0.408576  0.900773    -3.280952
-0.134850 -0.910484 -0.390941     1.019586
 0.979868 -0.063915 -0.189137    -0.355660
>structures/IleRS_AF_Euk_Homo_sapiens_gene3376.pdb
-0.457170  0.682722  0.569988    -4.245979
 0.647332 -0.184047  0.739654     6.037880
 0.609883  0.707119 -0.357807     0.288554
>structures/IleRS_AF_Euk_Ostreococcus_lucimarinus_CCE9901_gene5000489.pdb
-0.770756  0.587604  0.246288    -6.125858
 0.637056  0.704844  0.312017     3.913501
 0.009748  0.397388 -0.917599    -1.225088
>structures/IleRS_AF_Euk_Trypanosoma_brucei_brucei_TREU927_gene3663037.pdb
-0.904447  0.381036  0.191800    -5.396430
 0.407494  0.904720  0.124222     3.268876
-0.126192  0.190510 -0.973541    -1.543154
>structures/IleRS_AF_Euk_Ustilago_maydis_521_gene23568123.pdb
 0.916332  0.377139 -0.134541    -3.342740
-0.399413  0.837093 -0.373824     0.513159
-0.028360  0.396284  0.917690    -3.368457
>structures/IleRS_AF_Mito_Drosophila_melanogaster_gene39762.pdb
-0.165869  0.277683 -0.946245     3.870985
-0.057893 -0.960624 -0.271754     3.003982
-0.984447  0.009705  0.175414    -3.267174
>structures/IleRS_AF_Mito_Homo_sapiens_gene55699.pdb
 0.998704 -0.050797  0.003101    -0.620506
 0.050790  0.998707  0.002357    -0.591741
-0.003217 -0.002196  0.999992    -0.178889
>structures/IleRS_AF_Vir_Megavirus_chiliensis_gene11256744.pdb
 0.099659  0.779632 -0.618257    -1.356975
-0.658692 -0.414019 -0.628262     4.580334
-0.745783  0.469853  0.472277    -2.601453
>structures/IleRS_PDB_Bact_S_aureus_1QU2.pdb
 0.701341 -0.694901 -0.158851    54.623157
 0.533750  0.659652 -0.529122   -26.300618
 0.472474  0.286308  0.833544  -103.235140
>structures/IleRS_PDB_Bact_T_therm_1ILE.pdb
 0.033884  0.730319  0.682265    17.534637
 0.680478 -0.516841  0.519448    36.865954
 0.731985  0.446665 -0.514479     0.175641
>structures/IleRS_PDB_Euk_S_cere_7D5C.pdb
 0.851951 -0.322135 -0.412806    14.010880
-0.520583 -0.605900 -0.601563    33.019930
-0.056335  0.727402 -0.683895    18.227577
