>structures/IleRS_AF_Arch_Candidatus_Korarchaeum_cryptofilum_OPF8_gene6094904.pdb
-0.986707 -0.031685  0.159388    -9.865804
 0.055405  0.856451  0.513246     4.594806
-0.152771  0.515255 -0.843311    -5.915176
>structures/IleRS_AF_Arch_Candidatus_Nitrosopumilus_sediminis_gene13697091.pdb
 0.250283 -0.605028 -0.755843    -8.552336
 0.572349 -0.537206  0.619538     7.886386
-0.780881 -0.587666  0.211834    -0.132468
>structures/IleRS_AF_Arch_Pyrobaculum_aerophilum_str_IM2_gene1465853.pdb
 0.853886 -0.354229 -0.381314   -11.251764
 0.457267  0.860504  0.224587    -1.367353
 0.248567 -0.366134  0.896750    -4.985082
>structures/IleRS_AF_Arch_Thermoplasma_acidophilum_DSM_1728_gene1456418.pdb
-0.828297 -0.554491  0.080403   -10.548516
-0.399031  0.483059 -0.779377     6.525606
 0.393318 -0.677638 -0.621375    -5.773305
>structures/IleRS_AF_Bact_Chlamydia_muridarum_str_Nigg_gene1246458.pdb
-0.105252  0.277884  0.954831   -10.503477
 0.384977 -0.873911  0.296771     7.709471
 0.916905  0.398824 -0.014998    -5.357130
>structures/IleRS_AF_Bact_Lactobacillus_acidophilus_La-14_gene56942445.pdb
 0.969939 -0.184675 -0.158471    -9.814793
 0.183840  0.982752 -0.020039     0.071347
 0.159439 -0.009697  0.987160    -3.140642
>structures/IleRS_AF_Bact_Mycoplasma_hyopneumoniae_168-L_gene57100872.pdb
 0.984826 -0.114200 -0.130673    -6.285426
 0.097314  0.986854 -0.129030    -0.216450
 0.143690  0.114356  0.982993    -3.611952
>structures/IleRS_AF_Bact_Orientia_tsutsugamushi_str_Ikeda_gene66653313.pdb
 0.126409  0.691768 -0.710969    -8.468550
-0.480691 -0.584231 -0.653919     5.472547
-0.867731  0.424418  0.258674    -4.794241
>structures/IleRS_AF_Bact_Porphyromonas_gingivalis_ATCC_33277_gene29255747.pdb
 0.231533  0.653779 -0.720392    -5.874773
-0.558304 -0.517128 -0.648749     6.829642
-0.796673  0.552405  0.245276    -7.691251
>structures/IleRS_AF_Bact_Streptobacillus_moniliformis_DSM_12112_gene29674186.pdb
 0.997771 -0.052408 -0.041314    -2.083075
 0.051544  0.998435 -0.021708    -1.296314
 0.042387  0.019530  0.998910    -0.308664
>structures/IleRS_AF_Bact_Thermus_thermophilus_HB8_gene3168241.pdb
-0.248446  0.446781  0.859454   -10.643436
 0.510846 -0.693418  0.508141     7.364701
 0.822989  0.565295 -0.055959    -7.488230
>structures/IleRS_AF_Bact_Treponema_pallidum_subsp_pertenue_str_SamoaD_gene57878975.pdb
-0.757543  0.513200  0.403428   -10.676719
 0.643710  0.484589  0.592293     4.555549
 0.108468  0.708378 -0.697449    -5.534632
>structures/IleRS_AF_Euk_Cyanidioschyzon_merolae_strain_10D_gene16992835.pdb
 0.038034 -0.265869  0.963259    -9.314899
-0.188970 -0.948477 -0.254328     1.347852
 0.981246 -0.172354 -0.086316    -3.667659
>structures/IleRS_AF_Euk_Ostreococcus_lucimarinus_CCE9901_gene5000489.pdb
-0.880012  0.401555  0.253640   -11.609649
 0.472340  0.795858  0.378821     3.977518
-0.049744  0.453172 -0.890034    -4.179948
>structures/IleRS_AF_Euk_Trypanosoma_brucei_brucei_TREU927_gene3663037.pdb
-0.957177  0.178761  0.227721   -10.333313
 0.221773  0.958368  0.179857     3.760189
-0.186089  0.222657 -0.956972    -4.140159
>structures/IleRS_AF_Euk_Ustilago_maydis_521_gene23568123.pdb
 0.958469  0.188514 -0.214007    -9.501092
-0.266786  0.857886 -0.439154     1.576960
 0.100807  0.478010  0.872551    -7.369308
>structures/IleRS_AF_Mito_Drosophila_melanogaster_gene39762.pdb
 0.005861  0.421431 -0.906842    -3.395850
-0.037238 -0.906136 -0.421343     5.204299
-0.999289  0.036239  0.010383    -6.569699
>structures/IleRS_AF_Mito_Homo_sapiens_gene55699.pdb
 0.978248 -0.176554 -0.108906    -5.654020
 0.167225  0.981837 -0.089619    -0.321290
 0.122750  0.069458  0.990004    -2.733386
>structures/IleRS_AF_Vir_Megavirus_chiliensis_gene11256744.pdb
 0.284256  0.803016 -0.523798    -6.817232
-0.639880 -0.247950 -0.727375     6.898654
-0.713969  0.541929  0.443352    -5.858132
>structures/IleRS_PDB_Bact_S_aureus_1QU2.pdb
 0.516248 -0.830269 -0.210097    67.384115
 0.605151  0.527220 -0.596516   -10.377770
 0.606037  0.180810  0.774614   -96.574995
>structures/IleRS_PDB_Bact_T_therm_1ILE.pdb
-0.150830  0.784765  0.601161     5.298214
 0.683005 -0.356907  0.637277    42.186665
 0.714671  0.506717 -0.482166    -2.382115
>structures/IleRS_PDB_Euk_S_cere_7D5C.pdb
 0.940093 -0.242072 -0.240055     1.420588
-0.340910 -0.672474 -0.656932    36.224705
-0.002406  0.699414 -0.714713    17.260737
