>../../../../class2/lys//data/domains/Catalytic_domain/structures/LysRS-II_AF_Arch_Aciduliprofundum_boonei_T469_gene8827564.pdb
 0.842692  0.478975 -0.245874    -7.692409
-0.526183  0.635958 -0.564525     1.264983
-0.114028  0.605095  0.787945    -2.993203
>../../../../class2/lys//data/domains/Catalytic_domain/structures/LysRS-II_AF_Arch_Archaeoglobus_sulfaticallidus_PM70-1_gene15393615.pdb
 0.925003 -0.341807 -0.165942    -2.422564
 0.376298  0.884587  0.275511     1.176885
 0.052618 -0.317292  0.946867     1.236259
>../../../../class2/lys//data/domains/Catalytic_domain/structures/LysRS-II_AF_Arch_Candidatus_Woesearchaeota_archaeon_proteinMBS3172198.1.pdb
 0.422983 -0.724152 -0.544691    -3.844761
 0.841793  0.091555  0.531980     0.497136
-0.335365 -0.683536  0.648312    -0.772446
>../../../../class2/lys//data/domains/Catalytic_domain/structures/LysRS-II_AF_Arch_Thermogladius_calderae_1633_gene13013549.pdb
 0.486984  0.717138 -0.498558    -6.351409
-0.706642 -0.011980 -0.707470     2.710060
-0.513326  0.696829  0.500925    -3.774272
>../../../../class2/lys//data/domains/Catalytic_domain/structures/LysRS-II_AF_Bact_Chlamydia_muridarum_str_Nigg_gene1245697.pdb
 0.475033  0.693294 -0.541929    -7.876299
-0.734424 -0.026883 -0.678158     2.753469
-0.484731  0.720154  0.496402    -2.740066
>../../../../class2/lys//data/domains/Catalytic_domain/structures/LysRS-II_AF_Bact_Cupriavidus_taiwanensis_LMG_19424_gene29762375.pdb
 0.904713 -0.388758 -0.174248     0.372297
 0.425926  0.834109  0.350500     2.850610
 0.009082 -0.391318  0.920211     1.132763
>../../../../class2/lys//data/domains/Catalytic_domain/structures/LysRS-II_AF_Bact_Leuconostoc_gelidum_JB7_gene61037106.pdb
 0.961053 -0.228171 -0.155936    -4.231402
 0.275105  0.843680  0.461000     2.822797
 0.026373 -0.485944  0.873592    -3.067719
>../../../../class2/lys//data/domains/Catalytic_domain/structures/LysRS-II_AF_Bact_Mycobacterium_intracellulare_ATCC_13950_gene11907187.pdb
 0.962466 -0.253856 -0.096004    -0.015815
 0.269726  0.933940  0.234529     1.635714
 0.030125 -0.251621  0.967357     0.990715
>../../../../class2/lys//data/domains/Catalytic_domain/structures/LysRS-II_AF_Bact_Mycoplasma_hyopneumoniae_168-L_gene57101062.pdb
 0.945298 -0.234935 -0.226312    -5.687201
 0.313948  0.843625  0.435584     1.743804
 0.088588 -0.482807  0.871235    -4.308781
>../../../../class2/lys//data/domains/Catalytic_domain/structures/LysRS-II_AF_Bact_Porphyromonas_gingivalis_ATCC_33277_gene29256363.pdb
 0.819802  0.572116 -0.024674    -8.598228
-0.482063  0.666223 -0.569001     0.076867
-0.309096  0.478362  0.821967    -3.387092
>../../../../class2/lys//data/domains/Catalytic_domain/structures/LysRS-II_AF_Bact_Prochlorococcus_marinus_subsp_marinus_str_CCMP1375_gene54201108.pdb
 0.995740 -0.084692 -0.036456    -5.403923
 0.091325  0.960369  0.263348     2.979832
 0.012707 -0.265555  0.964012    -3.435082
>../../../../class2/lys//data/domains/Catalytic_domain/structures/LysRS-II_AF_Bact_Streptobacillus_moniliformis_DSM_12112_gene29673899.pdb
 1.000000  0.000000  0.000000     0.000000
 0.000000  1.000000  0.000000     0.000000
 0.000000  0.000000  1.000000     0.000000
>../../../../class2/lys//data/domains/Catalytic_domain/structures/LysRS-II_AF_Euk_Ostreococcus_tauri_gene9837657.pdb
 0.892398 -0.412046 -0.183969    -1.137931
 0.451242  0.817199  0.358561     1.973362
 0.002596 -0.402994  0.915199     2.121761
>../../../../class2/lys//data/domains/Catalytic_domain/structures/LysRS-II_AF_Euk_Solanum_lycopersicum_gene778357.pdb
-0.095251 -0.437465  0.894176    -3.679987
-0.639647 -0.661375 -0.391707     4.059215
 0.762744 -0.609268 -0.216827    -1.330026
>../../../../class2/lys//data/domains/Catalytic_domain/structures/LysRS-II_AF_Euk_Theileria_annulata_gene3864794.pdb
-0.438021 -0.692148  0.573645     0.163688
-0.787012 -0.013140 -0.616797     3.253721
 0.434453 -0.721636 -0.538973    -1.219715
>../../../../class2/lys//data/domains/Catalytic_domain/structures/LysRS-II_AF_Euk_Zootoca_vivipara_gene118086243.pdb
 0.214524 -0.455223 -0.864148    -5.024602
 0.759683 -0.478317  0.440562     6.263829
-0.613890 -0.750990  0.243215    -3.091119
>../../../../class2/lys//data/domains/Catalytic_domain/structures/LysRS-II_AF_Mito_Malus_domestica_gene103446975.pdb
 0.829283 -0.518223 -0.209128    -0.201167
 0.551422  0.698103  0.456713     3.591705
-0.090687 -0.494062  0.864684     1.510752
>../../../../class2/lys//data/domains/Catalytic_domain/structures/LysRS-II_AF_Mito_Scheffersomyces_stipitis_CBS_6054_gene4837999.pdb
 0.901689 -0.369994 -0.223745    -0.239757
 0.431889  0.745887  0.507075     4.314205
-0.020726 -0.553857  0.832354     1.531138
>../../../../class2/lys//data/domains/Catalytic_domain/structures/LysRS-II_PDB_Bact_G_stearothermophilus_3E9H.pdb
-0.251778  0.127056 -0.959408    49.843905
 0.963566  0.125377 -0.236266   -40.996089
 0.090269 -0.983940 -0.153994   -87.261645
>../../../../class2/sep//data/domains/Catalytic_domain/structures/SepRS_AF_Arch_Methanothrix_thermoacetophila_PT_gene4462697.pdb
 0.937949  0.004369  0.346745   -11.044121
 0.090922  0.961840 -0.258064    -2.889551
-0.334641  0.273578  0.901760     3.824243
>../../../../class2/sep//data/domains/Catalytic_domain/structures/SepRS_AF_Arch_unclassified_Candidatus_Bathyarchaeota_proteinUCD26266.1.pdb
-0.964370  0.212183  0.158015   -17.089681
 0.191088  0.145590  0.970716    -4.076909
 0.182964  0.966324 -0.180948    -2.828854
>../../../../class2/sep//data/domains/Catalytic_domain/structures/SepRS_AF_Arch_unclassified_Lokiarchaeota_proteinTFF69421.1.pdb
-0.320530 -0.947107  0.015758   -15.755243
-0.940383  0.316169 -0.125369    -8.690988
 0.113756 -0.055003 -0.991985    -2.787000
>../../../../class2/sep//data/domains/Catalytic_domain/structures/SepRS_AF_Arch_unclassified_Thermoprotei_proteinRLF12424.1.pdb
-0.058412  0.569932  0.819613   -16.799776
 0.325627 -0.765233  0.555324     0.002599
 0.943692  0.299326 -0.140887     0.157775
>../../../../class2/sep//data/domains/Catalytic_domain/structures/SepRS_PDB_Arch_2DU4_A_fulgidus.pdb
 0.816696  0.490754 -0.303592   -73.033270
 0.109955  0.384117  0.916714   -14.771786
 0.566496 -0.782058  0.259746    40.208179
>../../../../class2/sep//data/domains/Catalytic_domain/structures/SepRS_PDB_Arch_2ODR_M_maripadulis.pdb
 0.127582 -0.507862  0.851938   -41.135661
-0.828475  0.417680  0.373058    38.059592
-0.545299 -0.753405 -0.367463    58.689090
