>../../../../class2/asp2//data/domains/Catalytic_domain/structures/AspRS-E_AF_Euk_Caenorhabditis_elegans_gene176334.pdb
-0.038517  0.669438  0.741868    26.389845
-0.521201  0.619971 -0.586502    -4.649603
-0.852564 -0.409253  0.325032   -18.645974
>../../../../class2/asp2//data/domains/Catalytic_domain/structures/AspRS-E_AF_Euk_Cryptococcus_neoformans_var_neoformans_JEC21_gene3258977.pdb
-0.461294 -0.548083  0.697720    16.776589
 0.580242  0.408555  0.704558   -11.455094
-0.671214  0.729854  0.129557   -14.424267
>../../../../class2/asp2//data/domains/Catalytic_domain/structures/AspRS-E_AF_Euk_Thalassiosira_pseudonana_CCMP1335_gene7443135.pdb
 0.008265  0.568671  0.822523    25.968873
-0.451113  0.736214 -0.504466    -4.210694
-0.892429 -0.366881  0.262620   -20.876559
>../../../../class2/asp2//data/domains/Catalytic_domain/structures/AspRS-E_AF_Euk_Theileria_orientalis_strain_Shintoku_gene20715543.pdb
-0.068712  0.767375  0.637506    26.667809
-0.607005  0.474964 -0.637146    -4.208535
-0.791722 -0.430748  0.433165   -17.641087
>../../../../class2/asp2//data/domains/Catalytic_domain/structures/AspRS-E_PDB_Euk_S_cerevisiae_1EOV.pdb
 0.972642 -0.010208  0.232087    16.282326
 0.097496 -0.888861 -0.447684    31.991536
 0.210863  0.458063 -0.863548    20.133839
>../../../../class2/asp2//data/domains/Catalytic_domain/structures/AsxRS_AF_Arch_Candidatus_Korarchaeum_cryptofilum_OPF8_gene6094477.pdb
 0.044403  0.057091  0.997381    25.090973
-0.199716  0.978720 -0.047132    -3.786584
-0.978847 -0.197100  0.054860   -23.635706
>../../../../class2/asp2//data/domains/Catalytic_domain/structures/AsxRS_AF_Arch_Candidatus_Methanomassiliicoccus_intestinalis_Issoire-Mx1_gene16154831.pdb
 0.060979 -0.033395  0.997580    25.683738
-0.061859  0.997393  0.037170    -3.879153
-0.996220 -0.063976  0.058755   -22.241028
>../../../../class2/asp2//data/domains/Catalytic_domain/structures/AsxRS_AF_Arch_Candidatus_Nitrosopumilus_koreensis_AR1_gene13725312.pdb
 0.039071 -0.479733  0.876544    29.110003
 0.464712  0.785300  0.409081    -2.351186
-0.884599  0.391357  0.253621   -26.757795
>../../../../class2/asp2//data/domains/Catalytic_domain/structures/AsxRS_AF_Arch_Methanobacterium_lacus_gene10277817.pdb
-0.266487 -0.773453  0.575113    28.851491
 0.811706  0.141658  0.566628     0.268554
-0.519729  0.617822  0.590066   -25.020971
>../../../../class2/asp2//data/domains/Catalytic_domain/structures/AsxRS_AF_Bact_Clostridium_acetobutylicum_DSM_1731_gene45000055.pdb
-0.089155  0.631566  0.770179    24.882445
-0.516564  0.631816 -0.577902    -4.215514
-0.851594 -0.449370  0.269915   -21.343876
>../../../../class2/asp2//data/domains/Catalytic_domain/structures/AsxRS_AF_Bact_Spirochaetes_bacterium_GWE1_32_154_proteinOHD39701.1.pdb
-0.155335 -0.791441  0.591178    26.175774
 0.648089  0.370009  0.665638    -4.385815
-0.745554  0.486533  0.455449   -23.323387
>../../../../class2/asp2//data/domains/Catalytic_domain/structures/AsxRS_AF_Bact_Tropheryma_whipplei_TW08_27_gene67388547.pdb
 0.997606 -0.016899 -0.067062    26.004478
-0.023395 -0.994981 -0.097290    -4.035084
-0.065081  0.098626 -0.992994   -22.570900
>../../../../class2/asp2//data/domains/Catalytic_domain/structures/AsxRS_PDB_Arch_T_kodarensis_1b8a.pdb
-0.057684 -0.796934 -0.601305    56.976736
-0.966987  0.194350 -0.164815    31.984962
 0.248210  0.571947 -0.781836   -11.661026
>../../../../class2/asp2//data/domains/Catalytic_domain/structures/AsxRS_PDB_Bact_T_thermophilus_1n9w.pdb
-0.176665 -0.345037 -0.921813    89.307720
-0.973852 -0.074632  0.214573    16.293933
-0.142832  0.935617 -0.322830     5.608222
>../../../../class2/phe2//data/domains/Catalytic_domain/structures/PheRS-Bβ_AF_Bact_Brachyspira_pilosicoli_95_1000_gene56440382.pdb
 0.962182 -0.261895  0.074947     4.998746
 0.251462  0.959718  0.125330    -0.503377
-0.104752 -0.101744  0.989280    -0.323002
>../../../../class2/phe2//data/domains/Catalytic_domain/structures/PheRS-Bβ_AF_Bact_Chlamydia_psittaci_6BC_gene12242429.pdb
-0.069284  0.766178 -0.638883     5.051868
-0.639740 -0.525523 -0.560855     4.721522
-0.765462  0.369861  0.526565     0.184970
>../../../../class2/phe2//data/domains/Catalytic_domain/structures/PheRS-Bβ_AF_Bact_Ferrimonas_balearica_DSM_9799_gene67181907.pdb
-0.035831 -0.576421 -0.816367     6.073448
 0.548802 -0.694043  0.465963     2.308439
-0.835184 -0.431328  0.341209     2.778410
>../../../../class2/phe2//data/domains/Catalytic_domain/structures/PheRS-Bβ_AF_Bact_Lacticaseibacillus_paracasei_gene61269867.pdb
 1.000000  0.000000  0.000000     0.000000
 0.000000  1.000000  0.000000     0.000000
 0.000000  0.000000  1.000000     0.000000
>../../../../class2/phe2//data/domains/Catalytic_domain/structures/PheRS-Bβ_AF_Bact_Mycobacterium_intracellulare_ATCC_13950_gene11909688.pdb
-0.303173  0.040346 -0.952081     4.491055
-0.068584 -0.997436 -0.020429     2.502380
-0.950464  0.059104  0.305163     1.958725
>../../../../class2/phe2//data/domains/Catalytic_domain/structures/PheRS-Bβ_AF_Bact_Mycoplasma_hyopneumoniae_168-L_gene57101148.pdb
 0.783493  0.621224 -0.014789     3.410910
-0.592806  0.740092 -0.317560    -3.562769
-0.186331  0.257573  0.948123     8.162413
>../../../../class2/phe2//data/domains/Catalytic_domain/structures/PheRS-Bβ_AF_Bact_Porphyromonas_gingivalis_ATCC_33277_gene29257179.pdb
-0.528820 -0.845470 -0.074359     8.573718
-0.762556  0.511764 -0.395735    -0.884882
 0.372636 -0.152570 -0.915350     0.330918
>../../../../class2/phe2//data/domains/Catalytic_domain/structures/PheRS-Bβ_AF_Bact_Prochlorococcus_marinus_subsp_marinus_str_CCMP1375_gene54200309.pdb
 0.114016  0.699271 -0.705706     4.712756
-0.653455 -0.482271 -0.583448     4.444214
-0.748330  0.527669  0.401955     1.508144
>../../../../class2/phe2//data/domains/Catalytic_domain/structures/PheRS-Bβ_AF_Euk_Didymosphenia_geminata_gene19740299.pdb
 0.673881  0.735765  0.067342     7.936085
-0.578890  0.582432 -0.570666     1.797873
-0.459098  0.345577  0.818416    -1.102468
>../../../../class2/phe2//data/domains/Catalytic_domain/structures/PheRS-Bβ_AF_Euk_Gracilariopsis_tenuifrons_gene68635617.pdb
-0.654664  0.737427 -0.166185    15.324168
 0.206064  0.385614  0.899355    -6.005993
 0.727292  0.554530 -0.404404     2.659587
>../../../../class2/phe2//data/domains/Catalytic_domain/structures/PheRS-Bβ_PDB_Bact.B_E_coli_3PCO.pdb
-0.307828 -0.309140  0.899819   -43.610116
-0.938905  0.251727 -0.234716    -3.752153
-0.153948 -0.917097 -0.367741     6.216677
>../../../../class2/phe2//data/domains/Catalytic_domain/structures/PheRS-Bβ_PDB_Bact.B_T_thermophilus_1PYS.pdb
 0.828719 -0.141994 -0.541352    18.819018
-0.545759  0.009248 -0.837891    24.662028
 0.123982  0.989824 -0.069831   -63.829348
