>structures/TyrRS_AF_Arch_Candidatus_Korarchaeum_cryptofilum_OPF8_gene6094625.pdb
 0.220686 -0.867878 -0.445068     3.614957
-0.767405 -0.436146  0.469965    15.761177
-0.601987  0.237833 -0.762265   -28.161499
>structures/TyrRS_AF_Arch_Desulfurococcus_amylolyticus_1221n_gene7171652.pdb
 0.005182 -0.941239 -0.337702    11.143732
 0.899586 -0.143095  0.412637    -2.201263
-0.436713 -0.305931  0.845983   -33.426618
>structures/TyrRS_AF_Arch_Thermoplasma_acidophilum_DSM_1728_gene1456112.pdb
-0.393141 -0.744328  0.539829     7.360270
-0.502773 -0.317538 -0.803983     3.979297
 0.769844 -0.587490 -0.249391   -37.343395
>structures/TyrRS_AF_Bact_Bifidobacterium_animalis_subsp_lactis_BLC1_gene66533077.pdb
 1.000000  0.000000  0.000000     0.000000
 0.000000  1.000000  0.000000     0.000000
 0.000000  0.000000  1.000000     0.000000
>structures/TyrRS_AF_Bact_Brachyspira_pilosicoli_95_1000_gene56440491.pdb
 0.083243  0.338373  0.937323     3.026056
 0.931398  0.308047 -0.193922    40.511574
-0.354357  0.889163 -0.289517   -14.897813
>structures/TyrRS_AF_Bact_Chlamydia_psittaci_6BC_gene12242888.pdb
 0.689203  0.706835 -0.159324    -3.230593
-0.649502  0.700145  0.296554    25.217206
 0.321165 -0.100904  0.941632    -5.253116
>structures/TyrRS_AF_Bact_Lactococcus_lactis_subsp_cremoris_KW2_gene61108704.pdb
 0.983491 -0.171115  0.058859     3.437454
 0.165985  0.982615  0.083171    -0.577172
-0.072067 -0.072028  0.994796     3.393398
>structures/TyrRS_AF_Bact_Porphyromonas_gingivalis_ATCC_33277_gene29255602.pdb
-0.950347 -0.074749 -0.302080    -0.385155
-0.191566  0.905519  0.378599    -3.614439
 0.245239  0.417669 -0.874877     2.543367
>structures/TyrRS_AF_Bact_Prochlorococcus_marinus_subsp_marinus_str_CCMP1375_gene54200747.pdb
 0.760732  0.648522  0.026561    -2.986889
 0.134304 -0.197315  0.971097    26.479589
 0.635019 -0.735177 -0.237203   -28.069627
>structures/TyrRS_AF_Bact_Serratia_plymuthica_AS9_gene57666950.pdb
 0.553178 -0.672581 -0.491557    -2.321158
 0.806530  0.284654  0.518152     1.175812
-0.208576 -0.683086  0.699921    -3.780472
>structures/TyrRS_AF_Bact_Streptobacillus_moniliformis_DSM_12112_gene29673957.pdb
 0.771166  0.486170 -0.411025    -6.304781
 0.157265  0.480138  0.862980    26.587140
 0.616904 -0.730141  0.293809   -24.587295
>structures/TyrRS_AF_Euk_Cryptococcus_neoformans_var_neoformans_JEC21_gene3254328.pdb
 0.839251  0.532234 -0.111288    -2.437876
-0.511074  0.842002  0.172731    13.652041
 0.185638 -0.088088  0.978662    -2.573024
>structures/TyrRS_AF_Euk_Drosophila_melanogaster_gene39829.pdb
 0.324078 -0.398303  0.858096    27.704354
 0.192154  0.915855  0.352542    11.541370
-0.926310  0.050635  0.373344     5.367593
>structures/TyrRS_AF_Euk_Homo_sapiens_gene8565.pdb
-0.501811 -0.090350  0.860246    50.020389
 0.195320  0.957006  0.214449     9.298982
-0.842636  0.275637 -0.462590   -16.666738
>structures/TyrRS_AF_Euk_Plasmodium_falciparum_3D7_gene2655248.pdb
-0.159375  0.083313 -0.983696    29.984637
 0.404695 -0.903347 -0.142075    -6.311993
-0.900456 -0.420740  0.110255   -39.073999
>structures/TyrRS_AF_Euk_Seriola_dumerili_gene111223086.pdb
-0.916883  0.225018  0.329686    57.008608
-0.007329  0.816328 -0.577543   -12.145900
-0.399089 -0.531955 -0.746828   -40.647907
>structures/TyrRS_AF_Mito_Aspergillus_fumigatus_Af293_gene3509181.pdb
 0.955911 -0.193772  0.220649    19.698172
-0.128325  0.400205  0.907396    10.598627
-0.264133 -0.895705  0.357695    -3.536150
>structures/TyrRS_AF_Mito_Cyanidioschyzon_merolae_strain_10D_gene16996209.pdb
 0.976323 -0.210237  0.050937     3.168176
 0.201777  0.969957  0.135900    -0.137853
-0.077978 -0.122404  0.989412     4.627662
>structures/TyrRS_AF_Mito_Homo_sapiens_gene51067.pdb
 0.529055  0.810923 -0.250008     2.994828
-0.735299  0.291011 -0.612085    -0.793870
-0.423599  0.507657  0.750232     1.587844
>structures/TyrRS_AF_Vir_Megavirus_chiliensis_gene11257765.pdb
 0.819210  0.449571  0.356064    15.996348
-0.159036 -0.418430  0.894217    36.673643
 0.551002 -0.789178 -0.271284   -30.568168
>structures/TyrRS_PDB_Vir_Acanthamoeba_polyphaga_mimivirus_2J5B.pdb
 0.221149  0.975223  0.005837   -53.066023
 0.525471 -0.114114 -0.843124    14.483326
-0.821568  0.189523 -0.537687    25.026192
