>structures/TyrRS_AF_Arch_Candidatus_Korarchaeum_cryptofilum_OPF8_gene6094625.pdb
 0.999539 -0.029474  0.007310     0.358914
 0.029397  0.999513  0.010472     0.073348
-0.007615 -0.010253  0.999918     0.103338
>structures/TyrRS_AF_Arch_Desulfurococcus_amylolyticus_1221n_gene7171652.pdb
 0.661786 -0.645523 -0.381235    -1.265908
 0.743771  0.629121  0.225858    -0.654800
 0.094047 -0.433020  0.896464     0.117923
>structures/TyrRS_AF_Arch_Methanothermococcus_okinawensis_IH1_gene10772133.pdb
-0.111193  0.655660 -0.746824    -1.752155
 0.029291 -0.748996 -0.661927    -0.049509
-0.993367 -0.095477  0.064078     0.347041
>structures/TyrRS_AF_Arch_Thermoplasma_acidophilum_DSM_1728_gene1456112.pdb
-0.276095 -0.890152  0.362492     0.598366
-0.960734  0.244767 -0.130690    -4.378663
 0.027607 -0.384341 -0.922778     1.086151
>structures/TyrRS_AF_Bact_Bifidobacterium_animalis_subsp_lactis_BLC1_gene66533077.pdb
-0.156933 -0.370276  0.915570    41.728303
-0.619180  0.759122  0.200874    29.070402
-0.769408 -0.535379 -0.348399    -7.200315
>structures/TyrRS_AF_Bact_Brachyspira_pilosicoli_95_1000_gene56440491.pdb
-0.715359  0.625263 -0.311942    10.836515
 0.541675  0.214204 -0.812838    55.077516
-0.441418 -0.750442 -0.491922   -26.946120
>structures/TyrRS_AF_Bact_Chlamydia_psittaci_6BC_gene12242888.pdb
 0.447036 -0.410493  0.794767    28.117486
-0.849498  0.083490  0.520944    49.180073
-0.280199 -0.908034 -0.311390   -14.486811
>structures/TyrRS_AF_Bact_Lactococcus_lactis_subsp_cremoris_KW2_gene61108704.pdb
-0.291096 -0.424932  0.857144    44.519949
-0.482953  0.838674  0.251759    27.657037
-0.825844 -0.340675 -0.449357   -11.164829
>structures/TyrRS_AF_Bact_Porphyromonas_gingivalis_ATCC_33277_gene29255602.pdb
 0.445999  0.055808 -0.893292    45.515234
 0.479273  0.828013  0.291019    26.831175
 0.755898 -0.557925  0.342546    -5.636187
>structures/TyrRS_AF_Bact_Prochlorococcus_marinus_subsp_marinus_str_CCMP1375_gene54200747.pdb
 0.496999 -0.683546 -0.534562     6.026322
-0.207896 -0.691885  0.691429    44.704879
-0.842479 -0.232507 -0.485973    -7.373777
>structures/TyrRS_AF_Bact_Serratia_plymuthica_AS9_gene57666950.pdb
-0.571590 -0.630247  0.525428    38.123093
 0.235867  0.487117  0.840883    30.641722
-0.785908  0.604571 -0.129776    -4.303871
>structures/TyrRS_AF_Bact_Streptobacillus_moniliformis_DSM_12112_gene29673957.pdb
 0.445701 -0.895133  0.009340     9.292738
-0.227950 -0.103398  0.968167    48.295345
-0.865673 -0.433642 -0.250131    -7.498370
>structures/TyrRS_AF_Euk_Cryptococcus_neoformans_var_neoformans_JEC21_gene3254328.pdb
 0.234500 -0.455083  0.859017    34.733127
-0.857900  0.318703  0.403034    40.072644
-0.457185 -0.831461 -0.315680   -10.110459
>structures/TyrRS_AF_Euk_Drosophila_melanogaster_gene39829.pdb
-0.281489 -0.879584 -0.383531     0.736858
-0.599881 -0.150651  0.785778    -7.615423
-0.748937  0.451261 -0.485239    -7.259285
>structures/TyrRS_AF_Euk_Plasmodium_falciparum_3D7_gene2655248.pdb
 0.753719 -0.624234  0.205525    -1.223338
 0.619140  0.779332  0.096476    -0.842910
-0.220396  0.054533  0.973885     1.573967
>structures/TyrRS_AF_Euk_Seriola_dumerili_gene111223086.pdb
-0.189741  0.124441 -0.973916    -1.227890
-0.690438 -0.722158  0.042240    -8.094718
-0.698065  0.680443  0.222942    -8.347199
>structures/TyrRS_AF_Mito_Aspergillus_fumigatus_Af293_gene3509181.pdb
-0.367685 -0.929373  0.032756    32.609610
-0.696392  0.298514  0.652631    22.891687
-0.616316  0.217152 -0.756967   -25.392984
>structures/TyrRS_AF_Mito_Cyanidioschyzon_merolae_strain_10D_gene16996209.pdb
-0.242117 -0.429331  0.870089    45.120328
-0.441776  0.847199  0.295105    28.050717
-0.863836 -0.312935 -0.394790    -7.928112
>structures/TyrRS_AF_Vir_Megavirus_chiliensis_gene11257765.pdb
-0.057996  0.514449 -0.855557    -4.666631
-0.646653 -0.672272 -0.360404     1.987197
-0.760577  0.532347  0.371659     5.158572
>structures/TyrRS_PDB_Arch_M_jannashii_1U7D.pdb
-0.525326  0.333437  0.782849   -29.945199
 0.330922  0.927655 -0.173051   -43.314952
-0.783915  0.168154 -0.597663     5.118124
>structures/TyrRS_PDB_Vir_Acanthamoeba_polyphaga_mimivirus_2J5B.pdb
 0.904501 -0.387571 -0.177950   -13.040071
 0.122391 -0.163809  0.978870   -41.039238
-0.408531 -0.907169 -0.100730    93.918420
