>structures/TyrRS_AF_Arch_Candidatus_Korarchaeum_cryptofilum_OPF8_gene6094625.pdb
-0.377577 -0.581556 -0.720575     3.957031
 0.788858 -0.609531  0.078579     6.432842
-0.484911 -0.538762  0.688910   -12.032216
>structures/TyrRS_AF_Arch_Desulfurococcus_amylolyticus_1221n_gene7171652.pdb
-0.770224  0.013525 -0.637630    11.325373
 0.438016  0.737910 -0.513449    34.821668
 0.463569 -0.674764 -0.574280   -28.680707
>structures/TyrRS_AF_Bact_Bifidobacterium_animalis_subsp_lactis_BLC1_gene66533077.pdb
 0.749400  0.098400  0.654765    17.944105
 0.659699 -0.195409 -0.725681   -13.288146
 0.056540  0.975773 -0.211354   -31.929607
>structures/TyrRS_AF_Bact_Brachyspira_pilosicoli_95_1000_gene56440491.pdb
-0.081691  0.887145  0.454202    16.001197
 0.138556 -0.441191  0.886653    -8.185002
 0.986980  0.135364 -0.086878    11.134331
>structures/TyrRS_AF_Bact_Chlamydia_psittaci_6BC_gene12242888.pdb
 0.640801  0.526437  0.558782    16.334685
 0.350785  0.446653 -0.823074   -16.098892
-0.682879  0.723439  0.101550    -5.061852
>structures/TyrRS_AF_Bact_Lactococcus_lactis_subsp_cremoris_KW2_gene61108704.pdb
 0.639207 -0.088656  0.763908    26.445978
 0.736736 -0.214258 -0.641337   -13.185377
 0.220532  0.972745 -0.071640   -30.759453
>structures/TyrRS_AF_Bact_Porphyromonas_gingivalis_ATCC_33277_gene29255602.pdb
-0.534449  0.342143 -0.772853    20.840593
-0.803497 -0.489358  0.339000   -15.030463
-0.262215  0.802163  0.536448   -34.902635
>structures/TyrRS_AF_Bact_Prochlorococcus_marinus_subsp_marinus_str_CCMP1375_gene54200747.pdb
 0.999971  0.004075 -0.006448    -0.126465
-0.004028  0.999965  0.007333     0.318675
 0.006478 -0.007307  0.999952     0.182386
>structures/TyrRS_AF_Bact_Serratia_plymuthica_AS9_gene57666950.pdb
 0.341970 -0.929655  0.137106    14.162508
 0.376836  0.002010 -0.926278   -12.625750
 0.860843  0.368426  0.351015   -29.266439
>structures/TyrRS_AF_Bact_Streptobacillus_moniliformis_DSM_12112_gene29673957.pdb
 0.998469 -0.055038  0.005563     0.717123
 0.046897  0.788845 -0.612800    -4.233569
 0.029339  0.612122  0.790219     0.790449
>structures/TyrRS_AF_Euk_Cryptococcus_neoformans_var_neoformans_JEC21_gene3254328.pdb
 0.701711  0.421082  0.574710    15.797135
 0.514354  0.258761 -0.817608   -15.873786
-0.492993  0.869329 -0.035010   -17.743221
>structures/TyrRS_AF_Euk_Drosophila_melanogaster_gene39829.pdb
 0.956089  0.288025 -0.054172    26.196574
-0.057383  0.002710 -0.998349    11.645917
-0.287403  0.957619  0.019119    -3.720115
>structures/TyrRS_AF_Euk_Homo_sapiens_gene8565.pdb
 0.982764  0.158606 -0.094966    26.015242
-0.146591  0.355635 -0.923057    10.966774
-0.112630  0.921069  0.372755     0.209605
>structures/TyrRS_AF_Euk_Plasmodium_falciparum_3D7_gene2655248.pdb
-0.601324 -0.363159 -0.711706    12.669364
 0.479558  0.548424 -0.685022    35.983552
 0.639088 -0.753224 -0.155625   -28.193421
>structures/TyrRS_AF_Euk_Saccharomyces_cerevisiae_S288C_gene853097.pdb
-0.769926 -0.169172 -0.615301    14.580142
-0.193334 -0.857063  0.477561    11.650343
-0.608141  0.486645  0.627169     6.037437
>structures/TyrRS_AF_Euk_Seriola_dumerili_gene111223086.pdb
 0.949484  0.038360  0.311463    27.953431
 0.043581  0.966766 -0.251923    10.920079
-0.310775  0.252770  0.916256    -1.437789
>structures/TyrRS_AF_Mito_Aspergillus_fumigatus_Af293_gene3509181.pdb
 0.498818 -0.696869  0.515319    32.131074
 0.866707  0.401245 -0.296347     1.044598
-0.000254  0.594454  0.804130   -20.721743
>structures/TyrRS_AF_Mito_Cyanidioschyzon_merolae_strain_10D_gene16996209.pdb
 0.684963 -0.122958  0.718127    24.238463
 0.683869 -0.231458 -0.691918   -14.450972
 0.251293  0.965043 -0.074453   -32.528834
>structures/TyrRS_AF_Mito_Homo_sapiens_gene51067.pdb
 0.049642  0.965029  0.257400    21.670516
 0.765800  0.128665 -0.630076   -13.291422
-0.641160  0.228396 -0.732632   -30.760229
>structures/TyrRS_AF_Vir_Megavirus_chiliensis_gene11257765.pdb
 0.894492 -0.238758  0.377993    12.871665
 0.440970  0.610504 -0.657899     2.095376
-0.073687  0.755169  0.651376   -12.916968
>structures/TyrRS_PDB_Vir_Acanthamoeba_polyphaga_mimivirus_2J5B.pdb
-0.208298  0.840819 -0.499635    -9.012463
 0.627649  0.506694  0.591031   -68.483665
 0.750112 -0.190485 -0.633283   -26.267706
