>structures/LysRS-I_AF_Arch_Candidatus_Bathyarchaeota_archaeon_proteinRJS75864.1.pdb
-0.968464  0.091343  0.231806    -0.927145
 0.164004  0.934099  0.317115    -7.496874
-0.187563  0.345132 -0.919622     2.508457
>structures/LysRS-I_AF_Arch_Candidatus_Nitrosopumilus_koreensis_AR1_gene13726042.pdb
-0.059114 -0.254498  0.965265    -3.026960
-0.116061 -0.958646 -0.259861    -3.382642
 0.991481 -0.127391  0.027132     3.188095
>structures/LysRS-I_AF_Arch_Ferroplasma_acidarmanus_Fer1_gene16025146.pdb
-0.962640  0.152656  0.223652    -2.421840
 0.234789  0.882025  0.408542    -5.283437
-0.134900  0.445789 -0.884915    -0.023293
>structures/LysRS-I_AF_Arch_Halorubrum_lacusprofundi_ATCC_49239_gene7400505.pdb
 0.619221  0.648995 -0.442008     1.333068
-0.707978  0.217994 -0.671748    -9.884920
-0.339606  0.728892  0.594461     1.441857
>structures/LysRS-I_AF_Bact_Cereibacter_sphaeroides_KD131_gene67447319.pdb
 0.999970 -0.006071  0.004820    -0.212756
 0.006096  0.999968 -0.005259     0.236803
-0.004788  0.005288  0.999975     0.070678
>structures/LysRS-I_AF_Bact_Cyanobacteria_bacterium_J007_proteinRMH73500.1.pdb
-0.956522 -0.203034  0.209389    -0.720759
-0.235470  0.961210 -0.143628    -8.389146
-0.172106 -0.186688 -0.967227     2.450175
>structures/LysRS-I_AF_Bact_Streptomyces_albidoflavus_gene15147364.pdb
-0.275601 -0.287486  0.917276     1.600646
-0.034420 -0.950669 -0.308293    -5.996733
 0.960656 -0.116538  0.252110     1.999653
>structures/LysRS-I_AF_Bact_Treponema_denticola_ATCC_35405_gene2739918.pdb
-0.372704 -0.207764  0.904393     1.911591
-0.121097 -0.955389 -0.269384    -4.514132
 0.920015 -0.209920  0.330918     3.100224
>structures/LysRS-I_PDB_Arch_P_hori_1IRX.pdb
-0.536158  0.590379 -0.603313    45.465649
-0.785250 -0.611070  0.099873    45.742492
-0.309704  0.527300  0.791226   -59.779665
