>../../../../class2/ala//data/domains/Catalytic_domain/structures/AlaRS_AF_Arch_Candidatus_Korarchaeum_cryptofilum_OPF8_gene6094822.pdb
-0.751204 -0.218955 -0.622697   -13.280660
-0.104152  0.970881 -0.215739   -19.842117
 0.651801 -0.097209 -0.752134     9.050832
>../../../../class2/ala//data/domains/Catalytic_domain/structures/AlaRS_AF_Arch_Candidatus_Nitrosopumilus_koreensis_AR1_gene13725795.pdb
 0.703001 -0.000925  0.711188    -8.722054
-0.416286 -0.811323  0.410439   -16.019585
 0.576624 -0.584597 -0.570746     9.519909
>../../../../class2/ala//data/domains/Catalytic_domain/structures/AlaRS_AF_Arch_Sulfolobus_islandicus_YG5714_gene7807284.pdb
-0.715911  0.541639 -0.440565   -14.510403
 0.695079  0.493396 -0.522901   -16.706300
-0.065851 -0.680579 -0.729710     7.356281
>../../../../class2/ala//data/domains/Catalytic_domain/structures/AlaRS_AF_Arch_Thermoplasma_acidophilum_DSM_1728_gene1456391.pdb
 0.686103  0.006619  0.727475   -10.353197
-0.414748 -0.817984  0.398604   -16.990632
 0.597701 -0.575202 -0.558476     9.919743
>../../../../class2/ala//data/domains/Catalytic_domain/structures/AlaRS_AF_Bact_Brucella_melitensis_bv_1_str_16M_gene29593597.pdb
 0.617621  0.675043  0.403559    -2.742808
 0.055909 -0.549510  0.833614   -20.168558
 0.784486 -0.492295 -0.377130    14.196969
>../../../../class2/ala//data/domains/Catalytic_domain/structures/AlaRS_AF_Bact_Chlamydia_psittaci_6BC_gene12242512.pdb
 0.475292 -0.711196  0.517974    -6.829580
 0.784320  0.075725 -0.615718   -20.313386
 0.398672  0.698903  0.593797     9.416955
>../../../../class2/ala//data/domains/Catalytic_domain/structures/AlaRS_AF_Bact_Lactobacillus_acidophilus_La-14_gene56942022.pdb
 0.320005  0.788486  0.525249    -5.577298
 0.786275  0.088269 -0.611539   -21.052374
-0.528553  0.608686 -0.591721     1.142545
>../../../../class2/ala//data/domains/Catalytic_domain/structures/AlaRS_AF_Bact_Nocardia_farcinica_IFM_10152_gene61134339.pdb
 0.541233  0.058404  0.838842    -6.470747
 0.823732  0.163571 -0.542873   -21.418495
-0.168916  0.984801  0.040421     7.836933
>../../../../class2/ala//data/domains/Catalytic_domain/structures/AlaRS_AF_Bact_Porphyromonas_gingivalis_ATCC_33277_gene29256567.pdb
 0.537449 -0.543545  0.644754    -7.798934
 0.804733  0.102008 -0.584808   -19.633029
 0.252099  0.833159  0.492232     8.628302
>../../../../class2/ala//data/domains/Catalytic_domain/structures/AlaRS_AF_Bact_Prochlorococcus_marinus_subsp_marinus_str_CCMP1375_gene54199407.pdb
 0.424137 -0.905445  0.016652    -7.387998
-0.150359 -0.052276  0.987248   -23.119275
-0.893028 -0.421233 -0.158314     8.384367
>../../../../class2/ala//data/domains/Catalytic_domain/structures/AlaRS_AF_Bact_Streptobacillus_moniliformis_DSM_12112_gene29672963.pdb
 0.370828 -0.807220  0.459219    -6.826635
 0.761102 -0.019197 -0.648348   -23.545341
 0.532175  0.589939  0.607258     6.071827
>../../../../class2/ala//data/domains/Catalytic_domain/structures/AlaRS_AF_Bact_Treponema_pallidum_subsp_pertenue_str_SamoaD_gene57879528.pdb
-0.862449 -0.213550 -0.458888    -9.729793
 0.423988  0.190351 -0.885438    -8.910463
 0.276436 -0.958208 -0.073625     2.174525
>../../../../class2/ala//data/domains/Catalytic_domain/structures/AlaRS_AF_Euk_Cyanidioschyzon_merolae_strain_10D_gene16993235.pdb
-0.732586  0.204125 -0.649347   -14.166321
 0.680145  0.257166 -0.686490   -24.294834
 0.026860 -0.944563 -0.327230     6.195859
>../../../../class2/ala//data/domains/Catalytic_domain/structures/AlaRS_AF_Euk_Marasmius_oreades_gene66078979.pdb
 0.674789  0.168471  0.718524   -10.441018
-0.236269 -0.873041  0.426587   -22.666083
 0.699169 -0.457621 -0.549314     6.539586
>../../../../class2/ala//data/domains/Catalytic_domain/structures/AlaRS_AF_Euk_Plasmodium_berghei_ANKA_gene55150801.pdb
 0.717910 -0.041378  0.694905    -4.699295
 0.684672 -0.138443 -0.715582   -20.616622
 0.125814  0.989506 -0.071059     6.187410
>../../../../class2/ala//data/domains/Catalytic_domain/structures/AlaRS_AF_Euk_Saccharomyces_cerevisiae_S288C_gene854513.pdb
 0.638866 -0.164778  0.751464   -12.208125
-0.683105 -0.570796  0.455588   -19.388442
 0.353862 -0.804388 -0.477223    10.004687
>../../../../class2/ala//data/domains/Catalytic_domain/structures/AlaRS_PDB_Bact_E_coli_3HXV.pdb
-0.943603 -0.230191  0.237963    13.313761
-0.083058  0.860346  0.502897   -46.848709
-0.320493  0.454770 -0.830944     9.271373
>../../../../class2/phe3//data/domains/Catalytic_domain/structures/PheRS-Aα_AF_Arch_Candidatus_Nitrosopumilus_koreensis_AR1_gene13724458.pdb
-0.359569 -0.905261  0.226302    -8.901718
-0.932733  0.355662 -0.059276     5.606678
-0.026827 -0.232393 -0.972252     8.207789
>../../../../class2/phe3//data/domains/Catalytic_domain/structures/PheRS-Aα_AF_Arch_Haloterrigena_turkmenica_DSM_5511_gene8744248.pdb
 0.213302 -0.204565  0.955330    -1.501100
-0.220381 -0.962706 -0.156939     1.101113
 0.951806 -0.177062 -0.250430    -0.089360
>../../../../class2/phe3//data/domains/Catalytic_domain/structures/PheRS-Aα_AF_Arch_Thermoplasma_volcanium_GSS1_gene1441177.pdb
 1.000000  0.000000  0.000000     0.000000
 0.000000  1.000000  0.000000     0.000000
 0.000000  0.000000  1.000000     0.000000
>../../../../class2/phe3//data/domains/Catalytic_domain/structures/PheRS-Aα_AF_Arch_Thermosphaera_aggregans_DSM_11486_gene9165306.pdb
-0.467632 -0.854597  0.225798     1.342572
-0.794706  0.294644 -0.530686    -1.937775
 0.386992 -0.427609 -0.816938    -5.786715
>../../../../class2/phe3//data/domains/Catalytic_domain/structures/PheRS-Aα_AF_Euk_Cyanidioschyzon_merolae_strain_10D_gene16993638.pdb
 0.320509 -0.758867 -0.566917     0.580243
 0.867932 -0.004462  0.496662     9.454462
-0.379431 -0.651230  0.657215    -2.989146
>../../../../class2/phe3//data/domains/Catalytic_domain/structures/PheRS-Aα_AF_Euk_Megalobrama_amblycephala_gene125266654.pdb
 0.413253  0.897588 -0.153485    -1.472352
-0.639409  0.166014 -0.750730    -0.659500
-0.648366  0.408381  0.642531    -7.268634
>../../../../class2/phe3//data/domains/Catalytic_domain/structures/PheRS-Aα_AF_Euk_Plasmodium_falciparum_3D7_gene813233.pdb
-0.948805  0.257842 -0.182446    -5.289407
 0.118516  0.826022  0.551037     4.875598
 0.292785  0.501204 -0.814292    -9.619241
>../../../../class2/phe3//data/domains/Catalytic_domain/structures/PheRS-Aα_AF_Euk_Schizosaccharomyces_pombe_gene2543647.pdb
 0.012058  0.636056  0.771549    -1.198164
 0.485063 -0.678458  0.551732     8.519452
 0.874396  0.367597 -0.316708    -3.202188
>../../../../class2/phe3//data/domains/Catalytic_domain/structures/PheRS-Aα_PDB_Euk.B_H_sapiens_3L4G.C.pdb
 0.133697  0.568984  0.811407   -45.993237
-0.580682 -0.618506  0.529396   113.705011
 0.803078 -0.541948  0.247707    41.039217
