>../../../../class2/ala//data/domains/Catalytic_domain/structures/AlaRS_AF_Arch_Candidatus_Korarchaeum_cryptofilum_OPF8_gene6094822.pdb
-0.084276 -0.609464 -0.788322    -1.427414
-0.303876 -0.737731  0.602837     2.655817
-0.948977  0.290357 -0.123028    -3.024669
>../../../../class2/ala//data/domains/Catalytic_domain/structures/AlaRS_AF_Arch_Candidatus_Nitrosopumilus_koreensis_AR1_gene13725795.pdb
 0.999441 -0.008828 -0.032231     0.472608
 0.008597  0.999937 -0.007281    -0.612508
 0.032293  0.007000  0.999454     1.943045
>../../../../class2/ala//data/domains/Catalytic_domain/structures/AlaRS_AF_Arch_Sulfolobus_islandicus_YG5714_gene7807284.pdb
-0.820294 -0.232826 -0.522408    -4.685147
-0.536100 -0.005262  0.844138     1.116404
-0.199286  0.972504 -0.120502    -1.605511
>../../../../class2/ala//data/domains/Catalytic_domain/structures/AlaRS_AF_Arch_Thermoplasma_acidophilum_DSM_1728_gene1456391.pdb
 1.000000  0.000000  0.000000     0.000000
 0.000000  1.000000  0.000000     0.000000
 0.000000  0.000000  1.000000     0.000000
>../../../../class2/ala//data/domains/Catalytic_domain/structures/AlaRS_AF_Bact_Brucella_melitensis_bv_1_str_16M_gene29593597.pdb
 0.867989  0.399077 -0.295522     9.016252
-0.495676  0.732248 -0.467031     0.307259
 0.030014  0.551861  0.833396     1.889064
>../../../../class2/ala//data/domains/Catalytic_domain/structures/AlaRS_AF_Bact_Chlamydia_psittaci_6BC_gene12242512.pdb
 0.224269 -0.102984  0.969070     3.715742
-0.872164 -0.464857  0.152441     2.882831
 0.434780 -0.879376 -0.194072     1.581859
>../../../../class2/ala//data/domains/Catalytic_domain/structures/AlaRS_AF_Bact_Lactobacillus_acidophilus_La-14_gene56942022.pdb
-0.412765  0.865994  0.282275    -0.120438
-0.340612 -0.434178  0.833950     8.338638
 0.844753  0.248079  0.474182     6.707190
>../../../../class2/ala//data/domains/Catalytic_domain/structures/AlaRS_AF_Bact_Nocardia_farcinica_IFM_10152_gene61134339.pdb
-0.083292  0.556563  0.826620     3.448278
-0.576214 -0.703672  0.415721     4.754423
 0.813044 -0.441683  0.379309     2.288552
>../../../../class2/ala//data/domains/Catalytic_domain/structures/AlaRS_AF_Bact_Porphyromonas_gingivalis_ATCC_33277_gene29256567.pdb
 0.191192  0.078982  0.978370     1.772355
-0.803726 -0.559575  0.202236     2.963651
 0.563445 -0.825007 -0.043506     1.591256
>../../../../class2/ala//data/domains/Catalytic_domain/structures/AlaRS_AF_Bact_Prochlorococcus_marinus_subsp_marinus_str_CCMP1375_gene54199407.pdb
-0.170988 -0.846302 -0.504515     3.911227
 0.637166  0.295593 -0.711790     5.786461
 0.751520 -0.443168  0.488692     0.664617
>../../../../class2/ala//data/domains/Catalytic_domain/structures/AlaRS_AF_Bact_Streptobacillus_moniliformis_DSM_12112_gene29672963.pdb
 0.249964 -0.204828  0.946342     2.940169
-0.931039 -0.319212  0.176832     7.550967
 0.265864 -0.925283 -0.270494     2.105550
>../../../../class2/ala//data/domains/Catalytic_domain/structures/AlaRS_AF_Bact_Treponema_pallidum_subsp_pertenue_str_SamoaD_gene57879528.pdb
-0.601063 -0.798909  0.021627    -7.422730
-0.504762  0.400462  0.764752    -2.053470
-0.619628  0.448747 -0.643962     8.004233
>../../../../class2/ala//data/domains/Catalytic_domain/structures/AlaRS_AF_Euk_Cyanidioschyzon_merolae_strain_10D_gene16993235.pdb
-0.775007 -0.521343 -0.357163    -1.860698
-0.567693  0.326038  0.755926     8.210802
-0.277648  0.788607 -0.548645    -3.454799
>../../../../class2/ala//data/domains/Catalytic_domain/structures/AlaRS_AF_Euk_Marasmius_oreades_gene66078979.pdb
 0.979889  0.198683 -0.018527     0.090871
-0.199228  0.979336 -0.034774     6.734470
 0.011236  0.037765  0.999223    -0.197917
>../../../../class2/ala//data/domains/Catalytic_domain/structures/AlaRS_AF_Euk_Plasmodium_berghei_ANKA_gene55150801.pdb
 0.270598  0.621792  0.734950     3.345288
-0.639155 -0.454856  0.620151     5.110473
 0.719901 -0.637558  0.274338     5.227129
>../../../../class2/ala//data/domains/Catalytic_domain/structures/AlaRS_AF_Euk_Saccharomyces_cerevisiae_S288C_gene854513.pdb
 0.929005 -0.368254  0.036582    -0.507535
 0.370064  0.924098 -0.095372     2.067384
 0.001316  0.102139  0.994769    -2.238964
>../../../../class2/ala//data/domains/Catalytic_domain/structures/AlaRS_PDB_Bact_E_coli_3HXV.pdb
-0.810987 -0.264245 -0.521991    28.807305
 0.264594 -0.961392  0.075597    24.242745
-0.521815 -0.076808  0.849594     4.884586
>../../../../class2/sep//data/domains/Catalytic_domain/structures/SepRS_AF_Arch_Methanothrix_thermoacetophila_PT_gene4462697.pdb
-0.618600  0.639674 -0.456235    -8.032844
-0.557691 -0.766500 -0.318526    -4.923847
-0.553457  0.057398  0.830898    27.477735
>../../../../class2/sep//data/domains/Catalytic_domain/structures/SepRS_AF_Arch_unclassified_Candidatus_Bathyarchaeota_proteinUCD26266.1.pdb
 0.832278 -0.078213  0.548814    -4.299482
 0.423109 -0.550029 -0.720032     1.643338
 0.358179  0.831475 -0.424684    23.047657
>../../../../class2/sep//data/domains/Catalytic_domain/structures/SepRS_AF_Arch_unclassified_Lokiarchaeota_proteinTFF69421.1.pdb
-0.408792  0.909394 -0.076761    -8.367831
 0.827964  0.404934  0.387949     4.144224
 0.383881  0.095035 -0.918479    23.521976
>../../../../class2/sep//data/domains/Catalytic_domain/structures/SepRS_AF_Arch_unclassified_Thermoprotei_proteinRLF12424.1.pdb
 0.233771 -0.949027 -0.211421    -1.971158
-0.489052  0.073166 -0.869181    -2.228193
 0.840345  0.306585 -0.447019    24.931719
>../../../../class2/sep//data/domains/Catalytic_domain/structures/SepRS_PDB_Arch_2DU4_A_fulgidus.pdb
-0.549989 -0.076410  0.831669    28.563270
-0.772812 -0.331006 -0.541477    30.912545
 0.316662 -0.940530  0.122999    79.497277
>../../../../class2/sep//data/domains/Catalytic_domain/structures/SepRS_PDB_Arch_2ODR_M_maripadulis.pdb
-0.631988  0.680124 -0.371513    40.233137
 0.679939  0.256599 -0.686906   -32.162157
-0.371851 -0.686723 -0.624611    77.883709
