>../../../../class2/asn//data/domains/Catalytic_domain/structures/AsnRS_AF_Arch_Candidatus_Korarchaeum_cryptofilum_OPF8_gene6094562.pdb
-0.612069  0.705974  0.356332    -1.429595
 0.751450  0.378844  0.540185     1.620628
 0.246362  0.598397 -0.762383    -1.556390
>../../../../class2/asn//data/domains/Catalytic_domain/structures/AsnRS_AF_Arch_Candidatus_Nitrososphaera_gargensis_Ga92_gene13796664.pdb
 1.000000  0.000000  0.000000     0.000000
 0.000000  1.000000  0.000000     0.000000
 0.000000  0.000000  1.000000     0.000000
>../../../../class2/asn//data/domains/Catalytic_domain/structures/AsnRS_AF_Arch_Ferroplasma_acidarmanus_Fer1_gene16025664.pdb
 0.299446 -0.742270 -0.599473     1.978789
 0.624249 -0.322742  0.711443     8.854215
-0.721558 -0.587259  0.366717    -0.357987
>../../../../class2/asn//data/domains/Catalytic_domain/structures/AsnRS_AF_Arch_Pyrococcus_sp_ST04_gene13021535.pdb
 0.352474 -0.721671 -0.595780     2.564803
 0.664718 -0.255055  0.702209     8.051836
-0.658720 -0.643536  0.389807     0.128140
>../../../../class2/asn//data/domains/Catalytic_domain/structures/AsnRS_AF_Bact_Clostridium_acetobutylicum_DSM_1731_gene44999755.pdb
 0.995396  0.082355 -0.049036    -1.913400
-0.079994  0.995624  0.048312    -0.021525
 0.052800 -0.044167  0.997628    -0.114576
>../../../../class2/asn//data/domains/Catalytic_domain/structures/AsnRS_AF_Bact_Mycoplasma_hyopneumoniae_168-L_gene57101291.pdb
 0.598521 -0.686852 -0.412320     3.930407
 0.658811  0.129180  0.741134     7.490652
-0.455786 -0.715225  0.529822     0.462349
>../../../../class2/asn//data/domains/Catalytic_domain/structures/AsnRS_AF_Bact_Porphyromonas_gingivalis_ATCC_33277_gene29256423.pdb
 0.470229 -0.674270 -0.569425     2.439849
 0.644864 -0.177987  0.743284     6.351356
-0.602524 -0.716715  0.351118    -0.355803
>../../../../class2/asn//data/domains/Catalytic_domain/structures/AsnRS_AF_Bact_Streptobacillus_moniliformis_DSM_12112_gene29673200.pdb
 0.983692  0.175922 -0.037429    -1.471761
-0.175070  0.984239  0.024971     0.002570
 0.041232 -0.018011  0.998987    -0.231005
>../../../../class2/asn//data/domains/Catalytic_domain/structures/AsnRS_AF_Bact_Thermus_thermophilus_HB8_gene3168522.pdb
 0.657991 -0.694234 -0.291698     4.434458
 0.609522  0.263548  0.747680     7.518077
-0.442188 -0.669763  0.596563     1.210421
>../../../../class2/asn//data/domains/Catalytic_domain/structures/AsnRS_AF_Bact_Treponema_pallidum_subsp_pertenue_str_SamoaD_gene57879132.pdb
 0.999857 -0.004869 -0.016194    -1.084614
 0.006161  0.996722  0.080667    -0.582616
 0.015748 -0.080755  0.996610    -0.059014
>../../../../class2/asn//data/domains/Catalytic_domain/structures/AsnRS_AF_Bact_unclassified_Blastocatellia_proteinRPI49177.1.pdb
 0.804001 -0.571392 -0.164598     4.555657
 0.517424  0.535876  0.667165     5.643712
-0.293009 -0.621569  0.726497     1.831351
>../../../../class2/asn//data/domains/Catalytic_domain/structures/AsnRS_AF_Euk_Candida_albicans_SC5314_gene3646227.pdb
 0.382278 -0.767885 -0.514019     1.260936
 0.741603 -0.076903  0.666417     7.142550
-0.551261 -0.635955  0.540067     4.542839
>../../../../class2/asn//data/domains/Catalytic_domain/structures/AsnRS_AF_Euk_Cryptococcus_gattii_WM276_gene10190222.pdb
 0.357769 -0.785833 -0.504448    -0.025381
 0.814734 -0.001284  0.579833     4.908056
-0.456300 -0.618437  0.639786     6.795474
>../../../../class2/asn//data/domains/Catalytic_domain/structures/AsnRS_AF_Euk_Encephalitozoon_intestinalis_ATCC_50506_gene9698489.pdb
 0.386752 -0.634372 -0.669324     1.743618
 0.645892 -0.331709  0.687599     7.989392
-0.658214 -0.698242  0.281447    -1.209206
>../../../../class2/asn//data/domains/Catalytic_domain/structures/AsnRS_AF_Euk_Vitis_vinifera_gene100257593.pdb
 0.965952  0.228743  0.120885    -1.996264
-0.248506  0.950305  0.187526    -3.029679
-0.071982 -0.211182  0.974793    -1.896510
>../../../../class2/asn//data/domains/Catalytic_domain/structures/AsnRS_AF_Mito_Homo_sapiens_gene79731.pdb
-0.320008  0.553578  0.768860    -0.118603
 0.788196 -0.294730  0.540261     2.488383
 0.525682  0.778901 -0.342012     1.075009
>../../../../class2/asn//data/domains/Catalytic_domain/structures/AsnRS_AF_Mito_Zeugodacus_cucurbitae_gene105213230.pdb
-0.425773 -0.794327  0.433315     0.613548
-0.632324 -0.081338 -0.770423    -1.876606
 0.647213 -0.602020 -0.467640     2.562076
>../../../../class2/asn//data/domains/Catalytic_domain/structures/AsnRS_PDB_Arch_P_horikoshii_1X54.pdb
 0.765954  0.452608  0.456575   -10.033166
 0.421866 -0.889748  0.174291     2.164958
 0.485123  0.059115 -0.872446    29.458153
>../../../../class2/asn//data/domains/Catalytic_domain/structures/AsnRS_PDB_Bact_E_anophelis_6pqh.pdb
 0.781678  0.449112 -0.432756   -14.422851
-0.597475  0.340208 -0.726141   -47.151306
-0.178891  0.826170  0.534267    28.404745
>../../../../class2/phe1//data/domains/Catalytic_domain/structures/PheRS-Bα_AF_Bact_Brachyspira_pilosicoli_95_1000_gene56440383.pdb
-0.982508 -0.053347  0.178416    -2.002321
 0.118075  0.562411  0.818384    -2.243089
-0.144001  0.825135 -0.546274    -3.220837
>../../../../class2/phe1//data/domains/Catalytic_domain/structures/PheRS-Bα_AF_Bact_Chlamydia_psittaci_6BC_gene12243227.pdb
-0.537391  0.230145  0.811323    -3.674184
 0.674633 -0.459960  0.577328     0.390892
 0.506045  0.857596  0.091915    -4.547587
>../../../../class2/phe1//data/domains/Catalytic_domain/structures/PheRS-Bα_AF_Bact_Ferrimonas_balearica_DSM_9799_gene67181906.pdb
 0.872239  0.488826  0.015748    -4.128125
-0.480598  0.862640 -0.157727     2.779654
-0.090686  0.130007  0.987357    -2.820461
>../../../../class2/phe1//data/domains/Catalytic_domain/structures/PheRS-Bα_AF_Bact_Mycobacterium_intracellulare_ATCC_13950_gene11909689.pdb
 0.666319 -0.534113 -0.520329    -4.481761
 0.503819 -0.191950  0.842212    10.066658
-0.549713 -0.823334  0.141196    -1.305133
>../../../../class2/phe1//data/domains/Catalytic_domain/structures/PheRS-Bα_AF_Bact_Mycoplasma_capricolum_subsp_capricolum_ATCC_27343_gene23778662.pdb
 0.704868  0.650838 -0.282083    -4.263581
-0.708678  0.628989 -0.319606    -0.251687
-0.030584  0.425186  0.904589    -1.571648
>../../../../class2/phe1//data/domains/Catalytic_domain/structures/PheRS-Bα_AF_Bact_Porphyromonas_gingivalis_ATCC_33277_gene29256875.pdb
-0.884841  0.423937  0.193218     0.769633
 0.285768  0.166319  0.943756    -0.732007
 0.367957  0.890290 -0.268314    -4.841822
>../../../../class2/phe1//data/domains/Catalytic_domain/structures/PheRS-Bα_AF_Bact_Prochlorococcus_marinus_subsp_marinus_str_CCMP1375_gene54200681.pdb
-0.018270  0.012994 -0.999749    -7.518955
-0.436271 -0.899807 -0.003722     8.629944
-0.899630  0.436094  0.022109    -2.158027
>../../../../class2/phe1//data/domains/Catalytic_domain/structures/PheRS-Bα_AF_Bact_Staphylococcus_argenteus_gene66839332.pdb
 0.085425  0.581003 -0.809406    -7.908208
-0.833001 -0.404056 -0.377953     1.977611
-0.546637  0.706523  0.449460    -5.671216
>../../../../class2/phe1//data/domains/Catalytic_domain/structures/PheRS-Bα_PDB_Bact.A_E_coli_3PCO.pdb
 0.101788 -0.586115 -0.803809    48.681028
-0.884653 -0.422896  0.196339   -33.238458
-0.455004  0.691107 -0.561553    18.290555
>../../../../class2/phe1//data/domains/Catalytic_domain/structures/PheRS-Bα_PDB_Bact.A_T_thermophilus_1PYS.pdb
-0.260568  0.916621  0.303168   -49.183391
 0.249138  0.367219 -0.896148   -12.071620
-0.932757 -0.157977 -0.324050    23.543891
