>structures/AspRS-E_AF_Euk_Caenorhabditis_elegans_gene176334.pdb
 0.290135  0.295687 -0.910160     2.283731
-0.821873 -0.410231 -0.395265    -4.848686
-0.490250  0.862716  0.123995     9.955259
>structures/AspRS-E_AF_Euk_Cryptococcus_neoformans_var_neoformans_JEC21_gene3258977.pdb
 1.000000 -0.000000  0.000000     0.000000
 0.000000  1.000000  0.000000     0.000000
-0.000000  0.000000  1.000000     0.000000
>structures/AspRS-E_AF_Euk_Homo_sapiens_gene1615.pdb
 0.946097  0.091722 -0.310625     6.701252
 0.025965  0.934497  0.355023    -8.630561
 0.322841 -0.343951  0.881743    16.972405
>structures/AspRS-E_AF_Euk_Thalassiosira_pseudonana_CCMP1335_gene7443135.pdb
 0.333810  0.421665 -0.843072     4.612714
-0.827548 -0.297169 -0.476293    -7.126174
-0.451371  0.856673  0.249750    10.766834
>structures/AspRS-E_AF_Euk_Theileria_orientalis_strain_Shintoku_gene20715543.pdb
 0.237502  0.213024 -0.947741     1.716343
-0.770046 -0.553448 -0.317371    -5.218410
-0.592133  0.805181  0.032593    10.872242
>structures/AspRS-E_PDB_Euk_S_cerevisiae_1EOV.pdb
-0.496840 -0.854198  0.153283     6.886742
-0.365065  0.045475 -0.929871    42.771264
 0.787323 -0.517955 -0.334432    39.413996
>structures/AsxRS_AF_Arch_Candidatus_Korarchaeum_cryptofilum_OPF8_gene6094477.pdb
 0.525625  0.699768 -0.483781     6.915173
-0.795906  0.203683 -0.570128    -8.690308
-0.300420  0.684718  0.664010    11.059793
>structures/AsxRS_AF_Arch_Candidatus_Methanomassiliicoccus_intestinalis_Issoire-Mx1_gene16154831.pdb
 0.610541  0.660943 -0.436342     5.681639
-0.780470  0.408507 -0.473275    -7.377176
-0.134559  0.629506  0.765256    11.339188
>structures/AsxRS_AF_Arch_Candidatus_Nitrosopumilus_koreensis_AR1_gene13725312.pdb
 0.844297  0.401909 -0.354445     7.847068
-0.470135  0.872967 -0.130009   -12.202129
 0.257167  0.276403  0.925995    12.990783
>structures/AsxRS_AF_Arch_Methanobacterium_lacus_gene10277817.pdb
 0.948225 -0.001889 -0.317595     8.612040
 0.121649  0.925881  0.357695    -9.578484
 0.293379 -0.377810  0.878173    15.589024
>structures/AsxRS_AF_Bact_Clostridium_acetobutylicum_DSM_1731_gene45000055.pdb
 0.299113  0.403546 -0.864686     5.263825
-0.798628 -0.390066 -0.458304    -6.429060
-0.522231  0.827647  0.205609    10.192467
>structures/AsxRS_AF_Bact_Spirochaetes_bacterium_GWE1_32_154_proteinOHD39701.1.pdb
 0.958080  0.257702 -0.125186     5.925083
-0.208749  0.927185  0.311050    -7.813686
 0.196229 -0.271878  0.942113    11.729658
>structures/AsxRS_AF_Bact_Tropheryma_whipplei_TW08_27_gene67388547.pdb
-0.400301 -0.677807  0.616715     6.052375
-0.606583 -0.308460 -0.732741    -7.436114
 0.686888 -0.667406 -0.287669    11.915887
>structures/AsxRS_PDB_Arch_T_kodarensis_1b8a.pdb
-0.690743  0.084779  0.718113     4.038920
-0.190145  0.936858 -0.293501    -2.597532
-0.697652 -0.339279 -0.631008    58.271843
>structures/AsxRS_PDB_Bact_T_thermophilus_1n9w.pdb
-0.546035 -0.488214  0.680803   -18.055583
-0.314875  0.872660  0.373253   -17.658812
-0.776337 -0.010559 -0.630230    81.835939
