>../../../class1/cys/data/domains/Anticodon_binding_domain_CRIMVL/structures/CysRS_PDB_Bact_E_coli_1LI5.pdb
-0.484964  0.246592  0.839049   -22.222697
-0.497021  0.711700 -0.496439     0.067039
-0.719569 -0.657780 -0.222587   121.277283
>../../../class1/arg/data/domains/Anticodon_binding_domain_CRIMVL/structures/ArgRS_AF_Euk_Homo_sapiens_gene5917.pdb
-0.928433  0.301670  0.216810     9.317800
 0.330204  0.402700  0.853697     6.797759
 0.170226  0.864192 -0.473493   -13.048543
>../../../class1/ile/data/domains/Anticodon_binding_domain_1a/structures/IleRS_AF_Mito_Drosophila_melanogaster_gene39762.pdb
 0.086460 -0.373513  0.923587     1.644486
-0.259283 -0.903548 -0.341136     0.927919
 0.961924 -0.209975 -0.174967    -4.704133
>../../../class1/met/data/domains/Anticodon_binding_domain_1a/structures/MetRS_AF_Euk_Homo_sapiens_gene4141.pdb
 0.218297  0.841176 -0.494742     7.559971
-0.532287 -0.322283 -0.782819    -0.464209
-0.817935  0.434231  0.377393   -15.924992
>../../../class1/val/data/domains/Anticodon_binding_domain_1a/structures/ValRS_PDB_Bact_T_therm_1GAX.pdb
 0.595012  0.073975 -0.800305   -39.695775
 0.628690  0.577510  0.520800   -92.916923
 0.500710 -0.813026  0.297118   -25.997538
>../../../class1/leu1/data/domains/Anticodon_binding_domain_1a/structures/LeuRS-B_AF_Euk_Bathycoccus_prasinos_gene19015540.pdb
 1.000000  0.000000  0.000000     0.000000
 0.000000  1.000000  0.000000     0.000000
 0.000000  0.000000  1.000000     0.000000
>../../../class1/leu2/data/domains/Anticodon_binding_domain_1a/structures/LeuRS-A_PDB_Arch_P_hori_1WKB.pdb
 0.705813 -0.578363  0.409053   -69.938630
 0.368103 -0.193919 -0.909338   -36.114205
 0.605250  0.792396  0.076026  -108.721364
>../../../class2/gly2/data/domains/Anticodon_binding_domain/structures/GlyRS-Bα_AF_Bact_Chlamydia_pneumoniae_TW-183_gene45051002.pdb
-0.110633  0.398913 -0.910290   -20.109880
 0.747028  0.637487  0.188573   -27.117504
 0.655522 -0.659150 -0.368527     4.872693
