>../../../../class2/pro3//data/domains/Catalytic_domain/structures/ProRS-M_AF_Euk_Candida_albicans_SC5314_gene3640100.pdb
-0.898155  0.360008 -0.252411    -4.828971
-0.332909 -0.181820  0.925264    -2.015487
 0.287209  0.915060  0.283152     1.661296
>../../../../class2/pro3//data/domains/Catalytic_domain/structures/ProRS-M_AF_Mito_Drosophila_melanogaster_gene38331.pdb
-0.219554  0.774565 -0.593165    -3.143619
 0.557182 -0.399535 -0.727956     4.006850
-0.800840 -0.490326 -0.343854     4.970593
>../../../../class2/pro3//data/domains/Catalytic_domain/structures/ProRS-M_AF_Mito_Mauremys_reevesii_gene120369760.pdb
-0.101342 -0.908356  0.405732    -1.703668
-0.924374  0.236745  0.299140    -0.462764
-0.367781 -0.344732 -0.863653     2.438863
>../../../../class2/pro3//data/domains/Catalytic_domain/structures/ProRS-M_AF_Mito_Schizosaccharomyces_pombe_gene2540642.pdb
-0.817212  0.575219  0.035872    -3.961313
-0.113578 -0.221755  0.968465     2.075249
 0.565035  0.787367  0.246554     3.891785
>../../../../class2/thr//data/domains/Catalytic_domain/structures/ThrRS_AF_Arch_Candidatus_Methanomethylophilus_alvus_Mx1201_gene15140074.pdb
 1.000000  0.000000  0.000000     0.000000
 0.000000  1.000000  0.000000     0.000000
 0.000000  0.000000  1.000000     0.000000
>../../../../class2/thr//data/domains/Catalytic_domain/structures/ThrRS_AF_Arch_Candidatus_Nitrosopumilus_koreensis_AR1_gene13725077.pdb
-0.870727  0.339133 -0.356124    -8.146698
-0.364653  0.040614  0.930257    -0.715291
 0.329944  0.939861  0.088302     3.978017
>../../../../class2/thr//data/domains/Catalytic_domain/structures/ThrRS_AF_Arch_Pyrococcus_furiosus_DSM_3638_gene1469226.pdb
-0.828643  0.076610 -0.554511    -6.531299
-0.532865  0.195503  0.823306    -2.177252
 0.171482  0.977706 -0.121180     4.269115
>../../../../class2/thr//data/domains/Catalytic_domain/structures/ThrRS_AF_Arch_Sulfolobus_islandicus_M164_gene7940156.pdb
 0.330253  0.924573 -0.189995    -0.964458
 0.201827 -0.265804 -0.942663     3.945158
-0.922062  0.272972 -0.274386     5.562504
>../../../../class2/thr//data/domains/Catalytic_domain/structures/ThrRS_AF_Bact_Bifidobacterium_longum_subsp_longum_JCM_1217_gene69578309.pdb
-0.360449 -0.412654 -0.836536    -0.589608
-0.336594 -0.778856  0.529233    -3.850125
-0.869931  0.472335  0.141841    -1.823808
>../../../../class2/thr//data/domains/Catalytic_domain/structures/ThrRS_AF_Bact_Brachyspira_pilosicoli_95_1000_gene56439092.pdb
-0.199603  0.415843 -0.887261     1.141495
 0.514600 -0.726078 -0.456067    -1.360567
-0.833874 -0.547617 -0.069066    -2.210060
>../../../../class2/thr//data/domains/Catalytic_domain/structures/ThrRS_AF_Bact_Brucella_abortus_2308_gene3787745.pdb
 0.124020  0.035118  0.991658     0.868903
-0.032939 -0.998677  0.039486    -2.008610
 0.991733 -0.037561 -0.122700    -2.291030
>../../../../class2/thr//data/domains/Catalytic_domain/structures/ThrRS_AF_Bact_Lactobacillus_acidophilus_La-14_gene56943112.pdb
-0.970975 -0.234207  0.048534     0.062386
-0.210446  0.932978  0.292002    -4.626151
-0.113670  0.273313 -0.955185    -5.749336
>../../../../class2/thr//data/domains/Catalytic_domain/structures/ThrRS_AF_Bact_Mycoplasma_hyopneumoniae_168-L_gene57101460.pdb
 0.832195 -0.535985  0.142031     0.663315
 0.554002  0.814403 -0.172709    -1.057512
-0.023101  0.222413  0.974679     1.459846
>../../../../class2/thr//data/domains/Catalytic_domain/structures/ThrRS_AF_Bact_Porphyromonas_gingivalis_ATCC_33277_gene29256174.pdb
 0.020622 -0.229953 -0.972983    -0.096476
 0.848815 -0.510206  0.138572    -3.851708
-0.528287 -0.828741  0.184666    -0.775156
>../../../../class2/thr//data/domains/Catalytic_domain/structures/ThrRS_AF_Bact_Prochlorococcus_marinus_subsp_marinus_str_CCMP1375_gene54200406.pdb
 0.049359  0.995852 -0.076431    -1.939005
-0.910859  0.076276  0.405609    -3.720509
 0.409756  0.049597  0.910846    -3.781277
>../../../../class2/thr//data/domains/Catalytic_domain/structures/ThrRS_AF_Bact_Streptobacillus_moniliformis_DSM_12112_gene29674242.pdb
-0.920654  0.030928 -0.389153     0.185640
-0.307868  0.555403  0.772493    -2.505585
 0.240028  0.831006 -0.501812    -2.558856
>../../../../class2/thr//data/domains/Catalytic_domain/structures/ThrRS_AF_Euk_Arabidopsis_thaliana_gene832741.pdb
-0.373610 -0.797275 -0.474097    -0.465358
-0.482979 -0.269155  0.833239    -5.799428
-0.791926  0.540285 -0.284509    -1.254282
>../../../../class2/thr//data/domains/Catalytic_domain/structures/ThrRS_AF_Euk_Cercospora_beticola_gene35433465.pdb
 0.320996 -0.840206  0.437052     0.830490
-0.837240 -0.036033  0.545647    -4.198812
-0.442708 -0.541068 -0.715021    -2.238299
>../../../../class2/thr//data/domains/Catalytic_domain/structures/ThrRS_AF_Euk_Cryptococcus_gattii_WM276_gene10188143.pdb
-0.594845 -0.316164 -0.739053     1.344523
-0.504554 -0.568876  0.649466    -5.040486
-0.625767  0.759224  0.178871    -3.267957
>../../../../class2/thr//data/domains/Catalytic_domain/structures/ThrRS_AF_Euk_Cyanidioschyzon_merolae_strain_10D_gene16997242.pdb
-0.085242  0.479863  0.873192     0.509715
-0.168845 -0.870664  0.461991    -4.060255
 0.981950 -0.108053  0.155239    -3.891129
>../../../../class2/thr//data/domains/Catalytic_domain/structures/ThrRS_AF_Mito_Cyanidioschyzon_merolae_strain_10D_gene16995590.pdb
-0.724448  0.589552 -0.357215    -0.190625
-0.488337 -0.073186  0.869581    -2.298513
 0.486520  0.804408  0.340920    -2.483290
>../../../../class2/thr//data/domains/Catalytic_domain/structures/ThrRS_AF_Mito_Oryza_sativa_Japonica_Group_gene4345200.pdb
-0.481021 -0.528131 -0.699783     0.370784
 0.462968  0.524805 -0.714311    -5.397054
 0.744499 -0.667576 -0.007935    -3.124264
>../../../../class2/thr//data/domains/Catalytic_domain/structures/ThrRS_PDB_Bact_E_coli_1evk.pdb
 0.727901 -0.012150  0.685575   -36.429612
-0.682228  0.087411  0.725896     6.916313
-0.068747 -0.996098  0.055338    62.431455
>../../../../class2/thr//data/domains/Catalytic_domain/structures/ThrRS_PDB_Bact_S_aureus_1nyr.pdb
 0.011110 -0.993995  0.108859    42.884529
 0.956957  0.042144  0.287153   -32.089442
-0.290016  0.100984  0.951679   -51.073600
