>structures/GlyRS-E_AF_Arch_Methanosalsum_zhilinae_DSM_4017_gene10821854.pdb
 0.006476 -0.593525  0.804790    -0.154232
-0.713903 -0.566293 -0.411891     0.002179
 0.700215 -0.571874 -0.427387    -0.060719
>structures/GlyRS-E_AF_Euk_Cryptococcus_neoformans_var_neoformans_JEC21_gene3258293.pdb
 1.000000  0.000000  0.000000     0.000000
 0.000000  1.000000  0.000000     0.000000
 0.000000  0.000000  1.000000     0.000000
>structures/GlyRS-E_AF_Euk_Girardinichthys_multiradiatus_gene124858359.pdb
-0.026881 -0.715680  0.697911    -0.975427
-0.705774 -0.480840 -0.520266     0.774239
 0.707927 -0.506553 -0.492183     0.895208
>structures/GlyRS-E_AF_Euk_Plasmodium_yoelii_gene3801472.pdb
 0.204449 -0.244926  0.947740     0.386402
-0.398029 -0.905339 -0.148104    -1.824618
 0.894301 -0.346948 -0.282583     0.141070
>structures/GlyRS-E_AF_Euk_Schizosaccharomyces_pombe_gene2543181.pdb
-0.073334 -0.854499  0.514250    -1.481083
-0.857175 -0.209567 -0.470460     0.190617
 0.509777 -0.475303 -0.717087     1.493589
>structures/GlyRS-E_PDB_Euk_H_sapiens_2q5h.pdb
-0.959607 -0.229824  0.162280   100.739844
-0.113895  0.844763  0.522880    71.535416
-0.257259  0.483276 -0.836817   -90.082615
