>structures/TrpRS_AF_Arch_Natrialba_magadii_ATCC_43099_gene8824932.pdb
-0.833250  0.552817  0.009330   -40.139667
 0.328089  0.507963 -0.796449    28.331667
-0.445030 -0.660580 -0.604634     7.273670
>structures/TrpRS_AF_Arch_Nitrosopumilus_maritimus_SCM1_gene5773245.pdb
-0.897590  0.427189 -0.108817   -40.422055
 0.294619  0.397700 -0.868927    30.001970
-0.327920 -0.812000 -0.482830     7.572203
>structures/TrpRS_AF_Arch_Sulfolobus_islandicus_M1627_gene7814138.pdb
 0.937216  0.316210  0.147094   -38.206821
-0.110405 -0.131069  0.985206    29.454045
 0.330811 -0.939592 -0.087929    10.019305
>structures/TrpRS_AF_Arch_Thermoplasma_acidophilum_DSM_1728_gene1456706.pdb
-0.188655 -0.705058  0.683595   -36.925389
 0.350417 -0.698601 -0.623830    25.722343
 0.917397  0.121855  0.378859     4.283410
>structures/TrpRS_AF_Bact_Anoxybacillus_flavithermus_WK1_gene7038388.pdb
 0.996047 -0.087888  0.012892   -36.138625
-0.041510 -0.332220  0.942288    28.232443
-0.078533 -0.939098 -0.334555    12.741637
>structures/TrpRS_AF_Bact_Brachyspira_pilosicoli_95_1000_gene56440833.pdb
 0.047904 -0.406701  0.912304   -40.777966
 0.996761  0.078535 -0.017328    24.873882
-0.064601  0.910179  0.409146    10.504762
>structures/TrpRS_AF_Bact_Escherichia_coli_O157:H7_str._Sakai_gene915919.pdb
-0.919994  0.388432  0.052257   -45.945490
 0.079400  0.315281 -0.945671    23.544209
-0.383804 -0.865863 -0.320899     9.518426
>structures/TrpRS_AF_Bact_Helicobacter_cinaedi_PAGU611_gene66538868.pdb
 0.986750  0.135194  0.089705   -36.405151
-0.081721 -0.063504  0.994630    28.027114
 0.140165 -0.988782 -0.051615    13.905892
>structures/TrpRS_AF_Bact_Mycoplasma_hyopneumoniae_168-L_gene57101461.pdb
 0.937763  0.344389  0.044686   -38.357388
-0.051602  0.010937  0.998608    27.594040
 0.343421 -0.938763  0.028028    14.474526
>structures/TrpRS_AF_Bact_Porphyromonas_gingivalis_ATCC_33277_gene29255389.pdb
-0.216097  0.565331 -0.796055   -41.518249
-0.934700  0.115870  0.336021    26.247433
 0.282202  0.816686  0.503375    10.852365
>structures/TrpRS_AF_Bact_Prochlorococcus_marinus_subsp_marinus_str_CCMP1375_gene54200405.pdb
-0.976484  0.215343  0.010316   -45.937986
 0.050827  0.276450 -0.959683    22.711952
-0.209513 -0.936591 -0.280894    11.564966
>structures/TrpRS_AF_Bact_Streptomyces_albidoflavus_gene15147734.pdb
-0.007984  0.856721 -0.515719   -40.125301
-0.751309  0.335206  0.568482    25.451245
 0.659902  0.392003  0.640986    10.773261
>structures/TrpRS_AF_Bact_Thermus_thermophilus_HB8_gene3168998.pdb
-0.923890 -0.338738 -0.177998   -40.610561
 0.208078 -0.054342 -0.976602    25.794409
 0.321139 -0.939310  0.120690    10.830225
>structures/TrpRS_AF_Euk_Cryptococcus_neoformans_var_neoformans_JEC21_gene3254069.pdb
 0.190924 -0.939588  0.284116   -41.259431
 0.746272 -0.049089 -0.663829    27.648286
 0.637673  0.338769  0.691816     6.883001
>structures/TrpRS_AF_Euk_Cyanidioschyzon_merolae_strain_10D_gene16993299.pdb
-0.904943 -0.252862 -0.342255   -41.279990
 0.354502 -0.003078 -0.935050    29.046186
 0.235386 -0.967497  0.092426     6.996964
>structures/TrpRS_AF_Euk_Drosophila_melanogaster_gene45399.pdb
-0.964830  0.081974 -0.249766   -46.418871
 0.249196 -0.017283 -0.968299    27.030877
-0.083692 -0.996485 -0.003752     8.031584
>structures/TrpRS_AF_Euk_Homo_sapiens_gene7453.pdb
 0.979427  0.011048  0.201495   -35.737662
-0.189613 -0.291324  0.937645    29.573574
 0.069060 -0.956561 -0.283236     8.353967
>structures/TrpRS_AF_Mito_Bufo_gargarizans_gene122922343.pdb
-0.509612 -0.859626  0.036597   -41.435075
 0.563948 -0.365844 -0.740351    26.157149
 0.649814 -0.356653  0.671223    10.351630
>structures/TrpRS_AF_Mito_Cyanidioschyzon_merolae_strain_10D_gene16992222.pdb
 0.080199 -0.379670  0.921639   -36.811075
 0.982896 -0.123659 -0.136471    30.367940
 0.165783  0.916820  0.363258    10.435914
>structures/TrpRS_AF_Mito_Homo_sapiens_gene10352.pdb
-0.811589 -0.576111 -0.097049   -42.888661
 0.308711 -0.281862 -0.908434    29.006764
 0.496004 -0.767235  0.406608    16.133138
>structures/TrpRS_AF_Vir_Megavirus_chiliensis_gene11257301.pdb
-0.899339  0.290644 -0.326673   -39.996778
 0.415668  0.336456 -0.844996    28.361516
-0.135682 -0.895725 -0.423400     8.108043
>structures/TrpRS_PDB_Arch_P_hori_3JXE.pdb
 0.999993  0.002529  0.002854    -0.091115
-0.002491  0.999910 -0.013150     0.010511
-0.002887  0.013142  0.999909    -0.373896
>structures/TrpRS_PDB_Bact_G_stearo_1I6M.pdb
-0.490374  0.388217  0.780270   -52.115301
-0.525530  0.582495 -0.620095    68.207832
-0.695235 -0.714134 -0.081621    66.898792
>structures/TrpRS_PDB_Bact_Y_pestis_3N9I.pdb
-0.410408 -0.691607  0.594345    13.070339
 0.902392 -0.401898  0.155454    22.277229
 0.131353  0.600132  0.789042   -50.377462
>structures/TrpRS_PDB_Euk_S_Cerevisiae_3KT3.pdb
-0.552745 -0.725491 -0.410042  -114.602850
-0.238583  0.609211 -0.756267   -43.702704
 0.798468 -0.320194 -0.509829   128.645098
