>structures/TrpRS_AF_Arch_Natrialba_magadii_ATCC_43099_gene8824932.pdb
 0.988521 -0.141439 -0.053116    -0.825909
 0.149534  0.966156  0.210197    -0.175159
 0.021588 -0.215727  0.976215     1.567258
>structures/TrpRS_AF_Arch_Nitrosopumilus_maritimus_SCM1_gene5773245.pdb
 0.999969 -0.007703 -0.001406    -0.089848
 0.007743  0.999472  0.031551    -0.039871
 0.001162 -0.031561  0.999501    -0.092406
>structures/TrpRS_AF_Arch_Sulfolobus_islandicus_M1627_gene7814138.pdb
-0.984160 -0.018512  0.176311    -3.151793
 0.072319  0.866097  0.494617    -1.364273
-0.161859  0.499533 -0.851040    -1.061144
>structures/TrpRS_AF_Arch_Thermoplasma_acidophilum_DSM_1728_gene1456706.pdb
-0.016031  0.386586 -0.922114    -3.379912
-0.710320 -0.653458 -0.261606     2.500927
-0.703696  0.650802  0.285075     4.767868
>structures/TrpRS_AF_Bact_Anoxybacillus_flavithermus_WK1_gene7038388.pdb
-0.883211  0.284763  0.372624    -6.094088
 0.466264  0.618519  0.632481    -3.230431
-0.050368  0.732355 -0.679057    -1.287828
>structures/TrpRS_AF_Bact_Brachyspira_pilosicoli_95_1000_gene56440833.pdb
 0.266959  0.092853 -0.959224    -2.236442
 0.442189 -0.896187  0.036313    -4.569763
-0.856272 -0.433852 -0.280304     3.167670
>structures/TrpRS_AF_Bact_Helicobacter_cinaedi_PAGU611_gene66538868.pdb
-0.957958  0.182862  0.221084    -6.425404
 0.266357  0.853212  0.448423    -4.379954
-0.106632  0.488458 -0.866048    -1.674026
>structures/TrpRS_AF_Bact_Mycoplasma_hyopneumoniae_168-L_gene57101461.pdb
-0.970584 -0.003568  0.240735    -4.925945
 0.087016  0.927103  0.364566    -5.849058
-0.224487  0.374790 -0.899521    -1.332061
>structures/TrpRS_AF_Bact_Porphyromonas_gingivalis_ATCC_33277_gene29255389.pdb
-0.167595 -0.743252  0.647679    -1.302649
-0.664042 -0.400476 -0.631401    -4.738579
 0.728670 -0.535906 -0.426433     1.867225
>structures/TrpRS_AF_Bact_Prochlorococcus_marinus_subsp_marinus_str_CCMP1375_gene54200405.pdb
 0.961506  0.191450 -0.197113     1.440691
-0.217052  0.969056 -0.117554    -8.408702
 0.168508  0.155812  0.973308     5.229543
>structures/TrpRS_AF_Bact_Streptomyces_albidoflavus_gene15147734.pdb
-0.425952 -0.802585  0.417638    -2.735344
-0.828353  0.160306 -0.536780    -4.309734
 0.363862 -0.574594 -0.733107     2.488607
>structures/TrpRS_AF_Bact_Thermus_thermophilus_HB8_gene3168998.pdb
 0.786406  0.597473 -0.156817    -2.274259
-0.576994  0.619862 -0.531836    -4.451210
-0.220552  0.508721  0.832201     2.168911
>structures/TrpRS_AF_Euk_Cryptococcus_neoformans_var_neoformans_JEC21_gene3254069.pdb
-0.165434  0.724576 -0.669045     0.115861
-0.168767 -0.689185 -0.704657    -0.701059
-0.971673 -0.003661  0.236299     2.338838
>structures/TrpRS_AF_Euk_Cyanidioschyzon_merolae_strain_10D_gene16993299.pdb
 0.838374  0.544985  0.010978     0.500658
-0.448792  0.701546 -0.553551    -0.379897
-0.309379  0.459156  0.832743     0.910528
>structures/TrpRS_AF_Euk_Drosophila_melanogaster_gene45399.pdb
 0.969723  0.237398 -0.057271     4.254295
-0.236617  0.855358 -0.460842    -4.059252
-0.060416  0.460440  0.885633     3.024169
>structures/TrpRS_AF_Euk_Saccharomyces_cerevisiae_S288C_gene854056.pdb
 0.026962 -0.412452 -0.910580     0.110959
 0.702046 -0.640647  0.310971    -0.833848
-0.711621 -0.647654  0.272287     2.678171
>structures/TrpRS_AF_Mito_Bufo_gargarizans_gene122922343.pdb
 0.408261  0.785404 -0.465257    -1.210994
-0.545825 -0.198500 -0.814048    -4.258368
-0.731709  0.586292  0.347653     2.196525
>structures/TrpRS_AF_Mito_Cyanidioschyzon_merolae_strain_10D_gene16992222.pdb
 0.153977  0.009246 -0.988031    -4.274893
 0.250403 -0.967678  0.029968    -0.909175
-0.955819 -0.252020 -0.151316    -2.241400
>structures/TrpRS_AF_Vir_Megavirus_chiliensis_gene11257301.pdb
 0.972862  0.120322  0.197639    -1.326875
-0.103655  0.990288 -0.092652    -0.916719
-0.206868  0.069651  0.975886     0.970847
>structures/TrpRS_PDB_Arch_P_hori_3JXE.pdb
-0.901806  0.285940 -0.324012   -42.806538
 0.414801  0.362509 -0.834582    12.101012
-0.121184 -0.887032 -0.445521    24.931551
>structures/TrpRS_PDB_Bact_G_stearo_1I6M.pdb
 0.514514  0.050028 -0.856021     2.277930
 0.177236  0.970535  0.163249   -39.983869
 0.838965 -0.235711  0.490487   -59.309963
>structures/TrpRS_PDB_Bact_Y_pestis_3N9I.pdb
 0.587882  0.310436 -0.747010   -31.611948
 0.052544 -0.936139 -0.347682    67.530967
-0.807239  0.165145 -0.566651    26.656197
>structures/TrpRS_PDB_Euk_S_Cerevisiae_3KT3.pdb
 0.169969  0.934174  0.313736     6.071904
-0.982885  0.183658 -0.014371  -158.583517
-0.071045 -0.305924  0.949402    21.112797
