>../../../../class1/ile//data/domains/Catalytic_domain/structures/IleRS_AF_Arch_Candidatus_Korarchaeum_cryptofilum_OPF8_gene6094904.pdb
-0.985674  0.136451 -0.099136     2.067315
 0.070990  0.868821  0.490011     2.040742
 0.152994  0.475954 -0.866060    -0.746078
>../../../../class1/ile//data/domains/Catalytic_domain/structures/IleRS_AF_Arch_Candidatus_Nitrosopumilus_sediminis_gene13697091.pdb
 0.051235 -0.725957 -0.685829     2.962372
 0.558532 -0.548462  0.622279     5.087618
-0.827899 -0.414940  0.377369     3.364142
>../../../../class1/ile//data/domains/Catalytic_domain/structures/IleRS_AF_Arch_Pyrobaculum_aerophilum_str_IM2_gene1465853.pdb
 0.878671 -0.477041 -0.019244     2.794497
 0.462185  0.839821  0.284755    -2.406251
-0.119678 -0.259100  0.958407     0.949784
>../../../../class1/ile//data/domains/Catalytic_domain/structures/IleRS_AF_Arch_Thermoplasma_acidophilum_DSM_1728_gene1456418.pdb
-0.658277 -0.725391 -0.201194     2.848615
-0.341598  0.526016 -0.778857     3.455137
 0.670807 -0.443976 -0.594056    -0.310891
>../../../../class1/ile//data/domains/Catalytic_domain/structures/IleRS_AF_Bact_Chlamydia_muridarum_str_Nigg_gene1246458.pdb
 0.097238  0.434704  0.895308    -1.218260
 0.358633 -0.854443  0.375912     3.537195
 0.928400  0.284534 -0.238984    -0.105380
>../../../../class1/ile//data/domains/Catalytic_domain/structures/IleRS_AF_Bact_Lactobacillus_acidophilus_La-14_gene56942445.pdb
 1.000000  0.000000  0.000000     0.000000
 0.000000  1.000000  0.000000     0.000000
 0.000000  0.000000  1.000000     0.000000
>../../../../class1/ile//data/domains/Catalytic_domain/structures/IleRS_AF_Bact_Mycoplasma_hyopneumoniae_168-L_gene57100872.pdb
 0.999539  0.023004 -0.019836     1.544700
-0.024453  0.996795 -0.076165    -0.368247
 0.018020  0.076615  0.996898    -2.160937
>../../../../class1/ile//data/domains/Catalytic_domain/structures/IleRS_AF_Bact_Orientia_tsutsugamushi_str_Ikeda_gene66653313.pdb
-0.124978  0.776698 -0.617349     2.668008
-0.496173 -0.587759 -0.639024     2.877381
-0.859181  0.226449  0.458834    -1.022187
>../../../../class1/ile//data/domains/Catalytic_domain/structures/IleRS_AF_Bact_Porphyromonas_gingivalis_ATCC_33277_gene29255747.pdb
-0.054191  0.775317 -0.629244     4.704563
-0.536990 -0.553915 -0.636255     2.758302
-0.841846  0.303418  0.446355    -3.234256
>../../../../class1/ile//data/domains/Catalytic_domain/structures/IleRS_AF_Bact_Streptobacillus_moniliformis_DSM_12112_gene29674186.pdb
 0.995455  0.072694  0.061526     5.592600
-0.072568  0.997354 -0.004282    -2.438771
-0.061674 -0.000202  0.998096     0.966279
>../../../../class1/ile//data/domains/Catalytic_domain/structures/IleRS_AF_Bact_Thermus_thermophilus_HB8_gene3168241.pdb
 0.037826  0.579098  0.814380     0.760442
 0.498334 -0.717325  0.486937     4.211456
 0.866160  0.387414 -0.315718    -2.388507
>../../../../class1/ile//data/domains/Catalytic_domain/structures/IleRS_AF_Bact_Treponema_pallidum_subsp_pertenue_str_SamoaD_gene57878975.pdb
-0.654536  0.722742  0.221871     0.756227
 0.694693  0.459160  0.553690     2.858568
 0.298301  0.516542 -0.802621    -1.077456
>../../../../class1/ile//data/domains/Catalytic_domain/structures/IleRS_AF_Euk_Cyanidioschyzon_merolae_strain_10D_gene16992835.pdb
 0.116330 -0.505943  0.854687     1.095822
-0.204792 -0.854256 -0.477814     1.485088
 0.971868 -0.119449 -0.202988    -1.014157
>../../../../class1/ile//data/domains/Catalytic_domain/structures/IleRS_AF_Euk_Ostreococcus_lucimarinus_CCE9901_gene5000489.pdb
-0.860027  0.496213  0.118850    -2.799942
 0.499882  0.772667  0.391284     1.179457
 0.102329  0.395926 -0.912563     0.585629
>../../../../class1/ile//data/domains/Catalytic_domain/structures/IleRS_AF_Euk_Trypanosoma_brucei_brucei_TREU927_gene3663037.pdb
-0.967624  0.252033 -0.013535     0.113243
 0.245235  0.951502  0.185751     0.879642
 0.059694  0.176418 -0.982504     0.374970
>../../../../class1/ile//data/domains/Catalytic_domain/structures/IleRS_AF_Euk_Ustilago_maydis_521_gene23568123.pdb
 0.899116  0.408456 -0.157337     0.583686
-0.432896  0.776616 -0.457678     0.245343
-0.064751  0.479616  0.875086    -3.241552
>../../../../class1/ile//data/domains/Catalytic_domain/structures/IleRS_AF_Mito_Drosophila_melanogaster_gene39762.pdb
-0.122759  0.321805 -0.938814     4.494502
-0.001347 -0.946022 -0.324100     1.269235
-0.992436 -0.038522  0.116567    -4.057954
>../../../../class1/ile//data/domains/Catalytic_domain/structures/IleRS_AF_Mito_Homo_sapiens_gene55699.pdb
 0.998451 -0.003784 -0.055502     1.007676
 0.002814  0.999842 -0.017535    -0.027786
 0.055559  0.017352  0.998305    -1.636302
>../../../../class1/ile//data/domains/Catalytic_domain/structures/IleRS_AF_Vir_Megavirus_chiliensis_gene11256744.pdb
 0.106924  0.907885 -0.405355     2.584883
-0.604052 -0.264511 -0.751768     3.187757
-0.789739  0.325238  0.520127    -1.543146
>../../../../class1/ile//data/domains/Catalytic_domain/structures/IleRS_PDB_Bact_S_aureus_1QU2.pdb
 0.729938 -0.650284 -0.210527    57.729772
 0.485688  0.710180 -0.509659   -28.842281
 0.480935  0.269769  0.834222  -103.536474
>../../../../class1/ile//data/domains/Catalytic_domain/structures/IleRS_PDB_Bact_T_therm_1ILE.pdb
 0.087072  0.892772  0.442014    17.588089
 0.675988 -0.378865  0.632062    38.646491
 0.731751  0.243761 -0.636491    -1.983589
>../../../../class1/ile//data/domains/Catalytic_domain/structures/IleRS_PDB_Euk_S_cere_7D5C.pdb
 0.919247 -0.156107 -0.361409    12.791208
-0.369683 -0.657913 -0.656113    33.168116
-0.135352  0.736736 -0.662495    19.259146
>../../../../class1/met//data/domains/Catalytic_domain/structures/MetRS_AF_Arch_Aciduliprofundum_boonei_T469_gene8827030.pdb
-0.077986  0.609666 -0.788813     2.792781
-0.237216 -0.779846 -0.579283    -2.282364
-0.968321  0.141943  0.205440     2.226596
>../../../../class1/met//data/domains/Catalytic_domain/structures/MetRS_AF_Arch_Candidatus_Korarchaeum_cryptofilum_OPF8_gene6093355.pdb
 0.772859 -0.613372 -0.162677     0.368699
 0.614007  0.658070  0.435820    -5.332838
-0.160267 -0.436712  0.885210     1.282188
>../../../../class1/met//data/domains/Catalytic_domain/structures/MetRS_AF_Arch_Candidatus_Nitrosopumilus_sediminis_gene13696902.pdb
-0.884665  0.439807  0.154716    -1.119132
 0.426290  0.628669  0.650425    -2.216461
 0.188796  0.641362 -0.743647     1.200888
>../../../../class1/met//data/domains/Catalytic_domain/structures/MetRS_AF_Arch_Halalkalicoccus_jeotgali_B3_gene9420443.pdb
 0.083632  0.675748 -0.732373     0.183464
-0.278744 -0.689745 -0.668246    -1.544676
-0.956717  0.260032  0.130676    -0.388013
>../../../../class1/met//data/domains/Catalytic_domain/structures/MetRS_AF_Bact_Bacillus_anthracis_str_Ames_Ancestor_gene45024892.pdb
-0.223151 -0.395841  0.890794     0.167275
-0.248677 -0.860483 -0.444668    -2.635739
 0.942530 -0.320748  0.093581    -0.089196
>../../../../class1/met//data/domains/Catalytic_domain/structures/MetRS_AF_Bact_Brucella_suis_1330_gene45052047.pdb
 0.859901 -0.498307 -0.110725    -2.894684
 0.495076  0.761275  0.418761    -3.476650
-0.124380 -0.414910  0.901321     1.283212
>../../../../class1/met//data/domains/Catalytic_domain/structures/MetRS_AF_Bact_Chlamydia_psittaci_6BC_gene12243105.pdb
 0.337751  0.731450 -0.592372    -4.691797
-0.783818 -0.129864 -0.607261    -0.281837
-0.521109  0.669414  0.529462    -1.537747
>../../../../class1/met//data/domains/Catalytic_domain/structures/MetRS_AF_Bact_Mycoplasma_hyopneumoniae_168-L_gene57101263.pdb
 0.137573  0.898836 -0.416135    -2.656473
-0.665394 -0.227344 -0.711032    -0.411155
-0.733706  0.374712  0.566803     0.526282
>../../../../class1/met//data/domains/Catalytic_domain/structures/MetRS_AF_Bact_Nocardia_farcinica_IFM_10152_gene61135500.pdb
 0.996249  0.086257 -0.006887    -4.566862
-0.086491  0.995071 -0.048501    -3.441976
 0.002670  0.048915  0.998799     1.413939
>../../../../class1/met//data/domains/Catalytic_domain/structures/MetRS_AF_Bact_Prochlorococcus_marinus_subsp_marinus_str_CCMP1375_gene54200313.pdb
-0.482427  0.659669  0.576282    -3.301757
 0.704505 -0.098740  0.702796    -2.302099
 0.520515  0.745042 -0.417105     1.160229
>../../../../class1/met//data/domains/Catalytic_domain/structures/MetRS_AF_Bact_Streptobacillus_moniliformis_DSM_12112_gene29673607.pdb
-0.520260 -0.853638 -0.025143    -0.613846
-0.450358  0.299254 -0.841204    -1.153134
 0.725608 -0.426321 -0.540133     3.396572
>../../../../class1/met//data/domains/Catalytic_domain/structures/MetRS_AF_Bact_Treponema_denticola_ATCC_35405_gene2740824.pdb
-0.572490  0.789020  0.222941    -1.932517
 0.722843  0.357363  0.591429    -4.877818
 0.386979  0.499739 -0.774925     1.180031
>../../../../class1/met//data/domains/Catalytic_domain/structures/MetRS_AF_Euk_Drosophila_melanogaster_gene37177.pdb
-0.162868  0.182405 -0.969640    -6.898458
-0.278871 -0.951200 -0.132095     4.145206
-0.946417  0.248890  0.205788    -1.867986
>../../../../class1/met//data/domains/Catalytic_domain/structures/MetRS_AF_Euk_Oryza_sativa_Japonica_Group_gene4341140.pdb
-0.104302 -0.108630 -0.988595    -1.764037
 0.275374 -0.958309  0.076248     3.684035
-0.955662 -0.264280  0.129867    -1.233127
>../../../../class1/met//data/domains/Catalytic_domain/structures/MetRS_AF_Euk_Scheffersomyces_stipitis_CBS_6054_gene4836672.pdb
-0.963817  0.266427 -0.008518    -7.188457
 0.211833  0.784936  0.582239    -3.466452
 0.161811  0.559367 -0.812973     7.113267
>../../../../class1/met//data/domains/Catalytic_domain/structures/MetRS_AF_Euk_Trypanosoma_brucei_brucei_TREU927_gene3662741.pdb
-0.559339 -0.803581  0.203464    -5.151530
-0.614891  0.237605 -0.751966    -1.917491
 0.555921 -0.545713 -0.627016     3.234391
>../../../../class1/met//data/domains/Catalytic_domain/structures/MetRS_AF_Mito_Arvicanthis_niloticus_gene117706247.pdb
-0.901800 -0.390952 -0.184153    -3.398708
-0.383383  0.920410 -0.076571    -0.610329
 0.199432  0.001549 -0.979910     3.355425
>../../../../class1/met//data/domains/Catalytic_domain/structures/MetRS_AF_Mito_Brachypodium_distachyon_gene100843706.pdb
-0.099747  0.739241 -0.666013    -1.759463
-0.431943 -0.635162 -0.640308    -1.073771
-0.896368  0.223811  0.382666     1.777566
>../../../../class1/met//data/domains/Catalytic_domain/structures/MetRS_AF_Vir_Megavirus_chiliensis_gene11256705.pdb
-0.909545  0.409936  0.068414     0.270786
 0.364658  0.708192  0.604556    -2.512839
 0.199379  0.574819 -0.793619     0.149123
>../../../../class1/met//data/domains/Catalytic_domain/structures/MetRS_PDB_Arch_P_abyssi_1RQG.pdb
-0.494757 -0.830888  0.254637     5.521709
-0.473054  0.011702 -0.880956    88.826632
 0.728996 -0.556316 -0.398845    39.356849
>../../../../class1/met//data/domains/Catalytic_domain/structures/MetRS_PDB_Bact_E_coli_1PFV.pdb
 0.923147  0.169641 -0.344995     0.861127
-0.126245  0.981381  0.144756   -13.887488
 0.363128 -0.090077  0.927375   -30.614067
>../../../../class1/met//data/domains/Catalytic_domain/structures/MetRS_PDB_Bact_T_therm_1WOY.pdb
 0.629474 -0.566518  0.531808   -81.585944
 0.775464  0.414716 -0.476094    65.699934
 0.049167  0.712087  0.700368   -72.057662
