>../../../../class1//ile/data/domains/C-terminal_junction_domain//structures/IleRS_AF_Arch_Candidatus_Korarchaeum_cryptofilum_OPF8_gene6094904.pdb
 0.450161  0.401260  0.797712    99.937902
 0.187516  0.830949 -0.523796    46.291985
-0.873036  0.385376  0.298818    19.076138
>../../../../class1//ile/data/domains/C-terminal_junction_domain//structures/IleRS_AF_Arch_Candidatus_Nitrosopumilus_sediminis_gene13697091.pdb
 0.848085 -0.046696  0.527798   105.708542
-0.430880 -0.640504  0.635686    48.786309
 0.308373 -0.766533 -0.563323    23.562769
>../../../../class1//ile/data/domains/C-terminal_junction_domain//structures/IleRS_AF_Arch_Pyrobaculum_aerophilum_str_IM2_gene1465853.pdb
 0.174728  0.979566 -0.099602   100.178541
 0.213052  0.061148  0.975126    45.632444
 0.961290 -0.191602 -0.198014    24.123696
>../../../../class1//ile/data/domains/C-terminal_junction_domain//structures/IleRS_AF_Arch_Thermoplasma_acidophilum_DSM_1728_gene1456418.pdb
-0.492297  0.845517 -0.206748   109.449907
 0.188141 -0.128546 -0.973693    48.316782
-0.849851 -0.518244 -0.095794    25.941135
>../../../../class1//ile/data/domains/C-terminal_junction_domain//structures/IleRS_AF_Bact_Chlamydia_muridarum_str_Nigg_gene1246458.pdb
-0.265254 -0.953354  0.144068   110.666503
 0.955849 -0.240412  0.168983    52.531228
-0.126464  0.182531  0.975033    27.364358
>../../../../class1//ile/data/domains/C-terminal_junction_domain//structures/IleRS_AF_Bact_Lactobacillus_acidophilus_La-14_gene56942445.pdb
-0.304325  0.855323 -0.419296   100.353331
 0.015569  0.444581  0.895603    44.622831
 0.952441  0.266027 -0.148614    22.878192
>../../../../class1//ile/data/domains/C-terminal_junction_domain//structures/IleRS_AF_Bact_Mycoplasma_hyopneumoniae_168-L_gene57100872.pdb
-0.408505  0.760966 -0.504039    98.764530
-0.086523  0.517446  0.851331    39.067058
 0.908646  0.391383 -0.145538    19.524227
>../../../../class1//ile/data/domains/C-terminal_junction_domain//structures/IleRS_AF_Bact_Orientia_tsutsugamushi_str_Ikeda_gene66653313.pdb
 0.083824 -0.882584 -0.462622   103.663658
-0.968470  0.037146 -0.246347    54.857232
 0.234606  0.468685 -0.851642    31.402604
>../../../../class1//ile/data/domains/C-terminal_junction_domain//structures/IleRS_AF_Bact_Porphyromonas_gingivalis_ATCC_33277_gene29255747.pdb
 0.147113 -0.805836 -0.573572   111.233820
-0.968485  0.000475 -0.249071    49.285615
 0.200983  0.592138 -0.780371    32.134513
>../../../../class1//ile/data/domains/C-terminal_junction_domain//structures/IleRS_AF_Bact_Streptobacillus_moniliformis_DSM_12112_gene29674186.pdb
-0.433271  0.827699 -0.356637    93.385256
-0.046458  0.374670  0.925993    44.599234
 0.900065  0.417775 -0.123881    27.444414
>../../../../class1//ile/data/domains/C-terminal_junction_domain//structures/IleRS_AF_Bact_Thermus_thermophilus_HB8_gene3168241.pdb
-0.169454 -0.924385  0.341756   114.199639
 0.952296 -0.064274  0.298332    52.098500
-0.253807  0.376006  0.891180    28.411592
>../../../../class1//ile/data/domains/C-terminal_junction_domain//structures/IleRS_AF_Bact_Treponema_pallidum_subsp_pertenue_str_SamoaD_gene57878975.pdb
 0.523564 -0.175815  0.833649   109.950256
 0.543910  0.822110 -0.168215    50.300735
-0.655776  0.541501  0.526055    27.244548
>../../../../class1//ile/data/domains/C-terminal_junction_domain//structures/IleRS_AF_Euk_Cyanidioschyzon_merolae_strain_10D_gene16992835.pdb
-0.534330 -0.655083 -0.534189   100.678199
 0.844785 -0.435400 -0.311071    43.596777
-0.028809 -0.617489  0.786052    23.587679
>../../../../class1//ile/data/domains/C-terminal_junction_domain//structures/IleRS_AF_Euk_Ostreococcus_lucimarinus_CCE9901_gene5000489.pdb
 0.561784  0.113516  0.819459   108.306919
 0.491021  0.751444 -0.440716    46.159426
-0.665806  0.649959  0.366411    21.271204
>../../../../class1//ile/data/domains/C-terminal_junction_domain//structures/IleRS_AF_Euk_Trypanosoma_brucei_brucei_TREU927_gene3663037.pdb
 0.441183  0.531555  0.723054   108.599496
 0.178147  0.737796 -0.651092    47.330586
-0.879557  0.416061  0.230809    22.969017
>../../../../class1//ile/data/domains/C-terminal_junction_domain//structures/IleRS_AF_Euk_Ustilago_maydis_521_gene23568123.pdb
-0.578035  0.290487 -0.762557   106.329066
-0.284476  0.804132  0.521963    41.540733
 0.764820  0.518642 -0.382180    26.841328
>../../../../class1//ile/data/domains/C-terminal_junction_domain//structures/IleRS_AF_Mito_Drosophila_melanogaster_gene39762.pdb
 0.454786 -0.872131  0.180435    94.415592
-0.889266 -0.433600  0.145589    36.851100
-0.048736 -0.226667 -0.972752    20.071135
>../../../../class1//ile/data/domains/C-terminal_junction_domain//structures/IleRS_AF_Mito_Homo_sapiens_gene55699.pdb
-0.536855  0.708914 -0.457414    96.287818
-0.026376  0.527802  0.848958    42.247738
 0.843262  0.467832 -0.264655    22.998079
>../../../../class1//ile/data/domains/C-terminal_junction_domain//structures/IleRS_AF_Vir_Megavirus_chiliensis_gene11256744.pdb
-0.081919 -0.750386 -0.655904   105.833572
-0.975468  0.195295 -0.101595    51.565381
 0.204330  0.631491 -0.747976    29.827731
>../../../../class1//ile/data/domains/C-terminal_junction_domain//structures/IleRS_PDB_Bact_S_aureus_1QU2.pdb
-0.076284  0.712396 -0.697620    96.769035
 0.579824  0.600890  0.550214   -67.149070
 0.811163 -0.362524 -0.458902    72.235322
>../../../../class1//ile/data/domains/C-terminal_junction_domain//structures/IleRS_PDB_Bact_T_therm_1ILE.pdb
-0.045511 -0.618133  0.784755   137.540009
 0.942845  0.233014  0.238219    88.802219
-0.330110  0.750744  0.572199    41.976439
>../../../../class1//ile/data/domains/C-terminal_junction_domain//structures/IleRS_PDB_Euk_S_cere_7D5C.pdb
-0.442742 -0.895166  0.051549   114.553259
-0.167741  0.026213 -0.985483    88.640123
 0.880819 -0.444961 -0.161762    34.552057
>../../../../class1//val/data/domains/C-terminal_junction_domain//structures/ValRS_AF_Arch_Candidatus_Korarchaeum_cryptofilum_OPF8_gene6094666.pdb
-0.063495  0.976352  0.206653   102.458817
 0.196411  0.215247 -0.956604    40.142250
-0.978464 -0.020150 -0.205434    24.493763
>../../../../class1//val/data/domains/C-terminal_junction_domain//structures/ValRS_AF_Arch_Methanobacterium_paludis_gene10668809.pdb
-0.567713 -0.765697 -0.302340    99.718199
-0.804353  0.437743  0.401743    43.778111
-0.175267  0.471262 -0.864403    16.901829
>../../../../class1//val/data/domains/C-terminal_junction_domain//structures/ValRS_AF_Arch_Thermoplasma_acidophilum_DSM_1728_gene1455707.pdb
-0.088348 -0.909498 -0.406211    92.877017
 0.951611 -0.197567  0.235379    50.576410
-0.294331 -0.365760  0.882943    29.514998
>../../../../class1//val/data/domains/C-terminal_junction_domain//structures/ValRS_AF_Arch_Thermosphaera_aggregans_DSM_11486_gene9166030.pdb
 0.748361 -0.507148  0.427502   102.577669
-0.590739 -0.802698  0.081869    44.009923
 0.301635 -0.313810 -0.900300    25.386648
>../../../../class1//val/data/domains/C-terminal_junction_domain//structures/ValRS_AF_Bact_Brucella_abortus_2308_gene3789053.pdb
-0.067519 -0.981294 -0.180286    95.920394
-0.958449  0.113990 -0.261498    50.675139
 0.277157  0.155139 -0.948217    31.424912
>../../../../class1//val/data/domains/C-terminal_junction_domain//structures/ValRS_AF_Bact_Chlamydia_psittaci_6BC_gene12243133.pdb
-0.336794 -0.939626  0.060602    82.114014
-0.898260  0.339931  0.278525    48.665185
-0.282310  0.039369 -0.958515    10.144148
>../../../../class1//val/data/domains/C-terminal_junction_domain//structures/ValRS_AF_Bact_Corynebacterium_jeikeium_K411_gene3433539.pdb
 0.915455  0.168752  0.365327    86.755006
 0.113998  0.761891 -0.637594    46.004262
-0.385935  0.625336  0.678240    11.251722
>../../../../class1//val/data/domains/C-terminal_junction_domain//structures/ValRS_AF_Bact_Lacticaseibacillus_paracasei_gene61269477.pdb
 0.684210  0.300642  0.664433    96.949530
 0.082463  0.873338 -0.480084    48.771687
-0.724608  0.383269  0.572754    25.659102
>../../../../class1//val/data/domains/C-terminal_junction_domain//structures/ValRS_AF_Bact_Mycoplasma_hyopneumoniae_168-L_gene57101556.pdb
 0.551248 -0.805235  0.218454    96.643450
 0.834328  0.533485 -0.138891    42.934270
-0.004702  0.258826  0.965913    24.035423
>../../../../class1//val/data/domains/C-terminal_junction_domain//structures/ValRS_AF_Bact_Porphyromonas_gingivalis_ATCC_33277_gene29256433.pdb
 0.392127 -0.916124  0.083381    98.974165
-0.919158 -0.386528  0.075791    42.281758
-0.037205 -0.106360 -0.993631    21.248709
>../../../../class1//val/data/domains/C-terminal_junction_domain//structures/ValRS_AF_Bact_Prochlorococcus_marinus_subsp_marinus_str_CCMP1375_gene54201173.pdb
 0.381486  0.712707  0.588657    97.382851
 0.052388  0.619123 -0.783544    44.258742
-0.922889  0.329750  0.198850    20.028957
>../../../../class1//val/data/domains/C-terminal_junction_domain//structures/ValRS_AF_Bact_Streptobacillus_moniliformis_DSM_12112_gene29673078.pdb
 0.416246  0.457364  0.785848    95.966901
-0.139937 -0.821759  0.552385    46.509860
 0.898419 -0.339897 -0.278052    23.267657
>../../../../class1//val/data/domains/C-terminal_junction_domain//structures/ValRS_AF_Euk_Arabidopsis_thaliana_gene838023.pdb
 0.533474 -0.725000  0.435639    93.108027
 0.789602  0.611516  0.050768    43.017609
-0.303206  0.316898  0.898689    21.377729
>../../../../class1//val/data/domains/C-terminal_junction_domain//structures/ValRS_AF_Euk_Giardia_intestinalis_gene5702288.pdb
-0.593725  0.399331 -0.698588    88.092917
 0.275656 -0.714701 -0.642819    46.064063
-0.755979 -0.574228  0.314258    23.002641
>../../../../class1//val/data/domains/C-terminal_junction_domain//structures/ValRS_AF_Euk_Plasmodium_knowlesi_strain_H_gene7322020.pdb
-0.301196 -0.936153 -0.181378    88.782027
-0.952269  0.285393  0.108324    47.269012
-0.049644  0.205348 -0.977429    20.674897
>../../../../class1//val/data/domains/C-terminal_junction_domain//structures/ValRS_AF_Euk_Trypanosoma_brucei_brucei_TREU927_gene3658082.pdb
-0.414176 -0.851463 -0.321667    88.821995
-0.891438  0.308084  0.332300    44.286799
-0.183841  0.424377 -0.886627    17.576811
>../../../../class1//val/data/domains/C-terminal_junction_domain//structures/ValRS_PDB_Bact_T_therm_1GAX.pdb
 1.000000  0.000000  0.000000     0.000000
 0.000000  1.000000  0.000000     0.000000
 0.000000  0.000000  1.000000     0.000000
