>structures/LysRS-II_AF_Arch_Aciduliprofundum_boonei_T469_gene8827564.pdb
 0.612704  0.668156 -0.422092    -2.568714
-0.623542  0.080543 -0.777630    -1.613596
-0.485582  0.739649  0.465972     0.532424
>structures/LysRS-II_AF_Arch_Archaeoglobus_sulfaticallidus_PM70-1_gene15393615.pdb
 0.999820 -0.010562  0.015783     1.273105
 0.012840  0.988289 -0.152051    -4.774153
-0.013992  0.152226  0.988247     2.032226
>structures/LysRS-II_AF_Arch_Candidatus_Woesearchaeota_archaeon_proteinMBS3172198.1.pdb
 0.611054 -0.750250 -0.252463    -0.393374
 0.788831  0.550526  0.273251    -1.507146
-0.066019 -0.366122  0.928222    -0.129108
>structures/LysRS-II_AF_Arch_Thermogladius_calderae_1633_gene13013549.pdb
 0.183386  0.664035 -0.724864    -0.999444
-0.592021 -0.514054 -0.620693    -2.533829
-0.784781  0.542961  0.298852    -0.626634
>structures/LysRS-II_AF_Bact_Chlamydia_muridarum_str_Nigg_gene1245697.pdb
 0.204623  0.615878 -0.760805    -2.668811
-0.535129 -0.580431 -0.613789    -0.957651
-0.819614  0.532724  0.210805     1.633707
>structures/LysRS-II_AF_Bact_Cupriavidus_taiwanensis_LMG_19424_gene29762375.pdb
 0.992753 -0.120170  0.000849     4.245171
 0.119402  0.985556 -0.120093    -3.081385
 0.013594  0.119324  0.992762     3.077265
>structures/LysRS-II_AF_Bact_Leuconostoc_gelidum_JB7_gene61037106.pdb
 0.999917  0.002693 -0.012613     0.383429
-0.002571  0.999949  0.009720    -0.228735
 0.012639 -0.009687  0.999873     0.169097
>structures/LysRS-II_AF_Bact_Mycobacterium_intracellulare_ATCC_13950_gene11907187.pdb
 0.990350  0.101020  0.094875     3.995093
-0.075131  0.966615 -0.244973    -5.391471
-0.116455  0.235481  0.964877     0.599547
>structures/LysRS-II_AF_Bact_Mycoplasma_hyopneumoniae_168-L_gene57101062.pdb
 0.996325  0.029821  0.080296    -2.268621
-0.019654  0.992018 -0.124559     0.648975
-0.083369  0.122523  0.988958    -1.547011
>structures/LysRS-II_AF_Bact_Porphyromonas_gingivalis_ATCC_33277_gene29256363.pdb
 0.546592  0.830049 -0.110711    -6.562570
-0.477493  0.200327 -0.855493    -1.000762
-0.687923  0.520469  0.505840    -2.418164
>structures/LysRS-II_AF_Bact_Prochlorococcus_marinus_subsp_marinus_str_CCMP1375_gene54201108.pdb
 0.981411  0.122356  0.147859    -1.960959
-0.097695  0.981632 -0.163876     1.943127
-0.165194  0.146384  0.975337    -1.287174
>structures/LysRS-II_AF_Bact_Streptobacillus_moniliformis_DSM_12112_gene29673899.pdb
 0.955313  0.277628  0.101492     2.991031
-0.196282  0.852508 -0.484461    -2.902700
-0.221023  0.442891  0.868905     0.029481
>structures/LysRS-II_AF_Euk_Homo_sapiens_gene3735.pdb
 0.986147  0.140372  0.088374     3.347317
-0.109951  0.952090 -0.285369    -5.876639
-0.124197  0.271699  0.954335     0.470666
>structures/LysRS-II_AF_Euk_Ostreococcus_tauri_gene9837657.pdb
 0.992009 -0.126054  0.005376     3.461937
 0.126019  0.987862 -0.090814    -4.797552
 0.006137  0.090766  0.995853     3.658685
>structures/LysRS-II_AF_Euk_Solanum_lycopersicum_gene778357.pdb
-0.239196 -0.749557  0.617212     1.084930
-0.884201 -0.094514 -0.457445    -0.798750
 0.401216 -0.655158 -0.640151     0.167604
>structures/LysRS-II_AF_Euk_Theileria_annulata_gene3864794.pdb
-0.671137 -0.701841  0.238734     4.183995
-0.726958  0.559953 -0.397473    -2.815680
 0.145283 -0.440308 -0.886014    -0.683999
>structures/LysRS-II_AF_Euk_Zootoca_vivipara_gene118086243.pdb
 0.421624 -0.673040 -0.607660     0.447402
 0.860998  0.086923  0.501126     2.320280
-0.284458 -0.734481  0.616134     0.683119
>structures/LysRS-II_AF_Mito_Malus_domestica_gene103446975.pdb
 0.954056 -0.299434  0.010837     3.843244
 0.297686  0.951359  0.079366    -3.043212
-0.034075 -0.072494  0.996787     2.360805
>structures/LysRS-II_AF_Mito_Scheffersomyces_stipitis_CBS_6054_gene4837999.pdb
 0.987590 -0.127817  0.091257     4.057867
 0.132397  0.990129 -0.046007    -3.319974
-0.084476  0.057518  0.994764     0.337345
>structures/LysRS-II_PDB_Bact_G_stearothermophilus_3E9H.pdb
 0.027801  0.032903 -0.999072    29.300009
 0.813924  0.579470  0.041733    -1.456849
 0.580306 -0.814329 -0.010671  -105.430320
