>structures/LysRS-II_AF_Arch_Aciduliprofundum_boonei_T469_gene8827564.pdb
 0.858661 -0.511871  0.026258    -2.039521
 0.465775  0.800665  0.376815    -0.991950
-0.213905 -0.311326  0.925916     0.737897
>structures/LysRS-II_AF_Arch_Archaeoglobus_sulfaticallidus_PM70-1_gene15393615.pdb
 0.184534 -0.712637 -0.676828    -0.491633
 0.649209 -0.428644  0.628325     4.047112
-0.737886 -0.555350  0.383551     0.496296
>structures/LysRS-II_AF_Arch_Candidatus_Woesearchaeota_archaeon_proteinMBS3172198.1.pdb
-0.308035 -0.185943 -0.933027    -0.920814
-0.032830 -0.978053  0.205755    -0.142688
-0.950809  0.094010  0.295170    -0.933070
>structures/LysRS-II_AF_Arch_Thermogladius_calderae_1633_gene13013549.pdb
 1.000000 -0.000000  0.000000     0.000000
 0.000000  1.000000  0.000000     0.000000
-0.000000  0.000000  1.000000     0.000000
>structures/LysRS-II_AF_Bact_Chlamydia_muridarum_str_Nigg_gene1245697.pdb
 0.997698  0.020670  0.064581    -3.129950
-0.015957  0.997228 -0.072671    -0.499499
-0.065904  0.071473  0.995263     0.833921
>structures/LysRS-II_AF_Bact_Cupriavidus_taiwanensis_LMG_19424_gene29762375.pdb
 0.101949 -0.692689 -0.713994    -1.378936
 0.596757 -0.531666  0.601010     5.543354
-0.795919 -0.487353  0.359165    -2.364610
>structures/LysRS-II_AF_Bact_Leuconostoc_gelidum_JB7_gene61037106.pdb
 0.169186 -0.594733 -0.785919    -2.072159
 0.659638 -0.524153  0.538647    -0.424318
-0.732293 -0.609554  0.303629    -2.341310
>structures/LysRS-II_AF_Bact_Mycobacterium_intracellulare_ATCC_13950_gene11907187.pdb
 0.327863 -0.745075 -0.580835     1.721200
 0.616964 -0.296740  0.728904     4.508003
-0.715445 -0.597335  0.362395    -1.528618
>structures/LysRS-II_AF_Bact_Mycoplasma_hyopneumoniae_168-L_gene57101062.pdb
 0.259918 -0.678421 -0.687160    -1.384641
 0.625180 -0.424113  0.655193    -3.113494
-0.735930 -0.599895  0.313901    -1.382370
>structures/LysRS-II_AF_Bact_Porphyromonas_gingivalis_ATCC_33277_gene29256363.pdb
 0.920148 -0.380514  0.092395    -0.632299
 0.234659  0.724749  0.647823    -5.668835
-0.313469 -0.574411  0.756167     2.466845
>structures/LysRS-II_AF_Bact_Prochlorococcus_marinus_subsp_marinus_str_CCMP1375_gene54201108.pdb
 0.366211 -0.680015 -0.635192    -2.475867
 0.611213 -0.338925  0.715227    -3.349916
-0.701647 -0.650162  0.291515    -2.337535
>structures/LysRS-II_AF_Bact_Streptobacillus_moniliformis_DSM_12112_gene29673899.pdb
 0.448430 -0.814701 -0.367658    -0.142481
 0.603092 -0.027799  0.797187     2.683204
-0.659690 -0.579214  0.478874    -2.914690
>structures/LysRS-II_AF_Euk_Ostreococcus_tauri_gene9837657.pdb
 0.104315 -0.681027 -0.724791    -1.140209
 0.583897 -0.548010  0.598957     5.856196
-0.805098 -0.485683  0.340484    -0.620742
>structures/LysRS-II_AF_Euk_Solanum_lycopersicum_gene778357.pdb
 0.153157  0.435728  0.886952    -0.955716
 0.513731 -0.801831  0.305201     1.040875
 0.844170  0.408911 -0.346653    -2.212602
>structures/LysRS-II_AF_Euk_Theileria_annulata_gene3864794.pdb
 0.197415 -0.105848  0.974589     0.959515
 0.033599 -0.992839 -0.114636     2.933975
 0.979744  0.055376 -0.192445    -3.457902
>structures/LysRS-II_AF_Euk_Zootoca_vivipara_gene118086243.pdb
-0.207018  0.411801 -0.887448    -3.597093
-0.319925 -0.885722 -0.336371    -0.745324
-0.924549  0.214282  0.315106    -3.699811
>structures/LysRS-II_AF_Mito_Malus_domestica_gene103446975.pdb
 0.021125 -0.551859 -0.833670    -1.103063
 0.468483 -0.731178  0.495885     5.491218
-0.883220 -0.401036  0.243091    -2.278259
>structures/LysRS-II_AF_Mito_Scheffersomyces_stipitis_CBS_6054_gene4837999.pdb
 0.115247 -0.645786 -0.754770    -0.148931
 0.509612 -0.613780  0.602967     3.930535
-0.852651 -0.454130  0.258364    -3.365931
>structures/LysRS-II_PDB_Bact_G_stearothermophilus_3E9H.pdb
-0.931771  0.301318 -0.202509    87.241453
-0.088971 -0.730318 -0.677289   -39.085794
-0.351975 -0.613061  0.707298   -52.997060
