>structures/LysRS-II_AF_Arch_Aciduliprofundum_boonei_T469_gene8827564.pdb
 0.200808  0.059472  0.977824     1.456876
-0.083846 -0.993449  0.077641     2.693262
 0.976036 -0.097577 -0.194506    -2.324384
>structures/LysRS-II_AF_Arch_Archaeoglobus_sulfaticallidus_PM70-1_gene15393615.pdb
-0.268226 -0.807600  0.525201     3.973542
-0.736797 -0.179248 -0.651920    -0.754312
 0.620632 -0.561829 -0.546959     0.613981
>structures/LysRS-II_AF_Arch_Candidatus_Woesearchaeota_archaeon_proteinMBS3172198.1.pdb
-0.873868 -0.447364  0.190316     0.748225
-0.482684  0.751620 -0.449536     1.623676
 0.058061 -0.484698 -0.872752    -0.479078
>structures/LysRS-II_AF_Arch_Thermogladius_calderae_1633_gene13013549.pdb
 0.156898  0.507920  0.846995     1.393453
 0.435283 -0.805389  0.402338     2.363082
 0.886516  0.305557 -0.347453    -0.234713
>structures/LysRS-II_AF_Bact_Chlamydia_muridarum_str_Nigg_gene1245697.pdb
 0.092471  0.573219  0.814168     1.512604
 0.430318 -0.760376  0.486472     1.782743
 0.897929  0.305366 -0.316979    -3.332039
>structures/LysRS-II_AF_Bact_Cupriavidus_taiwanensis_LMG_19424_gene29762375.pdb
-0.346154 -0.794503  0.498942     2.254086
-0.760388 -0.073920 -0.645248    -3.885366
 0.549533 -0.602745 -0.578543     1.114285
>structures/LysRS-II_AF_Bact_Escherichia_coli_O157:H7_str._Sakai_gene916412.pdb
-0.315178 -0.797271  0.514803     2.866801
-0.781693 -0.089515 -0.617206    -4.554046
 0.538163 -0.596948 -0.595008     1.078550
>structures/LysRS-II_AF_Bact_Leuconostoc_gelidum_JB7_gene61037106.pdb
-0.244071 -0.885355  0.395696    -0.602458
-0.750413 -0.086027 -0.655348     0.945286
 0.614256 -0.456887 -0.643385    -0.945319
>structures/LysRS-II_AF_Bact_Mycobacterium_intracellulare_ATCC_13950_gene11907187.pdb
-0.239723 -0.776494  0.582743     2.822361
-0.649623 -0.317772 -0.690660    -1.508150
 0.721473 -0.544131 -0.428251     3.204940
>structures/LysRS-II_AF_Bact_Mycoplasma_hyopneumoniae_168-L_gene57101062.pdb
-0.271091 -0.824752  0.496279    -1.810779
-0.687226 -0.195165 -0.699736     3.702042
 0.673966 -0.530748 -0.513884    -2.182612
>structures/LysRS-II_AF_Bact_Porphyromonas_gingivalis_ATCC_33277_gene29256363.pdb
 0.010234 -0.175569  0.984414     0.804863
 0.094686 -0.979872 -0.175744     7.786676
 0.995455  0.095008  0.006595    -3.163108
>structures/LysRS-II_AF_Bact_Prochlorococcus_marinus_subsp_marinus_str_CCMP1375_gene54201108.pdb
-0.228539 -0.836378  0.498240    -2.547995
-0.610498 -0.275526 -0.742548     3.344825
 0.758328 -0.473875 -0.447639    -2.456617
>structures/LysRS-II_AF_Bact_Streptobacillus_moniliformis_DSM_12112_gene29673899.pdb
-0.146958 -0.650960  0.744752     1.497574
-0.556896 -0.567806 -0.606188    -1.117043
 0.817478 -0.503833 -0.279073     2.489320
>structures/LysRS-II_AF_Euk_Homo_sapiens_gene3735.pdb
-0.190416 -0.765794  0.614248     3.954827
-0.647401 -0.372401 -0.664973    -1.399274
 0.737979 -0.524287 -0.424865     3.435606
>structures/LysRS-II_AF_Euk_Ostreococcus_tauri_gene9837657.pdb
-0.363440 -0.801216  0.475356     3.925612
-0.753916 -0.046802 -0.655302    -3.503259
 0.547286 -0.596542 -0.587040     0.832961
>structures/LysRS-II_AF_Euk_Saccharomyces_cerevisiae_S288C_gene851607.pdb
-0.586126 -0.753321  0.298270     2.541175
-0.742507  0.352090 -0.569839    -3.495114
 0.324253 -0.555465 -0.765715    -1.008963
>structures/LysRS-II_AF_Euk_Solanum_lycopersicum_gene778357.pdb
 0.999988  0.002614 -0.004259    -0.138901
-0.002645  0.999970 -0.007264    -0.141197
 0.004240  0.007275  0.999965    -0.087035
>structures/LysRS-II_AF_Euk_Theileria_annulata_gene3864794.pdb
 0.867648 -0.493222 -0.062598     0.437511
 0.467756  0.767136  0.438983    -1.436790
-0.168495 -0.410164  0.896312     3.072542
>structures/LysRS-II_AF_Euk_Zootoca_vivipara_gene118086243.pdb
-0.977877 -0.204410 -0.044410    -2.617096
-0.204907  0.978757  0.006897    -0.065564
 0.042057  0.015844 -0.998990    -2.354161
>structures/LysRS-II_AF_Mito_Malus_domestica_gene103446975.pdb
-0.509799 -0.797378  0.322944     2.074517
-0.719455  0.189340 -0.668232    -3.268433
 0.471688 -0.573008 -0.670203     1.313549
>structures/LysRS-II_AF_Mito_Scheffersomyces_stipitis_CBS_6054_gene4837999.pdb
-0.404035 -0.820340  0.404720     1.418923
-0.699706 -0.007827 -0.714388    -2.176759
 0.589209 -0.571823 -0.570835     2.852118
>structures/LysRS-II_PDB_Bact_G_stearothermophilus_3E9H.pdb
-0.493556 -0.842733  0.214952   -48.999539
-0.473590  0.467716  0.746294    49.541921
-0.729462  0.266538 -0.629954    84.439344
