>../../../../class2/asn//data/domains/Catalytic_domain/structures/AsnRS_AF_Arch_Candidatus_Korarchaeum_cryptofilum_OPF8_gene6094562.pdb
 0.121343  0.108346  0.986680    -4.572755
 0.091696 -0.990998  0.097543     5.601739
 0.988366  0.078639 -0.130185    -2.775530
>../../../../class2/asn//data/domains/Catalytic_domain/structures/AsnRS_AF_Arch_Candidatus_Nitrososphaera_gargensis_Ga92_gene13796664.pdb
 0.352474  0.664718 -0.658720    -6.171817
-0.721671 -0.255055 -0.643536     3.987069
-0.595780  0.702209  0.389807    -4.175960
>../../../../class2/asn//data/domains/Catalytic_domain/structures/AsnRS_AF_Arch_Ferroplasma_acidarmanus_Fer1_gene16025664.pdb
 0.995823 -0.089070  0.020063     0.645432
 0.088797  0.995949  0.014146     0.523538
-0.021241 -0.012305  0.999699     0.710127
>../../../../class2/asn//data/domains/Catalytic_domain/structures/AsnRS_AF_Arch_Pyrococcus_sp_ST04_gene13021535.pdb
 1.000000  0.000000  0.000000     0.000000
 0.000000  1.000000  0.000000     0.000000
 0.000000  0.000000  1.000000     0.000000
>../../../../class2/asn//data/domains/Catalytic_domain/structures/AsnRS_AF_Bact_Clostridium_acetobutylicum_DSM_1731_gene44999755.pdb
 0.267791  0.721515 -0.638518    -6.747619
-0.730991 -0.279573 -0.622487     5.398304
-0.627646  0.633447  0.452554    -3.100884
>../../../../class2/asn//data/domains/Catalytic_domain/structures/AsnRS_AF_Bact_Mycoplasma_hyopneumoniae_168-L_gene57101291.pdb
 0.949927  0.312467 -0.001683    -0.098411
-0.304339  0.923972 -0.231630    -1.049039
-0.070822  0.220544  0.972802    -1.079025
>../../../../class2/asn//data/domains/Catalytic_domain/structures/AsnRS_AF_Bact_Porphyromonas_gingivalis_ATCC_33277_gene29256423.pdb
 0.991706  0.113032  0.061178    -0.807810
-0.113175  0.993574 -0.001130     0.826706
-0.060913 -0.005803  0.998126    -1.268839
>../../../../class2/asn//data/domains/Catalytic_domain/structures/AsnRS_AF_Bact_Streptobacillus_moniliformis_DSM_12112_gene29673200.pdb
 0.199191  0.728031 -0.655967    -6.495542
-0.693329 -0.368357 -0.619361     5.238489
-0.692544  0.578173  0.431392    -3.325499
>../../../../class2/asn//data/domains/Catalytic_domain/structures/AsnRS_AF_Bact_Thermus_thermophilus_HB8_gene3168522.pdb
 0.928628  0.371011  0.001089    -0.404411
-0.345518  0.865882 -0.361753    -1.885868
-0.135157  0.335558  0.932273    -1.034842
>../../../../class2/asn//data/domains/Catalytic_domain/structures/AsnRS_AF_Bact_Treponema_pallidum_subsp_pertenue_str_SamoaD_gene57879132.pdb
 0.353187  0.714024 -0.604507    -6.925015
-0.730803 -0.192860 -0.654776     4.881041
-0.584111  0.673034  0.453696    -4.007122
>../../../../class2/asn//data/domains/Catalytic_domain/structures/AsnRS_AF_Bact_unclassified_Blastocatellia_proteinRPI49177.1.pdb
 0.820493  0.564109 -0.092585    -2.004863
-0.523232  0.675838 -0.519107    -1.921926
-0.230261  0.474367  0.849680    -2.217869
>../../../../class2/asn//data/domains/Catalytic_domain/structures/AsnRS_AF_Euk_Candida_albicans_SC5314_gene3646227.pdb
 0.991160  0.093072 -0.094551    -3.926678
-0.106294  0.983543 -0.146098    -1.705564
 0.079397  0.154856  0.984741     1.895370
>../../../../class2/asn//data/domains/Catalytic_domain/structures/AsnRS_AF_Euk_Cryptococcus_gattii_WM276_gene10190222.pdb
 0.968873  0.126925 -0.212547    -7.340831
-0.168916  0.966595 -0.192774    -1.637749
 0.180979  0.222676  0.957947     2.018286
>../../../../class2/asn//data/domains/Catalytic_domain/structures/AsnRS_AF_Euk_Encephalitozoon_intestinalis_ATCC_50506_gene9698489.pdb
 0.999292  0.010619  0.036086     0.608771
-0.015270  0.991243  0.131165     1.467134
-0.034377 -0.131623  0.990704    -0.039654
>../../../../class2/asn//data/domains/Catalytic_domain/structures/AsnRS_AF_Euk_Vitis_vinifera_gene100257593.pdb
 0.226478  0.852555 -0.471018    -7.627484
-0.587569 -0.266101 -0.764168     7.360957
-0.776834  0.449823  0.440669    -5.874006
>../../../../class2/asn//data/domains/Catalytic_domain/structures/AsnRS_AF_Mito_Homo_sapiens_gene79731.pdb
 0.063809 -0.512253  0.856461    -5.276113
-0.300926 -0.828140 -0.472893     2.711752
 0.951510 -0.227556 -0.206993    -1.902684
>../../../../class2/asn//data/domains/Catalytic_domain/structures/AsnRS_AF_Mito_Zeugodacus_cucurbitae_gene105213230.pdb
-0.997005  0.062182 -0.045976    -8.922873
 0.052847  0.981881  0.181980     2.386276
 0.056459  0.179006 -0.982227    -4.892540
>../../../../class2/asn//data/domains/Catalytic_domain/structures/AsnRS_PDB_Arch_P_horikoshii_1X54.pdb
 0.231343 -0.470768  0.851386   -27.664931
-0.972440 -0.137973  0.187945    -8.300915
 0.028990 -0.871402 -0.489713    14.804901
>../../../../class2/asn//data/domains/Catalytic_domain/structures/AsnRS_PDB_Bact_E_anophelis_6pqh.pdb
-0.001843 -0.154904 -0.987928   -61.281596
-0.296781 -0.943334  0.148465     7.771066
-0.954944  0.293472 -0.044234   -17.635575
>../../../../class2/pro2//data/domains/Catalytic_domain/structures/ProRS-B_AF_Bact_Acinetobacter_baylyi_ADP1_gene45233245.pdb
 0.831268 -0.550397 -0.077822     0.823177
 0.352519  0.413730  0.839379    -2.836750
-0.429794 -0.725183  0.537946    -8.843987
>../../../../class2/pro2//data/domains/Catalytic_domain/structures/ProRS-B_AF_Bact_Brachyspira_pilosicoli_95_1000_gene56438966.pdb
-0.021967 -0.453505 -0.890983     0.734656
 0.370263 -0.831517  0.414108    -1.500916
-0.928667 -0.320801  0.186182    -7.886518
>../../../../class2/pro2//data/domains/Catalytic_domain/structures/ProRS-B_AF_Bact_Chlamydia_psittaci_6BC_gene12242703.pdb
-0.825427 -0.563612  0.031810     4.601581
-0.428963  0.589605 -0.684365    -3.768356
 0.366961 -0.578539 -0.728445    -5.620648
>../../../../class2/pro2//data/domains/Catalytic_domain/structures/ProRS-B_AF_Bact_Clostridium_acetobutylicum_DSM_1731_gene44999665.pdb
 0.709080 -0.653829 -0.264032     1.294551
 0.516917  0.227322  0.825300    -1.922491
-0.479585 -0.721687  0.499165    -8.005841
>../../../../class2/pro2//data/domains/Catalytic_domain/structures/ProRS-B_AF_Bact_Corynebacterium_ulcerans_809_gene75260584.pdb
-0.958970 -0.165366 -0.230283     2.494819
-0.214440  0.954413  0.207631    -3.188429
 0.185450  0.248494 -0.950715    -7.521349
>../../../../class2/pro2//data/domains/Catalytic_domain/structures/ProRS-B_AF_Bact_Prochlorococcus_marinus_subsp_marinus_str_CCMP1375_gene54199876.pdb
 0.754086 -0.643342 -0.132159     1.530718
 0.477743  0.399226  0.782547    -3.543892
-0.450684 -0.653246  0.608403    -9.103936
>../../../../class2/pro2//data/domains/Catalytic_domain/structures/ProRS-B_AF_Bact_Streptobacillus_moniliformis_DSM_12112_gene29673723.pdb
 0.968701 -0.070706  0.237947     0.467739
-0.033749  0.912160  0.408443    -1.344725
-0.245925 -0.403689  0.881224    -7.629725
>../../../../class2/pro2//data/domains/Catalytic_domain/structures/ProRS-B_PDB_Bact_S_aureus_5znj.pdb
 0.943235 -0.330060 -0.036992    -0.596743
-0.001551 -0.115757  0.993276   -23.087827
-0.332123 -0.936835 -0.109698    -4.668877
>../../../../class2/pro2//data/domains/Catalytic_domain/structures/ProRS_PDB_Bact_E_faecalis_2J3M.pdb
 0.948360 -0.060078  0.311456   -30.561536
-0.203328  0.638497  0.742280     1.816660
-0.243458 -0.767276  0.593309   -16.560620
