>structures/LysRS-I_AF_Arch_Candidatus_Bathyarchaeota_archaeon_proteinRJS75864.1.pdb
-0.273782  0.957210 -0.093770   -27.267720
-0.866135 -0.202991  0.456732   -34.908929
 0.418154  0.206263  0.884649     7.350150
>structures/LysRS-I_AF_Arch_Candidatus_Nitrosopumilus_koreensis_AR1_gene13726042.pdb
 0.318882 -0.933790  0.162331   -25.842473
-0.438223  0.006606  0.898842   -37.646450
-0.840402 -0.357761 -0.407102     8.038386
>structures/LysRS-I_AF_Arch_Ferroplasma_acidarmanus_Fer1_gene16025146.pdb
 0.999582  0.027034  0.010201    -0.187634
-0.027006  0.999631 -0.002828    -0.841164
-0.010274  0.002552  0.999944    -0.066008
>structures/LysRS-I_AF_Arch_Halorubrum_lacusprofundi_ATCC_49239_gene7400505.pdb
-0.377292 -0.756004  0.534891    -5.191382
-0.741143 -0.099836 -0.663882    -0.656315
 0.555299 -0.646908 -0.522640    -2.698118
>structures/LysRS-I_AF_Bact_Cereibacter_sphaeroides_KD131_gene67447319.pdb
-0.880853  0.336975  0.332484    -4.540482
 0.454066  0.800048  0.392105    -7.269721
-0.133874  0.496357 -0.857734     3.497283
>structures/LysRS-I_AF_Bact_Cyanobacteria_bacterium_J007_proteinRMH73500.1.pdb
 0.813644  0.492251 -0.309311    -4.206371
-0.581159  0.702809 -0.410261    -2.029047
 0.015435  0.513565  0.857912    -4.824656
>structures/LysRS-I_AF_Bact_Streptomyces_albidoflavus_gene15147364.pdb
 0.174397 -0.118046 -0.977574    -6.065908
 0.252096 -0.954347  0.160215     1.590832
-0.951858 -0.274384 -0.136676    -2.995864
>structures/LysRS-I_AF_Bact_Treponema_denticola_ATCC_35405_gene2739918.pdb
 0.011327  0.010347 -0.999882   -10.914500
-0.130657 -0.991358 -0.011739    -4.245472
-0.991363  0.130775 -0.009877    -8.978521
>structures/LysRS-I_PDB_Arch_P_hori_1IRX.pdb
 0.287297 -0.846187  0.448808   -18.177905
-0.926185 -0.125951  0.355412    22.275598
-0.244217 -0.517788 -0.819910    83.508721
