>../../../../class2/ala//data/domains/Catalytic_domain/structures/AlaRS_AF_Arch_Candidatus_Korarchaeum_cryptofilum_OPF8_gene6094822.pdb
 0.048929 -0.153120 -0.986996   -10.412863
-0.777391 -0.626281  0.058622    -5.044523
-0.627112  0.764413 -0.149677    -2.084075
>../../../../class2/ala//data/domains/Catalytic_domain/structures/AlaRS_AF_Arch_Candidatus_Nitrosopumilus_koreensis_AR1_gene13725795.pdb
 0.868362 -0.495761  0.012975    -6.898575
 0.416883  0.743874  0.522361    -3.734532
-0.268618 -0.448189  0.852626     3.102538
>../../../../class2/ala//data/domains/Catalytic_domain/structures/AlaRS_AF_Arch_Sulfolobus_islandicus_YG5714_gene7807284.pdb
-0.452598 -0.170428 -0.875277   -12.374028
-0.829855  0.439721  0.343491    -6.785625
 0.326337  0.881816 -0.340447     0.764243
>../../../../class2/ala//data/domains/Catalytic_domain/structures/AlaRS_AF_Arch_Thermoplasma_acidophilum_DSM_1728_gene1456391.pdb
 0.867989 -0.495676  0.030014    -7.730406
 0.399077  0.732248  0.551861    -4.865665
-0.295522 -0.467031  0.833396     1.233658
>../../../../class2/ala//data/domains/Catalytic_domain/structures/AlaRS_AF_Bact_Brucella_melitensis_bv_1_str_16M_gene29593597.pdb
 1.000000  0.000000  0.000000     0.000000
 0.000000  1.000000  0.000000     0.000000
 0.000000  0.000000  1.000000     0.000000
>../../../../class2/ala//data/domains/Catalytic_domain/structures/AlaRS_AF_Bact_Chlamydia_psittaci_6BC_gene12242512.pdb
 0.635260  0.124304  0.762229    -5.824945
-0.306002 -0.865671  0.396203    -0.401192
 0.709090 -0.484935 -0.511888     0.066261
>../../../../class2/ala//data/domains/Catalytic_domain/structures/AlaRS_AF_Bact_Lactobacillus_acidophilus_La-14_gene56942022.pdb
-0.166544  0.974375 -0.151183   -11.736741
 0.036547  0.159319  0.986550     5.131286
 0.985356  0.158779 -0.062145     3.288586
>../../../../class2/ala//data/domains/Catalytic_domain/structures/AlaRS_AF_Bact_Nocardia_farcinica_IFM_10152_gene61134339.pdb
 0.228180  0.820154  0.524673    -6.827770
-0.007274 -0.537439  0.843272     1.228184
 0.973592 -0.196234 -0.116667    -0.097489
>../../../../class2/ala//data/domains/Catalytic_domain/structures/AlaRS_AF_Bact_Porphyromonas_gingivalis_ATCC_33277_gene29256567.pdb
 0.575192  0.324017  0.751110    -7.479293
-0.209557 -0.829201  0.518181    -0.979901
 0.790721 -0.455454 -0.409050     0.773999
>../../../../class2/ala//data/domains/Catalytic_domain/structures/AlaRS_AF_Bact_Prochlorococcus_marinus_subsp_marinus_str_CCMP1375_gene54199407.pdb
-0.443307 -0.893452 -0.072258    -7.159155
 0.813259 -0.366996 -0.451578     1.285800
 0.376945 -0.258953  0.889301    -2.132751
>../../../../class2/ala//data/domains/Catalytic_domain/structures/AlaRS_AF_Bact_Streptobacillus_moniliformis_DSM_12112_gene29672963.pdb
 0.688591 -0.046857  0.723635    -8.955758
-0.437613 -0.822564  0.363158     3.091273
 0.578219 -0.566739 -0.586915    -1.288146
>../../../../class2/ala//data/domains/Catalytic_domain/structures/AlaRS_AF_Bact_Treponema_pallidum_subsp_pertenue_str_SamoaD_gene57879528.pdb
-0.294473 -0.877586 -0.378324   -12.879924
-0.948305  0.219313  0.229391    -4.756083
-0.118339  0.426315 -0.896801    11.234460
>../../../../class2/ala//data/domains/Catalytic_domain/structures/AlaRS_AF_Euk_Cyanidioschyzon_merolae_strain_10D_gene16993235.pdb
-0.391884 -0.589846 -0.706051   -13.713349
-0.880488  0.462983  0.101920    -1.571962
 0.266773  0.661610 -0.700788    -5.000088
>../../../../class2/ala//data/domains/Catalytic_domain/structures/AlaRS_AF_Euk_Marasmius_oreades_gene66078979.pdb
 0.951619 -0.306287  0.024688   -10.842983
 0.250885  0.820843  0.513102     0.075425
-0.177421 -0.482084  0.857973    -1.998930
>../../../../class2/ala//data/domains/Catalytic_domain/structures/AlaRS_AF_Euk_Plasmodium_berghei_ANKA_gene55150801.pdb
 0.574457  0.746080  0.336697    -7.285328
 0.035108 -0.433420  0.900508     3.138802
 0.817782 -0.505482 -0.275174     2.304739
>../../../../class2/ala//data/domains/Catalytic_domain/structures/AlaRS_AF_Euk_Saccharomyces_cerevisiae_S288C_gene854513.pdb
 0.625466 -0.773744  0.100565    -9.161915
 0.646113  0.585873  0.489173    -4.700221
-0.437413 -0.240985  0.866370    -1.423299
>../../../../class2/ala//data/domains/Catalytic_domain/structures/AlaRS_PDB_Bact_E_coli_3HXV.pdb
-0.845022  0.260442 -0.467021     4.538592
-0.430051 -0.850052  0.304084    27.452884
-0.317795  0.457801  0.830316   -14.394697
>../../../../class2/pro2//data/domains/Catalytic_domain/structures/ProRS-B_AF_Bact_Acinetobacter_baylyi_ADP1_gene45233245.pdb
 0.308615 -0.019787  0.950981   -17.294560
-0.836941  0.469425  0.281373   -14.059169
-0.451982 -0.882751  0.128310    23.064378
>../../../../class2/pro2//data/domains/Catalytic_domain/structures/ProRS-B_AF_Bact_Brachyspira_pilosicoli_95_1000_gene56438966.pdb
-0.044221 -0.959466  0.278333   -15.688767
-0.092942  0.281349  0.955094   -13.576018
-0.994689  0.016367 -0.101616    23.445940
>../../../../class2/pro2//data/domains/Catalytic_domain/structures/ProRS-B_AF_Bact_Chlamydia_psittaci_6BC_gene12242703.pdb
-0.391232  0.196099 -0.899157   -16.255969
 0.816154  0.525393 -0.240532   -17.150152
 0.425242 -0.827954 -0.365598    26.818188
>../../../../class2/pro2//data/domains/Catalytic_domain/structures/ProRS-B_AF_Bact_Clostridium_acetobutylicum_DSM_1731_gene44999665.pdb
 0.398314 -0.202025  0.894724   -16.062240
-0.716090  0.541079  0.440963   -14.047645
-0.573203 -0.816345  0.070852    23.680813
>../../../../class2/pro2//data/domains/Catalytic_domain/structures/ProRS-B_AF_Bact_Corynebacterium_ulcerans_809_gene75260584.pdb
-0.309154  0.921170 -0.236367   -16.731729
 0.938452  0.335758  0.081079   -15.447906
 0.154050 -0.196754 -0.968275    24.605050
>../../../../class2/pro2//data/domains/Catalytic_domain/structures/ProRS-B_AF_Bact_Prochlorococcus_marinus_subsp_marinus_str_CCMP1375_gene54199876.pdb
 0.385595 -0.017198  0.922508   -17.814954
-0.761390  0.558804  0.328668   -14.559718
-0.521154 -0.829121  0.202377    23.296413
>../../../../class2/pro2//data/domains/Catalytic_domain/structures/ProRS-B_AF_Bact_Streptobacillus_moniliformis_DSM_12112_gene29673723.pdb
 0.062650  0.643777  0.762644   -15.579589
-0.992507  0.120507 -0.020193   -13.389634
-0.104904 -0.755664  0.646503    23.572411
>../../../../class2/pro2//data/domains/Catalytic_domain/structures/ProRS-B_PDB_Bact_S_aureus_5znj.pdb
 0.054396 -0.534975  0.843115   -34.083639
-0.976765  0.146785  0.156156   -14.726191
-0.207296 -0.832019 -0.514560    35.158601
>../../../../class2/pro2//data/domains/Catalytic_domain/structures/ProRS_PDB_Bact_E_faecalis_2J3M.pdb
-0.111682  0.263249  0.958242   -21.703073
-0.992747  0.013624 -0.119447    16.156687
-0.044499 -0.964632  0.259818    11.184758
