>structures/AlaRS_AF_Arch_Candidatus_Korarchaeum_cryptofilum_OPF8_gene6094822.pdb
-0.879052 -0.151799  0.451911    -3.252611
 0.423943  0.184639  0.886669     5.060651
-0.218035  0.971013 -0.097953     2.859896
>structures/AlaRS_AF_Arch_Candidatus_Nitrosopumilus_koreensis_AR1_gene13725795.pdb
-0.098886  0.631188  0.769301    -2.541047
-0.845743  0.354056 -0.399204     1.190247
-0.524348 -0.690106  0.498811     6.988994
>structures/AlaRS_AF_Arch_Sulfolobus_islandicus_YG5714_gene7807284.pdb
-0.331338  0.764835  0.552488    -2.925316
 0.623998 -0.261581  0.736343     7.041069
 0.707701  0.588730 -0.390584     6.479337
>structures/AlaRS_AF_Arch_Thermoplasma_acidophilum_DSM_1728_gene1456391.pdb
-0.182432  0.631974  0.753211    -3.528742
-0.837463  0.301494 -0.455804     2.189837
-0.515145 -0.713940  0.474253     5.599966
>structures/AlaRS_AF_Bact_Brucella_melitensis_bv_1_str_16M_gene29593597.pdb
-0.427257  0.822611  0.375185    -3.436023
-0.899401 -0.344310 -0.269311    -5.748001
-0.092358 -0.452506  0.886966     1.828366
>structures/AlaRS_AF_Bact_Chlamydia_psittaci_6BC_gene12242512.pdb
-0.277991 -0.937540 -0.209140    -0.795836
-0.658680  0.344522 -0.668913    -0.382143
 0.699186 -0.048196 -0.713313     2.388663
>structures/AlaRS_AF_Bact_Lactobacillus_acidophilus_La-14_gene56942022.pdb
 0.495296 -0.252010  0.831368     6.544455
-0.165917 -0.966824 -0.194224     2.281177
 0.852733 -0.041740 -0.520677     2.957332
>structures/AlaRS_AF_Bact_Nocardia_farcinica_IFM_10152_gene61134339.pdb
 0.257120 -0.873788  0.412775     0.975278
-0.480847 -0.486185 -0.729664     0.030202
 0.838257 -0.010870 -0.545167     1.588731
>structures/AlaRS_AF_Bact_Porphyromonas_gingivalis_ATCC_33277_gene29256567.pdb
-0.119861 -0.991390 -0.052722    -0.367086
-0.663179  0.119472 -0.738864     1.041369
 0.738801 -0.053596 -0.671789     3.541498
>structures/AlaRS_AF_Bact_Prochlorococcus_marinus_subsp_marinus_str_CCMP1375_gene54199407.pdb
 1.000000  0.000000  0.000000     0.000000
 0.000000  1.000000  0.000000     0.000000
 0.000000  0.000000  1.000000     0.000000
>structures/AlaRS_AF_Bact_Streptobacillus_moniliformis_DSM_12112_gene29672963.pdb
-0.437379 -0.866787 -0.239543     2.633425
-0.594733  0.478609 -0.645931     0.281426
 0.674531 -0.140053 -0.724840    -0.116972
>structures/AlaRS_AF_Bact_Treponema_pallidum_subsp_pertenue_str_SamoaD_gene57879528.pdb
-0.677524  0.735491  0.003695     2.319511
 0.640049  0.587115  0.495615     4.257606
 0.362351  0.338156 -0.868535    14.876708
>structures/AlaRS_AF_Euk_Cyanidioschyzon_merolae_strain_10D_gene16993235.pdb
-0.436078  0.889637  0.135585    -0.379709
 0.604602  0.178037  0.776376     7.706843
 0.666553  0.420535 -0.615514    -0.900924
>structures/AlaRS_AF_Euk_Marasmius_oreades_gene66078979.pdb
-0.264974  0.632974  0.727415     1.105792
-0.900397  0.107546 -0.421568     3.894636
-0.345072 -0.766667  0.541431     0.984663
>structures/AlaRS_AF_Euk_Plasmodium_berghei_ANKA_gene55150801.pdb
 0.085651 -0.870731  0.484243     3.541638
-0.733234 -0.384153 -0.561065    -1.663633
 0.674560 -0.307007 -0.671353     3.122293
>structures/AlaRS_AF_Euk_Saccharomyces_cerevisiae_S288C_gene854513.pdb
 0.095911  0.730969  0.675637    -3.372866
-0.673781  0.547298 -0.496472     4.139346
-0.732681 -0.407614  0.545004     3.502367
>structures/AlaRS_PDB_Bact_E_coli_3HXV.pdb
-0.060549 -0.640839  0.765284    11.426644
 0.996443  0.006213  0.084041   -18.860124
-0.058611  0.767650  0.638184   -23.321131
