>structures/AlaRS_AF_Arch_Candidatus_Korarchaeum_cryptofilum_OPF8_gene6094822.pdb
 0.042501 -0.772640 -0.633420    -5.719309
 0.474460 -0.542334  0.693370     4.130543
-0.879250 -0.330001  0.343537    -1.212374
>structures/AlaRS_AF_Arch_Candidatus_Nitrosopumilus_koreensis_AR1_gene13725795.pdb
 0.967770  0.118337 -0.222299    -6.044960
-0.239209  0.707942 -0.664528    -1.585996
 0.078737  0.696286  0.713433    -0.964158
>structures/AlaRS_AF_Arch_Sulfolobus_islandicus_YG5714_gene7807284.pdb
-0.852706 -0.391521 -0.345836    -9.642138
-0.036203 -0.616145  0.786800     3.012994
-0.521134  0.683430  0.511217    -1.666930
>structures/AlaRS_AF_Arch_Thermoplasma_acidophilum_DSM_1728_gene1456391.pdb
 0.968793  0.165241 -0.184761    -5.470595
-0.247458  0.687884 -0.682335     0.007750
 0.014344  0.706761  0.707307    -1.452217
>structures/AlaRS_AF_Bact_Brucella_melitensis_bv_1_str_16M_gene29593597.pdb
 0.774286  0.384288 -0.502796     2.387994
-0.562967  0.055375 -0.824622    -2.740131
-0.289050  0.921551  0.259218     0.039080
>structures/AlaRS_AF_Bact_Chlamydia_psittaci_6BC_gene12242512.pdb
 0.017609 -0.012550  0.999766    -2.186851
-0.951787  0.306068  0.020606     0.466136
-0.306255 -0.951927 -0.006555     1.956022
>structures/AlaRS_AF_Bact_Lactobacillus_acidophilus_La-14_gene56942022.pdb
-0.588181  0.740588  0.324919    -5.825622
-0.722890 -0.661583  0.199344     1.700572
 0.362593 -0.117631  0.924494     8.751238
>structures/AlaRS_AF_Bact_Nocardia_farcinica_IFM_10152_gene61134339.pdb
-0.311051  0.522602  0.793810    -2.241010
-0.934623 -0.319729 -0.155736     1.268639
 0.172417 -0.790355  0.587888     3.875434
>structures/AlaRS_AF_Bact_Porphyromonas_gingivalis_ATCC_33277_gene29256567.pdb
-0.044869  0.167112  0.984916    -3.944990
-0.986770  0.146342 -0.069784     0.607497
-0.155797 -0.975017  0.158335     2.115481
>structures/AlaRS_AF_Bact_Prochlorococcus_marinus_subsp_marinus_str_CCMP1375_gene54199407.pdb
-0.208553 -0.683736 -0.699293    -0.900911
-0.024998  0.718509 -0.695069     2.377025
 0.977691 -0.127478 -0.166939     3.183211
>structures/AlaRS_AF_Bact_Streptobacillus_moniliformis_DSM_12112_gene29672963.pdb
 0.026226 -0.048492  0.998479    -1.562030
-0.885193  0.462971  0.045735     2.594201
-0.464485 -0.885046 -0.030783     5.743462
>structures/AlaRS_AF_Bact_Treponema_pallidum_subsp_pertenue_str_SamoaD_gene57879528.pdb
-0.531760 -0.801464  0.273656   -14.797759
 0.238769  0.168141  0.956409    -5.092436
-0.812540  0.573920  0.101954     2.493239
>structures/AlaRS_AF_Euk_Cyanidioschyzon_merolae_strain_10D_gene16993235.pdb
-0.789058 -0.600916 -0.127620    -5.441983
-0.016477 -0.186966  0.982228     8.526553
-0.614097  0.777138  0.137625     1.977107
>structures/AlaRS_AF_Euk_Homo_sapiens_gene16.pdb
-0.286362 -0.645473 -0.708069    -4.294061
 0.072130  0.722397 -0.687706     0.183295
 0.955403 -0.248006 -0.160309     6.173384
>structures/AlaRS_AF_Euk_Marasmius_oreades_gene66078979.pdb
 0.918463  0.322533 -0.228904    -4.650616
-0.385364  0.599566 -0.701438     4.674753
-0.088994  0.732456  0.674972     3.468831
>structures/AlaRS_AF_Euk_Plasmodium_berghei_ANKA_gene55150801.pdb
 0.022222  0.660771  0.750258    -2.712261
-0.997432 -0.036456  0.061651    -0.909244
 0.068089 -0.749701  0.658264     6.199812
>structures/AlaRS_AF_Euk_Saccharomyces_cerevisiae_S288C_gene854513.pdb
 0.953865 -0.244061 -0.174859    -5.586097
 0.030552  0.658288 -0.752146     3.062224
 0.298677  0.712103  0.635375    -1.345696
>structures/AlaRS_AF_Mito_Drosophila_melanogaster_gene38595.pdb
 1.000000  0.000000  0.000000     0.000000
 0.000000  1.000000  0.000000     0.000000
 0.000000  0.000000  1.000000     0.000000
>structures/AlaRS_AF_Mito_Homo_sapiens_gene57505.pdb
 0.037298 -0.924928  0.378309     5.310744
-0.547713  0.297723  0.781902    10.065814
-0.835834 -0.236368 -0.495491   -17.787146
>structures/AlaRS_PDB_Bact_E_coli_3HXV.pdb
-0.640464 -0.402637 -0.653979    25.701077
 0.747220 -0.523390 -0.409542     5.610887
-0.177390 -0.750963  0.636071    20.410491
