>../../../../class1/leu1//data/domains/Catalytic_domain/structures/LeuRS-B_AF_Bact_Bifidobacterium_longum_subsp_longum_JCM_1217_gene69578373.pdb
 0.719176  0.261350 -0.643803   -31.778088
 0.638595 -0.613770  0.464201    26.687101
-0.273828 -0.744971 -0.608306     6.141846
>../../../../class1/leu1//data/domains/Catalytic_domain/structures/LeuRS-B_AF_Bact_Brachyspira_pilosicoli_95_1000_gene56439070.pdb
 0.381016  0.293220 -0.876840   -35.135695
 0.738937  0.473431  0.479411    25.960266
 0.555696 -0.830593 -0.036286     5.305008
>../../../../class1/leu1//data/domains/Catalytic_domain/structures/LeuRS-B_AF_Bact_Chlamydia_psittaci_6BC_gene12243068.pdb
-0.419118 -0.085102  0.903935   -35.003567
-0.567420  0.801772 -0.187605    27.131686
-0.708784 -0.591539 -0.384325     5.984584
>../../../../class1/leu1//data/domains/Catalytic_domain/structures/LeuRS-B_AF_Bact_Clostridium_botulinum_A_str_ATCC_3502_gene5187707.pdb
-0.863338 -0.183639  0.470025   -32.243317
 0.350666 -0.888121  0.297109    28.441397
 0.362879  0.421328  0.831145     2.882264
>../../../../class1/leu1//data/domains/Catalytic_domain/structures/LeuRS-B_AF_Bact_Mycoplasma_hyopneumoniae_168-L_gene57101518.pdb
 0.562464 -0.175224 -0.808041   -32.439993
-0.603803  0.580593 -0.546199    26.419463
 0.564850  0.795115  0.220762     5.032492
>../../../../class1/leu1//data/domains/Catalytic_domain/structures/LeuRS-B_AF_Bact_Orientia_tsutsugamushi_str_Ikeda_gene66652454.pdb
-0.438719 -0.182413  0.879916   -34.028857
-0.398081  0.917313 -0.008314    27.930544
-0.805641 -0.353925 -0.475057     6.221847
>../../../../class1/leu1//data/domains/Catalytic_domain/structures/LeuRS-B_AF_Bact_Porphyromonas_gingivalis_ATCC_33277_gene29256038.pdb
 0.601049  0.281130 -0.748135   -34.305239
 0.741079  0.154440  0.653414    26.978410
 0.299237 -0.947161 -0.115513     6.495894
>../../../../class1/leu1//data/domains/Catalytic_domain/structures/LeuRS-B_AF_Bact_Thermus_thermophilus_HB8_gene3168656.pdb
-0.865824 -0.271824  0.420072   -35.930980
 0.430636 -0.832310  0.349018    32.622701
 0.254758  0.483086  0.837691     7.123867
>../../../../class1/leu1//data/domains/Catalytic_domain/structures/LeuRS-B_AF_Euk_Bathycoccus_prasinos_gene19015540.pdb
-0.340083  0.107949  0.934179   -33.163289
-0.523820  0.803263 -0.283515    27.088270
-0.780997 -0.585760 -0.216631     6.395264
>../../../../class1/leu1//data/domains/Catalytic_domain/structures/LeuRS-B_AF_Euk_Klebsormidium_nitens_protein971510658.pdb
 0.625708 -0.108134 -0.772526   -33.430765
-0.695620  0.370800 -0.615321    27.823962
 0.352990  0.922396  0.156792     6.186778
>../../../../class1/leu1//data/domains/Catalytic_domain/structures/LeuRS-B_AF_Euk_Plasmodium_falciparum_3D7_gene2655460.pdb
 0.721955  0.399911 -0.564671   -35.331941
 0.632002 -0.713348  0.302833    32.509267
-0.281701 -0.575505 -0.767749     4.503594
>../../../../class1/leu1//data/domains/Catalytic_domain/structures/LeuRS-B_AF_Euk_Thalassiosira_pseudonana_CCMP1335_gene7441753.pdb
 0.455529  0.403103 -0.793726   -34.002944
 0.727888  0.344658  0.592782    31.505860
 0.512516 -0.847773 -0.136412     8.261705
>../../../../class1/leu1//data/domains/Catalytic_domain/structures/LeuRS-B_AF_Mito_Drosophila_melanogaster_gene38581.pdb
 0.328736  0.009850 -0.944371   -35.591472
-0.584129  0.787859 -0.195118    25.727792
 0.742109  0.615777  0.264751     2.737869
>../../../../class1/leu1//data/domains/Catalytic_domain/structures/LeuRS-B_AF_Mito_Homo_sapiens_gene23395.pdb
-0.501945  0.049616  0.863475   -34.344274
-0.514729  0.785168 -0.344333    25.708973
-0.695058 -0.617292 -0.368572     4.435147
>../../../../class1/leu1//data/domains/Catalytic_domain/structures/LeuRS-B_PDB_Bact_T_therm_2V0C.pdb
 0.804926  0.342250  0.484726   -48.548026
 0.504823  0.034333 -0.862540    36.314451
-0.311846  0.938981 -0.145141    47.966572
>../../../../class1/trp//data/domains/Catalytic_domain/structures/TrpRS_AF_Arch_Natrialba_magadii_ATCC_43099_gene8824932.pdb
-0.835394  0.549207  0.022081   -40.211391
 0.304977  0.496571 -0.812654    28.053044
-0.457280 -0.672152 -0.582328     7.276728
>../../../../class1/trp//data/domains/Catalytic_domain/structures/TrpRS_AF_Arch_Nitrosopumilus_maritimus_SCM1_gene5773245.pdb
-0.899441  0.424025 -0.105876   -40.502187
 0.288741  0.394678 -0.872271    30.178943
-0.328078 -0.815127 -0.477423     7.380537
>../../../../class1/trp//data/domains/Catalytic_domain/structures/TrpRS_AF_Arch_Sulfolobus_islandicus_M1627_gene7814138.pdb
 0.938110  0.308993  0.156439   -37.965145
-0.120287 -0.132891  0.983804    29.538963
 0.324778 -0.941734 -0.087498    10.099742
>../../../../class1/trp//data/domains/Catalytic_domain/structures/TrpRS_AF_Arch_Thermoplasma_acidophilum_DSM_1728_gene1456706.pdb
-0.189983 -0.707383  0.680820   -37.008058
 0.334791 -0.698564 -0.632395    26.189634
 0.922942  0.107788  0.369541     4.375578
>../../../../class1/trp//data/domains/Catalytic_domain/structures/TrpRS_AF_Bact_Anoxybacillus_flavithermus_WK1_gene7038388.pdb
 0.996249 -0.084468  0.018793   -36.288855
-0.044187 -0.309847  0.949759    28.274001
-0.074402 -0.947027 -0.312417    13.112153
>../../../../class1/trp//data/domains/Catalytic_domain/structures/TrpRS_AF_Bact_Brachyspira_pilosicoli_95_1000_gene56440833.pdb
 0.061880 -0.411287  0.909403   -40.967912
 0.997873  0.044194 -0.047912    25.342505
-0.020485  0.910434  0.413147    11.062388
>../../../../class1/trp//data/domains/Catalytic_domain/structures/TrpRS_AF_Bact_Helicobacter_cinaedi_PAGU611_gene66538868.pdb
 0.986600  0.134391  0.092518   -36.658105
-0.086683 -0.048654  0.995047    28.077284
 0.138227 -0.989733 -0.036353    14.223138
>../../../../class1/trp//data/domains/Catalytic_domain/structures/TrpRS_AF_Bact_Mycoplasma_hyopneumoniae_168-L_gene57101461.pdb
 0.933905  0.355803  0.035025   -38.717813
-0.054815  0.045689  0.997451    27.710892
 0.353295 -0.933444  0.062172    14.968874
>../../../../class1/trp//data/domains/Catalytic_domain/structures/TrpRS_AF_Bact_Porphyromonas_gingivalis_ATCC_33277_gene29255389.pdb
-0.226174  0.560052 -0.796986   -41.699598
-0.940389  0.087803  0.328570    26.436309
 0.253994  0.823792  0.506808    11.200693
>../../../../class1/trp//data/domains/Catalytic_domain/structures/TrpRS_AF_Bact_Prochlorococcus_marinus_subsp_marinus_str_CCMP1375_gene54200405.pdb
-0.972477  0.232705  0.011696   -46.213957
 0.058958  0.294329 -0.953884    22.978989
-0.225416 -0.926941 -0.299948    11.597692
>../../../../class1/trp//data/domains/Catalytic_domain/structures/TrpRS_AF_Bact_Streptomyces_albidoflavus_gene15147734.pdb
-0.021891  0.862328 -0.505877   -40.135765
-0.783585  0.299450  0.544356    25.672879
 0.620899  0.408314  0.669152    11.349726
>../../../../class1/trp//data/domains/Catalytic_domain/structures/TrpRS_AF_Bact_Thermus_thermophilus_HB8_gene3168998.pdb
-0.920535 -0.336311 -0.198772   -40.808683
 0.221974 -0.031587 -0.974541    26.154622
 0.321470 -0.941221  0.103729    10.884867
>../../../../class1/trp//data/domains/Catalytic_domain/structures/TrpRS_AF_Euk_Cryptococcus_neoformans_var_neoformans_JEC21_gene3254069.pdb
 0.194499 -0.934677  0.297572   -41.233987
 0.706265 -0.077081 -0.703739    27.975410
 0.680706  0.347042  0.645137     7.434648
>../../../../class1/trp//data/domains/Catalytic_domain/structures/TrpRS_AF_Euk_Cyanidioschyzon_merolae_strain_10D_gene16993299.pdb
-0.902188 -0.272837 -0.334092   -41.335067
 0.333111  0.051367 -0.941487    29.487205
 0.274033 -0.960688  0.044542     7.660257
>../../../../class1/trp//data/domains/Catalytic_domain/structures/TrpRS_AF_Euk_Drosophila_melanogaster_gene45399.pdb
-0.970613  0.064811 -0.231755   -46.507992
 0.233986  0.029153 -0.971803    27.174026
-0.056227 -0.997472 -0.043462     8.537548
>../../../../class1/trp//data/domains/Catalytic_domain/structures/TrpRS_AF_Euk_Saccharomyces_cerevisiae_S288C_gene854056.pdb
 0.352063  0.203206  0.913651   -41.390844
 0.899621  0.195949 -0.390238    27.479793
-0.258328  0.959328 -0.113822     7.134050
>../../../../class1/trp//data/domains/Catalytic_domain/structures/TrpRS_AF_Mito_Bufo_gargarizans_gene122922343.pdb
-0.505839 -0.861929  0.034710   -41.747256
 0.541188 -0.348426 -0.765320    26.475400
 0.671746 -0.368344  0.642714    10.773434
>../../../../class1/trp//data/domains/Catalytic_domain/structures/TrpRS_AF_Mito_Cyanidioschyzon_merolae_strain_10D_gene16992222.pdb
 0.067421 -0.389735  0.918456   -37.246444
 0.980871 -0.142595 -0.132511    30.578307
 0.182611  0.909821  0.372666    10.680919
>../../../../class1/trp//data/domains/Catalytic_domain/structures/TrpRS_AF_Vir_Megavirus_chiliensis_gene11257301.pdb
-0.901837  0.292478 -0.318035   -39.893083
 0.408087  0.334720 -0.849369    28.395592
-0.141970 -0.895779 -0.421219     7.809140
>../../../../class1/trp//data/domains/Catalytic_domain/structures/TrpRS_PDB_Arch_P_hori_3JXE.pdb
 1.000000  0.000000  0.000000     0.000000
 0.000000  1.000000  0.000000     0.000000
 0.000000  0.000000  1.000000     0.000000
>../../../../class1/trp//data/domains/Catalytic_domain/structures/TrpRS_PDB_Bact_G_stearo_1I6M.pdb
-0.465519  0.354055  0.811133   -55.017964
-0.525338  0.627034 -0.575195    65.677451
-0.712259 -0.693883 -0.105898    68.814181
>../../../../class1/trp//data/domains/Catalytic_domain/structures/TrpRS_PDB_Bact_Y_pestis_3N9I.pdb
-0.395435 -0.698425  0.596517    13.009794
 0.899807 -0.424911  0.098986    24.989725
 0.184333  0.575893  0.796473   -49.690523
>../../../../class1/trp//data/domains/Catalytic_domain/structures/TrpRS_PDB_Euk_S_Cerevisiae_3KT3.pdb
-0.532551 -0.738032 -0.414363  -111.526419
-0.282709  0.616550 -0.734807   -49.914356
 0.797787 -0.274179 -0.536993   127.140394
