>../../../../class2/pro1//data/domains/Catalytic_domain/structures/ProRS-A_AF_Arch_Candidatus_Nitrosopumilus_sediminis_gene13697692.pdb
-0.953988 -0.299666 -0.010329    95.879788
 0.260888 -0.846529  0.464032    46.331017
-0.147798  0.439986  0.885758    41.729299
>../../../../class2/pro1//data/domains/Catalytic_domain/structures/ProRS-A_AF_Arch_Halogeometricum_borinquense_DSM_11551_gene9994169.pdb
 0.289327  0.779048 -0.556214    95.831992
 0.890092 -0.005175  0.455752    46.427864
 0.352175 -0.626943 -0.694921    40.973031
>../../../../class2/pro1//data/domains/Catalytic_domain/structures/ProRS-A_AF_Arch_Picrophilus_torridus_DSM_9790_gene2845069.pdb
 0.109131  0.637308 -0.762842    97.808382
 0.724737  0.474226  0.499867    47.214822
 0.680329 -0.607411 -0.410128    40.835704
>../../../../class2/pro1//data/domains/Catalytic_domain/structures/ProRS-A_AF_Arch_Sulfurisphaera_tokodaii_str_7_gene1459472.pdb
-0.632811 -0.745224  0.210218    96.455360
 0.454397 -0.137586  0.880110    46.686645
-0.626956  0.652465  0.425693    41.620016
>../../../../class2/pro1//data/domains/Catalytic_domain/structures/ProRS-A_AF_Bact_Bacillus_anthracis_str_Ames_Ancestor_gene45020455.pdb
 0.937155 -0.246891 -0.246547    96.581876
-0.307934 -0.252985 -0.917156    46.737762
 0.164065  0.935438 -0.313112    40.984055
>../../../../class2/pro1//data/domains/Catalytic_domain/structures/ProRS-A_AF_Bact_Mycoplasma_hyopneumoniae_168-L_gene57101275.pdb
 0.635731  0.746392 -0.196839    95.720460
 0.770730 -0.627872  0.108405    46.549648
-0.042677 -0.220626 -0.974424    43.357377
>../../../../class2/pro1//data/domains/Catalytic_domain/structures/ProRS-A_AF_Bact_Porphyromonas_gingivalis_ATCC_33277_gene29256199.pdb
 0.219044  0.807269 -0.548030    97.108567
 0.875393  0.085474  0.475795    46.186600
 0.430937 -0.583962 -0.687955    42.197792
>../../../../class2/pro1//data/domains/Catalytic_domain/structures/ProRS-A_AF_Bact_Thermus_thermophilus_HB8_gene3169620.pdb
 0.446691  0.835338 -0.320435    96.274331
 0.883643 -0.355805  0.304266    47.064564
 0.140153 -0.419063 -0.897075    42.661314
>../../../../class2/pro1//data/domains/Catalytic_domain/structures/ProRS-A_AF_Euk_Cryptococcus_gattii_WM276_gene10188341.pdb
 0.376018  0.752541 -0.540642    93.632956
 0.926584 -0.300784  0.225768    48.036305
 0.007283 -0.585843 -0.810392    42.738739
>../../../../class2/pro1//data/domains/Catalytic_domain/structures/ProRS-A_AF_Euk_Ostreococcus_tauri_gene9837972.pdb
 0.700973  0.660825 -0.268232    95.705164
 0.708861 -0.686934  0.160118    52.999069
-0.078448 -0.302377 -0.949955    39.787805
>../../../../class2/pro1//data/domains/Catalytic_domain/structures/ProRS-A_AF_Euk_Plasmodium_yoelii_gene3807174.pdb
 0.828405 -0.540264 -0.147851    96.502827
-0.399781 -0.385406 -0.831648    43.986320
 0.392327  0.748049 -0.535259    39.413933
>../../../../class2/pro1//data/domains/Catalytic_domain/structures/ProRS-A_AF_Euk_Scheffersomyces_stipitis_CBS_6054_gene4840393.pdb
 0.170631  0.593847 -0.786276    93.860145
 0.889323  0.250767  0.382388    48.560710
 0.424252 -0.764501 -0.485333    45.614400
>../../../../class2/pro1//data/domains/Catalytic_domain/structures/ProRS-A_AF_Mito_Oryza_sativa_Japonica_Group_gene4342480.pdb
 0.522172  0.735276 -0.432095    94.715179
 0.852284 -0.431604  0.295518    52.807245
 0.030793 -0.522578 -0.852035    41.167849
>../../../../class2/pro1//data/domains/Catalytic_domain/structures/ProRS-A_PDB_Arch_M_janacshii_1nj8.pdb
 1.000000  0.000000  0.000000     0.000000
 0.000000  1.000000  0.000000     0.000000
 0.000000  0.000000  1.000000     0.000000
>../../../../class2/pro3//data/domains/Catalytic_domain/structures/ProRS-M_AF_Euk_Candida_albicans_SC5314_gene3640100.pdb
 0.432033  0.857943 -0.277995    97.528359
 0.869023 -0.313614  0.382682    46.848144
 0.241136 -0.406916 -0.881064    45.056460
>../../../../class2/pro3//data/domains/Catalytic_domain/structures/ProRS-M_AF_Mito_Drosophila_melanogaster_gene38331.pdb
-0.973125 -0.198976  0.115913    96.908528
 0.230260 -0.846879  0.479349    46.213651
 0.002785  0.493157  0.869936    37.986110
>../../../../class2/pro3//data/domains/Catalytic_domain/structures/ProRS-M_AF_Mito_Mauremys_reevesii_gene120369760.pdb
 0.214472 -0.408246 -0.887320    97.234523
-0.039780  0.904055 -0.425561    44.027688
 0.975920  0.126569  0.177655    42.892220
>../../../../class2/pro3//data/domains/Catalytic_domain/structures/ProRS-M_AF_Mito_Schizosaccharomyces_pombe_gene2540642.pdb
 0.538930  0.775465 -0.328951    97.117086
 0.835805 -0.540871  0.094283    46.627148
-0.104807 -0.325751 -0.939629    40.362528
