>structures/ThrRS_AF_Arch_Candidatus_Methanomethylophilus_alvus_Mx1201_gene15140074.pdb
 0.147408 -0.039001  0.988307     1.903129
 0.036740 -0.998317 -0.044875    -1.826874
 0.988393  0.042925 -0.145727    -1.314289
>structures/ThrRS_AF_Arch_Candidatus_Nitrosopumilus_koreensis_AR1_gene13725077.pdb
 0.587719  0.808280  0.035639     1.436054
 0.503351 -0.330801 -0.798254    -4.014743
-0.633423  0.487088 -0.601266   -11.667017
>structures/ThrRS_AF_Arch_Pyrococcus_furiosus_DSM_3638_gene1469226.pdb
 0.405962  0.905642 -0.122501     2.639852
 0.719108 -0.399276 -0.568737    -3.131575
-0.563984  0.142795 -0.813346   -10.742485
>structures/ThrRS_AF_Arch_Sulfolobus_islandicus_M164_gene7940156.pdb
-0.882649  0.393876 -0.256500     6.762658
-0.146352  0.288281  0.946295    -5.607507
 0.446667  0.872786 -0.196807    -2.695623
>structures/ThrRS_AF_Bact_Bifidobacterium_longum_subsp_longum_JCM_1217_gene69578309.pdb
-0.869276  0.490519  0.061235    -1.057663
 0.384089  0.748202 -0.540989     1.791240
-0.311182 -0.446750 -0.838797    -2.541473
>structures/ThrRS_AF_Bact_Brachyspira_pilosicoli_95_1000_gene56439092.pdb
-0.869415 -0.479274 -0.120056    -1.005765
-0.480717  0.764411  0.429636     0.017777
-0.114141  0.431245 -0.894986    -0.292953
>structures/ThrRS_AF_Bact_Brucella_abortus_2308_gene3787745.pdb
 1.000000  0.000000  0.000000     0.000000
 0.000000  1.000000  0.000000     0.000000
 0.000000  0.000000  1.000000     0.000000
>structures/ThrRS_AF_Bact_Lactobacillus_acidophilus_La-14_gene56943112.pdb
-0.216937  0.197028 -0.956095    -4.060287
 0.121996 -0.966269 -0.226805     4.051823
-0.968533 -0.165842  0.185583    -0.112000
>structures/ThrRS_AF_Bact_Mycoplasma_hyopneumoniae_168-L_gene57101460.pdb
 0.061312  0.132933  0.989227     3.469829
-0.482961 -0.863392  0.145957    -0.304584
 0.873493 -0.486707  0.011265     0.060001
>structures/ThrRS_AF_Bact_Porphyromonas_gingivalis_ATCC_33277_gene29256174.pdb
-0.525117 -0.849905  0.043755     1.711939
-0.844221  0.513735 -0.152864     1.983889
 0.107441 -0.117210 -0.987278    -1.785305
>structures/ThrRS_AF_Bact_Prochlorococcus_marinus_subsp_marinus_str_CCMP1375_gene54200406.pdb
 0.451761  0.172190  0.875364    -2.116405
 0.889826 -0.016351 -0.456008     2.424172
-0.064207  0.984928 -0.160606    -2.703765
>structures/ThrRS_AF_Bact_Streptobacillus_moniliformis_DSM_12112_gene29674242.pdb
 0.147562  0.807153 -0.571602    -0.929017
 0.227502 -0.590132 -0.774588     1.416066
-0.962532 -0.015741 -0.270710    -0.178249
>structures/ThrRS_AF_Euk_Arabidopsis_thaliana_gene832741.pdb
-0.765800  0.516083 -0.383679    -0.566731
 0.549618  0.215495 -0.807144     3.709553
-0.333872 -0.828988 -0.448674    -1.953377
>structures/ThrRS_AF_Euk_Cercospora_beticola_gene35433465.pdb
-0.392257 -0.605436 -0.692518    -0.642778
 0.858726  0.028850 -0.511623     2.136886
 0.329734 -0.795371  0.508587    -0.416209
>structures/ThrRS_AF_Euk_Cryptococcus_gattii_WM276_gene10188143.pdb
-0.637254  0.760349  0.125608    -2.209028
 0.522512  0.546092 -0.654801     2.442522
-0.566471 -0.351643 -0.745291    -0.599116
>structures/ThrRS_AF_Euk_Cyanidioschyzon_merolae_strain_10D_gene16997242.pdb
 0.978656 -0.002153  0.205496    -2.681875
 0.095986  0.888964 -0.447806     2.378021
-0.181714  0.457973  0.870196    -0.484382
>structures/ThrRS_AF_Mito_Cyanidioschyzon_merolae_strain_10D_gene16995590.pdb
 0.374619  0.901184  0.218010     0.094657
 0.492485  0.005815 -0.870302    -0.475386
-0.785569  0.433399 -0.441641    -2.024046
>structures/ThrRS_AF_Mito_Oryza_sativa_Japonica_Group_gene4345200.pdb
 0.650525 -0.759041 -0.025975    -1.676883
-0.530103 -0.478278  0.700172     3.535204
-0.543882 -0.441710 -0.713501    -0.594108
>structures/ThrRS_PDB_Bact_E_coli_1evk.pdb
 0.083682 -0.996487  0.003235    57.838772
 0.551309  0.043592 -0.833162   -13.774106
 0.830094  0.071505  0.553020   -46.475392
>structures/ThrRS_PDB_Bact_S_aureus_1nyr.pdb
-0.320780  0.062116  0.945115   -47.972693
-0.940436 -0.139520 -0.310022    36.861589
 0.112606 -0.988269  0.103171    40.743200
