>structures/EPRS-E_AF_Euk_Homo_sapiens_gene2058.pdb
-0.140839 -0.842274 -0.520325   -17.237907
-0.470399 -0.405520  0.783760    -9.103427
-0.871143  0.355144 -0.339092   -10.720436
>structures/GluRS-E_AF_Euk_Cyathus_striatus_proteinKAF9013924.1.pdb
 0.732805  0.656774 -0.177890     5.498357
-0.566936  0.444764 -0.693374    -8.104822
-0.376271  0.608961  0.698274     3.716499
>structures/GluRS-E_AF_Euk_Lichtheimia_hyalospora_proteinKAI7879902.1.pdb
 1.000000 -0.000442 -0.000315     0.004851
 0.000442  1.000000 -0.000065    -0.009330
 0.000315  0.000065  1.000000    -0.019576
>structures/GluRS-E_AF_Euk_Medicago_truncatula_gene11407510.pdb
 0.929520  0.367657 -0.028641     8.719511
-0.309195  0.734672 -0.603867    -2.195888
-0.200974  0.570163  0.796570     7.108072
>structures/GluRS-E_AF_Euk_Saccharomyces_cerevisiae_S288C_gene852606.pdb
 0.997041 -0.075080 -0.016476    -0.704103
 0.075466  0.996855  0.024189    -1.383281
 0.014608 -0.025361  0.999572     1.651761
>structures/GluRS-E_AF_Euk_Xylariaceae_sp_FL0804_proteinKAI0483267.1.pdb
-0.988997  0.147279 -0.013897    -4.920683
 0.114825  0.823488  0.555592    -0.766019
 0.093271  0.547883 -0.831339    -1.617989
>structures/GluRS-E_PDB_Euk_Gallus_gallus_7WRU.pdb
-0.506107 -0.544456 -0.668898    59.553659
 0.706350  0.183370 -0.683700    57.772893
 0.494900 -0.818501  0.291772   -36.767300
