>structures/EPRS-E_AF_Euk_Homo_sapiens_gene2058.pdb
-0.691267  0.314461  0.650587     4.520540
 0.705176  0.097054  0.702359     8.292691
 0.157722  0.944296 -0.288840   104.691807
>structures/GluRS-E_AF_Euk_Cyathus_striatus_proteinKAF9013924.1.pdb
-0.957983  0.281271 -0.056166     0.840041
-0.193024 -0.777053 -0.599107   -15.761359
-0.212156 -0.563094  0.798696    93.109962
>structures/GluRS-E_AF_Euk_Lichtheimia_hyalospora_proteinKAI7879902.1.pdb
-0.505885  0.707432  0.493579     7.508909
-0.546396  0.179969 -0.817962    -8.258093
-0.667482 -0.683484  0.295495    90.127174
>structures/GluRS-E_AF_Euk_Medicago_truncatula_gene11407510.pdb
-0.788321  0.614942 -0.019921     5.065567
-0.398891 -0.535471 -0.744417   -19.243380
-0.468440 -0.578893  0.667418    87.921026
>structures/GluRS-E_AF_Euk_Xylariaceae_sp_FL0804_proteinKAI0483267.1.pdb
 0.629392  0.777028 -0.009672     8.735339
 0.483939 -0.382191  0.787231    -4.414807
 0.608004 -0.500158 -0.616582    93.451933
>structures/GluRS-E_PDB_Euk_Gallus_gallus_7WRU.pdb
 0.999998  0.001573  0.001012    -0.095596
-0.001576  0.999996  0.002127    -0.192500
-0.001009 -0.002129  0.999997     0.003851
