>structures/GluRS-E_AF_Euk_Cyathus_striatus_proteinKAF9013924.1.pdb
-0.958081  0.281050 -0.055612     0.861614
-0.193117 -0.776903 -0.599272   -15.762773
-0.211630 -0.563411  0.798611    93.105991
>structures/GluRS-E_AF_Euk_Lichtheimia_hyalospora_proteinKAI7879902.1.pdb
-0.506171  0.707092  0.493774     7.528908
-0.546301  0.180145 -0.817987    -8.258809
-0.667343 -0.683790  0.295101    90.121357
>structures/GluRS-E_AF_Euk_Medicago_truncatula_gene11407510.pdb
-0.788919  0.614172 -0.019984     5.074648
-0.398456 -0.536044 -0.744237   -19.246125
-0.467802 -0.579180  0.667616    87.921142
>structures/GluRS-E_AF_Euk_Xylariaceae_sp_FL0804_proteinKAI0483267.1.pdb
 0.629811  0.776689 -0.009623     8.754318
 0.483502 -0.382312  0.787441    -4.427696
 0.607918 -0.500592 -0.616315    93.435565
>structures/GluRS-E_PDB_Euk_Gallus_gallus_7WRU.pdb
 0.999999 -0.001351  0.000336    -0.030396
 0.001352  0.999997 -0.002204     0.183284
-0.000333  0.002204  0.999998     0.059690
