>structures/AspRS-E_AF_Euk_Caenorhabditis_elegans_gene176334.pdb
 0.514192  0.606622 -0.606313    -7.360039
-0.821023  0.143691 -0.552516     0.864562
-0.248047  0.781897  0.571936     0.461734
>structures/AspRS-E_AF_Euk_Cryptococcus_neoformans_var_neoformans_JEC21_gene3258977.pdb
 0.932569 -0.301892  0.197931   -13.363897
 0.156009  0.831496  0.533175    -2.623340
-0.325540 -0.466343  0.822525    -8.616475
>structures/AspRS-E_AF_Euk_Thalassiosira_pseudonana_CCMP1335_gene7443135.pdb
 0.585785  0.654648 -0.477799    -5.340776
-0.783372  0.306183 -0.540907     0.669400
-0.207810  0.691149  0.692191    -0.660403
>structures/AspRS-E_AF_Euk_Theileria_orientalis_strain_Shintoku_gene20715543.pdb
 0.394339  0.635634 -0.663676    -8.235202
-0.858585 -0.002627 -0.512665     1.177456
-0.327610  0.771986  0.544710    -0.155668
>structures/AspRS-E_PDB_Euk_S_cerevisiae_1EOV.pdb
-0.218354 -0.801666  0.556464   -24.747142
 0.008899 -0.571836 -0.820320    51.188397
 0.975829 -0.174168  0.131997    -1.478376
>structures/AsxRS_AF_Arch_Candidatus_Korarchaeum_cryptofilum_OPF8_gene6094477.pdb
 0.803237  0.595634 -0.005590    -3.256607
-0.538485  0.722093 -0.434299     3.510949
-0.254647  0.351855  0.900751    -2.035903
>structures/AsxRS_AF_Arch_Candidatus_Methanomassiliicoccus_intestinalis_Issoire-Mx1_gene16154831.pdb
 0.822200  0.566361  0.056759    -5.025543
-0.526929  0.795058 -0.300381     1.764130
-0.215251  0.217066  0.952129    -2.965840
>structures/AsxRS_AF_Arch_Candidatus_Nitrosopumilus_koreensis_AR1_gene13725312.pdb
 1.000000  0.000000  0.000000     0.000000
 0.000000  1.000000  0.000000     0.000000
 0.000000  0.000000  1.000000     0.000000
>structures/AsxRS_AF_Arch_Methanobacterium_lacus_gene10277817.pdb
 0.829172 -0.476563 -0.292168     0.064926
 0.551364  0.611187  0.567845     3.614382
-0.092045 -0.631932  0.769539     2.639493
>structures/AsxRS_AF_Bact_Clostridium_acetobutylicum_DSM_1731_gene45000055.pdb
 0.480679  0.661696 -0.575418    -5.391039
-0.815904  0.097035 -0.569986    -1.206696
-0.321322  0.743467  0.586523    -1.108087
>structures/AsxRS_AF_Bact_Spirochaetes_bacterium_GWE1_32_154_proteinOHD39701.1.pdb
 0.980356 -0.017769 -0.196432    -3.360945
 0.150090  0.713357  0.684539    -5.742985
 0.127963 -0.700575  0.702011     4.631895
>structures/AsxRS_AF_Bact_Tropheryma_whipplei_TW08_27_gene67388547.pdb
 0.033162 -0.597509  0.801176    -4.882349
-0.415839 -0.737186 -0.532574     0.517802
 0.908834 -0.315499 -0.272914    -0.829534
>structures/AsxRS_PDB_Arch_T_kodarensis_1b8a.pdb
-0.580375 -0.403624  0.707285    -2.738574
-0.677615  0.721074 -0.144536    23.997506
-0.451666 -0.563152 -0.691995    43.632895
>structures/AsxRS_PDB_Bact_T_thermophilus_1n9w.pdb
-0.265879 -0.859072  0.437382   -25.579398
-0.885343  0.397117  0.241798    16.892782
-0.381414 -0.322944 -0.866158    67.687959
