>structures/AspRS-E_AF_Euk_Caenorhabditis_elegans_gene176334.pdb
 0.102067  0.549697 -0.829105    -6.011773
-0.518741 -0.681757 -0.515864     5.651164
-0.848817  0.482743  0.215565    -2.843456
>structures/AspRS-E_AF_Euk_Cryptococcus_neoformans_var_neoformans_JEC21_gene3258977.pdb
 0.929185  0.127042  0.347097   -11.633976
-0.012735  0.949521 -0.313444    12.231805
-0.369397  0.286827  0.883899   -10.002059
>structures/AspRS-E_AF_Euk_Homo_sapiens_gene1615.pdb
 0.999999 -0.000677 -0.000930     0.010887
 0.000677  1.000000  0.000323     0.062167
 0.000930 -0.000323  1.000000     0.042410
>structures/AspRS-E_AF_Euk_Thalassiosira_pseudonana_CCMP1335_gene7443135.pdb
 0.181792  0.679518 -0.710779    -4.456721
-0.558243 -0.523736 -0.643479     5.505663
-0.809516  0.513767  0.284125    -4.681489
>structures/AspRS-E_AF_Euk_Theileria_orientalis_strain_Shintoku_gene20715543.pdb
-0.011876  0.517577 -0.855554    -6.640681
-0.435869 -0.772729 -0.461421     7.025212
-0.899932  0.367429  0.234773    -2.793933
>structures/AspRS-E_PDB_Euk_S_cerevisiae_1EOV.pdb
-0.260732 -0.959203  0.109311     1.758148
-0.589446  0.068497 -0.804898    44.306399
 0.764573 -0.274296 -0.583258    32.700644
>structures/AsxRS_AF_Arch_Candidatus_Korarchaeum_cryptofilum_OPF8_gene6094477.pdb
 0.483485  0.832988 -0.269023    -0.932782
-0.458674 -0.020683 -0.888364     7.101820
-0.745560  0.552905  0.372070    -4.404322
>structures/AsxRS_AF_Arch_Candidatus_Methanomassiliicoccus_intestinalis_Issoire-Mx1_gene16154831.pdb
 0.491984  0.855901 -0.159326    -3.417788
-0.510434  0.135326 -0.849202     6.548174
-0.705272  0.499119  0.503459    -5.871724
>structures/AsxRS_AF_Arch_Candidatus_Nitrosopumilus_koreensis_AR1_gene13725312.pdb
 0.886383  0.457169 -0.072953     0.213055
-0.373942  0.614110 -0.695008     2.590023
-0.272935  0.643323  0.715291    -5.830724
>structures/AsxRS_AF_Arch_Methanobacterium_lacus_gene10277817.pdb
 0.996340 -0.068582 -0.051012     1.693690
 0.066530  0.996947 -0.040882     1.419731
 0.053660  0.037338  0.997861    -1.967780
>structures/AsxRS_AF_Bact_Clostridium_acetobutylicum_DSM_1731_gene45000055.pdb
 0.096380  0.567760 -0.817533    -4.403315
-0.455108 -0.705332 -0.543492     4.621612
-0.885205  0.424447  0.190412    -5.504149
>structures/AsxRS_AF_Bact_Spirochaetes_bacterium_GWE1_32_154_proteinOHD39701.1.pdb
 0.926858  0.364551  0.089652    -5.666189
-0.364402  0.931056 -0.018616    -2.388103
-0.090257 -0.015415  0.995799    -5.345743
>structures/AsxRS_AF_Bact_Tropheryma_whipplei_TW08_27_gene67388547.pdb
-0.222364 -0.836777  0.500359    -3.559307
-0.896100 -0.026794 -0.443043     5.030485
 0.384135 -0.546888 -0.743877    -4.541490
>structures/AsxRS_PDB_Arch_T_kodarensis_1b8a.pdb
-0.784089  0.042319  0.619204     5.156379
 0.119462  0.989308  0.083660   -12.061686
-0.609043  0.139568 -0.780760    41.965312
>structures/AsxRS_PDB_Bact_T_thermophilus_1n9w.pdb
-0.609110 -0.554219  0.567297   -19.894733
-0.180142  0.793290  0.581584   -24.318148
-0.772356  0.252055 -0.583039    60.696450
