>../../../../class2/asp1//data/domains/Catalytic_domain/structures/AspRS_AF_Arch_Candidatus_Methanomassiliicoccus_intestinalis_Issoire-Mx1_gene16154434.pdb
-0.160226 -0.218183 -0.962665     3.791168
 0.555058 -0.826379  0.094911    14.371339
-0.816234 -0.519128  0.253512    -2.875830
>../../../../class2/asp1//data/domains/Catalytic_domain/structures/AspRS_AF_Arch_unclassified_Euryarchaeota_proteinHHT76046.1.pdb
-0.186373  0.033270 -0.981915     7.296705
 0.698248 -0.698606 -0.156202     8.638337
-0.691169 -0.714733  0.106971    -2.385177
>../../../../class2/asp1//data/domains/Catalytic_domain/structures/AspRS_AF_Bact_Bacillus_anthracis_str_Ames_Ancestor_gene45024275.pdb
-0.992135 -0.125119  0.003723     1.437954
-0.085425  0.698520  0.710474     8.864002
-0.091495  0.704568 -0.703714    -5.357157
>../../../../class2/asp1//data/domains/Catalytic_domain/structures/AspRS_AF_Bact_Brachyspira_pilosicoli_95_1000_gene56440011.pdb
-0.195024  0.309953 -0.930535     6.795729
 0.601921 -0.711250 -0.363063    10.207894
-0.774375 -0.630914 -0.047856    -1.758049
>../../../../class2/asp1//data/domains/Catalytic_domain/structures/AspRS_AF_Bact_Chlamydia_muridarum_str_Nigg_gene1246197.pdb
-0.118170  0.717977 -0.685962     7.348407
 0.055900 -0.684897 -0.726492     9.981680
-0.991419 -0.124195  0.040800    -1.323015
>../../../../class2/asp1//data/domains/Catalytic_domain/structures/AspRS_AF_Bact_Mycoplasma_hyopneumoniae_168-L_gene57101115.pdb
 0.046756 -0.640528 -0.766510     6.424863
 0.815336 -0.418849  0.399742    16.104706
-0.577097 -0.643654  0.502661    -0.849119
>../../../../class2/asp1//data/domains/Catalytic_domain/structures/AspRS_AF_Bact_Nocardia_cyriacigeorgica_GUH-2_gene45501717.pdb
 0.887798 -0.458533 -0.039517    10.875347
 0.440829  0.871897 -0.213226     9.192981
 0.132227  0.171882  0.976203     0.908576
>../../../../class2/asp1//data/domains/Catalytic_domain/structures/AspRS_AF_Bact_Porphyromonas_gingivalis_ATCC_33277_gene29255515.pdb
-0.228349  0.628096  0.743876     4.990032
 0.720158 -0.405194  0.563196     9.234529
 0.655156  0.664314 -0.359803    -0.235307
>../../../../class2/asp1//data/domains/Catalytic_domain/structures/AspRS_AF_Bact_Prochlorococcus_marinus_subsp_marinus_str_CCMP1375_gene54201182.pdb
-0.056045  0.543181 -0.837743     3.190642
 0.002769 -0.838974 -0.544164    10.229019
-0.998424 -0.032817  0.045516    -6.087268
>../../../../class2/asp1//data/domains/Catalytic_domain/structures/AspRS_AF_Bact_Xylella_fastidiosa_Temecula1_gene58016479.pdb
 0.919031 -0.393207  0.027741     5.892046
 0.387392  0.887945 -0.247953     7.008866
 0.072865  0.238623  0.968375    -1.828824
>../../../../class2/asp1//data/domains/Catalytic_domain/structures/AspRS_AF_Mito_Oryza_sativa_Japonica_Group_gene4324505.pdb
 0.183209 -0.007635  0.983044     9.596411
-0.571406 -0.814532  0.100166     8.659751
 0.799956 -0.580069 -0.153592     3.438016
>../../../../class2/asp1//data/domains/Catalytic_domain/structures/AspRS_AF_Mito_Oryzias_melastigma_gene112147132.pdb
 0.386729 -0.506287 -0.770788     6.495945
 0.906962  0.057527  0.417266     7.718945
-0.166915 -0.860444  0.481431    -3.299148
>../../../../class2/asp1//data/domains/Catalytic_domain/structures/AspRS_PDB_Bact_E_coli_1c0a.pdb
-0.569482 -0.765068 -0.300600    67.019834
 0.798409 -0.427836 -0.423673   -23.840423
 0.195532 -0.481276  0.854483     9.779386
>../../../../class2/phe1//data/domains/Catalytic_domain/structures/PheRS-Bα_AF_Bact_Brachyspira_pilosicoli_95_1000_gene56440383.pdb
-0.771324 -0.465841 -0.433649     3.032529
-0.626096  0.677748  0.385566    -0.294354
 0.114292  0.568902 -0.814425    -1.345830
>../../../../class2/phe1//data/domains/Catalytic_domain/structures/PheRS-Bα_AF_Bact_Chlamydia_psittaci_6BC_gene12243227.pdb
-0.882058  0.445271  0.153972    -0.126771
 0.286307  0.247045  0.925741    -0.378906
 0.374168  0.860641 -0.345392    -3.122319
>../../../../class2/phe1//data/domains/Catalytic_domain/structures/PheRS-Bα_AF_Bact_Ferrimonas_balearica_DSM_9799_gene67181906.pdb
 0.958981 -0.272084  0.079532    -2.045853
 0.228903  0.908773  0.348906     1.650254
-0.167208 -0.316389  0.933777    -2.175625
>../../../../class2/phe1//data/domains/Catalytic_domain/structures/PheRS-Bα_AF_Bact_Mycobacterium_intracellulare_ATCC_13950_gene11909689.pdb
 0.132619 -0.204543 -0.969832    -7.471023
 0.500984 -0.830450  0.243653     6.604684
-0.855235 -0.518183 -0.007660    -3.187504
>../../../../class2/phe1//data/domains/Catalytic_domain/structures/PheRS-Bα_AF_Bact_Mycoplasma_capricolum_subsp_capricolum_ATCC_27343_gene23778662.pdb
 1.000000  0.000000  0.000000     0.000000
 0.000000  1.000000  0.000000     0.000000
 0.000000  0.000000  1.000000     0.000000
>../../../../class2/phe1//data/domains/Catalytic_domain/structures/PheRS-Bα_AF_Bact_Porphyromonas_gingivalis_ATCC_33277_gene29256875.pdb
-0.842761  0.147096 -0.517800     3.881437
-0.240010  0.758341  0.606064     1.641015
 0.481818  0.635045 -0.603796    -4.161592
>../../../../class2/phe1//data/domains/Catalytic_domain/structures/PheRS-Bα_AF_Bact_Prochlorococcus_marinus_subsp_marinus_str_CCMP1375_gene54200681.pdb
 0.331208  0.629958 -0.702463    -8.590172
-0.680493 -0.356247 -0.640326     3.250633
-0.653629  0.690103  0.310690    -2.464397
>../../../../class2/phe1//data/domains/Catalytic_domain/structures/PheRS-Bα_AF_Bact_Staphylococcus_argenteus_gene66839332.pdb
 0.669611  0.669763 -0.320995    -3.940845
-0.700423  0.425707 -0.572870    -2.623761
-0.247038  0.608433  0.754176    -3.364393
>../../../../class2/phe1//data/domains/Catalytic_domain/structures/PheRS-Bα_PDB_Bact.A_E_coli_3PCO.pdb
 0.711164 -0.135756 -0.689794    60.189574
-0.684477 -0.357602 -0.635304    21.839210
-0.160426  0.923954 -0.347236    13.826650
>../../../../class2/phe1//data/domains/Catalytic_domain/structures/PheRS-Bα_PDB_Bact.A_T_thermophilus_1PYS.pdb
-0.339352  0.390619  0.855720   -23.857078
-0.429908  0.744732 -0.510444   -24.476513
-0.836672 -0.541101 -0.084796    40.341766
