>../../../../class2/asn//data/domains/Catalytic_domain/structures/AsnRS_AF_Arch_Candidatus_Korarchaeum_cryptofilum_OPF8_gene6094562.pdb
 0.189416  0.217184  0.957576    -1.776073
 0.252912 -0.953117  0.166144     6.373336
 0.948766  0.210713 -0.235464    -5.592439
>../../../../class2/asn//data/domains/Catalytic_domain/structures/AsnRS_AF_Arch_Candidatus_Nitrososphaera_gargensis_Ga92_gene13796664.pdb
 0.382278  0.741603 -0.551261    -3.274673
-0.767885 -0.076903 -0.635955     4.406577
-0.514019  0.666417  0.540067    -6.565209
>../../../../class2/asn//data/domains/Catalytic_domain/structures/AsnRS_AF_Arch_Ferroplasma_acidarmanus_Fer1_gene16025664.pdb
 0.977056 -0.191079  0.094078     4.088378
 0.173635  0.970426  0.167704     2.374139
-0.123341 -0.147521  0.981338    -1.892690
>../../../../class2/asn//data/domains/Catalytic_domain/structures/AsnRS_AF_Arch_Pyrococcus_sp_ST04_gene13021535.pdb
 0.991160 -0.106294  0.079397     3.560187
 0.093072  0.983543  0.154856     1.749450
-0.094551 -0.146098  0.984741    -2.486899
>../../../../class2/asn//data/domains/Catalytic_domain/structures/AsnRS_AF_Bact_Clostridium_acetobutylicum_DSM_1731_gene44999755.pdb
 0.283046  0.795982 -0.535068    -3.926507
-0.792559 -0.120059 -0.597860     6.035934
-0.540126  0.593295  0.596880    -5.644067
>../../../../class2/asn//data/domains/Catalytic_domain/structures/AsnRS_AF_Bact_Mycoplasma_hyopneumoniae_168-L_gene57101291.pdb
 0.966899  0.233277  0.103383     3.554159
-0.225871  0.970990 -0.078495     0.558690
-0.118695  0.052545  0.991539    -3.344089
>../../../../class2/asn//data/domains/Catalytic_domain/structures/AsnRS_AF_Bact_Porphyromonas_gingivalis_ATCC_33277_gene29256423.pdb
 0.989438  0.008207  0.144725     2.586063
-0.030898  0.987392  0.155249     2.324554
-0.141626 -0.158081  0.977217    -3.797824
>../../../../class2/asn//data/domains/Catalytic_domain/structures/AsnRS_AF_Bact_Streptobacillus_moniliformis_DSM_12112_gene29673200.pdb
 0.211459  0.806501 -0.552124    -3.731138
-0.768309 -0.212012 -0.603947     5.772540
-0.604141  0.551912  0.574810    -5.931902
>../../../../class2/asn//data/domains/Catalytic_domain/structures/AsnRS_AF_Bact_Thermus_thermophilus_HB8_gene3168522.pdb
 0.945945  0.305312  0.109417     3.175920
-0.277017  0.936044 -0.216985    -0.335535
-0.168667  0.174945  0.970024    -3.199621
>../../../../class2/asn//data/domains/Catalytic_domain/structures/AsnRS_AF_Bact_Treponema_pallidum_subsp_pertenue_str_SamoaD_gene57879132.pdb
 0.374065  0.782793 -0.497303    -4.127647
-0.778283 -0.026641 -0.627349     5.362258
-0.504333  0.621711  0.599269    -6.445763
>../../../../class2/asn//data/domains/Catalytic_domain/structures/AsnRS_AF_Bact_unclassified_Blastocatellia_proteinRPI49177.1.pdb
 0.850278  0.525788  0.023959     1.481789
-0.476683  0.788570 -0.388497    -0.696619
-0.223160  0.318910  0.921138    -4.191976
>../../../../class2/asn//data/domains/Catalytic_domain/structures/AsnRS_AF_Euk_Candida_albicans_SC5314_gene3646227.pdb
 1.000000  0.000000  0.000000     0.000000
 0.000000  1.000000  0.000000     0.000000
 0.000000  0.000000  1.000000     0.000000
>../../../../class2/asn//data/domains/Catalytic_domain/structures/AsnRS_AF_Euk_Cryptococcus_gattii_WM276_gene10190222.pdb
 0.992549  0.039835 -0.115153    -3.388735
-0.047199  0.996963 -0.061949    -0.223504
 0.112336  0.066922  0.991414     0.398438
>../../../../class2/asn//data/domains/Catalytic_domain/structures/AsnRS_AF_Euk_Encephalitozoon_intestinalis_ATCC_50506_gene9698489.pdb
 0.989725 -0.103308  0.098853     3.966223
 0.071925  0.957229  0.280248     3.201971
-0.123577 -0.270258  0.954824    -2.823237
>../../../../class2/asn//data/domains/Catalytic_domain/structures/AsnRS_AF_Euk_Vitis_vinifera_gene100257593.pdb
 0.219693  0.910215 -0.351059    -5.231427
-0.677243 -0.116718 -0.726443     7.415612
-0.702195  0.397347  0.590795    -8.562451
>../../../../class2/asn//data/domains/Catalytic_domain/structures/AsnRS_AF_Mito_Homo_sapiens_gene79731.pdb
 0.172500 -0.444620  0.878952    -2.142651
-0.147092 -0.893951 -0.423339     3.567953
 0.973965 -0.056261 -0.219607    -4.211040
>../../../../class2/asn//data/domains/Catalytic_domain/structures/AsnRS_AF_Mito_Zeugodacus_cucurbitae_gene105213230.pdb
-0.989118 -0.023031 -0.145314    -5.954254
-0.026970  0.999319  0.025193     2.585152
 0.144634  0.028838 -0.989065    -6.788390
>../../../../class2/asn//data/domains/Catalytic_domain/structures/AsnRS_PDB_Arch_P_horikoshii_1X54.pdb
 0.333731 -0.521018  0.785598   -21.845716
-0.931064 -0.312544  0.188244    -6.727211
 0.147455 -0.794265 -0.589407    15.887342
>../../../../class2/asn//data/domains/Catalytic_domain/structures/AsnRS_PDB_Bact_E_anophelis_6pqh.pdb
-0.047387 -0.036080 -0.998225   -59.469096
-0.437222 -0.897778  0.053205     1.359917
-0.898104  0.438967  0.026768   -15.267388
>../../../../class2/gly1//data/domains/Catalytic_domain/structures/GlyRS-A_AF_Arch_Candidatus_Nitrosopumilus_sediminis_gene13697160.pdb
 0.557728 -0.761648 -0.329897     2.720845
 0.674925  0.184806  0.714369     3.283958
-0.483131 -0.621079  0.617127    -6.021269
>../../../../class2/gly1//data/domains/Catalytic_domain/structures/GlyRS-A_AF_Arch_Candidatus_Woesearchaeota_archaeon_proteinMBT4248212.1.pdb
 0.454382  0.887441 -0.077368     0.719965
-0.693407  0.297834 -0.656111     3.218228
-0.559217  0.351773  0.750688    -5.871881
>../../../../class2/gly1//data/domains/Catalytic_domain/structures/GlyRS-A_AF_Arch_Sulfolobus_islandicus_YN1551_gene7810979.pdb
 0.132706  0.433595  0.891282     4.125991
 0.251149 -0.884599  0.392949     4.867703
 0.958808  0.171698 -0.226289    -4.945594
>../../../../class2/gly1//data/domains/Catalytic_domain/structures/GlyRS-A_AF_Arch_Thermoplasma_acidophilum_DSM_1728_gene1455843.pdb
 0.316004 -0.815124 -0.485504     2.983500
 0.755042 -0.093805  0.648932     3.169866
-0.574502 -0.571641  0.585810    -5.723342
>../../../../class2/gly1//data/domains/Catalytic_domain/structures/GlyRS-A_AF_Bact_Capnocytophaga_ochracea_DSM_7271_gene29675716.pdb
 0.073822  0.581054  0.810510     2.024789
 0.665978 -0.633670  0.393620     2.402678
 0.742310  0.510724 -0.433748    -4.710585
>../../../../class2/gly1//data/domains/Catalytic_domain/structures/GlyRS-A_AF_Bact_Corynebacterium_ulcerans_809_gene75260805.pdb
-0.548218  0.191704 -0.814068     1.682369
-0.192640 -0.976146 -0.100142     6.916994
-0.813847  0.101922  0.572071    -3.707031
>../../../../class2/gly1//data/domains/Catalytic_domain/structures/GlyRS-A_AF_Bact_Treponema_denticola_ATCC_35405_gene2741635.pdb
 0.302472 -0.826912  0.474055    -0.126267
-0.564487 -0.556157 -0.609953     5.129557
 0.768027 -0.083104 -0.635003    -3.937103
>../../../../class2/gly1//data/domains/Catalytic_domain/structures/GlyRS-A_PDB_Bact_T_thermophilus_1ati.pdb
-0.832841 -0.123757 -0.539500    45.859644
-0.538418  0.407199  0.737763   -20.986574
 0.128381  0.904916 -0.405765   -27.633667
