>structures/SerRS-A_AF_Arch_Conexivisphaera_calida_protein1635512986.pdb
-0.754649  0.400586  0.519650    46.619154
 0.539029  0.830076  0.142905    -2.008450
-0.374103  0.387949 -0.842343    84.214744
>structures/SerRS-A_AF_Arch_Ignisphaera_aggregans_protein304378874.pdb
-0.335588  0.453625  0.825594    46.016593
 0.918833 -0.035585  0.393040    -1.455261
 0.207672  0.890482 -0.404864    82.001641
>structures/SerRS-A_AF_Arch_Methanosarcina_barkeri_protein805401349.pdb
-0.874986 -0.471562  0.109676    48.618093
-0.426626  0.643888 -0.635136    -0.907324
 0.228887 -0.602526 -0.764574    83.435396
>structures/SerRS-A_AF_Arch_Unclassified_Thermoplasmata_protein1635512986.pdb
-0.847155  0.262737  0.461842    49.387646
 0.306054  0.951806  0.019921    -2.846392
-0.434350  0.158225 -0.886738    83.539402
>structures/SerRS-A_PDB_Arch_M_barkeri_2cjb.pdb
 1.000000  0.000000  0.000000     0.000000
 0.000000  1.000000  0.000000     0.000000
 0.000000  0.000000  1.000000     0.000000
