>structures/PheRS-Aα_AF_Arch_Candidatus_Nitrosopumilus_koreensis_AR1_gene13724458.pdb
 0.088018 -0.459613 -0.883747     5.159636
 0.979170 -0.123045  0.161514    -4.483010
-0.182975 -0.879554  0.439209   -10.213139
>structures/PheRS-Aα_AF_Arch_Haloterrigena_turkmenica_DSM_5511_gene8744248.pdb
 0.999793  0.014331 -0.014462    -0.273519
-0.014255  0.999884  0.005350     0.130999
 0.014537 -0.005143  0.999881    -0.162460
>structures/PheRS-Aα_AF_Arch_Thermoplasma_volcanium_GSS1_gene1441177.pdb
 0.173078 -0.173564  0.969494     0.092270
-0.211800 -0.967879 -0.135464     0.280756
 0.961865 -0.181893 -0.204280     0.745146
>structures/PheRS-Aα_AF_Arch_Thermosphaera_aggregans_DSM_11486_gene9165306.pdb
 0.451777 -0.601573 -0.658792    -5.129050
 0.810016 -0.032860  0.585487     2.796523
-0.373861 -0.798141  0.472439     3.382460
>structures/PheRS-Aα_AF_Euk_Cyanidioschyzon_merolae_strain_10D_gene16993638.pdb
-0.479206 -0.753736  0.449715    -4.616907
-0.849862  0.270444 -0.452321    -8.636782
 0.219307 -0.598951 -0.770170     0.252793
>structures/PheRS-Aα_AF_Euk_Megalobrama_amblycephala_gene125266654.pdb
-0.439618  0.518196  0.733627    -7.107541
 0.619720 -0.416225  0.665360     2.067836
 0.650141  0.747148 -0.138157     1.092126
>structures/PheRS-Aα_AF_Euk_Plasmodium_falciparum_3D7_gene813233.pdb
 0.098439  0.368170 -0.924532   -11.055112
 0.055456 -0.929631 -0.364296    -2.029636
-0.993597 -0.015410 -0.111929    -3.189478
>structures/PheRS-Aα_AF_Euk_Schizosaccharomyces_pombe_gene2543647.pdb
 0.758013  0.587295 -0.283726    -4.884292
-0.599253  0.455345 -0.658450    -7.484824
-0.257511  0.669138  0.697096    -1.347273
>structures/PheRS-Aα_PDB_Euk.B_H_sapiens_3L4G.C.pdb
 0.897579 -0.336495  0.284820    14.099227
 0.432180  0.544110 -0.719141  -105.512052
 0.087014  0.768580  0.633809   -73.002323
