>structures/PheRS-Aα_AF_Arch_Candidatus_Nitrosopumilus_koreensis_AR1_gene13724458.pdb
-0.358835 -0.907645  0.217759    -8.940740
-0.933375  0.350661 -0.076471     5.820754
-0.006951 -0.230691 -0.973002     7.877491
>structures/PheRS-Aα_AF_Arch_Haloterrigena_turkmenica_DSM_5511_gene8744248.pdb
 0.211370 -0.201332  0.956446    -1.321988
-0.165555 -0.971790 -0.167975     0.635764
 0.963283 -0.122840 -0.238738    -0.280222
>structures/PheRS-Aα_AF_Arch_Thermoplasma_volcanium_GSS1_gene1441177.pdb
 0.999691 -0.010778  0.022380    -0.384706
 0.010848  0.999937 -0.002996     0.210585
-0.022346  0.003238  0.999745    -0.188234
>structures/PheRS-Aα_AF_Arch_Thermosphaera_aggregans_DSM_11486_gene9165306.pdb
-0.436656 -0.875318  0.207725     0.634387
-0.800611  0.272783 -0.533490    -1.752320
 0.410309 -0.399258 -0.819902    -6.071023
>structures/PheRS-Aα_AF_Euk_Cyanidioschyzon_merolae_strain_10D_gene16993638.pdb
 0.290710 -0.770483 -0.567312     0.046155
 0.873153 -0.028833  0.486592     9.832507
-0.391269 -0.636808  0.664368    -3.201015
>structures/PheRS-Aα_AF_Euk_Megalobrama_amblycephala_gene125266654.pdb
 0.415973  0.899879 -0.131086    -1.741936
-0.635134  0.184328 -0.750085    -0.320115
-0.650823  0.395272  0.648220    -7.306979
>structures/PheRS-Aα_AF_Euk_Plasmodium_falciparum_3D7_gene813233.pdb
-0.947066  0.244836 -0.207658    -5.787348
 0.097574  0.835750  0.540372     5.166592
 0.305853  0.491505 -0.815400    -9.550847
>structures/PheRS-Aα_AF_Euk_Saccharomyces_cerevisiae_S288C_gene850522.pdb
-0.965013 -0.034971 -0.259860    -6.020774
-0.171299  0.834414  0.523841     5.655834
 0.198511  0.550027 -0.811211    -1.879611
>structures/PheRS-Aα_AF_Euk_Schizosaccharomyces_pombe_gene2543647.pdb
 0.017503  0.660886  0.750282    -1.738765
 0.495065 -0.657683  0.567771     8.968668
 0.868680  0.361500 -0.338693    -3.365103
>structures/PheRS-Aα_PDB_Euk.B_H_sapiens_3L4G.C.pdb
 0.174731  0.570916  0.802199   -48.623080
-0.592136 -0.590007  0.548878   112.442001
 0.786666 -0.570917  0.234968    44.548025
