>../../../../class2/asp1//data/domains/Catalytic_domain/structures/AspRS_AF_Arch_Candidatus_Methanomassiliicoccus_intestinalis_Issoire-Mx1_gene16154434.pdb
 0.591337 -0.743690 -0.311843     4.987063
 0.806421  0.544101  0.231604     0.839767
-0.002567 -0.388433  0.921474     4.461951
>../../../../class2/asp1//data/domains/Catalytic_domain/structures/AspRS_AF_Arch_unclassified_Euryarchaeota_proteinHHT76046.1.pdb
 0.703107 -0.498616 -0.506975     0.807075
 0.699689  0.612250  0.368221    -1.358119
 0.126795 -0.613623  0.779352    -0.527172
>../../../../class2/asp1//data/domains/Catalytic_domain/structures/AspRS_AF_Bact_Bacillus_anthracis_str_Ames_Ancestor_gene45024275.pdb
-0.447286  0.477892  0.756012    -0.305314
 0.551802 -0.517783  0.653770     4.321305
 0.703882  0.709591 -0.032105     3.178989
>../../../../class2/asp1//data/domains/Catalytic_domain/structures/AspRS_AF_Bact_Brachyspira_pilosicoli_95_1000_gene56440011.pdb
 0.624086 -0.423906 -0.656369     1.972046
 0.779822  0.390532  0.489247    -1.878116
 0.048938 -0.817183  0.574296     1.038292
>../../../../class2/asp1//data/domains/Catalytic_domain/structures/AspRS_AF_Bact_Chlamydia_muridarum_str_Nigg_gene1246197.pdb
 0.151511 -0.346147 -0.925865     2.456572
 0.930029 -0.267341  0.252141    -2.031373
-0.334800 -0.899283  0.281422     0.705808
>../../../../class2/asp1//data/domains/Catalytic_domain/structures/AspRS_AF_Bact_Mycoplasma_hyopneumoniae_168-L_gene57101115.pdb
 0.847743 -0.530381 -0.005345     7.507823
 0.529155  0.846390 -0.060153    -1.851463
 0.036427  0.048166  0.998175     4.179542
>../../../../class2/asp1//data/domains/Catalytic_domain/structures/AspRS_AF_Bact_Nocardia_cyriacigeorgica_GUH-2_gene45501717.pdb
 0.719220  0.588315 -0.369606     2.429369
-0.524643  0.111118 -0.844039    -5.760285
-0.455491  0.800961  0.388574    -1.351774
>../../../../class2/asp1//data/domains/Catalytic_domain/structures/AspRS_AF_Bact_Porphyromonas_gingivalis_ATCC_33277_gene29255515.pdb
 0.490302 -0.238995  0.838144     0.844747
-0.430927 -0.902372 -0.005224    -2.054210
 0.757566 -0.358617 -0.545424     2.699428
>../../../../class2/asp1//data/domains/Catalytic_domain/structures/AspRS_AF_Bact_Prochlorococcus_marinus_subsp_marinus_str_CCMP1375_gene54201182.pdb
 0.161244 -0.521389 -0.837946     1.382464
 0.896957 -0.276740  0.344794     4.013979
-0.411665 -0.807198  0.423041     2.324571
>../../../../class2/asp1//data/domains/Catalytic_domain/structures/AspRS_AF_Bact_Xylella_fastidiosa_Temecula1_gene58016479.pdb
 0.693141  0.623087 -0.362379    -0.794409
-0.486233  0.033056 -0.873204    -1.182760
-0.532103  0.781454  0.325878     0.496407
>../../../../class2/asp1//data/domains/Catalytic_domain/structures/AspRS_AF_Mito_Oryza_sativa_Japonica_Group_gene4324505.pdb
-0.604355 -0.644112  0.468908     0.668095
-0.796680  0.494132 -0.348045    -7.538376
-0.007522 -0.583912 -0.811782     0.654183
>../../../../class2/asp1//data/domains/Catalytic_domain/structures/AspRS_AF_Mito_Oryzias_melastigma_gene112147132.pdb
 1.000000 -0.000000  0.000000     0.000000
 0.000000  1.000000  0.000000     0.000000
-0.000000  0.000000  1.000000     0.000000
>../../../../class2/asp1//data/domains/Catalytic_domain/structures/AspRS_PDB_Bact_E_coli_1c0a.pdb
 0.456640 -0.614580 -0.643251    -5.741854
 0.154807  0.766897 -0.622819   -42.766371
 0.876079  0.184825  0.445337   -54.574177
>../../../../class2/phe4//data/domains/Catalytic_domain/structures/PheRS-Aβ_AF_Arch_Candidatus_Nitrosopumilus_koreensis_AR1_gene13724457.pdb
 0.304637 -0.606743 -0.734207   -31.460165
 0.367878  0.785981 -0.496889   -15.010898
 0.878557 -0.118728  0.462646   -13.494986
>../../../../class2/phe4//data/domains/Catalytic_domain/structures/PheRS-Aβ_AF_Arch_Halalkalicoccus_jeotgali_B3_gene9420006.pdb
 0.862588  0.435186 -0.257984   -32.106844
 0.195178 -0.756729 -0.623913   -12.074578
-0.466742  0.487827 -0.737684   -13.789272
>../../../../class2/phe4//data/domains/Catalytic_domain/structures/PheRS-Aβ_AF_Arch_Sulfolobus_islandicus_YG5714_gene7807969.pdb
 0.179117 -0.716863 -0.673813   -28.189106
 0.281327  0.693612 -0.663142   -17.061900
 0.942747 -0.070782  0.325911   -13.816106
>../../../../class2/phe4//data/domains/Catalytic_domain/structures/PheRS-Aβ_AF_Arch_Thermoplasma_volcanium_GSS1_gene1441711.pdb
-0.231558  0.721407  0.652651   -33.558378
-0.930466 -0.360042  0.067847   -14.215857
 0.283928 -0.591559  0.754615   -13.004921
>../../../../class2/phe4//data/domains/Catalytic_domain/structures/PheRS-Aβ_AF_Euk_Astyanax_mexicanus_gene103044481.pdb
-0.006433 -0.252647  0.967537   -27.168519
-0.793327  0.590314  0.148870   -18.084277
-0.608762 -0.766615 -0.204229   -17.553535
>../../../../class2/phe4//data/domains/Catalytic_domain/structures/PheRS-Aβ_AF_Euk_Drosophila_melanogaster_gene42888.pdb
 0.888267 -0.332778  0.316609   -25.757981
 0.215373 -0.307072 -0.926996   -15.864928
 0.405705  0.891608 -0.201091   -15.886676
>../../../../class2/phe4//data/domains/Catalytic_domain/structures/PheRS-Aβ_AF_Euk_Plasmodium_falciparum_3D7_gene810604.pdb
 0.128752 -0.555075 -0.821775   -27.544358
 0.520993  0.742960 -0.420211   -15.353824
 0.843795 -0.374036  0.384848   -10.606678
>../../../../class2/phe4//data/domains/Catalytic_domain/structures/PheRS-Aβ_AF_Euk_Saccharomyces_cerevisiae_S288C_gene850749.pdb
 0.366621  0.624157 -0.689940   -32.301407
 0.855493 -0.517634 -0.013687   -11.578482
-0.365679 -0.585221 -0.723737   -10.426634
>../../../../class2/phe4//data/domains/Catalytic_domain/structures/PheRS-Aβ_PDB_Euk.B_H_sapiens_3L4G.pdb
-0.946094  0.323886  0.001894   -13.798369
 0.308674  0.903400 -0.297640  -110.708008
-0.098112 -0.281011 -0.954676    32.333276
